1 0.14322916666666666 0.31574074074074077 0.2713541666666667 0.31574074074074077 0.2713541666666667 0.48518518518518516 0.14322916666666666 0.48518518518518516
1 0.3171875 0.17962962962962964 0.38645833333333335 0.17962962962962964 0.38645833333333335 0.24166666666666667 0.3171875 0.24166666666666667
2 0.13125 0.8685185185185185 0.22708333333333333 0.8685185185185185 0.22708333333333333 0.9990740740740741 0.13125 0.9990740740740741
2 0.7692708333333333 0.42407407407407405 0.8171875 0.42407407407407405 0.8171875 0.5648148148148148 0.7692708333333333 0.5648148148148148
2 0.6703125 0.2824074074074074 0.6994791666666667 0.2824074074074074 0.6994791666666667 0.3611111111111111 0.6703125 0.3611111111111111
2 0.4479166666666667 0.2175925925925926 0.4703125 0.2175925925925926 0.4703125 0.2861111111111111 0.4479166666666667 0.2861111111111111
2 0.6359375 0.2175925925925926 0.6583333333333333 0.2175925925925926 0.6583333333333333 0.2712962962962963 0.6359375 0.2712962962962963
2 0.3796875 0.24166666666666667 0.4083333333333333 0.24166666666666667 0.4083333333333333 0.31851851851851853 0.3796875 0.31851851851851853
2 0.4166666666666667 0.2759259259259259 0.44166666666666665 0.2759259259259259 0.44166666666666665 0.35555555555555557 0.4166666666666667 0.35555555555555557
2 0.5838541666666667 0.17777777777777778 0.6005208333333333 0.17777777777777778 0.6005208333333333 0.22314814814814815 0.5838541666666667 0.22314814814814815
2 0.3671875 0.4009259259259259 0.4125 0.4009259259259259 0.4125 0.549074074074074 0.3671875 0.549074074074074
2 0.553125 0.1361111111111111 0.5734375 0.1361111111111111 0.5734375 0.175 0.553125 0.175
2 0.6369791666666667 0.2777777777777778 0.6635416666666667 0.2777777777777778 0.6635416666666667 0.362962962962963 0.6369791666666667 0.362962962962963
2 0.5291666666666667 0.1787037037037037 0.5609375 0.1787037037037037 0.5609375 0.22592592592592592 0.5291666666666667 0.22592592592592592
2 0.44895833333333335 0.1648148148148148 0.4671875 0.1648148148148148 0.4671875 0.2074074074074074 0.44895833333333335 0.2074074074074074
2 0.4203125 0.22037037037037038 0.4432291666666667 0.22037037037037038 0.4432291666666667 0.28055555555555556 0.4203125 0.28055555555555556
2 0.4317708333333333 0.4046296296296296 0.4713541666666667 0.4046296296296296 0.4713541666666667 0.5555555555555556 0.4317708333333333 0.5555555555555556
2 0.5942708333333333 0.1527777777777778 0.6119791666666666 0.1527777777777778 0.6119791666666666 0.1962962962962963 0.5942708333333333 0.1962962962962963