1 0.5005208333333333 0 0.5984375 0 0.5984375 0.09351851851851851 0.5005208333333333 0.09351851851851851
1 0.5088541666666667 0.2898148148148148 0.5859375 0.2898148148148148 0.5859375 0.4425925925925926 0.5088541666666667 0.4425925925925926
2 0.49270833333333336 0.08518518518518518 0.5494791666666666 0.08518518518518518 0.5494791666666666 0.16018518518518518 0.49270833333333336 0.16018518518518518
1 0.6463541666666667 0.18055555555555555 0.6817708333333333 0.18055555555555555 0.6817708333333333 0.2972222222222222 0.6463541666666667 0.2972222222222222
2 0.49635416666666665 0.774074074074074 0.5614583333333333 0.774074074074074 0.5614583333333333 0.8407407407407408 0.49635416666666665 0.8407407407407408
2 0.5661458333333333 0.25277777777777777 0.609375 0.25277777777777777 0.609375 0.30462962962962964 0.5661458333333333 0.30462962962962964
2 0.41458333333333336 0.9148148148148149 0.4953125 0.9148148148148149 0.4953125 1 0.41458333333333336 1
2 0.5614583333333333 0.8694444444444445 0.6083333333333333 0.8694444444444445 0.6083333333333333 0.9314814814814815 0.5614583333333333 0.9314814814814815
2 0.2598958333333333 0 0.38229166666666664 0 0.38229166666666664 0.09074074074074075 0.2598958333333333 0.09074074074074075
2 0.6473958333333333 0.7472222222222222 0.6770833333333334 0.7472222222222222 0.6770833333333334 0.7787037037037037 0.6473958333333333 0.7787037037037037
2 0.4088541666666667 0.044444444444444446 0.4947916666666667 0.044444444444444446 0.4947916666666667 0.13333333333333333 0.4088541666666667 0.13333333333333333
2 0.3963541666666667 0.1824074074074074 0.4890625 0.1824074074074074 0.4890625 0.27037037037037037 0.3963541666666667 0.27037037037037037
2 0.5947916666666667 0.3509259259259259 0.6364583333333333 0.3509259259259259 0.6364583333333333 0.39537037037037037 0.5947916666666667 0.39537037037037037
2 0.603125 0.2898148148148148 0.6421875 0.2898148148148148 0.6421875 0.33240740740740743 0.603125 0.33240740740740743
2 0.6453125 0.35555555555555557 0.6734375 0.35555555555555557 0.6734375 0.3925925925925926 0.6453125 0.3925925925925926
2 0.6484375 0.674074074074074 0.6786458333333333 0.674074074074074 0.6786458333333333 0.7111111111111111 0.6484375 0.7111111111111111
2 0.6369791666666667 0.4027777777777778 0.6723958333333333 0.4027777777777778 0.6723958333333333 0.44351851851851853 0.6369791666666667 0.44351851851851853
2 0.6963541666666667 0.46111111111111114 0.7140625 0.46111111111111114 0.7140625 0.4861111111111111 0.6963541666666667 0.4861111111111111
2 0.2677083333333333 0.8351851851851851 0.36770833333333336 0.8351851851851851 0.36770833333333336 0.9435185185185185 0.2677083333333333 0.9435185185185185
2 0.6458333333333334 0.2759259259259259 0.6729166666666667 0.2759259259259259 0.6729166666666667 0.3194444444444444 0.6458333333333334 0.3194444444444444