1 0.5052083333333334 0 0.6020833333333333 0 0.6020833333333333 0.09259259259259259 0.5052083333333334 0.09259259259259259
1 0.4161458333333333 0.1935185185185185 0.5291666666666667 0.1935185185185185 0.5291666666666667 0.4046296296296296 0.4161458333333333 0.4046296296296296
1 0.646875 0.18055555555555555 0.6817708333333333 0.18055555555555555 0.6817708333333333 0.2935185185185185 0.646875 0.2935185185185185
2 0.6005208333333333 0.7981481481481482 0.6416666666666667 0.7981481481481482 0.6416666666666667 0.8453703703703703 0.6005208333333333 0.8453703703703703
2 0.5807291666666666 0.7240740740740741 0.6276041666666666 0.7240740740740741 0.6276041666666666 0.7703703703703704 0.5807291666666666 0.7703703703703704
2 0.5640625 0.22870370370370371 0.615625 0.22870370370370371 0.615625 0.2851851851851852 0.5640625 0.2851851851851852
2 0.5322916666666667 0.7898148148148149 0.5848958333333333 0.7898148148148149 0.5848958333333333 0.8537037037037037 0.5322916666666667 0.8537037037037037
2 0.5088541666666667 0.16666666666666666 0.5692708333333333 0.16666666666666666 0.5692708333333333 0.22777777777777777 0.5088541666666667 0.22777777777777777
2 0.4901041666666667 0.7240740740740741 0.5557291666666667 0.7240740740740741 0.5557291666666667 0.787962962962963 0.4901041666666667 0.787962962962963
2 0.38958333333333334 0 0.4666666666666667 0 0.4666666666666667 0.03611111111111111 0.38958333333333334 0.03611111111111111
2 0.6229166666666667 0.42685185185185187 0.6645833333333333 0.42685185185185187 0.6645833333333333 0.46296296296296297 0.6229166666666667 0.46296296296296297
2 0.6421875 0.5194444444444445 0.678125 0.5194444444444445 0.678125 0.5712962962962963 0.6421875 0.5712962962962963
2 0.5484375 0.29259259259259257 0.6005208333333333 0.29259259259259257 0.6005208333333333 0.3435185185185185 0.5484375 0.3435185185185185
2 0.6713541666666667 0.6564814814814814 0.6973958333333333 0.6564814814814814 0.6973958333333333 0.6861111111111111 0.6713541666666667 0.6861111111111111
2 0.6755208333333333 0.4777777777777778 0.7005208333333334 0.4777777777777778 0.7005208333333334 0.5074074074074074 0.6755208333333333 0.5074074074074074
2 0.6046875 0.3824074074074074 0.6421875 0.3824074074074074 0.6421875 0.4222222222222222 0.6046875 0.4222222222222222
2 0.6036458333333333 0.29907407407407405 0.6489583333333333 0.29907407407407405 0.6489583333333333 0.3351851851851852 0.6036458333333333 0.3351851851851852
2 0.6661458333333333 0.7064814814814815 0.7020833333333333 0.7064814814814815 0.7020833333333333 0.7333333333333333 0.6661458333333333 0.7333333333333333