1 0.128125 0.3537037037037037 0.2552083333333333 0.3537037037037037 0.2552083333333333 0.5277777777777778 0.128125 0.5277777777777778
1 0.5604166666666667 0.375 0.6515625 0.375 0.6515625 0.5203703703703704 0.5604166666666667 0.5203703703703704
1 0.3125 0.5009259259259259 0.4270833333333333 0.5009259259259259 0.4270833333333333 0.7092592592592593 0.3125 0.7092592592592593
1 0.44635416666666666 0.1675925925925926 0.4796875 0.1675925925925926 0.4796875 0.2212962962962963 0.44635416666666666 0.2212962962962963
1 0.8828125 0.24259259259259258 0.9625 0.24259259259259258 0.9625 0.325 0.8828125 0.325
1 0.3182291666666667 0.2064814814814815 0.3765625 0.2064814814814815 0.3765625 0.2712962962962963 0.3182291666666667 0.2712962962962963
1 0.53125 0.19537037037037036 0.5666666666666667 0.19537037037037036 0.5666666666666667 0.2537037037037037 0.53125 0.2537037037037037
1 0.64375 0.15925925925925927 0.6895833333333333 0.15925925925925927 0.6895833333333333 0.20092592592592592 0.64375 0.20092592592592592
2 0.2 0.6129629629629629 0.25364583333333335 0.6129629629629629 0.25364583333333335 0.7638888888888888 0.2 0.7638888888888888
2 0.06145833333333333 0.7157407407407408 0.11927083333333334 0.7157407407407408 0.11927083333333334 0.9425925925925925 0.06145833333333333 0.9425925925925925
2 0.015104166666666667 0.6861111111111111 0.06302083333333333 0.6861111111111111 0.06302083333333333 0.9111111111111111 0.015104166666666667 0.9111111111111111
2 0.37916666666666665 0.6648148148148149 0.4328125 0.6648148148148149 0.4328125 0.8944444444444445 0.37916666666666665 0.8944444444444445
2 0.278125 0.38333333333333336 0.3072916666666667 0.38333333333333336 0.3072916666666667 0.5148148148148148 0.278125 0.5148148148148148
2 0.309375 0.43148148148148147 0.340625 0.43148148148148147 0.340625 0.5398148148148149 0.309375 0.5398148148148149
2 0.3104166666666667 0.3314814814814815 0.33177083333333335 0.3314814814814815 0.33177083333333335 0.4222222222222222 0.3104166666666667 0.4222222222222222
2 0.346875 0.34444444444444444 0.3640625 0.34444444444444444 0.3640625 0.45555555555555555 0.346875 0.45555555555555555
2 0.3411458333333333 0.30092592592592593 0.3572916666666667 0.30092592592592593 0.3572916666666667 0.3824074074074074 0.3411458333333333 0.3824074074074074
2 0.39427083333333335 0.29259259259259257 0.4171875 0.29259259259259257 0.4171875 0.39537037037037037 0.39427083333333335 0.39537037037037037
2 0.42291666666666666 0.30092592592592593 0.45 0.30092592592592593 0.45 0.4185185185185185 0.42291666666666666 0.4185185185185185
2 0.45260416666666664 0.27685185185185185 0.47760416666666666 0.27685185185185185 0.47760416666666666 0.375 0.45260416666666664 0.375
2 0.371875 0.2814814814814815 0.39427083333333335 0.2814814814814815 0.39427083333333335 0.37037037037037035 0.371875 0.37037037037037035
2 0.3411458333333333 0.24259259259259258 0.3614583333333333 0.24259259259259258 0.3614583333333333 0.31851851851851853 0.3411458333333333 0.31851851851851853
2 0.35885416666666664 0.2601851851851852 0.371875 0.2601851851851852 0.371875 0.33611111111111114 0.35885416666666664 0.33611111111111114
2 0.39375 0.22407407407407406 0.4109375 0.22407407407407406 0.4109375 0.27870370370370373 0.39375 0.27870370370370373
2 0.4 0.25833333333333336 0.4171875 0.25833333333333336 0.4171875 0.3148148148148148 0.4 0.3148148148148148
2 0.425 0.22870370370370371 0.43697916666666664 0.22870370370370371 0.43697916666666664 0.2851851851851852 0.425 0.2851851851851852
2 0.4083333333333333 0.2 0.42604166666666665 0.2 0.42604166666666665 0.26296296296296295 0.4083333333333333 0.26296296296296295
2 0.42604166666666665 0.17685185185185184 0.4322916666666667 0.17685185185185184 0.4322916666666667 0.22685185185185186 0.42604166666666665 0.22685185185185186
2 0.403125 0.17314814814814813 0.4166666666666667 0.17314814814814813 0.4166666666666667 0.2175925925925926 0.403125 0.2175925925925926
2 0.4890625 0.19907407407407407 0.5177083333333333 0.19907407407407407 0.5177083333333333 0.2638888888888889 0.4890625 0.2638888888888889
2 0.5869791666666667 0.24444444444444444 0.6098958333333333 0.24444444444444444 0.6098958333333333 0.3138888888888889 0.5869791666666667 0.3138888888888889
2 0.6177083333333333 0.21944444444444444 0.6380208333333334 0.21944444444444444 0.6380208333333334 0.29259259259259257 0.6177083333333333 0.29259259259259257
2 0.6020833333333333 0.1962962962962963 0.6208333333333333 0.1962962962962963 0.6208333333333333 0.24814814814814815 0.6020833333333333 0.24814814814814815
2 0.5661458333333333 0.1814814814814815 0.5885416666666666 0.1814814814814815 0.5885416666666666 0.23333333333333334 0.5661458333333333 0.23333333333333334
2 0.5848958333333333 0.175 0.6 0.175 0.6 0.21574074074074073 0.5848958333333333 0.21574074074074073