1 0.5380208333333333 0.3138888888888889 0.60625 0.3138888888888889 0.60625 0.44722222222222224 0.5380208333333333 0.44722222222222224
1 0.5067708333333333 0 0.6026041666666667 0 0.6026041666666667 0.09166666666666666 0.5067708333333333 0.09166666666666666
1 0.6463541666666667 0.1814814814814815 0.6817708333333333 0.1814814814814815 0.6817708333333333 0.30277777777777776 0.6463541666666667 0.30277777777777776
2 0.521875 0.14074074074074075 0.56875 0.14074074074074075 0.56875 0.19814814814814816 0.521875 0.19814814814814816
2 0.5354166666666667 0.9157407407407407 0.5890625 0.9157407407407407 0.5890625 0.9907407407407407 0.5354166666666667 0.9907407407407407
2 0.42916666666666664 0.8092592592592592 0.5119791666666667 0.8092592592592592 0.5119791666666667 0.9009259259259259 0.42916666666666664 0.9009259259259259
2 0.4395833333333333 0 0.5197916666666667 0 0.5197916666666667 0.03333333333333333 0.4395833333333333 0.03333333333333333
2 0.4635416666666667 0.23333333333333334 0.5359375 0.23333333333333334 0.5359375 0.31296296296296294 0.4635416666666667 0.31296296296296294
2 0.35989583333333336 0.08796296296296297 0.4557291666666667 0.08796296296296297 0.4557291666666667 0.19537037037037036 0.35989583333333336 0.19537037037037036
2 0.5859375 0.28055555555555556 0.625 0.28055555555555556 0.625 0.32685185185185184 0.5859375 0.32685185185185184
2 0.45677083333333335 0.10277777777777777 0.5291666666666667 0.10277777777777777 0.5291666666666667 0.17314814814814813 0.45677083333333335 0.17314814814814813
2 0.6348958333333333 0.7657407407407407 0.6677083333333333 0.7657407407407407 0.6677083333333333 0.8046296296296296 0.6348958333333333 0.8046296296296296
2 0.7010416666666667 0.4027777777777778 0.7197916666666667 0.4027777777777778 0.7197916666666667 0.425 0.7010416666666667 0.425
2 0.6447916666666667 0.412962962962963 0.6755208333333333 0.412962962962963 0.6755208333333333 0.44814814814814813 0.6447916666666667 0.44814814814814813
2 0.6869791666666667 0.4861111111111111 0.709375 0.4861111111111111 0.709375 0.5157407407407407 0.6869791666666667 0.5157407407407407
2 0.6588541666666666 0.44907407407407407 0.6895833333333333 0.44907407407407407 0.6895833333333333 0.47962962962962963 0.6588541666666666 0.47962962962962963
2 0.6130208333333333 0.3055555555555556 0.6416666666666667 0.3055555555555556 0.6416666666666667 0.3453703703703704 0.6130208333333333 0.3453703703703704
2 0.6989583333333333 0.4601851851851852 0.7171875 0.4601851851851852 0.7171875 0.4842592592592593 0.6989583333333333 0.4842592592592593
2 0.6442708333333333 0.5046296296296297 0.6859375 0.5046296296296297 0.6859375 0.5296296296296297 0.6442708333333333 0.5296296296296297
2 0.6083333333333333 0.3731481481481482 0.6520833333333333 0.3731481481481482 0.6520833333333333 0.4074074074074074 0.6083333333333333 0.4074074074074074