1 0.41041666666666665 0.9194444444444444 0.5114583333333333 0.9194444444444444 0.5114583333333333 1 0.41041666666666665 1
1 0.32864583333333336 0.32407407407407407 0.3734375 0.32407407407407407 0.3734375 0.4083333333333333 0.32864583333333336 0.4083333333333333
1 0.35104166666666664 0.5370370370370371 0.4005208333333333 0.5370370370370371 0.4005208333333333 0.6287037037037037 0.35104166666666664 0.6287037037037037
1 0.32708333333333334 0.7129629629629629 0.36354166666666665 0.7129629629629629 0.36354166666666665 0.8111111111111111 0.32708333333333334 0.8111111111111111
2 0.5692708333333333 0.8629629629629629 0.68125 0.8629629629629629 0.68125 0.9675925925925926 0.5692708333333333 0.9675925925925926
2 0.4666666666666667 0.9046296296296297 0.5614583333333333 0.9046296296296297 0.5614583333333333 0.9879629629629629 0.4666666666666667 0.9879629629629629
2 0.48854166666666665 0.8009259259259259 0.5822916666666667 0.8009259259259259 0.5822916666666667 0.8870370370370371 0.48854166666666665 0.8870370370370371
2 0.43385416666666665 0.7574074074074074 0.5114583333333333 0.7574074074074074 0.5114583333333333 0.8027777777777778 0.43385416666666665 0.8027777777777778
2 0.440625 0.6824074074074075 0.5125 0.6824074074074075 0.5125 0.7444444444444445 0.440625 0.7444444444444445
2 0.45260416666666664 0 0.5338541666666666 0 0.5338541666666666 0.03148148148148148 0.45260416666666664 0.03148148148148148
2 0.35572916666666665 0.21481481481481482 0.40729166666666666 0.21481481481481482 0.40729166666666666 0.275 0.35572916666666665 0.275
2 0.37604166666666666 0.725 0.4234375 0.725 0.4234375 0.7787037037037037 0.37604166666666666 0.7787037037037037
2 0.34427083333333336 0.7018518518518518 0.3875 0.7018518518518518 0.3875 0.7351851851851852 0.34427083333333336 0.7351851851851852
2 0.3729166666666667 0.6583333333333333 0.41822916666666665 0.6583333333333333 0.41822916666666665 0.6935185185185185 0.3729166666666667 0.6935185185185185
2 0.3203125 0.6518518518518519 0.35104166666666664 0.6518518518518519 0.35104166666666664 0.6722222222222223 0.3203125 0.6722222222222223
2 0.28489583333333335 0.6574074074074074 0.30520833333333336 0.6574074074074074 0.30520833333333336 0.6777777777777778 0.28489583333333335 0.6777777777777778
2 0.29739583333333336 0.6203703703703703 0.32395833333333335 0.6203703703703703 0.32395833333333335 0.6509259259259259 0.29739583333333336 0.6509259259259259
2 0.3109375 0.6037037037037037 0.3411458333333333 0.6037037037037037 0.3411458333333333 0.6222222222222222 0.3109375 0.6222222222222222
2 0.3072916666666667 0.5777777777777777 0.33489583333333334 0.5777777777777777 0.33489583333333334 0.5990740740740741 0.3072916666666667 0.5990740740740741
2 0.3072916666666667 0.5444444444444444 0.3385416666666667 0.5444444444444444 0.3385416666666667 0.5675925925925925 0.3072916666666667 0.5675925925925925
2 0.29270833333333335 0.5879629629629629 0.3104166666666667 0.5879629629629629 0.3104166666666667 0.6027777777777777 0.29270833333333335 0.6027777777777777
2 0.2875 0.5703703703703704 0.31354166666666666 0.5703703703703704 0.31354166666666666 0.5861111111111111 0.2875 0.5861111111111111
2 0.3255208333333333 0.45 0.353125 0.45 0.353125 0.49166666666666664 0.3255208333333333 0.49166666666666664
2 0.29791666666666666 0.36666666666666664 0.31979166666666664 0.36666666666666664 0.31979166666666664 0.38425925925925924 0.29791666666666666 0.38425925925925924
1 0.29635416666666664 0.4046296296296296 0.3177083333333333 0.4046296296296296 0.3177083333333333 0.44907407407407407 0.29635416666666664 0.44907407407407407
2 0.29739583333333336 0.32407407407407407 0.3171875 0.32407407407407407 0.3171875 0.35462962962962963 0.29739583333333336 0.35462962962962963
2 0.284375 0.55 0.3046875 0.55 0.3046875 0.5703703703703704 0.284375 0.5703703703703704