1 0.553125 0.27314814814814814 0.6151041666666667 0.27314814814814814 0.6151041666666667 0.36666666666666664 0.553125 0.36666666666666664
1 0.13229166666666667 0.34814814814814815 0.2552083333333333 0.34814814814814815 0.2552083333333333 0.525 0.13229166666666667 0.525
1 0.3223958333333333 0.20092592592592592 0.37916666666666665 0.20092592592592592 0.37916666666666665 0.26481481481481484 0.3223958333333333 0.26481481481481484
1 0.44114583333333335 0.18796296296296297 0.4786458333333333 0.18796296296296297 0.4786458333333333 0.24814814814814815 0.44114583333333335 0.24814814814814815
1 0.5296875 0.1648148148148148 0.559375 0.1648148148148148 0.559375 0.21666666666666667 0.5296875 0.21666666666666667
2 0.3265625 0.4222222222222222 0.3578125 0.4222222222222222 0.3578125 0.562962962962963 0.3265625 0.562962962962963
2 0.15572916666666667 0.6203703703703703 0.2046875 0.6203703703703703 0.2046875 0.7453703703703703 0.15572916666666667 0.7453703703703703
2 0.6932291666666667 0.4546296296296296 0.7380208333333333 0.4546296296296296 0.7380208333333333 0.5611111111111111 0.6932291666666667 0.5611111111111111
2 0.43125 0.4703703703703704 0.4515625 0.4703703703703704 0.4515625 0.6018518518518519 0.43125 0.6018518518518519
2 0.3723958333333333 0.46111111111111114 0.4119791666666667 0.46111111111111114 0.4119791666666667 0.5833333333333334 0.3723958333333333 0.5833333333333334
2 0.1703125 0.7777777777777778 0.221875 0.7777777777777778 0.221875 0.9592592592592593 0.1703125 0.9592592592592593
2 0.23385416666666667 0.5333333333333333 0.2869791666666667 0.5333333333333333 0.2869791666666667 0.7296296296296296 0.23385416666666667 0.7296296296296296
2 0.2578125 0.4324074074074074 0.2765625 0.4324074074074074 0.2765625 0.5203703703703704 0.2578125 0.5203703703703704
2 0.30364583333333334 0.39351851851851855 0.3171875 0.39351851851851855 0.3171875 0.5083333333333333 0.30364583333333334 0.5083333333333333
2 0.3541666666666667 0.37592592592592594 0.36770833333333336 0.37592592592592594 0.36770833333333336 0.4675925925925926 0.3541666666666667 0.4675925925925926
2 0.32864583333333336 0.31666666666666665 0.346875 0.31666666666666665 0.346875 0.3962962962962963 0.32864583333333336 0.3962962962962963
2 0.3171875 0.29074074074074074 0.33177083333333335 0.29074074074074074 0.33177083333333335 0.39166666666666666 0.3171875 0.39166666666666666
2 0.3765625 0.3212962962962963 0.396875 0.3212962962962963 0.396875 0.39814814814814814 0.3765625 0.39814814814814814
2 0.3776041666666667 0.27685185185185185 0.4 0.27685185185185185 0.4 0.35185185185185186 0.3776041666666667 0.35185185185185186
2 0.41041666666666665 0.2638888888888889 0.4354166666666667 0.2638888888888889 0.4354166666666667 0.3490740740740741 0.41041666666666665 0.3490740740740741
2 0.39427083333333335 0.1814814814814815 0.4088541666666667 0.1814814814814815 0.4088541666666667 0.2324074074074074 0.39427083333333335 0.2324074074074074
2 0.39114583333333336 0.21944444444444444 0.4083333333333333 0.21944444444444444 0.4083333333333333 0.27314814814814814 0.39114583333333336 0.27314814814814814
2 0.41510416666666666 0.1962962962962963 0.428125 0.1962962962962963 0.428125 0.25 0.41510416666666666 0.25
2 0.496875 0.19444444444444445 0.5244791666666667 0.19444444444444445 0.5244791666666667 0.25 0.496875 0.25
2 0.41354166666666664 0.15092592592592594 0.42291666666666666 0.15092592592592594 0.42291666666666666 0.19444444444444445 0.41354166666666664 0.19444444444444445
2 0.4276041666666667 0.17314814814814813 0.4375 0.17314814814814813 0.4375 0.21388888888888888 0.4276041666666667 0.21388888888888888
2 0.4359375 0.14722222222222223 0.4473958333333333 0.14722222222222223 0.4473958333333333 0.18518518518518517 0.4359375 0.18518518518518517
2 0.4505208333333333 0.14444444444444443 0.459375 0.14444444444444443 0.459375 0.17314814814814813 0.4505208333333333 0.17314814814814813
2 0.465625 0.14074074074074075 0.478125 0.14074074074074075 0.478125 0.175 0.465625 0.175
2 0.5807291666666666 0.18888888888888888 0.5927083333333333 0.18888888888888888 0.5927083333333333 0.23796296296296296 0.5807291666666666 0.23796296296296296
2 0.5989583333333334 0.18981481481481483 0.6125 0.18981481481481483 0.6125 0.2351851851851852 0.5989583333333334 0.2351851851851852
2 0.59375 0.15555555555555556 0.6015625 0.15555555555555556 0.6015625 0.19537037037037036 0.59375 0.19537037037037036
2 0.5880208333333333 0.14444444444444443 0.5963541666666666 0.14444444444444443 0.5963541666666666 0.18333333333333332 0.5880208333333333 0.18333333333333332