1 0.4078125 0.9259259259259259 0.5072916666666667 0.9259259259259259 0.5072916666666667 1 0.4078125 1
1 0.3177083333333333 0.33240740740740743 0.3614583333333333 0.33240740740740743 0.3614583333333333 0.41388888888888886 0.3177083333333333 0.41388888888888886
1 0.3619791666666667 0.537962962962963 0.4166666666666667 0.537962962962963 0.4166666666666667 0.6361111111111111 0.3619791666666667 0.6361111111111111
1 0.3255208333333333 0.7064814814814815 0.36041666666666666 0.7064814814814815 0.36041666666666666 0.8092592592592592 0.3255208333333333 0.8092592592592592
1 0.2875 0.4027777777777778 0.309375 0.4027777777777778 0.309375 0.45 0.2875 0.45
2 0.665625 0.9435185185185185 0.7713541666666667 0.9435185185185185 0.7713541666666667 1 0.665625 1
2 0.4765625 0.962037037037037 0.5322916666666667 0.962037037037037 0.5322916666666667 1 0.4765625 1
2 0.5328125 0.8888888888888888 0.6380208333333334 0.8888888888888888 0.6380208333333334 0.9703703703703703 0.5328125 0.9703703703703703
2 0.4432291666666667 0.799074074074074 0.5296875 0.799074074074074 0.5296875 0.8444444444444444 0.4432291666666667 0.8444444444444444
2 0.46979166666666666 0.7037037037037037 0.5619791666666667 0.7037037037037037 0.5619791666666667 0.7648148148148148 0.46979166666666666 0.7648148148148148
2 0.4239583333333333 0.023148148148148147 0.484375 0.023148148148148147 0.484375 0.09259259259259259 0.4239583333333333 0.09259259259259259
2 0.39114583333333336 0.7527777777777778 0.43854166666666666 0.7527777777777778 0.43854166666666666 0.7953703703703704 0.39114583333333336 0.7953703703703704
2 0.35052083333333334 0.7064814814814815 0.39375 0.7064814814814815 0.39375 0.7462962962962963 0.35052083333333334 0.7462962962962963
2 0.38958333333333334 0.6666666666666666 0.44583333333333336 0.6666666666666666 0.44583333333333336 0.7129629629629629 0.38958333333333334 0.7129629629629629
2 0.31875 0.6583333333333333 0.3546875 0.6583333333333333 0.3546875 0.6842592592592592 0.31875 0.6842592592592592
2 0.2786458333333333 0.6574074074074074 0.31197916666666664 0.6574074074074074 0.31197916666666664 0.6731481481481482 0.2786458333333333 0.6731481481481482
2 0.3 0.6305555555555555 0.32708333333333334 0.6305555555555555 0.32708333333333334 0.6435185185185185 0.3 0.6435185185185185
2 0.3125 0.6064814814814815 0.34479166666666666 0.6064814814814815 0.34479166666666666 0.625 0.3125 0.625
2 0.3380208333333333 0.6314814814814815 0.3765625 0.6314814814814815 0.3765625 0.6564814814814814 0.3380208333333333 0.6564814814814814
2 0.309375 0.5740740740740741 0.3385416666666667 0.5740740740740741 0.3385416666666667 0.5935185185185186 0.309375 0.5935185185185186
2 0.31354166666666666 0.549074074074074 0.3453125 0.549074074074074 0.3453125 0.5703703703703704 0.31354166666666666 0.5703703703703704
2 0.321875 0.43796296296296294 0.36041666666666666 0.43796296296296294 0.36041666666666666 0.4842592592592593 0.321875 0.4842592592592593
2 0.3416666666666667 0.2490740740740741 0.3776041666666667 0.2490740740740741 0.3776041666666667 0.27870370370370373 0.3416666666666667 0.27870370370370373
2 0.29583333333333334 0.5935185185185186 0.3182291666666667 0.5935185185185186 0.3182291666666667 0.6064814814814815 0.29583333333333334 0.6064814814814815
2 0.29322916666666665 0.5648148148148148 0.31302083333333336 0.5648148148148148 0.31302083333333336 0.5805555555555556 0.29322916666666665 0.5805555555555556
2 0.2869791666666667 0.5518518518518518 0.30885416666666665 0.5518518518518518 0.30885416666666665 0.5712962962962963 0.2869791666666667 0.5712962962962963
2 0.28489583333333335 0.5305555555555556 0.30572916666666666 0.5305555555555556 0.30572916666666666 0.5435185185185185 0.28489583333333335 0.5435185185185185
2 0.29010416666666666 0.37037037037037035 0.3140625 0.37037037037037035 0.3140625 0.3861111111111111 0.29010416666666666 0.3861111111111111
2 0.28854166666666664 0.33611111111111114 0.31302083333333336 0.33611111111111114 0.31302083333333336 0.35555555555555557 0.28854166666666664 0.35555555555555557