1 0.12916666666666668 0.3537037037037037 0.2552083333333333 0.3537037037037037 0.2552083333333333 0.5324074074074074 0.12916666666666668 0.5324074074074074
1 0.26666666666666666 0.5833333333333334 0.4125 0.5833333333333334 0.4125 0.8611111111111112 0.26666666666666666 0.8611111111111112
1 0.5619791666666667 0.3351851851851852 0.6359375 0.3351851851851852 0.6359375 0.45555555555555555 0.5619791666666667 0.45555555555555555
1 0.3203125 0.20462962962962963 0.378125 0.20462962962962963 0.378125 0.26851851851851855 0.3203125 0.26851851851851855
1 0.44479166666666664 0.1712962962962963 0.478125 0.1712962962962963 0.478125 0.22870370370370371 0.44479166666666664 0.22870370370370371
1 0.5296875 0.18333333333333332 0.5651041666666666 0.18333333333333332 0.5651041666666666 0.23796296296296296 0.5296875 0.23796296296296296
1 0.6421875 0.16018518518518518 0.6864583333333333 0.16018518518518518 0.6864583333333333 0.2 0.6421875 0.2
2 0.15 0.6648148148148149 0.2109375 0.6648148148148149 0.2109375 0.9018518518518519 0.15 0.9018518518518519
2 0.3567708333333333 0.7888888888888889 0.434375 0.7888888888888889 0.434375 1 0.3567708333333333 1
2 0.2833333333333333 0.49074074074074076 0.3145833333333333 0.49074074074074076 0.3145833333333333 0.6314814814814815 0.2833333333333333 0.6314814814814815
2 0.24895833333333334 0.425 0.2786458333333333 0.425 0.2786458333333333 0.537962962962963 0.24895833333333334 0.537962962962963
2 0.2859375 0.3509259259259259 0.3171875 0.3509259259259259 0.3171875 0.4601851851851852 0.2859375 0.4601851851851852
2 0.321875 0.39166666666666666 0.3453125 0.39166666666666666 0.3453125 0.4898148148148148 0.321875 0.4898148148148148
2 0.3333333333333333 0.33425925925925926 0.34739583333333335 0.33425925925925926 0.34739583333333335 0.3962962962962963 0.3333333333333333 0.3962962962962963
2 0.3338541666666667 0.2611111111111111 0.35052083333333334 0.2611111111111111 0.35052083333333334 0.3314814814814815 0.3338541666666667 0.3314814814814815
2 0.3463541666666667 0.275 0.3692708333333333 0.275 0.3692708333333333 0.3592592592592593 0.3463541666666667 0.3592592592592593
2 0.365625 0.29907407407407405 0.3854166666666667 0.29907407407407405 0.3854166666666667 0.38333333333333336 0.365625 0.38333333333333336
2 0.3807291666666667 0.3212962962962963 0.40208333333333335 0.3212962962962963 0.40208333333333335 0.43703703703703706 0.3807291666666667 0.43703703703703706
2 0.4161458333333333 0.3416666666666667 0.43854166666666666 0.3416666666666667 0.43854166666666666 0.4583333333333333 0.4161458333333333 0.4583333333333333
2 0.45260416666666664 0.31574074074074077 0.48125 0.31574074074074077 0.48125 0.43148148148148147 0.45260416666666664 0.43148148148148147
2 0.8114583333333333 0.700925925925926 0.8963541666666667 0.700925925925926 0.8963541666666667 0.950925925925926 0.8114583333333333 0.950925925925926
2 0.390625 0.2324074074074074 0.4109375 0.2324074074074074 0.4109375 0.29907407407407405 0.390625 0.29907407407407405
2 0.4192708333333333 0.22777777777777777 0.4359375 0.22777777777777777 0.4359375 0.3111111111111111 0.4192708333333333 0.3111111111111111
2 0.3921875 0.27870370370370373 0.4114583333333333 0.27870370370370373 0.4114583333333333 0.34814814814814815 0.3921875 0.34814814814814815
2 0.4036458333333333 0.20462962962962963 0.41822916666666665 0.20462962962962963 0.41822916666666665 0.2564814814814815 0.4036458333333333 0.2564814814814815
2 0.39947916666666666 0.17962962962962964 0.4161458333333333 0.17962962962962964 0.4161458333333333 0.2324074074074074 0.39947916666666666 0.2324074074074074
2 0.4239583333333333 0.18055555555555555 0.4359375 0.18055555555555555 0.4359375 0.2361111111111111 0.4239583333333333 0.2361111111111111
2 0.41770833333333335 0.15 0.42604166666666665 0.15 0.42604166666666665 0.18333333333333332 0.41770833333333335 0.18333333333333332
2 0.4322916666666667 0.15462962962962962 0.4427083333333333 0.15462962962962962 0.4427083333333333 0.1935185185185185 0.4322916666666667 0.1935185185185185
2 0.49583333333333335 0.20092592592592592 0.5177083333333333 0.20092592592592592 0.5177083333333333 0.2611111111111111 0.49583333333333335 0.2611111111111111
2 0.5864583333333333 0.21944444444444444 0.5994791666666667 0.21944444444444444 0.5994791666666667 0.2814814814814815 0.5864583333333333 0.2814814814814815
2 0.6114583333333333 0.21203703703703702 0.6302083333333334 0.21203703703703702 0.6302083333333334 0.27314814814814814 0.6114583333333333 0.27314814814814814
2 0.6005208333333333 0.18981481481481483 0.615625 0.18981481481481483 0.615625 0.2361111111111111 0.6005208333333333 0.2361111111111111
2 0.584375 0.1638888888888889 0.5973958333333333 0.1638888888888889 0.5973958333333333 0.20462962962962963 0.584375 0.20462962962962963
2 0.5630208333333333 0.16666666666666666 0.5796875 0.16666666666666666 0.5796875 0.21388888888888888 0.5630208333333333 0.21388888888888888