1 0.4869791666666667 0 0.5921875 0 0.5921875 0.07037037037037037 0.4869791666666667 0.07037037037037037
1 0.60625 0.3787037037037037 0.6557291666666667 0.3787037037037037 0.6557291666666667 0.4685185185185185 0.60625 0.4685185185185185
1 0.6369791666666667 0.18611111111111112 0.6739583333333333 0.18611111111111112 0.6739583333333333 0.28888888888888886 0.6369791666666667 0.28888888888888886
1 0.6229166666666667 0.5907407407407408 0.6677083333333333 0.5907407407407408 0.6677083333333333 0.6759259259259259 0.6229166666666667 0.6759259259259259
1 0.6822916666666666 0.5509259259259259 0.7052083333333333 0.5509259259259259 0.7052083333333333 0.6046296296296296 0.6822916666666666 0.6046296296296296
2 0.35520833333333335 0.09537037037037037 0.478125 0.09537037037037037 0.478125 0.17222222222222222 0.35520833333333335 0.17222222222222222
1 0.675 0.7694444444444445 0.6994791666666667 0.7694444444444445 0.6994791666666667 0.8555555555555555 0.675 0.8555555555555555
2 0.3145833333333333 0 0.43854166666666666 0 0.43854166666666666 0.016666666666666666 0.3145833333333333 0.016666666666666666
2 0.46875 0.05277777777777778 0.546875 0.05277777777777778 0.546875 0.12129629629629629 0.46875 0.12129629629629629
2 0.45989583333333334 0.13703703703703704 0.5369791666666667 0.13703703703703704 0.5369791666666667 0.21481481481481482 0.45989583333333334 0.21481481481481482
2 0.51875 0.2101851851851852 0.5796875 0.2101851851851852 0.5796875 0.2740740740740741 0.51875 0.2740740740740741
2 0.5140625 0.2935185185185185 0.5817708333333333 0.2935185185185185 0.5817708333333333 0.3296296296296296 0.5140625 0.3296296296296296
2 0.5807291666666666 0.7444444444444445 0.6375 0.7444444444444445 0.6375 0.7759259259259259 0.5807291666666666 0.7759259259259259
2 0.5859375 0.2462962962962963 0.6296875 0.2462962962962963 0.6296875 0.28425925925925927 0.5859375 0.28425925925925927
2 0.5963541666666666 0.31851851851851853 0.6385416666666667 0.31851851851851853 0.6385416666666667 0.35 0.5963541666666666 0.35
2 0.6192708333333333 0.27314814814814814 0.6604166666666667 0.27314814814814814 0.6604166666666667 0.30925925925925923 0.6192708333333333 0.30925925925925923
2 0.653125 0.33240740740740743 0.6875 0.33240740740740743 0.6875 0.34814814814814815 0.653125 0.34814814814814815
2 0.6911458333333333 0.32685185185185184 0.721875 0.32685185185185184 0.721875 0.3453703703703704 0.6911458333333333 0.3453703703703704
2 0.6838541666666667 0.35833333333333334 0.7067708333333333 0.35833333333333334 0.7067708333333333 0.3712962962962963 0.6838541666666667 0.3712962962962963
2 0.665625 0.37777777777777777 0.6932291666666667 0.37777777777777777 0.6932291666666667 0.3990740740740741 0.665625 0.3990740740740741
2 0.6708333333333333 0.40370370370370373 0.6963541666666667 0.40370370370370373 0.6963541666666667 0.4203703703703704 0.6708333333333333 0.4203703703703704
2 0.6666666666666666 0.4361111111111111 0.6947916666666667 0.4361111111111111 0.6947916666666667 0.45092592592592595 0.6666666666666666 0.45092592592592595
2 0.6416666666666667 0.5064814814814815 0.675 0.5064814814814815 0.675 0.5481481481481482 0.6416666666666667 0.5481481481481482
2 0.678125 0.6185185185185185 0.6994791666666667 0.6185185185185185 0.6994791666666667 0.6351851851851852 0.678125 0.6351851851851852
2 0.6765625 0.6555555555555556 0.7 0.6555555555555556 0.7 0.6694444444444444 0.6765625 0.6694444444444444
2 0.6885416666666667 0.6435185185185185 0.7052083333333333 0.6435185185185185 0.7052083333333333 0.6527777777777778 0.6885416666666667 0.6527777777777778
2 0.69375 0.3990740740740741 0.7098958333333333 0.3990740740740741 0.7098958333333333 0.4148148148148148 0.69375 0.4148148148148148
2 0.6911458333333333 0.4101851851851852 0.7130208333333333 0.4101851851851852 0.7130208333333333 0.42592592592592593 0.6911458333333333 0.42592592592592593
2 0.6921875 0.4324074074074074 0.715625 0.4324074074074074 0.715625 0.45 0.6921875 0.45