1 0.39166666666666666 0.9185185185185185 0.49322916666666666 0.9185185185185185 0.49322916666666666 1 0.39166666666666666 1
1 0.4973958333333333 0 0.615625 0 0.615625 0.15092592592592594 0.4973958333333333 0.15092592592592594
1 0.2859375 0.3814814814814815 0.3104166666666667 0.3814814814814815 0.3104166666666667 0.4388888888888889 0.2859375 0.4388888888888889
2 0.3140625 0.362962962962963 0.3463541666666667 0.362962962962963 0.3463541666666667 0.40370370370370373 0.3140625 0.40370370370370373
2 0.6479166666666667 0 0.7770833333333333 0 0.7770833333333333 0.08425925925925926 0.6479166666666667 0.08425925925925926
2 0.3578125 0.20555555555555555 0.39895833333333336 0.20555555555555555 0.39895833333333336 0.24537037037037038 0.3578125 0.24537037037037038
2 0.3807291666666667 0.6324074074074074 0.4328125 0.6324074074074074 0.4328125 0.687962962962963 0.3807291666666667 0.687962962962963
2 0.47291666666666665 0.8611111111111112 0.5578125 0.8611111111111112 0.5578125 0.9462962962962963 0.47291666666666665 0.9462962962962963
2 0.32447916666666665 0.2 0.35520833333333335 0.2 0.35520833333333335 0.23796296296296296 0.32447916666666665 0.23796296296296296
2 0.45729166666666665 0.7212962962962963 0.540625 0.7212962962962963 0.540625 0.7842592592592592 0.45729166666666665 0.7842592592592592
0 0.28854166666666664 0.6425925925925926 0.38125 0.6425925925925926 0.38125 0.775 0.28854166666666664 0.775
2 0.528125 0.6148148148148148 0.6348958333333333 0.6148148148148148 0.6348958333333333 0.7129629629629629 0.528125 0.7129629629629629
2 0.4083333333333333 0.8555555555555555 0.4635416666666667 0.8555555555555555 0.4635416666666667 0.9101851851851852 0.4083333333333333 0.9101851851851852
2 0.3223958333333333 0.5462962962962963 0.35104166666666664 0.5462962962962963 0.35104166666666664 0.5814814814814815 0.3223958333333333 0.5814814814814815
2 0.4088541666666667 0.19814814814814816 0.46875 0.19814814814814816 0.46875 0.2564814814814815 0.4088541666666667 0.2564814814814815
1 0.2953125 0.29259259259259257 0.3265625 0.29259259259259257 0.3265625 0.3675925925925926 0.2953125 0.3675925925925926
2 0.3380208333333333 0.562037037037037 0.3703125 0.562037037037037 0.3703125 0.5981481481481481 0.3380208333333333 0.5981481481481481
2 0.3489583333333333 0.600925925925926 0.4010416666666667 0.600925925925926 0.4010416666666667 0.6444444444444445 0.3489583333333333 0.6444444444444445