1 0.32395833333333335 0.17592592592592593 0.3921875 0.17592592592592593 0.3921875 0.23796296296296296 0.32395833333333335 0.23796296296296296
1 0.15 0.31666666666666665 0.2708333333333333 0.31666666666666665 0.2708333333333333 0.4925925925925926 0.15 0.4925925925925926
1 0.425 0.24814814814814815 0.48072916666666665 0.24814814814814815 0.48072916666666665 0.3398148148148148 0.425 0.3398148148148148
2 0.159375 0.6027777777777777 0.22708333333333333 0.6027777777777777 0.22708333333333333 0.7962962962962963 0.159375 0.7962962962962963
2 0.2125 0.887962962962963 0.29791666666666666 0.887962962962963 0.29791666666666666 1 0.2125 1
2 0.8390625 0.48148148148148145 0.8958333333333334 0.48148148148148145 0.8958333333333334 0.6240740740740741 0.8390625 0.6240740740740741
2 0.6479166666666667 0.2675925925925926 0.6765625 0.2675925925925926 0.6765625 0.3453703703703704 0.6479166666666667 0.3453703703703704
2 0.23802083333333332 0.4351851851851852 0.2833333333333333 0.4351851851851852 0.2833333333333333 0.5703703703703704 0.23802083333333332 0.5703703703703704
2 0.35260416666666666 0.2935185185185185 0.3796875 0.2935185185185185 0.3796875 0.3638888888888889 0.35260416666666666 0.3638888888888889
2 0.3463541666666667 0.5009259259259259 0.3932291666666667 0.5009259259259259 0.3932291666666667 0.6675925925925926 0.3463541666666667 0.6675925925925926
2 0.3958333333333333 0.28888888888888886 0.42552083333333335 0.28888888888888886 0.42552083333333335 0.38055555555555554 0.3958333333333333 0.38055555555555554
2 0.69375 0.2777777777777778 0.7223958333333333 0.2777777777777778 0.7223958333333333 0.36574074074074076 0.69375 0.36574074074074076
2 0.4583333333333333 0.15185185185185185 0.4739583333333333 0.15185185185185185 0.4739583333333333 0.20277777777777778 0.4583333333333333 0.20277777777777778
1 0.540625 0.14814814814814814 0.6041666666666666 0.14814814814814814 0.6041666666666666 0.3055555555555556 0.540625 0.3055555555555556
2 0.33177083333333335 0.3472222222222222 0.3614583333333333 0.3472222222222222 0.3614583333333333 0.4425925925925926 0.33177083333333335 0.4425925925925926
2 0.4140625 0.21944444444444444 0.43385416666666665 0.21944444444444444 0.43385416666666665 0.2740740740740741 0.4140625 0.2740740740740741
2 0.49635416666666665 0.1712962962962963 0.5166666666666667 0.1712962962962963 0.5166666666666667 0.23055555555555557 0.49635416666666665 0.23055555555555557
2 0.4786458333333333 0.14074074074074075 0.4921875 0.14074074074074075 0.4921875 0.18333333333333332 0.4786458333333333 0.18333333333333332
2 0.6177083333333333 0.1962962962962963 0.653125 0.1962962962962963 0.653125 0.26481481481481484 0.6177083333333333 0.26481481481481484
2 0.36770833333333336 0.3768518518518518 0.3984375 0.3768518518518518 0.3984375 0.475 0.36770833333333336 0.475
2 0.275 0.3648148148148148 0.30625 0.3648148148148148 0.30625 0.47314814814814815 0.275 0.47314814814814815
2 0.0078125 0.9416666666666667 0.08802083333333334 0.9416666666666667 0.08802083333333334 1 0.0078125 1
2 0.5729166666666666 0.11296296296296296 0.5885416666666666 0.11296296296296296 0.5885416666666666 0.14537037037037037 0.5729166666666666 0.14537037037037037
2 0.5994791666666667 0.12222222222222222 0.615625 0.12222222222222222 0.615625 0.16111111111111112 0.5994791666666667 0.16111111111111112