1 0.13958333333333334 0.30648148148148147 0.26614583333333336 0.30648148148148147 0.26614583333333336 0.48703703703703705 0.13958333333333334 0.48703703703703705
1 0.6364583333333333 0.31296296296296294 0.7302083333333333 0.31296296296296294 0.7302083333333333 0.44074074074074077 0.6364583333333333 0.44074074074074077
2 0.07916666666666666 0.7611111111111111 0.159375 0.7611111111111111 0.159375 0.9972222222222222 0.07916666666666666 0.9972222222222222
0 0.31145833333333334 0.16574074074074074 0.415625 0.16574074074074074 0.415625 0.36944444444444446 0.31145833333333334 0.36944444444444446
2 0.12864583333333332 0.5509259259259259 0.184375 0.5509259259259259 0.184375 0.725925925925926 0.12864583333333332 0.725925925925926
2 0.8177083333333334 0.5148148148148148 0.8677083333333333 0.5148148148148148 0.8677083333333333 0.6666666666666666 0.8177083333333334 0.6666666666666666
1 0.45729166666666665 0.12777777777777777 0.4947916666666667 0.12777777777777777 0.4947916666666667 0.1814814814814815 0.45729166666666665 0.1814814814814815
2 0.3619791666666667 0.34444444444444444 0.396875 0.34444444444444444 0.396875 0.4462962962962963 0.3619791666666667 0.4462962962962963
2 0.013541666666666667 0.537962962962963 0.08229166666666667 0.537962962962963 0.08229166666666667 0.7166666666666667 0.013541666666666667 0.7166666666666667
2 0.7223958333333333 0.524074074074074 0.7755208333333333 0.524074074074074 0.7755208333333333 0.6814814814814815 0.7223958333333333 0.6814814814814815
2 0.9197916666666667 0.5981481481481481 0.9963541666666667 0.5981481481481481 0.9963541666666667 0.7814814814814814 0.9197916666666667 0.7814814814814814
1 0.5302083333333333 0.09351851851851851 0.5572916666666666 0.09351851851851851 0.5572916666666666 0.13055555555555556 0.5302083333333333 0.13055555555555556
1 0.5630208333333333 0.11203703703703703 0.5989583333333334 0.11203703703703703 0.5989583333333334 0.15648148148148147 0.5630208333333333 0.15648148148148147
2 0.5458333333333333 0.12962962962962962 0.5625 0.12962962962962962 0.5625 0.17592592592592593 0.5458333333333333 0.17592592592592593
2 0.42916666666666664 0.31296296296296294 0.46145833333333336 0.31296296296296294 0.46145833333333336 0.4148148148148148 0.42916666666666664 0.4148148148148148
2 0.3375 0.4462962962962963 0.37552083333333336 0.4462962962962963 0.37552083333333336 0.5879629629629629 0.3375 0.5879629629629629
2 0.7604166666666666 0.39351851851851855 0.7947916666666667 0.39351851851851855 0.7947916666666667 0.4981481481481482 0.7604166666666666 0.4981481481481482
2 0.5947916666666667 0.36944444444444446 0.6328125 0.36944444444444446 0.6328125 0.4888888888888889 0.5947916666666667 0.4888888888888889
2 0.44583333333333336 0.2351851851851852 0.47239583333333335 0.2351851851851852 0.47239583333333335 0.30833333333333335 0.44583333333333336 0.30833333333333335
2 0.6114583333333333 0.22037037037037038 0.634375 0.22037037037037038 0.634375 0.2898148148148148 0.6114583333333333 0.2898148148148148
2 0.4515625 0.20185185185185187 0.47552083333333334 0.20185185185185187 0.47552083333333334 0.24722222222222223 0.4515625 0.24722222222222223
2 0.5 0.15925925925925927 0.5244791666666667 0.15925925925925927 0.5244791666666667 0.21574074074074073 0.5 0.21574074074074073
2 0.4359375 0.11388888888888889 0.45260416666666664 0.11388888888888889 0.45260416666666664 0.15648148148148147 0.4359375 0.15648148148148147