1 0.1453125 0.32037037037037036 0.26979166666666665 0.32037037037037036 0.26979166666666665 0.4981481481481482 0.1453125 0.4981481481481482
1 0.46875 0.1287037037037037 0.5 0.1287037037037037 0.5 0.17777777777777778 0.46875 0.17777777777777778
1 0.33177083333333335 0.17592592592592593 0.38645833333333335 0.17592592592592593 0.38645833333333335 0.24074074074074073 0.33177083333333335 0.24074074074074073
1 0.60625 0.11944444444444445 0.6546875 0.11944444444444445 0.6546875 0.1537037037037037 0.60625 0.1537037037037037
2 0.15885416666666666 0.6037037037037037 0.21354166666666666 0.6037037037037037 0.21354166666666666 0.8222222222222222 0.15885416666666666 0.8222222222222222
2 0.2630208333333333 0.4722222222222222 0.32135416666666666 0.4722222222222222 0.32135416666666666 0.6555555555555556 0.2630208333333333 0.6555555555555556
2 0.37552083333333336 0.46296296296296297 0.4140625 0.46296296296296297 0.4140625 0.6111111111111112 0.37552083333333336 0.6111111111111112
2 0.409375 0.36944444444444446 0.44375 0.36944444444444446 0.44375 0.48055555555555557 0.409375 0.48055555555555557
2 0.36041666666666666 0.3675925925925926 0.38697916666666665 0.3675925925925926 0.38697916666666665 0.4740740740740741 0.36041666666666666 0.4740740740740741
2 0.32395833333333335 0.3425925925925926 0.35885416666666664 0.3425925925925926 0.35885416666666664 0.4638888888888889 0.32395833333333335 0.4638888888888889
2 0.3484375 0.2861111111111111 0.37604166666666666 0.2861111111111111 0.37604166666666666 0.36666666666666664 0.3484375 0.36666666666666664
2 0.35520833333333335 0.24259259259259258 0.3765625 0.24259259259259258 0.3765625 0.3055555555555556 0.35520833333333335 0.3055555555555556
2 0.4041666666666667 0.2712962962962963 0.42552083333333335 0.2712962962962963 0.42552083333333335 0.35 0.4041666666666667 0.35
2 0.4036458333333333 0.22962962962962963 0.42083333333333334 0.22962962962962963 0.42083333333333334 0.28888888888888886 0.4036458333333333 0.28888888888888886
2 0.4197916666666667 0.21388888888888888 0.4328125 0.21388888888888888 0.4328125 0.2712962962962963 0.4197916666666667 0.2712962962962963
2 0.4557291666666667 0.2796296296296296 0.4765625 0.2796296296296296 0.4765625 0.3712962962962963 0.4557291666666667 0.3712962962962963
2 0.4515625 0.20277777777777778 0.46979166666666666 0.20277777777777778 0.46979166666666666 0.26944444444444443 0.4515625 0.26944444444444443
2 0.46458333333333335 0.19722222222222222 0.48125 0.19722222222222222 0.48125 0.2537037037037037 0.46458333333333335 0.2537037037037037
2 0.3828125 0.18611111111111112 0.39791666666666664 0.18611111111111112 0.39791666666666664 0.25 0.3828125 0.25
2 0.40520833333333334 0.1814814814814815 0.41354166666666664 0.1814814814814815 0.41354166666666664 0.23055555555555557 0.40520833333333334 0.23055555555555557
2 0.4109375 0.19814814814814816 0.41822916666666665 0.19814814814814816 0.41822916666666665 0.2388888888888889 0.4109375 0.2388888888888889
2 0.4203125 0.1675925925925926 0.4322916666666667 0.1675925925925926 0.4322916666666667 0.2111111111111111 0.4203125 0.2111111111111111
2 0.4421875 0.15555555555555556 0.4510416666666667 0.15555555555555556 0.4510416666666667 0.20833333333333334 0.4421875 0.20833333333333334
2 0.4322916666666667 0.14537037037037037 0.4421875 0.14537037037037037 0.4421875 0.19166666666666668 0.4322916666666667 0.19166666666666668
2 0.46145833333333336 0.15925925925925927 0.47239583333333335 0.15925925925925927 0.47239583333333335 0.2 0.46145833333333336 0.2
2 0.45260416666666664 0.12685185185185185 0.46145833333333336 0.12685185185185185 0.46145833333333336 0.1685185185185185 0.45260416666666664 0.1685185185185185
2 0.4630208333333333 0.11388888888888889 0.4666666666666667 0.11388888888888889 0.4666666666666667 0.15185185185185185 0.4630208333333333 0.15185185185185185
2 0.44166666666666665 0.11481481481481481 0.44895833333333335 0.11481481481481481 0.44895833333333335 0.15092592592592594 0.44166666666666665 0.15092592592592594
2 0.43125 0.10555555555555556 0.4390625 0.10555555555555556 0.4390625 0.1388888888888889 0.43125 0.1388888888888889
2 0.4979166666666667 0.11296296296296296 0.5083333333333333 0.11296296296296296 0.5083333333333333 0.1537037037037037 0.4979166666666667 0.1537037037037037
2 0.46979166666666666 0.10648148148148148 0.4786458333333333 0.10648148148148148 0.4786458333333333 0.1398148148148148 0.46979166666666666 0.1398148148148148
2 0.5828125 0.11296296296296296 0.59375 0.11296296296296296 0.59375 0.14907407407407408 0.5828125 0.14907407407407408
2 0.6390625 0.1648148148148148 0.6458333333333334 0.1648148148148148 0.6458333333333334 0.22037037037037038 0.6390625 0.22037037037037038
2 0.6171875 0.14907407407407408 0.6302083333333334 0.14907407407407408 0.6302083333333334 0.1935185185185185 0.6171875 0.1935185185185185
2 0.6078125 0.17222222222222222 0.6166666666666667 0.17222222222222222 0.6166666666666667 0.22962962962962963 0.6078125 0.22962962962962963
2 0.5895833333333333 0.15092592592592594 0.6010416666666667 0.15092592592592594 0.6010416666666667 0.19814814814814816 0.5895833333333333 0.19814814814814816
2 0.8182291666666667 0.8277777777777777 0.9145833333333333 0.8277777777777777 0.9145833333333333 1 0.8182291666666667 1