1 0.14895833333333333 0.325 0.271875 0.325 0.271875 0.5018518518518519 0.14895833333333333 0.5018518518518519
2 0.234375 0.8046296296296296 0.3020833333333333 0.8046296296296296 0.3020833333333333 0.9962962962962963 0.234375 0.9962962962962963
1 0.3229166666666667 0.17777777777777778 0.390625 0.17777777777777778 0.390625 0.24074074074074073 0.3229166666666667 0.24074074074074073
1 0.4348958333333333 0.2175925925925926 0.48385416666666664 0.2175925925925926 0.48385416666666664 0.2953703703703704 0.4348958333333333 0.2953703703703704
2 0.06614583333333333 0.8296296296296296 0.14479166666666668 0.8296296296296296 0.14479166666666668 1 0.06614583333333333 1
2 0.04583333333333333 0.5555555555555556 0.12604166666666666 0.5555555555555556 0.12604166666666666 0.7314814814814815 0.04583333333333333 0.7314814814814815
2 0.7411458333333333 0.4 0.7796875 0.4 0.7796875 0.5120370370370371 0.7411458333333333 0.5120370370370371
2 0.684375 0.3648148148148148 0.7223958333333333 0.3648148148148148 0.7223958333333333 0.45740740740740743 0.684375 0.45740740740740743
2 0.19166666666666668 0.5796296296296296 0.2520833333333333 0.5796296296296296 0.2520833333333333 0.7611111111111111 0.19166666666666668 0.7611111111111111
2 0.328125 0.5444444444444444 0.390625 0.5444444444444444 0.390625 0.712037037037037 0.328125 0.712037037037037
2 0.2609375 0.44166666666666665 0.3109375 0.44166666666666665 0.3109375 0.575925925925926 0.2609375 0.575925925925926
2 0.47604166666666664 0.13425925925925927 0.48854166666666665 0.13425925925925927 0.48854166666666665 0.17037037037037037 0.47604166666666664 0.17037037037037037
2 0.6713541666666667 0.25462962962962965 0.7041666666666667 0.25462962962962965 0.7041666666666667 0.33796296296296297 0.6713541666666667 0.33796296296296297
2 0.403125 0.3685185185185185 0.440625 0.3685185185185185 0.440625 0.4824074074074074 0.403125 0.4824074074074074
2 0.35989583333333336 0.29907407407407405 0.3875 0.29907407407407405 0.3875 0.38333333333333336 0.35989583333333336 0.38333333333333336
2 0.45625 0.17222222222222222 0.4703125 0.17222222222222222 0.4703125 0.2101851851851852 0.45625 0.2101851851851852
2 0.9604166666666667 0.6546296296296297 1 0.6546296296296297 1 0.8425925925925926 0.9604166666666667 0.8425925925925926
2 0.3729166666666667 0.25462962962962965 0.3958333333333333 0.25462962962962965 0.3958333333333333 0.3212962962962963 0.3729166666666667 0.3212962962962963
2 0.41041666666666665 0.2388888888888889 0.4296875 0.2388888888888889 0.4296875 0.3055555555555556 0.41041666666666665 0.3055555555555556
2 0.41770833333333335 0.14444444444444443 0.43125 0.14444444444444443 0.43125 0.17962962962962964 0.41770833333333335 0.17962962962962964
2 0.6104166666666667 0.1361111111111111 0.6255208333333333 0.1361111111111111 0.6255208333333333 0.17685185185185184 0.6104166666666667 0.17685185185185184
2 0.46041666666666664 0.1388888888888889 0.475 0.1388888888888889 0.475 0.17777777777777778 0.46041666666666664 0.17777777777777778
2 0.5765625 0.12685185185185185 0.5932291666666667 0.12685185185185185 0.5932291666666667 0.16296296296296298 0.5765625 0.16296296296296298
2 0.31302083333333336 0.34444444444444444 0.3333333333333333 0.34444444444444444 0.3333333333333333 0.45 0.31302083333333336 0.45
2 0.40260416666666665 0.29259259259259257 0.42135416666666664 0.29259259259259257 0.42135416666666664 0.3731481481481482 0.40260416666666665 0.3731481481481482
2 0.6286458333333333 0.225 0.6458333333333334 0.225 0.6458333333333334 0.32037037037037036 0.6286458333333333 0.32037037037037036