1 0.14739583333333334 0.3277777777777778 0.2682291666666667 0.3277777777777778 0.2682291666666667 0.5055555555555555 0.14739583333333334 0.5055555555555555
1 0.33177083333333335 0.17685185185185184 0.39010416666666664 0.17685185185185184 0.39010416666666664 0.24166666666666667 0.33177083333333335 0.24166666666666667
1 0.47708333333333336 0.10740740740740741 0.5041666666666667 0.10740740740740741 0.5041666666666667 0.14722222222222223 0.47708333333333336 0.14722222222222223
1 0.6369791666666667 0.12037037037037036 0.6973958333333333 0.12037037037037036 0.6973958333333333 0.17962962962962964 0.6369791666666667 0.17962962962962964
2 0.053125 0.6601851851851852 0.14010416666666667 0.6601851851851852 0.14010416666666667 0.8787037037037037 0.053125 0.8787037037037037
2 0.2682291666666667 0.6296296296296297 0.32395833333333335 0.6296296296296297 0.32395833333333335 0.8388888888888889 0.2682291666666667 0.8388888888888889
2 0.2526041666666667 0.4398148148148148 0.28072916666666664 0.4398148148148148 0.28072916666666664 0.5694444444444444 0.2526041666666667 0.5694444444444444
2 0.321875 0.425 0.35052083333333334 0.425 0.35052083333333334 0.5462962962962963 0.321875 0.5462962962962963
2 0.3265625 0.32037037037037036 0.3484375 0.32037037037037036 0.3484375 0.4212962962962963 0.3265625 0.4212962962962963
2 0.3828125 0.4046296296296296 0.4078125 0.4046296296296296 0.4078125 0.5342592592592592 0.3828125 0.5342592592592592
2 0.3932291666666667 0.2675925925925926 0.4125 0.2675925925925926 0.4125 0.3592592592592593 0.3932291666666667 0.3592592592592593
2 0.3880208333333333 0.23148148148148148 0.40625 0.23148148148148148 0.40625 0.2962962962962963 0.3880208333333333 0.2962962962962963
2 0.425 0.22777777777777777 0.44166666666666665 0.22777777777777777 0.44166666666666665 0.31666666666666665 0.425 0.31666666666666665
2 0.45208333333333334 0.2324074074074074 0.4703125 0.2324074074074074 0.4703125 0.3148148148148148 0.45208333333333334 0.3148148148148148
2 0.44635416666666666 0.22314814814814815 0.459375 0.22314814814814815 0.459375 0.2814814814814815 0.44635416666666666 0.2814814814814815
2 0.40572916666666664 0.1962962962962963 0.41822916666666665 0.1962962962962963 0.41822916666666665 0.25462962962962965 0.40572916666666664 0.25462962962962965
2 0.39947916666666666 0.17777777777777778 0.40989583333333335 0.17777777777777778 0.40989583333333335 0.22407407407407406 0.39947916666666666 0.22407407407407406
2 0.4427083333333333 0.18518518518518517 0.45364583333333336 0.18518518518518517 0.45364583333333336 0.23425925925925925 0.4427083333333333 0.23425925925925925
2 0.45 0.1574074074074074 0.4588541666666667 0.1574074074074074 0.4588541666666667 0.1935185185185185 0.45 0.1935185185185185
2 0.4817708333333333 0.1814814814814815 0.4921875 0.1814814814814815 0.4921875 0.23703703703703705 0.4817708333333333 0.23703703703703705
2 0.4791666666666667 0.1425925925925926 0.4890625 0.1425925925925926 0.4890625 0.1787037037037037 0.4791666666666667 0.1787037037037037
2 0.4609375 0.14537037037037037 0.46979166666666666 0.14537037037037037 0.46979166666666666 0.18796296296296297 0.4609375 0.18796296296296297
2 0.4328125 0.15648148148148147 0.4401041666666667 0.15648148148148147 0.4401041666666667 0.1962962962962963 0.4328125 0.1962962962962963
2 0.46770833333333334 0.125 0.47604166666666664 0.125 0.47604166666666664 0.16574074074074074 0.46770833333333334 0.16574074074074074
2 0.44583333333333336 0.13055555555555556 0.453125 0.13055555555555556 0.453125 0.15833333333333333 0.44583333333333336 0.15833333333333333
2 0.5791666666666667 0.16203703703703703 0.5973958333333333 0.16203703703703703 0.5973958333333333 0.21481481481481482 0.5791666666666667 0.21481481481481482
2 0.6052083333333333 0.17037037037037037 0.6171875 0.17037037037037037 0.6171875 0.21574074074074073 0.6052083333333333 0.21574074074074073
2 0.6114583333333333 0.1425925925925926 0.6223958333333334 0.1425925925925926 0.6223958333333334 0.1824074074074074 0.6114583333333333 0.1824074074074074
2 0.6458333333333334 0.19907407407407407 0.6625 0.19907407407407407 0.6625 0.24814814814814815 0.6458333333333334 0.24814814814814815
2 0.6338541666666667 0.225 0.6515625 0.225 0.6515625 0.29907407407407405 0.6338541666666667 0.29907407407407405