1 0.12864583333333332 0.3537037037037037 0.25416666666666665 0.3537037037037037 0.25416666666666665 0.5333333333333333 0.12864583333333332 0.5333333333333333
1 0.2833333333333333 0.5601851851851852 0.4197916666666667 0.5601851851851852 0.4197916666666667 0.8157407407407408 0.2833333333333333 0.8157407407407408
1 0.5630208333333333 0.34814814814814815 0.6395833333333333 0.34814814814814815 0.6395833333333333 0.47685185185185186 0.5630208333333333 0.47685185185185186
1 0.31979166666666664 0.20462962962962963 0.37552083333333336 0.20462962962962963 0.37552083333333336 0.26944444444444443 0.31979166666666664 0.26944444444444443
1 0.4453125 0.17037037037037037 0.4786458333333333 0.17037037037037037 0.4786458333333333 0.225 0.4453125 0.225
1 0.5296875 0.18611111111111112 0.5645833333333333 0.18611111111111112 0.5645833333333333 0.24444444444444444 0.5296875 0.24444444444444444
1 0.6432291666666666 0.16111111111111112 0.6859375 0.16111111111111112 0.6859375 0.2 0.6432291666666666 0.2
2 0.16197916666666667 0.6462962962962963 0.21614583333333334 0.6462962962962963 0.21614583333333334 0.8444444444444444 0.16197916666666667 0.8444444444444444
2 0.0046875 0.7962962962962963 0.08645833333333333 0.7962962962962963 0.08645833333333333 1 0.0046875 1
2 0.3619791666666667 0.7805555555555556 0.4234375 0.7805555555555556 0.4234375 0.9962962962962963 0.3619791666666667 0.9962962962962963
2 0.25833333333333336 0.39444444444444443 0.28072916666666664 0.39444444444444443 0.28072916666666664 0.524074074074074 0.25833333333333336 0.524074074074074
2 0.29010416666666666 0.45925925925925926 0.315625 0.45925925925925926 0.315625 0.6240740740740741 0.29010416666666666 0.6240740740740741
2 0.32864583333333336 0.3638888888888889 0.35260416666666666 0.3638888888888889 0.35260416666666666 0.5009259259259259 0.32864583333333336 0.5009259259259259
2 0.29583333333333334 0.3527777777777778 0.3265625 0.3527777777777778 0.3265625 0.45925925925925926 0.29583333333333334 0.45925925925925926
2 0.853125 0.7805555555555556 0.9317708333333333 0.7805555555555556 0.9317708333333333 1 0.853125 1
2 0.3328125 0.32592592592592595 0.35 0.32592592592592595 0.35 0.39537037037037037 0.3328125 0.39537037037037037
2 0.33958333333333335 0.25277777777777777 0.3567708333333333 0.25277777777777777 0.3567708333333333 0.3296296296296296 0.33958333333333335 0.3296296296296296
2 0.3484375 0.2675925925925926 0.3703125 0.2675925925925926 0.3703125 0.3425925925925926 0.3484375 0.3425925925925926
2 0.36354166666666665 0.28703703703703703 0.39114583333333336 0.28703703703703703 0.39114583333333336 0.3888888888888889 0.36354166666666665 0.3888888888888889
2 0.41041666666666665 0.32314814814814813 0.4401041666666667 0.32314814814814813 0.4401041666666667 0.4527777777777778 0.41041666666666665 0.4527777777777778
2 0.453125 0.2935185185185185 0.47604166666666664 0.2935185185185185 0.47604166666666664 0.4083333333333333 0.453125 0.4083333333333333
2 0.3848958333333333 0.3194444444444444 0.409375 0.3194444444444444 0.409375 0.42407407407407405 0.3848958333333333 0.42407407407407405
2 0.39479166666666665 0.26851851851851855 0.41458333333333336 0.26851851851851855 0.41458333333333336 0.3398148148148148 0.39479166666666665 0.3398148148148148
2 0.38958333333333334 0.23055555555555557 0.40520833333333334 0.23055555555555557 0.40520833333333334 0.28888888888888886 0.38958333333333334 0.28888888888888886
2 0.42135416666666664 0.23148148148148148 0.43385416666666665 0.23148148148148148 0.43385416666666665 0.29074074074074074 0.42135416666666664 0.29074074074074074
2 0.49375 0.2037037037037037 0.521875 0.2037037037037037 0.521875 0.27870370370370373 0.49375 0.27870370370370373
2 0.5885416666666666 0.22777777777777777 0.60625 0.22777777777777777 0.60625 0.29814814814814816 0.5885416666666666 0.29814814814814816
2 0.6125 0.21203703703703702 0.6260416666666667 0.21203703703703702 0.6260416666666667 0.2796296296296296 0.6125 0.2796296296296296
2 0.6036458333333333 0.18611111111111112 0.61875 0.18611111111111112 0.61875 0.25462962962962965 0.6036458333333333 0.25462962962962965
2 0.4078125 0.20185185185185187 0.4239583333333333 0.20185185185185187 0.4239583333333333 0.2574074074074074 0.4078125 0.2574074074074074
2 0.4046875 0.1814814814814815 0.41822916666666665 0.1814814814814815 0.41822916666666665 0.2212962962962963 0.4046875 0.2212962962962963
2 0.4192708333333333 0.17962962962962964 0.4395833333333333 0.17962962962962964 0.4395833333333333 0.23425925925925925 0.4192708333333333 0.23425925925925925