1 0.48541666666666666 0 0.5854166666666667 0 0.5854166666666667 0.06759259259259259 0.48541666666666666 0.06759259259259259
1 0.5895833333333333 0.5953703703703703 0.6380208333333334 0.5953703703703703 0.6380208333333334 0.6981481481481482 0.5895833333333333 0.6981481481481482
1 0.6333333333333333 0.18425925925925926 0.6692708333333334 0.18425925925925926 0.6692708333333334 0.2861111111111111 0.6333333333333333 0.2861111111111111
1 0.63125 0.3888888888888889 0.671875 0.3888888888888889 0.671875 0.4546296296296296 0.63125 0.4546296296296296
1 0.6661458333333333 0.5527777777777778 0.6932291666666667 0.5527777777777778 0.6932291666666667 0.6064814814814815 0.6661458333333333 0.6064814814814815
2 0.44947916666666665 0.012037037037037037 0.5328125 0.012037037037037037 0.5328125 0.08055555555555556 0.44947916666666665 0.08055555555555556
1 0.6677083333333333 0.7472222222222222 0.6963541666666667 0.7472222222222222 0.6963541666666667 0.8407407407407408 0.6677083333333333 0.8407407407407408
2 0.32395833333333335 0 0.4421875 0 0.4421875 0.05925925925925926 0.32395833333333335 0.05925925925925926
2 0.4942708333333333 0.8111111111111111 0.5708333333333333 0.8111111111111111 0.5708333333333333 0.8703703703703703 0.4942708333333333 0.8703703703703703
2 0.4046875 0.3351851851851852 0.48802083333333335 0.3351851851851852 0.48802083333333335 0.42407407407407405 0.4046875 0.42407407407407405
2 0.4921875 0.11574074074074074 0.5385416666666667 0.11574074074074074 0.5385416666666667 0.16203703703703703 0.4921875 0.16203703703703703
2 0.44375 0.1574074074074074 0.515625 0.1574074074074074 0.515625 0.2037037037037037 0.44375 0.2037037037037037
2 0.5005208333333333 0.21388888888888888 0.5588541666666667 0.21388888888888888 0.5588541666666667 0.25277777777777777 0.5005208333333333 0.25277777777777777
2 0.546875 0.18518518518518517 0.590625 0.18518518518518517 0.590625 0.20277777777777778 0.546875 0.20277777777777778
2 0.5598958333333334 0.15555555555555556 0.5947916666666667 0.15555555555555556 0.5947916666666667 0.18333333333333332 0.5598958333333334 0.18333333333333332
2 0.415625 0.25277777777777777 0.5005208333333333 0.25277777777777777 0.5005208333333333 0.31666666666666665 0.415625 0.31666666666666665
2 0.5395833333333333 0.25462962962962965 0.5776041666666667 0.25462962962962965 0.5776041666666667 0.30648148148148147 0.5395833333333333 0.30648148148148147
2 0.578125 0.2777777777777778 0.6182291666666667 0.2777777777777778 0.6182291666666667 0.30833333333333335 0.578125 0.30833333333333335
2 0.5765625 0.33796296296296297 0.6208333333333333 0.33796296296296297 0.6208333333333333 0.387037037037037 0.5765625 0.387037037037037
2 0.6114583333333333 0.30185185185185187 0.6458333333333334 0.30185185185185187 0.6458333333333334 0.3296296296296296 0.6114583333333333 0.3296296296296296
2 0.6411458333333333 0.3055555555555556 0.6713541666666667 0.3055555555555556 0.6713541666666667 0.3351851851851852 0.6411458333333333 0.3351851851851852
2 0.6270833333333333 0.33055555555555555 0.6614583333333334 0.33055555555555555 0.6614583333333334 0.3712962962962963 0.6270833333333333 0.3712962962962963
2 0.6671875 0.3398148148148148 0.6885416666666667 0.3398148148148148 0.6885416666666667 0.3685185185185185 0.6671875 0.3685185185185185
2 0.6583333333333333 0.36944444444444446 0.6848958333333334 0.36944444444444446 0.6848958333333334 0.39351851851851855 0.6583333333333333 0.39351851851851855
2 0.6421875 0.49166666666666664 0.671875 0.49166666666666664 0.671875 0.5259259259259259 0.6421875 0.5259259259259259
2 0.6515625 0.6324074074074074 0.6828125 0.6324074074074074 0.6828125 0.6638888888888889 0.6515625 0.6638888888888889
2 0.6583333333333333 0.6731481481481482 0.690625 0.6731481481481482 0.690625 0.6990740740740741 0.6583333333333333 0.6990740740740741
2 0.671875 0.6518518518518519 0.6942708333333333 0.6518518518518519 0.6942708333333333 0.675 0.671875 0.675
2 0.6817708333333333 0.6101851851851852 0.7057291666666666 0.6101851851851852 0.7057291666666666 0.6324074074074074 0.6817708333333333 0.6324074074074074
2 0.6760416666666667 0.38425925925925924 0.7 0.38425925925925924 0.7 0.4083333333333333 0.6760416666666667 0.4083333333333333
2 0.6776041666666667 0.4101851851851852 0.7020833333333333 0.4101851851851852 0.7020833333333333 0.42592592592592593 0.6776041666666667 0.42592592592592593
2 0.6770833333333334 0.4398148148148148 0.703125 0.4398148148148148 0.703125 0.4601851851851852 0.6770833333333334 0.4601851851851852