1 0.5052083333333334 0 0.6026041666666667 0 0.6026041666666667 0.09351851851851851 0.5052083333333334 0.09351851851851851
1 0.5479166666666667 0.32314814814814813 0.6125 0.32314814814814813 0.6125 0.44907407407407407 0.5479166666666667 0.44907407407407407
1 0.6463541666666667 0.1814814814814815 0.6817708333333333 0.1814814814814815 0.6817708333333333 0.3037037037037037 0.6463541666666667 0.3037037037037037
2 0.21979166666666666 0 0.2864583333333333 0 0.2864583333333333 0.10833333333333334 0.21979166666666666 0.10833333333333334
2 0.53125 0.1527777777777778 0.5791666666666667 0.1527777777777778 0.5791666666666667 0.21388888888888888 0.53125 0.21388888888888888
2 0.45729166666666665 0 0.5317708333333333 0 0.5317708333333333 0.053703703703703705 0.45729166666666665 0.053703703703703705
2 0.48333333333333334 0.12685185185185185 0.5390625 0.12685185185185185 0.5390625 0.19444444444444445 0.48333333333333334 0.19444444444444445
2 0.5244791666666667 0.9407407407407408 0.5828125 0.9407407407407408 0.5828125 1 0.5244791666666667 1
2 0.3984375 0.13055555555555556 0.4822916666666667 0.13055555555555556 0.4822916666666667 0.22962962962962963 0.3984375 0.22962962962962963
2 0.384375 0.8398148148148148 0.48020833333333335 0.8398148148148148 0.48020833333333335 0.9324074074074075 0.384375 0.9324074074074075
2 0.4895833333333333 0.2490740740740741 0.5588541666666667 0.2490740740740741 0.5588541666666667 0.32222222222222224 0.4895833333333333 0.32222222222222224
2 0.5927083333333333 0.2935185185185185 0.628125 0.2935185185185185 0.628125 0.33425925925925926 0.5927083333333333 0.33425925925925926
2 0.6286458333333333 0.7083333333333334 0.6614583333333334 0.7083333333333334 0.6614583333333334 0.7462962962962963 0.6286458333333333 0.7462962962962963
2 0.7026041666666667 0.40370370370370373 0.7229166666666667 0.40370370370370373 0.7229166666666667 0.42592592592592593 0.7026041666666667 0.42592592592592593
2 0.6291666666666667 0.7787037037037037 0.6635416666666667 0.7787037037037037 0.6635416666666667 0.8175925925925925 0.6291666666666667 0.8175925925925925
2 0.64375 0.36203703703703705 0.6708333333333333 0.36203703703703705 0.6708333333333333 0.39166666666666666 0.64375 0.39166666666666666
2 0.6484375 0.41388888888888886 0.6796875 0.41388888888888886 0.6796875 0.44814814814814813 0.6484375 0.44814814814814813
2 0.61875 0.31574074074074077 0.6505208333333333 0.31574074074074077 0.6505208333333333 0.3527777777777778 0.61875 0.3527777777777778
2 0.6625 0.6842592592592592 0.6958333333333333 0.6842592592592592 0.6958333333333333 0.7277777777777777 0.6625 0.7277777777777777
2 0.6635416666666667 0.45185185185185184 0.6916666666666667 0.45185185185185184 0.6916666666666667 0.48333333333333334 0.6635416666666667 0.48333333333333334