1 0.36041666666666666 0.4166666666666667 0.465625 0.4166666666666667 0.465625 0.6185185185185185 0.36041666666666666 0.6185185185185185
1 0.1421875 0.32407407407407407 0.26927083333333335 0.32407407407407407 0.26927083333333335 0.5018518518518519 0.1421875 0.5018518518518519
1 0.3307291666666667 0.18055555555555555 0.38958333333333334 0.18055555555555555 0.38958333333333334 0.24351851851851852 0.3307291666666667 0.24351851851851852
1 0.5484375 0.1287037037037037 0.5807291666666666 0.1287037037037037 0.5807291666666666 0.17777777777777778 0.5484375 0.17777777777777778
1 0.6604166666666667 0.13240740740740742 0.7119791666666667 0.13240740740740742 0.7119791666666667 0.1824074074074074 0.6604166666666667 0.1824074074074074
2 0.728125 0.412962962962963 0.7755208333333333 0.412962962962963 0.7755208333333333 0.5851851851851851 0.728125 0.5851851851851851
2 0.1984375 0.7388888888888889 0.24947916666666667 0.7388888888888889 0.24947916666666667 0.9944444444444445 0.1984375 0.9944444444444445
2 0.18125 0.549074074074074 0.2296875 0.549074074074074 0.2296875 0.7018518518518518 0.18125 0.7018518518518518
2 0.30052083333333335 0.34629629629629627 0.3223958333333333 0.34629629629629627 0.3223958333333333 0.46574074074074073 0.30052083333333335 0.46574074074074073
2 0.35572916666666665 0.34814814814814815 0.37604166666666666 0.34814814814814815 0.37604166666666666 0.4601851851851852 0.35572916666666665 0.4601851851851852
2 0.3645833333333333 0.2518518518518518 0.37604166666666666 0.2518518518518518 0.37604166666666666 0.3277777777777778 0.3645833333333333 0.3277777777777778
2 0.4083333333333333 0.22777777777777777 0.42083333333333334 0.22777777777777777 0.42083333333333334 0.2953703703703704 0.4083333333333333 0.2953703703703704
2 0.39739583333333334 0.19537037037037036 0.409375 0.19537037037037036 0.409375 0.2657407407407407 0.39739583333333334 0.2657407407407407
2 0.4390625 0.21203703703703702 0.4515625 0.21203703703703702 0.4515625 0.27314814814814814 0.4390625 0.27314814814814814
2 0.43125 0.25277777777777777 0.4515625 0.25277777777777777 0.4515625 0.33796296296296297 0.43125 0.33796296296296297
2 0.6927083333333334 0.2898148148148148 0.7135416666666666 0.2898148148148148 0.7135416666666666 0.37222222222222223 0.6927083333333334 0.37222222222222223
2 0.6510416666666666 0.21666666666666667 0.675 0.21666666666666667 0.675 0.2796296296296296 0.6510416666666666 0.2796296296296296
2 0.42864583333333334 0.1574074074074074 0.43802083333333336 0.1574074074074074 0.43802083333333336 0.21851851851851853 0.42864583333333334 0.21851851851851853
2 0.40520833333333334 0.13425925925925927 0.415625 0.13425925925925927 0.415625 0.1712962962962963 0.40520833333333334 0.1712962962962963
2 0.4322916666666667 0.12685185185185185 0.4375 0.12685185185185185 0.4375 0.1574074074074074 0.4322916666666667 0.1574074074074074
2 0.43697916666666664 0.13703703703703704 0.44375 0.13703703703703704 0.44375 0.175 0.43697916666666664 0.175
2 0.44479166666666664 0.12222222222222222 0.4515625 0.12222222222222222 0.4515625 0.1574074074074074 0.44479166666666664 0.1574074074074074
2 0.45416666666666666 0.16203703703703703 0.4630208333333333 0.16203703703703703 0.4630208333333333 0.21851851851851853 0.45416666666666666 0.21851851851851853
2 0.46822916666666664 0.14814814814814814 0.4765625 0.14814814814814814 0.4765625 0.19074074074074074 0.46822916666666664 0.19074074074074074
2 0.49270833333333336 0.14629629629629629 0.5 0.14629629629629629 0.5 0.18703703703703703 0.49270833333333336 0.18703703703703703
2 0.49166666666666664 0.12037037037037036 0.49895833333333334 0.12037037037037036 0.49895833333333334 0.14629629629629629 0.49166666666666664 0.14629629629629629
2 0.4734375 0.11018518518518519 0.4796875 0.11018518518518519 0.4796875 0.14444444444444443 0.4734375 0.14444444444444443
2 0.45729166666666665 0.12222222222222222 0.46510416666666665 0.12222222222222222 0.46510416666666665 0.1537037037037037 0.45729166666666665 0.1537037037037037
2 0.46510416666666665 0.11851851851851852 0.4703125 0.11851851851851852 0.4703125 0.14814814814814814 0.46510416666666665 0.14814814814814814
2 0.5447916666666667 0.18055555555555555 0.5802083333333333 0.18055555555555555 0.5802083333333333 0.23981481481481481 0.5447916666666667 0.23981481481481481
2 0.59375 0.13518518518518519 0.6057291666666667 0.13518518518518519 0.6057291666666667 0.17407407407407408 0.59375 0.17407407407407408