1 0.134375 0.3472222222222222 0.25677083333333334 0.3472222222222222 0.25677083333333334 0.5259259259259259 0.134375 0.5259259259259259
1 0.5536458333333333 0.2564814814814815 0.6114583333333333 0.2564814814814815 0.6114583333333333 0.3472222222222222 0.5536458333333333 0.3472222222222222
1 0.3223958333333333 0.2 0.3796875 0.2 0.3796875 0.2638888888888889 0.3223958333333333 0.2638888888888889
1 0.4375 0.19166666666666668 0.47552083333333334 0.19166666666666668 0.47552083333333334 0.2611111111111111 0.4375 0.2611111111111111
1 0.5291666666666667 0.1574074074074074 0.559375 0.1574074074074074 0.559375 0.20833333333333334 0.5291666666666667 0.20833333333333334
2 0.11927083333333334 0.6064814814814815 0.17083333333333334 0.6064814814814815 0.17083333333333334 0.8305555555555556 0.11927083333333334 0.8305555555555556
2 0.30104166666666665 0.4546296296296296 0.3453125 0.4546296296296296 0.3453125 0.6231481481481481 0.30104166666666665 0.6231481481481481
1 0.6380208333333334 0.15185185185185185 0.6921875 0.15185185185185185 0.6921875 0.20555555555555555 0.6380208333333334 0.20555555555555555
2 0.3645833333333333 0.47962962962962963 0.4005208333333333 0.47962962962962963 0.4005208333333333 0.6388888888888888 0.3645833333333333 0.6388888888888888
2 0.20625 0.5888888888888889 0.2604166666666667 0.5888888888888889 0.2604166666666667 0.8 0.20625 0.8
2 0.4114583333333333 0.5138888888888888 0.4510416666666667 0.5138888888888888 0.4510416666666667 0.6657407407407407 0.4114583333333333 0.6657407407407407
2 0.09114583333333333 0.8805555555555555 0.18072916666666666 0.8805555555555555 0.18072916666666666 1 0.09114583333333333 1
2 0.6802083333333333 0.39537037037037037 0.721875 0.39537037037037037 0.721875 0.5222222222222223 0.6802083333333333 0.5222222222222223
2 0.23020833333333332 0.44907407407407407 0.2609375 0.44907407407407407 0.2609375 0.5564814814814815 0.23020833333333332 0.5564814814814815
2 0.284375 0.4212962962962963 0.31145833333333334 0.4212962962962963 0.31145833333333334 0.5138888888888888 0.284375 0.5138888888888888
2 0.3255208333333333 0.3675925925925926 0.36822916666666666 0.3675925925925926 0.36822916666666666 0.47962962962962963 0.3255208333333333 0.47962962962962963
2 0.30572916666666666 0.30925925925925923 0.3260416666666667 0.30925925925925923 0.3260416666666667 0.39351851851851855 0.30572916666666666 0.39351851851851855
2 0.3151041666666667 0.32407407407407407 0.3380208333333333 0.32407407407407407 0.3380208333333333 0.412962962962963 0.3151041666666667 0.412962962962963
2 0.3619791666666667 0.32685185185185184 0.38229166666666664 0.32685185185185184 0.38229166666666664 0.4212962962962963 0.3619791666666667 0.4212962962962963
2 0.3729166666666667 0.2898148148148148 0.3932291666666667 0.2898148148148148 0.3932291666666667 0.3592592592592593 0.3729166666666667 0.3592592592592593
2 0.4114583333333333 0.27870370370370373 0.4270833333333333 0.27870370370370373 0.4270833333333333 0.3731481481481482 0.4114583333333333 0.3731481481481482
2 0.38697916666666665 0.23148148148148148 0.40572916666666664 0.23148148148148148 0.40572916666666664 0.2796296296296296 0.38697916666666665 0.2796296296296296
2 0.38958333333333334 0.1962962962962963 0.40208333333333335 0.1962962962962963 0.40208333333333335 0.24259259259259258 0.38958333333333334 0.24259259259259258
2 0.4114583333333333 0.2101851851851852 0.42604166666666665 0.2101851851851852 0.42604166666666665 0.262037037037037 0.4114583333333333 0.262037037037037
2 0.4114583333333333 0.15925925925925927 0.425 0.15925925925925927 0.425 0.19907407407407407 0.4114583333333333 0.19907407407407407
2 0.425 0.16944444444444445 0.43697916666666664 0.16944444444444445 0.43697916666666664 0.22314814814814815 0.425 0.22314814814814815
2 0.43802083333333336 0.14629629629629629 0.44427083333333334 0.14629629629629629 0.44427083333333334 0.18425925925925926 0.43802083333333336 0.18425925925925926
2 0.44895833333333335 0.1398148148148148 0.4557291666666667 0.1398148148148148 0.4557291666666667 0.17962962962962964 0.44895833333333335 0.17962962962962964
2 0.46510416666666665 0.14444444444444443 0.47760416666666666 0.14444444444444443 0.47760416666666666 0.18425925925925926 0.46510416666666665 0.18425925925925926
2 0.49114583333333334 0.19537037037037036 0.5255208333333333 0.19537037037037036 0.5255208333333333 0.25 0.49114583333333334 0.25
2 0.5729166666666666 0.1814814814814815 0.5854166666666667 0.1814814814814815 0.5854166666666667 0.23055555555555557 0.5729166666666666 0.23055555555555557
2 0.596875 0.1685185185185185 0.6109375 0.1685185185185185 0.6109375 0.2212962962962963 0.596875 0.2212962962962963
2 0.5875 0.1537037037037037 0.5984375 0.1537037037037037 0.5984375 0.19537037037037036 0.5875 0.19537037037037036
2 0.5588541666666667 0.14351851851851852 0.5734375 0.14351851851851852 0.5734375 0.17592592592592593 0.5588541666666667 0.17592592592592593
2 0.5885416666666666 0.13703703703703704 0.5958333333333333 0.13703703703703704 0.5958333333333333 0.16574074074074074 0.5885416666666666 0.16574074074074074