1 0.4109375 0.9268518518518518 0.5140625 0.9268518518518518 0.5140625 1 0.4109375 1
1 0.32864583333333336 0.7046296296296296 0.3640625 0.7046296296296296 0.3640625 0.8083333333333333 0.32864583333333336 0.8083333333333333
1 0.3416666666666667 0.5314814814814814 0.3880208333333333 0.5314814814814814 0.3880208333333333 0.6185185185185185 0.3416666666666667 0.6185185185185185
1 0.33645833333333336 0.32222222222222224 0.38333333333333336 0.32222222222222224 0.38333333333333336 0.4111111111111111 0.33645833333333336 0.4111111111111111
1 0.29739583333333336 0.4009259259259259 0.31927083333333334 0.4009259259259259 0.31927083333333334 0.4537037037037037 0.29739583333333336 0.4537037037037037
2 0.5494791666666666 0.9435185185185185 0.6510416666666666 0.9435185185185185 0.6510416666666666 1 0.5494791666666666 1
1 0.3015625 0.15092592592592594 0.325 0.15092592592592594 0.325 0.23333333333333334 0.3015625 0.23333333333333334
2 0.5083333333333333 0.8009259259259259 0.6203125 0.8009259259259259 0.6203125 0.8814814814814815 0.5083333333333333 0.8814814814814815
2 0.653125 0.7935185185185185 0.78125 0.7935185185185185 0.78125 0.9277777777777778 0.653125 0.9277777777777778
2 0.4421875 0.8740740740740741 0.521875 0.8740740740740741 0.521875 0.9111111111111111 0.4421875 0.9111111111111111
2 0.44375 0.7759259259259259 0.5223958333333333 0.7759259259259259 0.5223958333333333 0.825 0.44375 0.825
2 0.4166666666666667 0.7212962962962963 0.47552083333333334 0.7212962962962963 0.47552083333333334 0.7907407407407407 0.4166666666666667 0.7907407407407407
2 0.37395833333333334 0.21296296296296297 0.4276041666666667 0.21296296296296297 0.4276041666666667 0.25555555555555554 0.37395833333333334 0.25555555555555554
2 0.41302083333333334 0.6509259259259259 0.471875 0.6509259259259259 0.471875 0.6981481481481482 0.41302083333333334 0.6981481481481482
2 0.3645833333333333 0.7046296296296296 0.4109375 0.7046296296296296 0.4109375 0.7444444444444445 0.3645833333333333 0.7444444444444445
2 0.33645833333333336 0.6935185185185185 0.3776041666666667 0.6935185185185185 0.3776041666666667 0.725925925925926 0.33645833333333336 0.725925925925926
2 0.35625 0.6509259259259259 0.4010416666666667 0.6509259259259259 0.4010416666666667 0.6777777777777778 0.35625 0.6777777777777778
2 0.31354166666666666 0.6462962962962963 0.3463541666666667 0.6462962962962963 0.3463541666666667 0.6759259259259259 0.31354166666666666 0.6759259259259259
2 0.3260416666666667 0.6231481481481481 0.3541666666666667 0.6231481481481481 0.3541666666666667 0.6407407407407407 0.3260416666666667 0.6407407407407407
2 0.30885416666666665 0.6018518518518519 0.3359375 0.6018518518518519 0.3359375 0.6166666666666667 0.30885416666666665 0.6166666666666667
2 0.30572916666666666 0.575925925925926 0.3307291666666667 0.575925925925926 0.3307291666666667 0.5935185185185186 0.30572916666666666 0.5935185185185186
2 0.30520833333333336 0.5407407407407407 0.33229166666666665 0.5407407407407407 0.33229166666666665 0.5657407407407408 0.30520833333333336 0.5657407407407408
2 0.328125 0.4537037037037037 0.3609375 0.4537037037037037 0.3609375 0.5018518518518519 0.328125 0.5018518518518519
2 0.29322916666666665 0.5833333333333334 0.3109375 0.5833333333333334 0.3109375 0.6 0.29322916666666665 0.6
2 0.29583333333333334 0.6212962962962963 0.31875 0.6212962962962963 0.31875 0.6398148148148148 0.29583333333333334 0.6398148148148148
2 0.28489583333333335 0.6537037037037037 0.30364583333333334 0.6537037037037037 0.30364583333333334 0.6759259259259259 0.28489583333333335 0.6759259259259259
2 0.284375 0.5509259259259259 0.303125 0.5509259259259259 0.303125 0.562962962962963 0.284375 0.562962962962963
2 0.3026041666666667 0.3592592592592593 0.32760416666666664 0.3592592592592593 0.32760416666666664 0.38055555555555554 0.3026041666666667 0.38055555555555554
2 0.30104166666666665 0.325 0.32708333333333334 0.325 0.32708333333333334 0.3472222222222222 0.30104166666666665 0.3472222222222222
2 0.2916666666666667 0.3453703703703704 0.31145833333333334 0.3453703703703704 0.31145833333333334 0.36018518518518516 0.2916666666666667 0.36018518518518516