1 0.4171875 0.937037037037037 0.5182291666666666 0.937037037037037 0.5182291666666666 1 0.4171875 1
1 0.5338541666666666 0.6425925925925926 0.6776041666666667 0.6425925925925926 0.6776041666666667 0.8851851851851852 0.5338541666666666 0.8851851851851852
1 0.41458333333333336 0.2518518518518518 0.4869791666666667 0.2518518518518518 0.4869791666666667 0.38796296296296295 0.41458333333333336 0.38796296296296295
1 0.3338541666666667 0.7222222222222222 0.3703125 0.7222222222222222 0.3703125 0.8212962962962963 0.3338541666666667 0.8212962962962963
1 0.3145833333333333 0.537962962962963 0.3453125 0.537962962962963 0.3453125 0.5972222222222222 0.3145833333333333 0.5972222222222222
1 0.3234375 0.3861111111111111 0.35625 0.3861111111111111 0.35625 0.44814814814814813 0.3234375 0.44814814814814813
1 0.309375 0.17037037037037037 0.33125 0.17037037037037037 0.33125 0.2462962962962963 0.309375 0.2462962962962963
2 0.6578125 0.6361111111111111 0.7791666666666667 0.6361111111111111 0.7791666666666667 0.7453703703703703 0.6578125 0.7453703703703703
2 0.440625 0.8907407407407407 0.5135416666666667 0.8907407407407407 0.5135416666666667 0.9305555555555556 0.440625 0.9305555555555556
2 0.47708333333333336 0.8287037037037037 0.5697916666666667 0.8287037037037037 0.5697916666666667 0.8740740740740741 0.47708333333333336 0.8740740740740741
2 0.4234375 0.762962962962963 0.5005208333333333 0.762962962962963 0.5005208333333333 0.8055555555555556 0.4234375 0.8055555555555556
2 0.4171875 0.8083333333333333 0.47708333333333336 0.8083333333333333 0.47708333333333336 0.8629629629629629 0.4171875 0.8629629629629629
2 0.40208333333333335 0.7675925925925926 0.44114583333333335 0.7675925925925926 0.44114583333333335 0.7981481481481482 0.40208333333333335 0.7981481481481482
2 0.3609375 0.7555555555555555 0.4041666666666667 0.7555555555555555 0.4041666666666667 0.7861111111111111 0.3609375 0.7861111111111111
2 0.3692708333333333 0.7305555555555555 0.4114583333333333 0.7305555555555555 0.4114583333333333 0.7694444444444445 0.3692708333333333 0.7694444444444445
2 0.3802083333333333 0.6935185185185185 0.4375 0.6935185185185185 0.4375 0.7425925925925926 0.3802083333333333 0.7425925925925926
2 0.4005208333333333 0.6064814814814815 0.4734375 0.6064814814814815 0.4734375 0.6592592592592592 0.4005208333333333 0.6592592592592592
2 0.38385416666666666 0.5435185185185185 0.4484375 0.5435185185185185 0.4484375 0.5842592592592593 0.38385416666666666 0.5842592592592593
2 0.3984375 0.6620370370370371 0.45729166666666665 0.6620370370370371 0.45729166666666665 0.7055555555555556 0.3984375 0.7055555555555556
2 0.3697916666666667 0.6527777777777778 0.40989583333333335 0.6527777777777778 0.40989583333333335 0.687962962962963 0.3697916666666667 0.687962962962963
2 0.3484375 0.6685185185185185 0.38125 0.6685185185185185 0.38125 0.6962962962962963 0.3484375 0.6962962962962963
2 0.3489583333333333 0.6185185185185185 0.38229166666666664 0.6185185185185185 0.38229166666666664 0.6407407407407407 0.3489583333333333 0.6407407407407407
2 0.3333333333333333 0.46111111111111114 0.37552083333333336 0.46111111111111114 0.37552083333333336 0.5111111111111111 0.3333333333333333 0.5111111111111111
2 0.346875 0.3111111111111111 0.38645833333333335 0.3111111111111111 0.38645833333333335 0.3425925925925926 0.346875 0.3425925925925926
2 0.3380208333333333 0.2759259259259259 0.37604166666666666 0.2759259259259259 0.37604166666666666 0.3 0.3380208333333333 0.3
2 0.3234375 0.28888888888888886 0.3619791666666667 0.28888888888888886 0.3619791666666667 0.31574074074074077 0.3234375 0.31574074074074077
2 0.33229166666666665 0.6351851851851852 0.36354166666666665 0.6351851851851852 0.36354166666666665 0.6638888888888889 0.33229166666666665 0.6638888888888889
2 0.32083333333333336 0.6462962962962963 0.34322916666666664 0.6462962962962963 0.34322916666666664 0.6703703703703704 0.32083333333333336 0.6703703703703704
2 0.31979166666666664 0.6083333333333333 0.35052083333333334 0.6083333333333333 0.35052083333333334 0.6444444444444445 0.31979166666666664 0.6444444444444445