1 0.5010416666666667 0 0.6015625 0 0.6015625 0.09444444444444444 0.5010416666666667 0.09444444444444444
1 0.6453125 0.20555555555555555 0.6817708333333333 0.20555555555555555 0.6817708333333333 0.3037037037037037 0.6453125 0.3037037037037037
1 0.6932291666666667 0.4546296296296296 0.7171875 0.4546296296296296 0.7171875 0.5027777777777778 0.6932291666666667 0.5027777777777778
1 0.6901041666666666 0.7185185185185186 0.7151041666666667 0.7185185185185186 0.7151041666666667 0.8166666666666667 0.6901041666666666 0.8166666666666667
2 0.346875 0.04814814814814815 0.4625 0.04814814814814815 0.4625 0.11574074074074074 0.346875 0.11574074074074074
2 0.35833333333333334 0.19814814814814816 0.48125 0.19814814814814816 0.48125 0.25925925925925924 0.35833333333333334 0.25925925925925924
2 0.45729166666666665 0.08611111111111111 0.55625 0.08611111111111111 0.55625 0.15648148148148147 0.45729166666666665 0.15648148148148147
2 0.525 0.22962962962962963 0.5916666666666667 0.22962962962962963 0.5916666666666667 0.2861111111111111 0.525 0.2861111111111111
2 0.58125 0.275 0.6270833333333333 0.275 0.6270833333333333 0.30648148148148147 0.58125 0.30648148148148147
2 0.5723958333333333 0.3296296296296296 0.6296875 0.3296296296296296 0.6296875 0.3638888888888889 0.5723958333333333 0.3638888888888889
2 0.5489583333333333 0.38055555555555554 0.6067708333333334 0.38055555555555554 0.6067708333333334 0.4185185185185185 0.5489583333333333 0.4185185185185185
2 0.615625 0.46111111111111114 0.6640625 0.46111111111111114 0.6640625 0.48703703703703705 0.615625 0.48703703703703705
2 0.6166666666666667 0.30092592592592593 0.6552083333333333 0.30092592592592593 0.6552083333333333 0.3333333333333333 0.6166666666666667 0.3333333333333333
2 0.64375 0.29259259259259257 0.6703125 0.29259259259259257 0.6703125 0.31666666666666665 0.64375 0.31666666666666665
2 0.65625 0.31851851851851853 0.6869791666666667 0.31851851851851853 0.6869791666666667 0.33796296296296297 0.65625 0.33796296296296297
2 0.6661458333333333 0.3398148148148148 0.6942708333333333 0.3398148148148148 0.6942708333333333 0.3611111111111111 0.6661458333333333 0.3611111111111111
2 0.6703125 0.3731481481481482 0.6890625 0.3731481481481482 0.6890625 0.3861111111111111 0.6703125 0.3861111111111111
2 0.6838541666666667 0.40555555555555556 0.7015625 0.40555555555555556 0.7015625 0.41944444444444445 0.6838541666666667 0.41944444444444445
2 0.6541666666666667 0.38981481481481484 0.6854166666666667 0.38981481481481484 0.6854166666666667 0.40925925925925927 0.6541666666666667 0.40925925925925927
2 0.6567708333333333 0.42777777777777776 0.6916666666666667 0.42777777777777776 0.6916666666666667 0.44722222222222224 0.6567708333333333 0.44722222222222224
2 0.6822916666666666 0.43796296296296294 0.7041666666666667 0.43796296296296294 0.7041666666666667 0.4537037037037037 0.6822916666666666 0.4537037037037037
2 0.6677083333333333 0.45740740740740743 0.6911458333333333 0.45740740740740743 0.6911458333333333 0.4842592592592593 0.6677083333333333 0.4842592592592593
2 0.6239583333333333 0.375 0.6625 0.375 0.6625 0.4027777777777778 0.6239583333333333 0.4027777777777778
2 0.6994791666666667 0.4305555555555556 0.71875 0.4305555555555556 0.71875 0.4462962962962963 0.6994791666666667 0.4462962962962963
2 0.7020833333333333 0.49722222222222223 0.7255208333333333 0.49722222222222223 0.7255208333333333 0.5194444444444445 0.7020833333333333 0.5194444444444445
2 0.7026041666666667 0.4 0.7239583333333334 0.4 0.7239583333333334 0.4212962962962963 0.7026041666666667 0.4212962962962963
2 0.6671875 0.6518518518518519 0.6947916666666667 0.6518518518518519 0.6947916666666667 0.6777777777777778 0.6671875 0.6777777777777778
2 0.6895833333333333 0.6759259259259259 0.709375 0.6759259259259259 0.709375 0.6962962962962963 0.6895833333333333 0.6962962962962963
2 0.6682291666666667 0.7027777777777777 0.6947916666666667 0.7027777777777777 0.6947916666666667 0.725 0.6682291666666667 0.725
2 0.6307291666666667 0.712037037037037 0.6703125 0.712037037037037 0.6703125 0.7398148148148148 0.6307291666666667 0.7398148148148148