1 0.12552083333333333 0.35462962962962963 0.2546875 0.35462962962962963 0.2546875 0.5333333333333333 0.12552083333333333 0.5333333333333333
1 0.5677083333333334 0.4444444444444444 0.6802083333333333 0.4444444444444444 0.6802083333333333 0.6407407407407407 0.5677083333333334 0.6407407407407407
1 0.35208333333333336 0.41574074074074074 0.43854166666666666 0.41574074074074074 0.43854166666666666 0.5694444444444444 0.35208333333333336 0.5694444444444444
1 0.5348958333333333 0.21851851851851853 0.5723958333333333 0.21851851851851853 0.5723958333333333 0.2796296296296296 0.5348958333333333 0.2796296296296296
1 0.31614583333333335 0.20925925925925926 0.3671875 0.20925925925925926 0.3671875 0.2740740740740741 0.31614583333333335 0.2740740740740741
1 0.6395833333333333 0.1638888888888889 0.6890625 0.1638888888888889 0.6890625 0.20277777777777778 0.6395833333333333 0.20277777777777778
1 0.4453125 0.16018518518518518 0.47604166666666664 0.16018518518518518 0.47604166666666664 0.21296296296296297 0.4453125 0.21296296296296297
2 0.11458333333333333 0.5416666666666666 0.15364583333333334 0.5416666666666666 0.15364583333333334 0.737037037037037 0.11458333333333333 0.737037037037037
2 0.25729166666666664 0.4685185185185185 0.30052083333333335 0.4685185185185185 0.30052083333333335 0.6231481481481481 0.25729166666666664 0.6231481481481481
1 0.5125 0.1361111111111111 0.534375 0.1361111111111111 0.534375 0.16944444444444445 0.5125 0.16944444444444445
2 0.4041666666666667 0.537962962962963 0.4484375 0.537962962962963 0.4484375 0.6944444444444444 0.4041666666666667 0.6944444444444444
2 0.15104166666666666 0.5740740740740741 0.19895833333333332 0.5740740740740741 0.19895833333333332 0.7638888888888888 0.15104166666666666 0.7638888888888888
2 0.3026041666666667 0.3425925925925926 0.328125 0.3425925925925926 0.328125 0.44351851851851853 0.3026041666666667 0.44351851851851853
2 0.33958333333333335 0.36666666666666664 0.365625 0.36666666666666664 0.365625 0.46111111111111114 0.33958333333333335 0.46111111111111114
2 0.32447916666666665 0.3055555555555556 0.353125 0.3055555555555556 0.353125 0.3962962962962963 0.32447916666666665 0.3962962962962963
2 0.36822916666666666 0.32222222222222224 0.3932291666666667 0.32222222222222224 0.3932291666666667 0.3962962962962963 0.36822916666666666 0.3962962962962963
2 0.34739583333333335 0.28703703703703703 0.3671875 0.28703703703703703 0.3671875 0.3416666666666667 0.34739583333333335 0.3416666666666667
2 0.3802083333333333 0.25833333333333336 0.3927083333333333 0.25833333333333336 0.3927083333333333 0.3314814814814815 0.3802083333333333 0.3314814814814815
2 0.353125 0.22870370370370371 0.37083333333333335 0.22870370370370371 0.37083333333333335 0.28703703703703703 0.353125 0.28703703703703703
2 0.365625 0.2388888888888889 0.38177083333333334 0.2388888888888889 0.38177083333333334 0.3074074074074074 0.365625 0.3074074074074074
2 0.4083333333333333 0.26481481481481484 0.4244791666666667 0.26481481481481484 0.4244791666666667 0.3425925925925926 0.4083333333333333 0.3425925925925926
2 0.4348958333333333 0.27870370370370373 0.4479166666666667 0.27870370370370373 0.4479166666666667 0.375 0.4348958333333333 0.375
2 0.45208333333333334 0.25462962962962965 0.4713541666666667 0.25462962962962965 0.4713541666666667 0.32222222222222224 0.45208333333333334 0.32222222222222224
2 0.6 0.2777777777777778 0.61875 0.2777777777777778 0.61875 0.36574074074074076 0.6 0.36574074074074076
2 0.6276041666666666 0.2518518518518518 0.6505208333333333 0.2518518518518518 0.6505208333333333 0.3212962962962963 0.6276041666666666 0.3212962962962963
2 0.609375 0.21574074074074073 0.6286458333333333 0.21574074074074073 0.6286458333333333 0.2777777777777778 0.609375 0.2777777777777778
2 0.5744791666666667 0.19166666666666668 0.5927083333333333 0.19166666666666668 0.5927083333333333 0.25277777777777777 0.5744791666666667 0.25277777777777777
2 0.5901041666666667 0.1814814814814815 0.6036458333333333 0.1814814814814815 0.6036458333333333 0.22870370370370371 0.5901041666666667 0.22870370370370371
2 0.4796875 0.18981481481481483 0.4953125 0.18981481481481483 0.4953125 0.24814814814814815 0.4796875 0.24814814814814815
2 0.4895833333333333 0.2064814814814815 0.5130208333333334 0.2064814814814815 0.5130208333333334 0.26481481481481484 0.4895833333333333 0.26481481481481484
2 0.41822916666666665 0.21203703703703702 0.4401041666666667 0.21203703703703702 0.4401041666666667 0.2638888888888889 0.41822916666666665 0.2638888888888889
2 0.39895833333333336 0.21481481481481482 0.415625 0.21481481481481482 0.415625 0.2611111111111111 0.39895833333333336 0.2611111111111111
2 0.3984375 0.2388888888888889 0.42135416666666664 0.2388888888888889 0.42135416666666664 0.2916666666666667 0.3984375 0.2916666666666667
2 0.4161458333333333 0.18796296296296297 0.43072916666666666 0.18796296296296297 0.43072916666666666 0.23981481481481481 0.4161458333333333 0.23981481481481481