1 0.40729166666666666 0.9268518518518518 0.5098958333333333 0.9268518518518518 0.5098958333333333 1 0.40729166666666666 1
1 0.3546875 0.5305555555555556 0.40989583333333335 0.5305555555555556 0.40989583333333335 0.6268518518518519 0.3546875 0.6268518518518519
1 0.3255208333333333 0.7138888888888889 0.3614583333333333 0.7138888888888889 0.3614583333333333 0.8111111111111111 0.3255208333333333 0.8111111111111111
1 0.3229166666666667 0.32314814814814813 0.3671875 0.32314814814814813 0.3671875 0.40925925925925927 0.3229166666666667 0.40925925925925927
2 0.6057291666666667 0.8833333333333333 0.7552083333333334 0.8833333333333333 0.7552083333333334 0.9907407407407407 0.6057291666666667 0.9907407407407407
2 0.49375 0.9574074074074074 0.5625 0.9574074074074074 0.5625 1 0.49375 1
2 0.5109375 0.8425925925925926 0.5958333333333333 0.8425925925925926 0.5958333333333333 0.924074074074074 0.5109375 0.924074074074074
2 0.440625 0.7601851851851852 0.515625 0.7601851851851852 0.515625 0.8351851851851851 0.440625 0.8351851851851851
2 0.4432291666666667 0.6574074074074074 0.5291666666666667 0.6574074074074074 0.5291666666666667 0.7296296296296296 0.4432291666666667 0.7296296296296296
2 0.44947916666666665 0 0.5229166666666667 0 0.5229166666666667 0.06388888888888888 0.44947916666666665 0.06388888888888888
2 0.3828125 0.7361111111111112 0.43020833333333336 0.7361111111111112 0.43020833333333336 0.7777777777777778 0.3828125 0.7777777777777778
2 0.35052083333333334 0.7055555555555556 0.3932291666666667 0.7055555555555556 0.3932291666666667 0.7398148148148148 0.35052083333333334 0.7398148148148148
2 0.3776041666666667 0.6620370370370371 0.42083333333333334 0.6620370370370371 0.42083333333333334 0.6953703703703704 0.3776041666666667 0.6953703703703704
2 0.32135416666666666 0.6518518518518519 0.35833333333333334 0.6518518518518519 0.35833333333333334 0.6796296296296296 0.32135416666666666 0.6796296296296296
2 0.3385416666666667 0.6296296296296297 0.37447916666666664 0.6296296296296297 0.37447916666666664 0.6537037037037037 0.3385416666666667 0.6537037037037037
2 0.3140625 0.6092592592592593 0.34479166666666666 0.6092592592592593 0.34479166666666666 0.6296296296296297 0.3140625 0.6296296296296297
2 0.30885416666666665 0.5740740740740741 0.3359375 0.5740740740740741 0.3359375 0.5898148148148148 0.30885416666666665 0.5898148148148148
2 0.31145833333333334 0.5416666666666666 0.346875 0.5416666666666666 0.346875 0.5777777777777777 0.31145833333333334 0.5777777777777777
2 0.32708333333333334 0.43796296296296294 0.365625 0.43796296296296294 0.365625 0.48333333333333334 0.32708333333333334 0.48333333333333334
2 0.3489583333333333 0.23796296296296296 0.390625 0.23796296296296296 0.390625 0.27314814814814814 0.3489583333333333 0.27314814814814814
2 0.2859375 0.6527777777777778 0.3072916666666667 0.6527777777777778 0.3072916666666667 0.674074074074074 0.2859375 0.674074074074074
2 0.2989583333333333 0.6268518518518519 0.3229166666666667 0.6268518518518519 0.3229166666666667 0.6472222222222223 0.2989583333333333 0.6472222222222223
2 0.2947916666666667 0.5898148148148148 0.3171875 0.5898148148148148 0.3171875 0.6 0.2947916666666667 0.6
2 0.28958333333333336 0.5703703703703704 0.31354166666666666 0.5703703703703704 0.31354166666666666 0.5814814814814815 0.28958333333333336 0.5814814814814815
2 0.29010416666666666 0.5518518518518518 0.30572916666666666 0.5518518518518518 0.30572916666666666 0.5675925925925925 0.29010416666666666 0.5675925925925925
1 0.28958333333333336 0.40555555555555556 0.3140625 0.40555555555555556 0.3140625 0.46296296296296297 0.28958333333333336 0.46296296296296297
2 0.29583333333333334 0.3731481481481482 0.31614583333333335 0.3731481481481482 0.31614583333333335 0.3851851851851852 0.29583333333333334 0.3851851851851852
2 0.2942708333333333 0.3333333333333333 0.31875 0.3333333333333333 0.31875 0.35462962962962963 0.2942708333333333 0.35462962962962963