1 0.14479166666666668 0.31296296296296294 0.2708333333333333 0.31296296296296294 0.2708333333333333 0.487962962962963 0.14479166666666668 0.487962962962963
1 0.3260416666666667 0.17222222222222222 0.39375 0.17222222222222222 0.39375 0.2361111111111111 0.3260416666666667 0.2361111111111111
2 0.8072916666666666 0.7037037037037037 0.8802083333333334 0.7037037037037037 0.8802083333333334 0.9342592592592592 0.8072916666666666 0.9342592592592592
2 0.19322916666666667 0.5703703703703704 0.25104166666666666 0.5703703703703704 0.25104166666666666 0.7462962962962963 0.19322916666666667 0.7462962962962963
2 0.8036458333333333 0.512962962962963 0.85625 0.512962962962963 0.85625 0.6462962962962963 0.8036458333333333 0.6462962962962963
2 0.6958333333333333 0.39351851851851855 0.7333333333333333 0.39351851851851855 0.7333333333333333 0.5037037037037037 0.6958333333333333 0.5037037037037037
2 0.3260416666666667 0.40370370370370373 0.3671875 0.40370370370370373 0.3671875 0.525 0.3260416666666667 0.525
2 0.5854166666666667 0.24074074074074073 0.6109375 0.24074074074074073 0.6109375 0.3175925925925926 0.5854166666666667 0.3175925925925926
2 0.60625 0.1675925925925926 0.6291666666666667 0.1675925925925926 0.6291666666666667 0.2175925925925926 0.60625 0.2175925925925926
2 0.6333333333333333 0.25833333333333336 0.6552083333333333 0.25833333333333336 0.6552083333333333 0.3333333333333333 0.6333333333333333 0.3333333333333333
2 0.6239583333333333 0.3296296296296296 0.6578125 0.3296296296296296 0.6578125 0.42592592592592593 0.6239583333333333 0.42592592592592593
2 0.4015625 0.31574074074074077 0.440625 0.31574074074074077 0.440625 0.44074074074074077 0.4015625 0.44074074074074077
2 0.5520833333333334 0.18796296296296297 0.5848958333333333 0.18796296296296297 0.5848958333333333 0.25555555555555554 0.5520833333333334 0.25555555555555554
2 0.584375 0.1361111111111111 0.5984375 0.1361111111111111 0.5984375 0.1712962962962963 0.584375 0.1712962962962963
2 0.6489583333333333 0.1824074074074074 0.6708333333333333 0.1824074074074074 0.6708333333333333 0.24444444444444444 0.6489583333333333 0.24444444444444444
2 0.5026041666666666 0.16111111111111112 0.5322916666666667 0.16111111111111112 0.5322916666666667 0.22407407407407406 0.5026041666666666 0.22407407407407406
2 0.38177083333333334 0.2953703703703704 0.40729166666666666 0.2953703703703704 0.40729166666666666 0.38055555555555554 0.38177083333333334 0.38055555555555554
2 0.4375 0.18796296296296297 0.4546875 0.18796296296296297 0.4546875 0.25833333333333336 0.4375 0.25833333333333336
2 0.465625 0.1638888888888889 0.4822916666666667 0.1638888888888889 0.4822916666666667 0.2324074074074074 0.465625 0.2324074074074074
2 0.4171875 0.14722222222222223 0.434375 0.14722222222222223 0.434375 0.21944444444444444 0.4171875 0.21944444444444444