1 0.14479166666666668 0.3194444444444444 0.2703125 0.3194444444444444 0.2703125 0.4981481481481482 0.14479166666666668 0.4981481481481482
1 0.3328125 0.17777777777777778 0.39479166666666665 0.17777777777777778 0.39479166666666665 0.24259259259259258 0.3328125 0.24259259259259258
1 0.4713541666666667 0.12407407407407407 0.5005208333333333 0.12407407407407407 0.5005208333333333 0.16944444444444445 0.4713541666666667 0.16944444444444445
1 0.609375 0.12037037037037036 0.6578125 0.12037037037037036 0.6578125 0.15833333333333333 0.609375 0.15833333333333333
2 0.0067708333333333336 0.8 0.08802083333333334 0.8 0.08802083333333334 1 0.0067708333333333336 1
2 0.1015625 0.8027777777777778 0.19375 0.8027777777777778 0.19375 0.9972222222222222 0.1015625 0.9972222222222222
2 0.24739583333333334 0.7824074074074074 0.31302083333333336 0.7824074074074074 0.31302083333333336 1 0.24739583333333334 1
2 0.19427083333333334 0.5351851851851852 0.2546875 0.5351851851851852 0.2546875 0.7398148148148148 0.19427083333333334 0.7398148148148148
2 0.3020833333333333 0.4212962962962963 0.3380208333333333 0.4212962962962963 0.3380208333333333 0.5796296296296296 0.3020833333333333 0.5796296296296296
2 0.340625 0.3194444444444444 0.3697916666666667 0.3194444444444444 0.3697916666666667 0.43333333333333335 0.340625 0.43333333333333335
2 0.3703125 0.33055555555555555 0.4010416666666667 0.33055555555555555 0.4010416666666667 0.44722222222222224 0.3703125 0.44722222222222224
2 0.39375 0.40185185185185185 0.42604166666666665 0.40185185185185185 0.42604166666666665 0.5388888888888889 0.39375 0.5388888888888889
2 0.42239583333333336 0.337037037037037 0.4427083333333333 0.337037037037037 0.4427083333333333 0.43796296296296294 0.42239583333333336 0.43796296296296294
2 0.3651041666666667 0.26851851851851855 0.3807291666666667 0.26851851851851855 0.3807291666666667 0.3388888888888889 0.3651041666666667 0.3388888888888889
2 0.4114583333333333 0.24351851851851852 0.43125 0.24351851851851852 0.43125 0.3296296296296296 0.4114583333333333 0.3296296296296296
2 0.3614583333333333 0.22592592592592592 0.3796875 0.22592592592592592 0.3796875 0.2740740740740741 0.3614583333333333 0.2740740740740741
2 0.46458333333333335 0.25833333333333336 0.484375 0.25833333333333336 0.484375 0.33611111111111114 0.46458333333333335 0.33611111111111114
2 0.45364583333333336 0.18796296296296297 0.4671875 0.18796296296296297 0.4671875 0.25925925925925924 0.45364583333333336 0.25925925925925924
2 0.4713541666666667 0.1787037037037037 0.48385416666666664 0.1787037037037037 0.48385416666666664 0.24259259259259258 0.4713541666666667 0.24259259259259258
2 0.42604166666666665 0.19814814814814816 0.4395833333333333 0.19814814814814816 0.4395833333333333 0.25555555555555554 0.42604166666666665 0.25555555555555554
2 0.4171875 0.18888888888888888 0.4265625 0.18888888888888888 0.4265625 0.2361111111111111 0.4171875 0.2361111111111111
2 0.40677083333333336 0.17592592592592593 0.4161458333333333 0.17592592592592593 0.4161458333333333 0.21851851851851853 0.40677083333333336 0.21851851851851853
2 0.3885416666666667 0.1824074074074074 0.40260416666666665 0.1824074074074074 0.40260416666666665 0.24814814814814815 0.3885416666666667 0.24814814814814815
2 0.4630208333333333 0.1527777777777778 0.47552083333333334 0.1527777777777778 0.47552083333333334 0.19444444444444445 0.4630208333333333 0.19444444444444445
2 0.44375 0.15555555555555556 0.4510416666666667 0.15555555555555556 0.4510416666666667 0.19907407407407407 0.44375 0.19907407407407407
2 0.4359375 0.14444444444444443 0.4421875 0.14444444444444443 0.4421875 0.1814814814814815 0.4359375 0.1814814814814815
2 0.45625 0.12407407407407407 0.46458333333333335 0.12407407407407407 0.46458333333333335 0.16111111111111112 0.45625 0.16111111111111112
2 0.440625 0.11574074074074074 0.45260416666666664 0.11574074074074074 0.45260416666666664 0.15555555555555556 0.440625 0.15555555555555556
2 0.49895833333333334 0.10925925925925926 0.5104166666666666 0.10925925925925926 0.5104166666666666 0.15555555555555556 0.49895833333333334 0.15555555555555556
2 0.5901041666666667 0.11574074074074074 0.5989583333333334 0.11574074074074074 0.5989583333333334 0.15 0.5901041666666667 0.15
2 0.5864583333333333 0.15185185185185185 0.6015625 0.15185185185185185 0.6015625 0.2074074074074074 0.5864583333333333 0.2074074074074074
2 0.609375 0.18055555555555555 0.6208333333333333 0.18055555555555555 0.6208333333333333 0.24166666666666667 0.609375 0.24166666666666667
2 0.6171875 0.1527777777777778 0.6322916666666667 0.1527777777777778 0.6322916666666667 0.20092592592592592 0.6171875 0.20092592592592592