1 0.3984375 0.30185185185185187 0.4713541666666667 0.30185185185185187 0.4713541666666667 0.41944444444444445 0.3984375 0.41944444444444445
1 0.14791666666666667 0.3175925925925926 0.2713541666666667 0.3175925925925926 0.2713541666666667 0.49166666666666664 0.14791666666666667 0.49166666666666664
1 0.32083333333333336 0.17777777777777778 0.390625 0.17777777777777778 0.390625 0.24074074074074073 0.32083333333333336 0.24074074074074073
2 0.803125 0.6842592592592592 0.8734375 0.6842592592592592 0.8734375 0.8898148148148148 0.803125 0.8898148148148148
2 0.7411458333333333 0.3490740740740741 0.7854166666666667 0.3490740740740741 0.7854166666666667 0.44722222222222224 0.7411458333333333 0.44722222222222224
2 0.3020833333333333 0.3648148148148148 0.3359375 0.3648148148148148 0.3359375 0.4462962962962963 0.3020833333333333 0.4462962962962963
2 0.0984375 0.6425925925925926 0.1703125 0.6425925925925926 0.1703125 0.8638888888888889 0.0984375 0.8638888888888889
2 0.6859375 0.5194444444444445 0.734375 0.5194444444444445 0.734375 0.6796296296296296 0.6859375 0.6796296296296296
2 0.19375 0.4527777777777778 0.24739583333333334 0.4527777777777778 0.24739583333333334 0.5888888888888889 0.19375 0.5888888888888889
2 0.2828125 0.55 0.3463541666666667 0.55 0.3463541666666667 0.7 0.2828125 0.7
2 0.2859375 0.43148148148148147 0.3260416666666667 0.43148148148148147 0.3260416666666667 0.5407407407407407 0.2859375 0.5407407407407407
2 0.44583333333333336 0.10740740740740741 0.4583333333333333 0.10740740740740741 0.4583333333333333 0.14166666666666666 0.44583333333333336 0.14166666666666666
2 0.6536458333333334 0.2037037037037037 0.6755208333333333 0.2037037037037037 0.6755208333333333 0.2657407407407407 0.6536458333333334 0.2657407407407407
2 0.6140625 0.2074074074074074 0.6359375 0.2074074074074074 0.6359375 0.26296296296296295 0.6140625 0.26296296296296295
2 0.35052083333333334 0.4148148148148148 0.3958333333333333 0.4148148148148148 0.3958333333333333 0.5398148148148149 0.35052083333333334 0.5398148148148149
2 0.19375 0.9277777777777778 0.26666666666666666 0.9277777777777778 0.26666666666666666 1 0.19375 1
2 0.37864583333333335 0.2712962962962963 0.403125 0.2712962962962963 0.403125 0.34074074074074073 0.37864583333333335 0.34074074074074073
2 0.43020833333333336 0.23703703703703705 0.4515625 0.23703703703703705 0.4515625 0.30185185185185187 0.43020833333333336 0.30185185185185187
2 0.4515625 0.18611111111111112 0.47239583333333335 0.18611111111111112 0.47239583333333335 0.24074074074074073 0.4515625 0.24074074074074073
2 0.5 0.17314814814814813 0.5135416666666667 0.17314814814814813 0.5135416666666667 0.2351851851851852 0.5 0.2351851851851852
2 0.3963541666666667 0.2175925925925926 0.4166666666666667 0.2175925925925926 0.4166666666666667 0.2861111111111111 0.3963541666666667 0.2861111111111111