1 0.5989583333333334 0.6601851851851852 0.7869791666666667 0.6601851851851852 0.7869791666666667 0.9981481481481481 0.5989583333333334 0.9981481481481481
1 0.11979166666666667 0.36203703703703705 0.2484375 0.36203703703703705 0.2484375 0.5435185185185185 0.11979166666666667 0.5435185185185185
1 0.5338541666666666 0.2518518518518518 0.5796875 0.2518518518518518 0.5796875 0.32407407407407407 0.5338541666666666 0.32407407407407407
1 0.3796875 0.3314814814814815 0.44166666666666665 0.3314814814814815 0.44166666666666665 0.4324074074074074 0.3796875 0.4324074074074074
1 0.3140625 0.21481481481481482 0.37135416666666665 0.21481481481481482 0.37135416666666665 0.2796296296296296 0.3140625 0.2796296296296296
1 0.4515625 0.14814814814814814 0.48020833333333335 0.14814814814814814 0.48020833333333335 0.1925925925925926 0.4515625 0.1925925925925926
2 0.24739583333333334 0.44351851851851853 0.278125 0.44351851851851853 0.278125 0.5675925925925925 0.24739583333333334 0.5675925925925925
1 0.6395833333333333 0.17222222222222222 0.6807291666666667 0.17222222222222222 0.6807291666666667 0.20925925925925926 0.6395833333333333 0.20925925925925926
1 0.9125 0.2777777777777778 0.9770833333333333 0.2777777777777778 0.9770833333333333 0.35648148148148145 0.9125 0.35648148148148145
2 0.23177083333333334 0.40925925925925927 0.2578125 0.40925925925925927 0.2578125 0.5231481481481481 0.23177083333333334 0.5231481481481481
2 0.31666666666666665 0.3611111111111111 0.34791666666666665 0.3611111111111111 0.34791666666666665 0.4861111111111111 0.31666666666666665 0.4861111111111111
2 0.43072916666666666 0.37407407407407406 0.4661458333333333 0.37407407407407406 0.4661458333333333 0.5148148148148148 0.43072916666666666 0.5148148148148148
2 0.35104166666666664 0.2824074074074074 0.37083333333333335 0.2824074074074074 0.37083333333333335 0.3685185185185185 0.35104166666666664 0.3685185185185185
2 0.38958333333333334 0.287962962962963 0.4114583333333333 0.287962962962963 0.4114583333333333 0.35 0.38958333333333334 0.35
2 0.36875 0.20833333333333334 0.384375 0.20833333333333334 0.384375 0.2657407407407407 0.36875 0.2657407407407407
2 0.4088541666666667 0.21666666666666667 0.42239583333333336 0.21666666666666667 0.42239583333333336 0.27870370370370373 0.4088541666666667 0.27870370370370373
2 0.35 0.26296296296296295 0.365625 0.26296296296296295 0.365625 0.32037037037037036 0.35 0.32037037037037036
2 0.4375 0.23981481481481481 0.45677083333333335 0.23981481481481481 0.45677083333333335 0.3148148148148148 0.4375 0.3148148148148148
2 0.6302083333333334 0.37407407407407406 0.6604166666666667 0.37407407407407406 0.6604166666666667 0.48148148148148145 0.6302083333333334 0.48148148148148145
2 0.65625 0.3111111111111111 0.6791666666666667 0.3111111111111111 0.6791666666666667 0.4074074074074074 0.65625 0.4074074074074074
2 0.6395833333333333 0.25925925925925924 0.6546875 0.25925925925925924 0.6546875 0.3509259259259259 0.6395833333333333 0.3509259259259259
2 0.5916666666666667 0.21851851851851853 0.6083333333333333 0.21851851851851853 0.6083333333333333 0.2833333333333333 0.5916666666666667 0.2833333333333333
2 0.5984375 0.2074074074074074 0.6166666666666667 0.2074074074074074 0.6166666666666667 0.2537037037037037 0.5984375 0.2537037037037037
2 0.58125 0.19074074074074074 0.596875 0.19074074074074074 0.596875 0.24259259259259258 0.58125 0.24259259259259258
2 0.42916666666666664 0.22407407407407406 0.4427083333333333 0.22407407407407406 0.4427083333333333 0.287962962962963 0.42916666666666664 0.287962962962963
2 0.4734375 0.1962962962962963 0.484375 0.1962962962962963 0.484375 0.2537037037037037 0.4734375 0.2537037037037037
2 0.40677083333333336 0.19537037037037036 0.42291666666666666 0.19537037037037036 0.42291666666666666 0.23796296296296296 0.40677083333333336 0.23796296296296296
2 0.4270833333333333 0.18518518518518517 0.44166666666666665 0.18518518518518517 0.44166666666666665 0.23148148148148148 0.4270833333333333 0.23148148148148148
2 0.4479166666666667 0.20925925925925926 0.46510416666666665 0.20925925925925926 0.46510416666666665 0.25925925925925924 0.4479166666666667 0.25925925925925924
2 0.40625 0.1574074074074074 0.42239583333333336 0.1574074074074074 0.42239583333333336 0.20833333333333334 0.40625 0.20833333333333334