1 0.1453125 0.3296296296296296 0.2677083333333333 0.3296296296296296 0.2677083333333333 0.5074074074074074 0.1453125 0.5074074074074074
1 0.33125 0.17962962962962964 0.38958333333333334 0.17962962962962964 0.38958333333333334 0.24351851851851852 0.33125 0.24351851851851852
1 0.5416666666666666 0.11666666666666667 0.5755208333333334 0.11666666666666667 0.5755208333333334 0.1638888888888889 0.5416666666666666 0.1638888888888889
1 0.6557291666666667 0.13148148148148148 0.7067708333333333 0.13148148148148148 0.7067708333333333 0.18333333333333332 0.6557291666666667 0.18333333333333332
2 0.56875 0.18055555555555555 0.6026041666666667 0.18055555555555555 0.6026041666666667 0.24074074074074073 0.56875 0.24074074074074073
2 0.5494791666666666 0.17222222222222222 0.5734375 0.17222222222222222 0.5734375 0.22314814814814815 0.5494791666666666 0.22314814814814815
2 0.43697916666666664 0.19444444444444445 0.4510416666666667 0.19444444444444445 0.4510416666666667 0.2564814814814815 0.43697916666666664 0.2564814814814815
2 0.41510416666666666 0.18796296296296297 0.43125 0.18796296296296297 0.43125 0.24537037037037038 0.41510416666666666 0.24537037037037038
2 0.4239583333333333 0.26296296296296295 0.44635416666666666 0.26296296296296295 0.44635416666666666 0.3527777777777778 0.4239583333333333 0.3527777777777778
2 0.4015625 0.3314814814814815 0.4270833333333333 0.3314814814814815 0.4270833333333333 0.4444444444444444 0.4015625 0.4444444444444444
2 0.240625 0.4305555555555556 0.2734375 0.4305555555555556 0.2734375 0.5731481481481482 0.240625 0.5731481481481482
2 0.28072916666666664 0.4888888888888889 0.3203125 0.4888888888888889 0.3203125 0.6407407407407407 0.28072916666666664 0.6407407407407407
2 0.6776041666666667 0.32592592592592595 0.7010416666666667 0.32592592592592595 0.7010416666666667 0.4287037037037037 0.6776041666666667 0.4287037037037037
2 0.33541666666666664 0.29907407407407405 0.3567708333333333 0.29907407407407405 0.3567708333333333 0.3972222222222222 0.33541666666666664 0.3972222222222222
2 0.38958333333333334 0.27685185185185185 0.4046875 0.27685185185185185 0.4046875 0.35833333333333334 0.38958333333333334 0.35833333333333334
2 0.37447916666666664 0.24259259259259258 0.3927083333333333 0.24259259259259258 0.3927083333333333 0.31203703703703706 0.37447916666666664 0.31203703703703706
2 0.6640625 0.24166666666666667 0.6802083333333333 0.24166666666666667 0.6802083333333333 0.31203703703703706 0.6640625 0.31203703703703706
2 0.6348958333333333 0.18333333333333332 0.6489583333333333 0.18333333333333332 0.6489583333333333 0.23981481481481481 0.6348958333333333 0.23981481481481481
2 0.5828125 0.11388888888888889 0.5927083333333333 0.11388888888888889 0.5927083333333333 0.1527777777777778 0.5828125 0.1527777777777778
2 0.459375 0.17037037037037037 0.471875 0.17037037037037037 0.471875 0.21574074074074073 0.459375 0.21574074074074073
2 0.48125 0.17222222222222222 0.49635416666666665 0.17222222222222222 0.49635416666666665 0.2222222222222222 0.48125 0.2222222222222222
2 0.48489583333333336 0.1388888888888889 0.4953125 0.1388888888888889 0.4953125 0.1712962962962963 0.48489583333333336 0.1712962962962963
2 0.40572916666666664 0.14537037037037037 0.415625 0.14537037037037037 0.415625 0.18611111111111112 0.40572916666666664 0.18611111111111112
2 0.4197916666666667 0.14537037037037037 0.42916666666666664 0.14537037037037037 0.42916666666666664 0.18518518518518517 0.4197916666666667 0.18518518518518517
2 0.4270833333333333 0.15092592592592594 0.4401041666666667 0.15092592592592594 0.4401041666666667 0.1925925925925926 0.4270833333333333 0.1925925925925926
2 0.4401041666666667 0.13055555555555556 0.4453125 0.13055555555555556 0.4453125 0.17222222222222222 0.4401041666666667 0.17222222222222222
2 0.45 0.13518518518518519 0.4609375 0.13518518518518519 0.4609375 0.17685185185185184 0.45 0.17685185185185184
2 0.47552083333333334 0.11944444444444445 0.4859375 0.11944444444444445 0.4859375 0.1527777777777778 0.47552083333333334 0.1527777777777778
2 0.4609375 0.1259259259259259 0.46979166666666666 0.1259259259259259 0.46979166666666666 0.15555555555555556 0.4609375 0.15555555555555556
2 0.44635416666666666 0.11481481481481481 0.453125 0.11481481481481481 0.453125 0.1361111111111111 0.44635416666666666 0.1361111111111111