1 0.14375 0.30925925925925923 0.26979166666666665 0.30925925925925923 0.26979166666666665 0.49722222222222223 0.14375 0.49722222222222223
1 0.31666666666666665 0.17962962962962964 0.3802083333333333 0.17962962962962964 0.3802083333333333 0.2462962962962963 0.31666666666666665 0.2462962962962963
2 0.5291666666666667 0.17685185185185184 0.5651041666666666 0.17685185185185184 0.5651041666666666 0.22962962962962963 0.5291666666666667 0.22962962962962963
2 0.4453125 0.22870370370370371 0.46979166666666666 0.22870370370370371 0.46979166666666666 0.30462962962962964 0.4453125 0.30462962962962964
2 0.7494791666666667 0.3990740740740741 0.7958333333333333 0.3990740740740741 0.7958333333333333 0.5194444444444445 0.7494791666666667 0.5194444444444445
2 0.3729166666666667 0.2537037037037037 0.4010416666666667 0.2537037037037037 0.4010416666666667 0.33796296296296297 0.3729166666666667 0.33796296296296297
2 0.34375 0.4564814814814815 0.3921875 0.4564814814814815 0.3921875 0.6157407407407407 0.34375 0.6157407407407407
2 0.6322916666666667 0.25555555555555554 0.65625 0.25555555555555554 0.65625 0.33796296296296297 0.6322916666666667 0.33796296296296297
2 0.4203125 0.4777777777777778 0.4630208333333333 0.4777777777777778 0.4630208333333333 0.6453703703703704 0.4203125 0.6453703703703704
2 0.48125 0.1425925925925926 0.496875 0.1425925925925926 0.496875 0.1935185185185185 0.48125 0.1935185185185185
2 0.428125 0.14444444444444443 0.4432291666666667 0.14444444444444443 0.4432291666666667 0.18888888888888888 0.428125 0.18888888888888888
2 0.40260416666666665 0.2861111111111111 0.4375 0.2861111111111111 0.4375 0.38981481481481484 0.40260416666666665 0.38981481481481484
2 0.6296875 0.19814814814814816 0.6505208333333333 0.19814814814814816 0.6505208333333333 0.25277777777777777 0.6296875 0.25277777777777777
2 0.5864583333333333 0.1361111111111111 0.6046875 0.1361111111111111 0.6046875 0.18703703703703703 0.5864583333333333 0.18703703703703703
2 0.4552083333333333 0.1398148148148148 0.46979166666666666 0.1398148148148148 0.46979166666666666 0.17407407407407408 0.4552083333333333 0.17407407407407408
2 0.5755208333333334 0.175 0.5921875 0.175 0.5921875 0.2175925925925926 0.5755208333333334 0.2175925925925926
2 0.6630208333333333 0.2537037037037037 0.684375 0.2537037037037037 0.684375 0.33611111111111114 0.6630208333333333 0.33611111111111114
2 0.4010416666666667 0.1574074074074074 0.41354166666666664 0.1574074074074074 0.41354166666666664 0.21666666666666667 0.4010416666666667 0.21666666666666667
2 0.4203125 0.2222222222222222 0.43697916666666664 0.2222222222222222 0.43697916666666664 0.30185185185185187 0.4203125 0.30185185185185187
2 0.39375 0.21666666666666667 0.4119791666666667 0.21666666666666667 0.4119791666666667 0.2814814814814815 0.39375 0.2814814814814815