1 0.49947916666666664 0 0.5989583333333334 0 0.5989583333333334 0.09444444444444444 0.49947916666666664 0.09444444444444444
1 0.5973958333333333 0.37222222222222223 0.6473958333333333 0.37222222222222223 0.6473958333333333 0.46944444444444444 0.5973958333333333 0.46944444444444444
1 0.6463541666666667 0.18611111111111112 0.6822916666666666 0.18611111111111112 0.6822916666666666 0.3055555555555556 0.6463541666666667 0.3055555555555556
2 0.38177083333333334 0 0.4765625 0 0.4765625 0.06111111111111111 0.38177083333333334 0.06111111111111111
2 0.246875 0.09537037037037037 0.36875 0.09537037037037037 0.36875 0.22314814814814815 0.246875 0.22314814814814815
2 0.5713541666666667 0.7796296296296297 0.6140625 0.7796296296296297 0.6140625 0.837037037037037 0.5713541666666667 0.837037037037037
2 0.55625 0.8638888888888889 0.6088541666666667 0.8638888888888889 0.6088541666666667 0.9231481481481482 0.55625 0.9231481481481482
2 0.4473958333333333 0.25277777777777777 0.5265625 0.25277777777777777 0.5265625 0.3388888888888889 0.4473958333333333 0.3388888888888889
2 0.48541666666666666 0.08333333333333333 0.5598958333333334 0.08333333333333333 0.5598958333333334 0.16018518518518518 0.48541666666666666 0.16018518518518518
2 0.6213541666666667 0.7611111111111111 0.6625 0.7611111111111111 0.6625 0.8083333333333333 0.6213541666666667 0.8083333333333333
2 0.5817708333333333 0.32407407407407407 0.6276041666666666 0.32407407407407407 0.6276041666666666 0.37222222222222223 0.5817708333333333 0.37222222222222223
2 0.653125 0.4935185185185185 0.6848958333333334 0.4935185185185185 0.6848958333333334 0.5277777777777778 0.653125 0.5277777777777778
2 0.5411458333333333 0.21574074074074073 0.5958333333333333 0.21574074074074073 0.5958333333333333 0.26944444444444443 0.5411458333333333 0.26944444444444443
2 0.6364583333333333 0.35648148148148145 0.6661458333333333 0.35648148148148145 0.6661458333333333 0.3925925925925926 0.6364583333333333 0.3925925925925926
2 0.6796875 0.46111111111111114 0.7015625 0.46111111111111114 0.7015625 0.48518518518518516 0.6796875 0.48518518518518516
2 0.5885416666666666 0.25 0.6265625 0.25 0.6265625 0.2972222222222222 0.5885416666666666 0.2972222222222222
2 0.6765625 0.3527777777777778 0.6973958333333333 0.3527777777777778 0.6973958333333333 0.3787037037037037 0.6765625 0.3787037037037037
2 0.6588541666666666 0.3685185185185185 0.6822916666666666 0.3685185185185185 0.6822916666666666 0.3990740740740741 0.6588541666666666 0.3990740740740741
2 0.625 0.7138888888888889 0.6666666666666666 0.7138888888888889 0.6666666666666666 0.7620370370370371 0.625 0.7620370370370371
2 0.6520833333333333 0.41388888888888886 0.6755208333333333 0.41388888888888886 0.6755208333333333 0.4444444444444444 0.6520833333333333 0.4444444444444444
2 0.6708333333333333 0.42685185185185187 0.6932291666666667 0.42685185185185187 0.6932291666666667 0.4546296296296296 0.6708333333333333 0.4546296296296296
2 0.6963541666666667 0.6324074074074074 0.715625 0.6324074074074074 0.715625 0.6611111111111111 0.6963541666666667 0.6611111111111111
2 0.6859375 0.6888888888888889 0.7083333333333334 0.6888888888888889 0.7083333333333334 0.7166666666666667 0.6859375 0.7166666666666667
2 0.5411458333333333 0.2824074074074074 0.5880208333333333 0.2824074074074074 0.5880208333333333 0.337037037037037 0.5411458333333333 0.337037037037037