1 0.6411458333333333 0.17777777777777778 0.6791666666666667 0.17777777777777778 0.6791666666666667 0.27870370370370373 0.6411458333333333 0.27870370370370373
1 0.509375 0 0.6083333333333333 0 0.6083333333333333 0.09259259259259259 0.509375 0.09259259259259259
2 0.6541666666666667 0.5675925925925925 0.6848958333333334 0.5675925925925925 0.6848958333333334 0.6333333333333333 0.6541666666666667 0.6333333333333333
2 0.5135416666666667 0.9120370370370371 0.5760416666666667 0.9120370370370371 0.5760416666666667 0.9916666666666667 0.5135416666666667 0.9916666666666667
2 0.5932291666666667 0.4 0.6401041666666667 0.4 0.6401041666666667 0.4462962962962963 0.5932291666666667 0.4462962962962963
2 0.6473958333333333 0.4027777777777778 0.6765625 0.4027777777777778 0.6765625 0.4351851851851852 0.6473958333333333 0.4351851851851852
2 0.34010416666666665 0.15462962962962962 0.4609375 0.15462962962962962 0.4609375 0.2490740740740741 0.34010416666666665 0.2490740740740741
2 0.6744791666666666 0.6268518518518519 0.7005208333333334 0.6268518518518519 0.7005208333333334 0.6564814814814814 0.6744791666666666 0.6564814814814814
2 0.6510416666666666 0.31296296296296294 0.6791666666666667 0.31296296296296294 0.6791666666666667 0.3453703703703704 0.6510416666666666 0.3453703703703704
2 0.6067708333333334 0.7185185185185186 0.6489583333333333 0.7185185185185186 0.6489583333333333 0.7638888888888888 0.6067708333333334 0.7638888888888888
2 0.6682291666666667 0.36944444444444446 0.69375 0.36944444444444446 0.69375 0.39444444444444443 0.6682291666666667 0.39444444444444443
2 0.5776041666666667 0.25462962962962965 0.6265625 0.25462962962962965 0.6265625 0.31203703703703706 0.5776041666666667 0.31203703703703706
2 0.31614583333333335 0.30277777777777776 0.4171875 0.30277777777777776 0.4171875 0.39351851851851855 0.31614583333333335 0.39351851851851855
2 0.59375 0.34629629629629627 0.6364583333333333 0.34629629629629627 0.6364583333333333 0.38796296296296295 0.59375 0.38796296296296295
2 0.66875 0.4601851851851852 0.6953125 0.4601851851851852 0.6953125 0.4888888888888889 0.66875 0.4888888888888889
2 0.60625 0.775 0.6458333333333334 0.775 0.6458333333333334 0.8166666666666667 0.60625 0.8166666666666667
2 0.5296875 0.30925925925925923 0.5989583333333334 0.30925925925925923 0.5989583333333334 0.37037037037037035 0.5296875 0.37037037037037035
2 0.684375 0.6555555555555556 0.7088541666666667 0.6555555555555556 0.7088541666666667 0.6833333333333333 0.684375 0.6833333333333333
2 0.6119791666666666 0.287962962962963 0.6484375 0.287962962962963 0.6484375 0.3287037037037037 0.6119791666666666 0.3287037037037037
2 0.6536458333333334 0.7203703703703703 0.6854166666666667 0.7203703703703703 0.6854166666666667 0.7490740740740741 0.6536458333333334 0.7490740740740741
2 0.671875 0.75 0.7052083333333333 0.75 0.7052083333333333 0.7814814814814814 0.671875 0.7814814814814814