1 0.134375 0.3472222222222222 0.2578125 0.3472222222222222 0.2578125 0.5231481481481481 0.134375 0.5231481481481481
1 0.5520833333333334 0.25 0.609375 0.25 0.609375 0.34074074074074073 0.5520833333333334 0.34074074074074073
1 0.3223958333333333 0.1962962962962963 0.3807291666666667 0.1962962962962963 0.3807291666666667 0.25833333333333336 0.3223958333333333 0.25833333333333336
1 0.43802083333333336 0.19722222222222222 0.475 0.19722222222222222 0.475 0.26851851851851855 0.43802083333333336 0.26851851851851855
1 0.5291666666666667 0.15555555555555556 0.5588541666666667 0.15555555555555556 0.5588541666666667 0.20185185185185187 0.5291666666666667 0.20185185185185187
1 0.65 0.15 0.6958333333333333 0.15 0.6958333333333333 0.19444444444444445 0.65 0.19444444444444445
2 0.2171875 0.5138888888888888 0.2557291666666667 0.5138888888888888 0.2557291666666667 0.6092592592592593 0.2171875 0.6092592592592593
2 0.0921875 0.65 0.14479166666666668 0.65 0.14479166666666668 0.8861111111111111 0.0921875 0.8861111111111111
2 0.9229166666666667 0.7361111111111112 1 0.7361111111111112 1 0.9629629629629629 0.9229166666666667 0.9629629629629629
2 0.2890625 0.5537037037037037 0.33541666666666664 0.5537037037037037 0.33541666666666664 0.6648148148148149 0.2890625 0.6648148148148149
2 0.6723958333333333 0.37777777777777777 0.6989583333333333 0.37777777777777777 0.6989583333333333 0.49166666666666664 0.6723958333333333 0.49166666666666664
2 0.39010416666666664 0.5722222222222222 0.44583333333333336 0.5722222222222222 0.44583333333333336 0.7620370370370371 0.39010416666666664 0.7620370370370371
2 0.35572916666666665 0.5296296296296297 0.38958333333333334 0.5296296296296297 0.38958333333333334 0.6953703703703704 0.35572916666666665 0.6953703703703704
2 0.17864583333333334 0.6518518518518519 0.24166666666666667 0.6518518518518519 0.24166666666666667 0.8416666666666667 0.17864583333333334 0.8416666666666667
2 0.27708333333333335 0.4351851851851852 0.30572916666666666 0.4351851851851852 0.30572916666666666 0.5425925925925926 0.27708333333333335 0.5425925925925926
2 0.3260416666666667 0.3925925925925926 0.3515625 0.3925925925925926 0.3515625 0.5064814814814815 0.3260416666666667 0.5064814814814815
2 0.309375 0.3472222222222222 0.33541666666666664 0.3472222222222222 0.33541666666666664 0.44074074074074077 0.309375 0.44074074074074077
2 0.30885416666666665 0.3138888888888889 0.3229166666666667 0.3138888888888889 0.3229166666666667 0.4101851851851852 0.30885416666666665 0.4101851851851852
2 0.35625 0.3398148148148148 0.3765625 0.3398148148148148 0.3765625 0.4305555555555556 0.35625 0.4305555555555556
2 0.36666666666666664 0.30925925925925923 0.38958333333333334 0.30925925925925923 0.38958333333333334 0.37777777777777777 0.36666666666666664 0.37777777777777777
2 0.4083333333333333 0.2935185185185185 0.4359375 0.2935185185185185 0.4359375 0.3768518518518518 0.4083333333333333 0.3768518518518518
2 0.38645833333333335 0.1962962962962963 0.40208333333333335 0.1962962962962963 0.40208333333333335 0.25277777777777777 0.38645833333333335 0.25277777777777777
2 0.3859375 0.2388888888888889 0.4041666666666667 0.2388888888888889 0.4041666666666667 0.29074074074074074 0.3859375 0.29074074074074074
2 0.409375 0.2222222222222222 0.425 0.2222222222222222 0.425 0.2675925925925926 0.409375 0.2675925925925926
2 0.41354166666666664 0.15833333333333333 0.4239583333333333 0.15833333333333333 0.4239583333333333 0.2074074074074074 0.41354166666666664 0.2074074074074074
2 0.4244791666666667 0.175 0.43697916666666664 0.175 0.43697916666666664 0.2212962962962963 0.4244791666666667 0.2212962962962963
2 0.43385416666666665 0.14722222222222223 0.44427083333333334 0.14722222222222223 0.44427083333333334 0.18796296296296297 0.43385416666666665 0.18796296296296297
2 0.4479166666666667 0.14444444444444443 0.45729166666666665 0.14444444444444443 0.45729166666666665 0.18425925925925926 0.4479166666666667 0.18425925925925926
2 0.46458333333333335 0.14166666666666666 0.46979166666666666 0.14166666666666666 0.46979166666666666 0.18055555555555555 0.46458333333333335 0.18055555555555555
2 0.5760416666666667 0.17777777777777778 0.5890625 0.17777777777777778 0.5890625 0.21666666666666667 0.5760416666666667 0.21666666666666667
2 0.596875 0.1648148148148148 0.6057291666666667 0.1648148148148148 0.6057291666666667 0.2175925925925926 0.596875 0.2175925925925926
2 0.5885416666666666 0.15462962962962962 0.5963541666666666 0.15462962962962962 0.5963541666666666 0.18611111111111112 0.5885416666666666 0.18611111111111112
2 0.5604166666666667 0.14351851851851852 0.5713541666666667 0.14351851851851852 0.5713541666666667 0.1787037037037037 0.5604166666666667 0.1787037037037037
2 0.5723958333333333 0.1425925925925926 0.5802083333333333 0.1425925925925926 0.5802083333333333 0.16203703703703703 0.5723958333333333 0.16203703703703703
2 0.5885416666666666 0.1388888888888889 0.5953125 0.1388888888888889 0.5953125 0.1537037037037037 0.5885416666666666 0.1537037037037037