1 0.14270833333333333 0.32222222222222224 0.2765625 0.32222222222222224 0.2765625 0.4981481481481482 0.14270833333333333 0.4981481481481482
1 0.32708333333333334 0.17407407407407408 0.39375 0.17407407407407408 0.39375 0.23333333333333334 0.32708333333333334 0.23333333333333334
2 0.2677083333333333 0.3824074074074074 0.32083333333333336 0.3824074074074074 0.32083333333333336 0.5120370370370371 0.2677083333333333 0.5120370370370371
2 0.209375 0.6259259259259259 0.278125 0.6259259259259259 0.278125 0.8222222222222222 0.209375 0.8222222222222222
2 0.5385416666666667 0.09444444444444444 0.5510416666666667 0.09444444444444444 0.5510416666666667 0.12314814814814815 0.5385416666666667 0.12314814814814815
2 0.40729166666666666 0.19166666666666668 0.4276041666666667 0.19166666666666668 0.4276041666666667 0.24722222222222223 0.40729166666666666 0.24722222222222223
2 0.45416666666666666 0.15925925925925927 0.4713541666666667 0.15925925925925927 0.4713541666666667 0.2037037037037037 0.45416666666666666 0.2037037037037037
2 0.5854166666666667 0.19074074074074074 0.60625 0.19074074074074074 0.60625 0.25 0.5854166666666667 0.25
2 0.41875 0.25277777777777777 0.4473958333333333 0.25277777777777777 0.4473958333333333 0.32685185185185184 0.41875 0.32685185185185184
2 0.6567708333333333 0.2953703703703704 0.6869791666666667 0.2953703703703704 0.6869791666666667 0.38333333333333336 0.6567708333333333 0.38333333333333336
2 0.43645833333333334 0.18981481481481483 0.4546875 0.18981481481481483 0.4546875 0.24074074074074073 0.43645833333333334 0.24074074074074073
2 0.9 0.6564814814814814 0.9776041666666667 0.6564814814814814 0.9776041666666667 0.8601851851851852 0.9 0.8601851851851852
2 0.5526041666666667 0.16296296296296298 0.5755208333333334 0.16296296296296298 0.5755208333333334 0.21851851851851853 0.5526041666666667 0.21851851851851853
2 0.34739583333333335 0.39814814814814814 0.38645833333333335 0.39814814814814814 0.38645833333333335 0.5120370370370371 0.34739583333333335 0.5120370370370371
2 0.6036458333333333 0.2574074074074074 0.6260416666666667 0.2574074074074074 0.6260416666666667 0.32222222222222224 0.6036458333333333 0.32222222222222224
2 0.6604166666666667 0.18518518518518517 0.6776041666666667 0.18518518518518517 0.6776041666666667 0.22870370370370371 0.6604166666666667 0.22870370370370371
2 0.4588541666666667 0.22962962962962963 0.484375 0.22962962962962963 0.484375 0.3055555555555556 0.4588541666666667 0.3055555555555556
2 0.6109375 0.20833333333333334 0.6338541666666667 0.20833333333333334 0.6338541666666667 0.26851851851851855 0.6109375 0.26851851851851855
2 0.48489583333333336 0.13240740740740742 0.4984375 0.13240740740740742 0.4984375 0.17037037037037037 0.48489583333333336 0.17037037037037037
2 0.3609375 0.47314814814814815 0.4015625 0.47314814814814815 0.4015625 0.6472222222222223 0.3609375 0.6472222222222223
2 0.7328125 0.3925925925925926 0.7770833333333333 0.3925925925925926 0.7770833333333333 0.5018518518518519 0.7328125 0.5018518518518519
2 0.621875 0.16111111111111112 0.6421875 0.16111111111111112 0.6421875 0.20555555555555555 0.621875 0.20555555555555555
2 0.5880208333333333 0.10185185185185185 0.6020833333333333 0.10185185185185185 0.6020833333333333 0.13240740740740742 0.5880208333333333 0.13240740740740742
2 0.6979166666666666 0.44074074074074077 0.7463541666666667 0.44074074074074077 0.7463541666666667 0.5824074074074074 0.6979166666666666 0.5824074074074074