1 0.14583333333333334 0.3287037037037037 0.26875 0.3287037037037037 0.26875 0.5074074074074074 0.14583333333333334 0.5074074074074074
1 0.33177083333333335 0.17962962962962964 0.39010416666666664 0.17962962962962964 0.39010416666666664 0.24166666666666667 0.33177083333333335 0.24166666666666667
1 0.5427083333333333 0.10833333333333334 0.5708333333333333 0.10833333333333334 0.5708333333333333 0.1537037037037037 0.5427083333333333 0.1537037037037037
1 0.4765625 0.10185185185185185 0.5015625 0.10185185185185185 0.5015625 0.13703703703703704 0.4765625 0.13703703703703704
2 0.1375 0.5768518518518518 0.19791666666666666 0.5768518518518518 0.19791666666666666 0.7814814814814814 0.1375 0.7814814814814814
2 0.09947916666666666 0.8574074074074074 0.17604166666666668 0.8574074074074074 0.17604166666666668 1 0.09947916666666666 1
2 0.3380208333333333 0.4842592592592593 0.37447916666666664 0.4842592592592593 0.37447916666666664 0.6638888888888889 0.3380208333333333 0.6638888888888889
2 0.2838541666666667 0.38425925925925924 0.30416666666666664 0.38425925925925924 0.30416666666666664 0.5268518518518519 0.2838541666666667 0.5268518518518519
2 0.3546875 0.35648148148148145 0.37604166666666666 0.35648148148148145 0.37604166666666666 0.462037037037037 0.3546875 0.462037037037037
2 0.34322916666666664 0.29074074074074074 0.36354166666666665 0.29074074074074074 0.36354166666666665 0.38055555555555554 0.34322916666666664 0.38055555555555554
2 0.403125 0.3416666666666667 0.428125 0.3416666666666667 0.428125 0.4564814814814815 0.403125 0.4564814814814815
2 0.39895833333333336 0.20925925925925926 0.42239583333333336 0.20925925925925926 0.42239583333333336 0.28888888888888886 0.39895833333333336 0.28888888888888886
2 0.415625 0.23981481481481481 0.42916666666666664 0.23981481481481481 0.42916666666666664 0.3074074074074074 0.415625 0.3074074074074074
2 0.43385416666666665 0.2074074074074074 0.4453125 0.2074074074074074 0.4453125 0.26944444444444443 0.43385416666666665 0.26944444444444443
2 0.4515625 0.2 0.46875 0.2 0.46875 0.2657407407407407 0.4515625 0.2657407407407407
2 0.4703125 0.21574074074074073 0.48385416666666664 0.21574074074074073 0.48385416666666664 0.27314814814814814 0.4703125 0.27314814814814814
2 0.4864583333333333 0.16018518518518518 0.49270833333333336 0.16018518518518518 0.49270833333333336 0.2222222222222222 0.4864583333333333 0.2222222222222222
2 0.5713541666666667 0.1648148148148148 0.5875 0.1648148148148148 0.5875 0.23148148148148148 0.5713541666666667 0.23148148148148148
2 0.596875 0.1712962962962963 0.6119791666666666 0.1712962962962963 0.6119791666666666 0.22592592592592592 0.596875 0.22592592592592592
2 0.6182291666666667 0.15462962962962962 0.6302083333333334 0.15462962962962962 0.6302083333333334 0.2101851851851852 0.6182291666666667 0.2101851851851852
2 0.65 0.2064814814814815 0.6666666666666666 0.2064814814814815 0.6666666666666666 0.2722222222222222 0.65 0.2722222222222222
2 0.6463541666666667 0.25555555555555554 0.6677083333333333 0.25555555555555554 0.6677083333333333 0.3398148148148148 0.6463541666666667 0.3398148148148148
1 0.65 0.13055555555555556 0.7026041666666667 0.13055555555555556 0.7026041666666667 0.17407407407407408 0.65 0.17407407407407408
2 0.4078125 0.1648148148148148 0.41770833333333335 0.1648148148148148 0.41770833333333335 0.2037037037037037 0.4078125 0.2037037037037037
2 0.44947916666666665 0.16944444444444445 0.45625 0.16944444444444445 0.45625 0.2212962962962963 0.44947916666666665 0.2212962962962963
2 0.4354166666666667 0.14629629629629629 0.4432291666666667 0.14629629629629629 0.4432291666666667 0.18981481481481483 0.4354166666666667 0.18981481481481483
2 0.44635416666666666 0.16018518518518518 0.4510416666666667 0.16018518518518518 0.4510416666666667 0.1962962962962963 0.44635416666666666 0.1962962962962963
2 0.4510416666666667 0.14629629629629629 0.46041666666666664 0.14629629629629629 0.46041666666666664 0.18333333333333332 0.4510416666666667 0.18333333333333332
2 0.4625 0.13518518518518519 0.46979166666666666 0.13518518518518519 0.46979166666666666 0.1814814814814815 0.4625 0.1814814814814815
2 0.47708333333333336 0.13703703703703704 0.4875 0.13703703703703704 0.4875 0.1787037037037037 0.47708333333333336 0.1787037037037037
2 0.46458333333333335 0.1175925925925926 0.475 0.1175925925925926 0.475 0.14907407407407408 0.46458333333333335 0.14907407407407408
2 0.44479166666666664 0.1287037037037037 0.45416666666666666 0.1287037037037037 0.45416666666666666 0.15648148148148147 0.44479166666666664 0.15648148148148147