1 0.14791666666666667 0.3175925925925926 0.2708333333333333 0.3175925925925926 0.2708333333333333 0.49074074074074076 0.14791666666666667 0.49074074074074076
1 0.4088541666666667 0.2833333333333333 0.4744791666666667 0.2833333333333333 0.4744791666666667 0.3907407407407407 0.4088541666666667 0.3907407407407407
1 0.3223958333333333 0.17685185185185184 0.38958333333333334 0.17685185185185184 0.38958333333333334 0.23981481481481481 0.3223958333333333 0.23981481481481481
2 0 0.8638888888888889 0.09114583333333333 0.8638888888888889 0.09114583333333333 1 0 1
2 0.8619791666666666 0.862037037037037 0.9479166666666666 0.862037037037037 0.9479166666666666 0.9962962962962963 0.8619791666666666 0.9962962962962963
2 0.2578125 0.7314814814814815 0.3302083333333333 0.7314814814814815 0.3302083333333333 0.9944444444444445 0.2578125 0.9944444444444445
2 0.15885416666666666 0.5611111111111111 0.21614583333333334 0.5611111111111111 0.21614583333333334 0.737037037037037 0.15885416666666666 0.737037037037037
2 0.32083333333333336 0.3425925925925926 0.35104166666666664 0.3425925925925926 0.35104166666666664 0.4203703703703704 0.32083333333333336 0.4203703703703704
2 0.6104166666666667 0.175 0.63125 0.175 0.63125 0.23425925925925925 0.6104166666666667 0.23425925925925925
2 0.7682291666666666 0.38425925925925924 0.8125 0.38425925925925924 0.8125 0.49722222222222223 0.7682291666666666 0.49722222222222223
2 0.37083333333333335 0.3611111111111111 0.40677083333333336 0.3611111111111111 0.40677083333333336 0.46574074074074073 0.37083333333333335 0.46574074074074073
2 0.31875 0.4722222222222222 0.36875 0.4722222222222222 0.36875 0.6231481481481481 0.31875 0.6231481481481481
2 0.22083333333333333 0.42685185185185187 0.2682291666666667 0.42685185185185187 0.2682291666666667 0.5472222222222223 0.22083333333333333 0.5472222222222223
2 0.4979166666666667 0.17407407407407408 0.5192708333333333 0.17407407407407408 0.5192708333333333 0.23703703703703705 0.4979166666666667 0.23703703703703705
2 0.6645833333333333 0.22314814814814815 0.6869791666666667 0.22314814814814815 0.6869791666666667 0.2916666666666667 0.6645833333333333 0.2916666666666667
2 0.30625 0.4027777777777778 0.3385416666666667 0.4027777777777778 0.3385416666666667 0.47314814814814815 0.30625 0.47314814814814815
2 0.43697916666666664 0.21944444444444444 0.45729166666666665 0.21944444444444444 0.45729166666666665 0.2759259259259259 0.43697916666666664 0.2759259259259259
2 0.45364583333333336 0.17407407407407408 0.471875 0.17407407407407408 0.471875 0.22407407407407406 0.45364583333333336 0.22407407407407406
2 0.39114583333333336 0.2462962962962963 0.41458333333333336 0.2462962962962963 0.41458333333333336 0.3111111111111111 0.39114583333333336 0.3111111111111111
2 0.6276041666666666 0.21574074074074073 0.6526041666666667 0.21574074074074073 0.6526041666666667 0.28425925925925927 0.6276041666666666 0.28425925925925927
2 0.47604166666666664 0.1537037037037037 0.49114583333333334 0.1537037037037037 0.49114583333333334 0.20185185185185187 0.47604166666666664 0.20185185185185187
2 0.4276041666666667 0.18703703703703703 0.44427083333333334 0.18703703703703703 0.44427083333333334 0.2324074074074074 0.4276041666666667 0.2324074074074074
2 0.44635416666666666 0.10462962962962963 0.4588541666666667 0.10462962962962963 0.4588541666666667 0.1361111111111111 0.44635416666666666 0.1361111111111111