1 0.3328125 0.462037037037037 0.43385416666666665 0.462037037037037 0.43385416666666665 0.65 0.3328125 0.65
1 0.12604166666666666 0.3537037037037037 0.2552083333333333 0.3537037037037037 0.2552083333333333 0.5314814814814814 0.12604166666666666 0.5314814814814814
1 0.5640625 0.4 0.659375 0.4 0.659375 0.5518518518518518 0.5640625 0.5518518518518518
1 0.5302083333333333 0.20462962962962963 0.5692708333333333 0.20462962962962963 0.5692708333333333 0.2638888888888889 0.5302083333333333 0.2638888888888889
1 0.3182291666666667 0.20833333333333334 0.36354166666666665 0.20833333333333334 0.36354166666666665 0.2712962962962963 0.3182291666666667 0.2712962962962963
1 0.4484375 0.16944444444444445 0.4791666666666667 0.16944444444444445 0.4791666666666667 0.21666666666666667 0.4484375 0.21666666666666667
1 0.6375 0.16111111111111112 0.6880208333333333 0.16111111111111112 0.6880208333333333 0.20462962962962963 0.6375 0.20462962962962963
2 0.04895833333333333 0.6324074074074074 0.10208333333333333 0.6324074074074074 0.10208333333333333 0.8481481481481481 0.04895833333333333 0.8481481481481481
2 0.10260416666666666 0.6509259259259259 0.15625 0.6509259259259259 0.15625 0.8777777777777778 0.10260416666666666 0.8777777777777778
2 0.22135416666666666 0.5361111111111111 0.2708333333333333 0.5361111111111111 0.2708333333333333 0.6805555555555556 0.22135416666666666 0.6805555555555556
2 0.39479166666666665 0.5953703703703703 0.4453125 0.5953703703703703 0.4453125 0.8138888888888889 0.39479166666666665 0.8138888888888889
2 0.2911458333333333 0.35555555555555557 0.31875 0.35555555555555557 0.31875 0.46574074074074073 0.2911458333333333 0.46574074074074073
2 0.321875 0.39537037037037037 0.3416666666666667 0.39537037037037037 0.3416666666666667 0.5064814814814815 0.321875 0.5064814814814815
2 0.4557291666666667 0.2740740740740741 0.478125 0.2740740740740741 0.478125 0.36574074074074076 0.4557291666666667 0.36574074074074076
2 0.4244791666666667 0.2972222222222222 0.4484375 0.2972222222222222 0.4484375 0.3972222222222222 0.4244791666666667 0.3972222222222222
2 0.39947916666666666 0.2759259259259259 0.421875 0.2759259259259259 0.421875 0.36574074074074076 0.39947916666666666 0.36574074074074076
2 0.37135416666666665 0.26666666666666666 0.3953125 0.26666666666666666 0.3953125 0.3527777777777778 0.37135416666666665 0.3527777777777778
2 0.35885416666666664 0.2462962962962963 0.37552083333333336 0.2462962962962963 0.37552083333333336 0.325 0.35885416666666664 0.325
2 0.35052083333333334 0.23981481481481481 0.36354166666666665 0.23981481481481481 0.36354166666666665 0.29259259259259257 0.35052083333333334 0.29259259259259257
2 0.3390625 0.3074074074074074 0.35989583333333336 0.3074074074074074 0.35989583333333336 0.362962962962963 0.3390625 0.362962962962963
2 0.35260416666666666 0.3287037037037037 0.37604166666666666 0.3287037037037037 0.37604166666666666 0.4361111111111111 0.35260416666666666 0.4361111111111111
2 0.3109375 0.31666666666666665 0.3375 0.31666666666666665 0.3375 0.4027777777777778 0.3109375 0.4027777777777778
2 0.42291666666666666 0.21388888888888888 0.4421875 0.21388888888888888 0.4421875 0.27870370370370373 0.42291666666666666 0.27870370370370373
2 0.3958333333333333 0.21481481481481482 0.41510416666666666 0.21481481481481482 0.41510416666666666 0.26944444444444443 0.3958333333333333 0.26944444444444443
2 0.4005208333333333 0.24351851851851852 0.41770833333333335 0.24351851851851852 0.41770833333333335 0.2953703703703704 0.4005208333333333 0.2953703703703704
2 0.5953125 0.24814814814814815 0.6145833333333334 0.24814814814814815 0.6145833333333334 0.3277777777777778 0.5953125 0.3277777777777778
2 0.6223958333333334 0.2222222222222222 0.6421875 0.2222222222222222 0.6421875 0.30092592592592593 0.6223958333333334 0.30092592592592593
2 0.6078125 0.20185185185185187 0.6229166666666667 0.20185185185185187 0.6229166666666667 0.2574074074074074 0.6078125 0.2574074074074074
2 0.56875 0.17592592592592593 0.5817708333333333 0.17592592592592593 0.5817708333333333 0.23333333333333334 0.56875 0.23333333333333334
2 0.5885416666666666 0.17685185185185184 0.603125 0.17685185185185184 0.603125 0.22592592592592592 0.5885416666666666 0.22592592592592592
2 0.409375 0.19814814814814816 0.42291666666666666 0.19814814814814816 0.42291666666666666 0.23981481481481481 0.409375 0.23981481481481481
2 0.40520833333333334 0.17592592592592593 0.42291666666666666 0.17592592592592593 0.42291666666666666 0.21481481481481482 0.40520833333333334 0.21481481481481482
2 0.4270833333333333 0.1675925925925926 0.4375 0.1675925925925926 0.4375 0.2212962962962963 0.4270833333333333 0.2212962962962963