1 0.5005208333333333 0 0.6010416666666667 0 0.6010416666666667 0.08796296296296297 0.5005208333333333 0.08796296296296297
1 0.6463541666666667 0.1962962962962963 0.6828125 0.1962962962962963 0.6828125 0.3074074074074074 0.6463541666666667 0.3074074074074074
1 0.6619791666666667 0.41944444444444445 0.6927083333333334 0.41944444444444445 0.6927083333333334 0.48333333333333334 0.6619791666666667 0.48333333333333334
2 0.36614583333333334 0 0.47552083333333334 0 0.47552083333333334 0.016666666666666666 0.36614583333333334 0.016666666666666666
2 0.290625 0.008333333333333333 0.4265625 0.008333333333333333 0.4265625 0.11203703703703703 0.290625 0.11203703703703703
2 0.25364583333333335 0.09166666666666666 0.396875 0.09166666666666666 0.396875 0.21203703703703702 0.25364583333333335 0.21203703703703702
2 0.425 0.32037037037037036 0.509375 0.32037037037037036 0.509375 0.3731481481481482 0.425 0.3731481481481482
2 0.45989583333333334 0.030555555555555555 0.5328125 0.030555555555555555 0.5328125 0.09166666666666666 0.45989583333333334 0.09166666666666666
2 0.5213541666666667 0.12037037037037036 0.5916666666666667 0.12037037037037036 0.5916666666666667 0.1675925925925926 0.5213541666666667 0.1675925925925926
2 0.46822916666666664 0.20092592592592592 0.55 0.20092592592592592 0.55 0.2564814814814815 0.46822916666666664 0.2564814814814815
2 0.5317708333333333 0.22037037037037038 0.5859375 0.22037037037037038 0.5859375 0.2675925925925926 0.5317708333333333 0.2675925925925926
2 0.5526041666666667 0.35555555555555557 0.6098958333333333 0.35555555555555557 0.6098958333333333 0.3962962962962963 0.5526041666666667 0.3962962962962963
2 0.565625 0.27314814814814814 0.621875 0.27314814814814814 0.621875 0.31203703703703706 0.565625 0.31203703703703706
2 0.5885416666666666 0.3925925925925926 0.6291666666666667 0.3925925925925926 0.6291666666666667 0.4212962962962963 0.5885416666666666 0.4212962962962963
2 0.53125 0.8416666666666667 0.5645833333333333 0.8416666666666667 0.5645833333333333 0.8666666666666667 0.53125 0.8666666666666667
2 0.6197916666666666 0.2490740740740741 0.6552083333333333 0.2490740740740741 0.6552083333333333 0.28055555555555556 0.6197916666666666 0.28055555555555556
2 0.6182291666666667 0.3055555555555556 0.6583333333333333 0.3055555555555556 0.6583333333333333 0.3277777777777778 0.6182291666666667 0.3277777777777778
2 0.6291666666666667 0.33611111111111114 0.6625 0.33611111111111114 0.6625 0.3527777777777778 0.6291666666666667 0.3527777777777778
2 0.6328125 0.3712962962962963 0.66875 0.3712962962962963 0.66875 0.3888888888888889 0.6328125 0.3888888888888889
2 0.6276041666666666 0.40555555555555556 0.6666666666666666 0.40555555555555556 0.6666666666666666 0.4388888888888889 0.6276041666666666 0.4388888888888889
2 0.6630208333333333 0.6620370370370371 0.6989583333333333 0.6620370370370371 0.6989583333333333 0.687037037037037 0.6630208333333333 0.687037037037037
2 0.6802083333333333 0.7018518518518518 0.7046875 0.7018518518518518 0.7046875 0.7166666666666667 0.6802083333333333 0.7166666666666667
2 0.6666666666666666 0.7240740740740741 0.6963541666666667 0.7240740740740741 0.6963541666666667 0.7444444444444445 0.6666666666666666 0.7444444444444445
2 0.6796875 0.4925925925925926 0.7057291666666666 0.4925925925925926 0.7057291666666666 0.5120370370370371 0.6796875 0.5120370370370371
2 0.690625 0.44074074074074077 0.7098958333333333 0.44074074074074077 0.7098958333333333 0.45740740740740743 0.690625 0.45740740740740743
2 0.6802083333333333 0.4222222222222222 0.7046875 0.4222222222222222 0.7046875 0.43703703703703706 0.6802083333333333 0.43703703703703706
2 0.6515625 0.3527777777777778 0.6817708333333333 0.3527777777777778 0.6817708333333333 0.3731481481481482 0.6515625 0.3731481481481482
2 0.6630208333333333 0.3888888888888889 0.6911458333333333 0.3888888888888889 0.6911458333333333 0.40370370370370373 0.6630208333333333 0.40370370370370373
2 0.6916666666666667 0.375 0.7135416666666666 0.375 0.7135416666666666 0.3907407407407407 0.6916666666666667 0.3907407407407407
2 0.6963541666666667 0.4046296296296296 0.7161458333333334 0.4046296296296296 0.7161458333333334 0.41759259259259257 0.6963541666666667 0.41759259259259257
2 0.7015625 0.43148148148148147 0.7208333333333333 0.43148148148148147 0.7208333333333333 0.4425925925925926 0.7015625 0.4425925925925926
2 0.7098958333333333 0.4444444444444444 0.7270833333333333 0.4444444444444444 0.7270833333333333 0.4546296296296296 0.7098958333333333 0.4546296296296296
1 0.7020833333333333 0.6574074074074074 0.7223958333333333 0.6574074074074074 0.7223958333333333 0.7212962962962963 0.7020833333333333 0.7212962962962963
1 0.22135416666666666 0.675 0.5390625 0.675 0.5390625 1 0.22135416666666666 1