1 0.4078125 0.9268518518518518 0.5083333333333333 0.9268518518518518 0.5083333333333333 1 0.4078125 1
1 0.359375 0.5370370370370371 0.41354166666666664 0.5370370370370371 0.41354166666666664 0.6351851851851852 0.359375 0.6351851851851852
1 0.31875 0.3314814814814815 0.3640625 0.3314814814814815 0.3640625 0.4148148148148148 0.31875 0.4148148148148148
1 0.325 0.7055555555555556 0.3619791666666667 0.7055555555555556 0.3619791666666667 0.8037037037037037 0.325 0.8037037037037037
1 0.28802083333333334 0.4046296296296296 0.3109375 0.4046296296296296 0.3109375 0.45092592592592595 0.28802083333333334 0.45092592592592595
2 0.6375 0.9490740740740741 0.778125 0.9490740740740741 0.778125 1 0.6375 1
2 0.46979166666666666 0.9518518518518518 0.5203125 0.9518518518518518 0.5203125 1 0.46979166666666666 1
2 0.5260416666666666 0.875 0.6177083333333333 0.875 0.6177083333333333 0.9490740740740741 0.5260416666666666 0.9490740740740741
2 0.45364583333333336 0.7861111111111111 0.5333333333333333 0.7861111111111111 0.5333333333333333 0.8416666666666667 0.45364583333333336 0.8416666666666667
2 0.4625 0.6833333333333333 0.5536458333333333 0.6833333333333333 0.5536458333333333 0.7675925925925926 0.4625 0.7675925925925926
2 0.38645833333333335 0.7444444444444445 0.440625 0.7444444444444445 0.440625 0.7898148148148149 0.38645833333333335 0.7898148148148149
2 0.346875 0.7027777777777777 0.39739583333333334 0.7027777777777777 0.39739583333333334 0.7518518518518519 0.346875 0.7518518518518519
2 0.38333333333333336 0.662962962962963 0.43854166666666666 0.662962962962963 0.43854166666666666 0.7074074074074074 0.38333333333333336 0.7074074074074074
2 0.321875 0.6583333333333333 0.36302083333333335 0.6583333333333333 0.36302083333333335 0.6814814814814815 0.321875 0.6814814814814815
2 0.3380208333333333 0.6277777777777778 0.375 0.6277777777777778 0.375 0.6564814814814814 0.3380208333333333 0.6564814814814814
2 0.28177083333333336 0.6527777777777778 0.3098958333333333 0.6527777777777778 0.3098958333333333 0.6777777777777778 0.28177083333333336 0.6777777777777778
2 0.29739583333333336 0.6305555555555555 0.32916666666666666 0.6305555555555555 0.32916666666666666 0.6527777777777778 0.29739583333333336 0.6527777777777778
2 0.3104166666666667 0.6018518518518519 0.34270833333333334 0.6018518518518519 0.34270833333333334 0.6268518518518519 0.3104166666666667 0.6268518518518519
2 0.31145833333333334 0.5481481481481482 0.34375 0.5481481481481482 0.34375 0.5703703703703704 0.31145833333333334 0.5703703703703704
2 0.3078125 0.5787037037037037 0.3380208333333333 0.5787037037037037 0.3380208333333333 0.5981481481481481 0.3078125 0.5981481481481481
2 0.29322916666666665 0.5879629629629629 0.3140625 0.5879629629629629 0.3140625 0.6083333333333333 0.29322916666666665 0.6083333333333333
2 0.290625 0.5666666666666667 0.31302083333333336 0.5666666666666667 0.31302083333333336 0.5833333333333334 0.290625 0.5833333333333334
2 0.2869791666666667 0.5509259259259259 0.30885416666666665 0.5509259259259259 0.30885416666666665 0.5694444444444444 0.2869791666666667 0.5694444444444444
2 0.32447916666666665 0.4398148148148148 0.3572916666666667 0.4398148148148148 0.3572916666666667 0.47685185185185186 0.32447916666666665 0.47685185185185186
2 0.34322916666666664 0.24537037037037038 0.384375 0.24537037037037038 0.384375 0.2777777777777778 0.34322916666666664 0.2777777777777778
2 0.4395833333333333 0.025 0.496875 0.025 0.496875 0.08333333333333333 0.4395833333333333 0.08333333333333333
2 0.290625 0.37037037037037035 0.31614583333333335 0.37037037037037035 0.31614583333333335 0.3925925925925926 0.290625 0.3925925925925926
2 0.2875 0.3314814814814815 0.31354166666666666 0.3314814814814815 0.31354166666666666 0.35648148148148145 0.2875 0.35648148148148145