1 0.146875 0.32685185185185184 0.2682291666666667 0.32685185185185184 0.2682291666666667 0.5037037037037037 0.146875 0.5037037037037037
1 0.46458333333333335 0.13796296296296295 0.4984375 0.13796296296296295 0.4984375 0.18888888888888888 0.46458333333333335 0.18888888888888888
1 0.3328125 0.175 0.38177083333333334 0.175 0.38177083333333334 0.2388888888888889 0.3328125 0.2388888888888889
2 0.053125 0.7601851851851852 0.12604166666666666 0.7601851851851852 0.12604166666666666 1 0.053125 1
2 0.20416666666666666 0.5805555555555556 0.2578125 0.5805555555555556 0.2578125 0.8027777777777778 0.20416666666666666 0.8027777777777778
2 0.32864583333333336 0.6027777777777777 0.38697916666666665 0.6027777777777777 0.38697916666666665 0.8222222222222222 0.32864583333333336 0.8222222222222222
2 0.28020833333333334 0.3972222222222222 0.31875 0.3972222222222222 0.31875 0.5435185185185185 0.28020833333333334 0.5435185185185185
2 0.3234375 0.42777777777777776 0.35885416666666664 0.42777777777777776 0.35885416666666664 0.5787037037037037 0.3234375 0.5787037037037037
2 0.38125 0.43425925925925923 0.4203125 0.43425925925925923 0.4203125 0.5787037037037037 0.38125 0.5787037037037037
2 0.4427083333333333 0.3296296296296296 0.465625 0.3296296296296296 0.465625 0.43425925925925923 0.4427083333333333 0.43425925925925923
2 0.32135416666666666 0.32222222222222224 0.3515625 0.32222222222222224 0.3515625 0.412962962962963 0.32135416666666666 0.412962962962963
2 0.3359375 0.2657407407407407 0.35989583333333336 0.2657407407407407 0.35989583333333336 0.34814814814814815 0.3359375 0.34814814814814815
2 0.3854166666666667 0.30925925925925923 0.4088541666666667 0.30925925925925923 0.4088541666666667 0.39351851851851855 0.3854166666666667 0.39351851851851855
2 0.753125 0.5824074074074074 0.8036458333333333 0.5824074074074074 0.8036458333333333 0.7925925925925926 0.753125 0.7925925925925926
2 0.37552083333333336 0.20555555555555555 0.39010416666666664 0.20555555555555555 0.39010416666666664 0.2675925925925926 0.37552083333333336 0.2675925925925926
2 0.40729166666666666 0.23148148148148148 0.4192708333333333 0.23148148148148148 0.4192708333333333 0.30092592592592593 0.40729166666666666 0.30092592592592593
2 0.44479166666666664 0.2388888888888889 0.459375 0.2388888888888889 0.459375 0.31203703703703706 0.44479166666666664 0.31203703703703706
2 0.4552083333333333 0.2175925925925926 0.471875 0.2175925925925926 0.471875 0.2833333333333333 0.4552083333333333 0.2833333333333333
2 0.4109375 0.18703703703703703 0.4244791666666667 0.18703703703703703 0.4244791666666667 0.23425925925925925 0.4109375 0.23425925925925925
2 0.4322916666666667 0.17407407407407408 0.4473958333333333 0.17407407407407408 0.4473958333333333 0.22407407407407406 0.4322916666666667 0.22407407407407406
2 0.42552083333333335 0.16203703703703703 0.4354166666666667 0.16203703703703703 0.4354166666666667 0.20277777777777778 0.42552083333333335 0.20277777777777778
2 0.459375 0.17222222222222222 0.47239583333333335 0.17222222222222222 0.47239583333333335 0.2175925925925926 0.459375 0.2175925925925926
2 0.4453125 0.13055555555555556 0.45677083333333335 0.13055555555555556 0.45677083333333335 0.1787037037037037 0.4453125 0.1787037037037037
2 0.4390625 0.1175925925925926 0.45 0.1175925925925926 0.45 0.1648148148148148 0.4390625 0.1648148148148148
2 0.43125 0.11574074074074074 0.4432291666666667 0.11574074074074074 0.4432291666666667 0.15462962962962962 0.43125 0.15462962962962962
2 0.45989583333333334 0.12222222222222222 0.465625 0.12222222222222222 0.465625 0.16018518518518518 0.45989583333333334 0.16018518518518518
2 0.4703125 0.11574074074074074 0.4786458333333333 0.11574074074074074 0.4786458333333333 0.14537037037037037 0.4703125 0.14537037037037037
2 0.49375 0.11666666666666667 0.50625 0.11666666666666667 0.50625 0.16666666666666666 0.49375 0.16666666666666666
2 0.578125 0.10462962962962963 0.5885416666666666 0.10462962962962963 0.5885416666666666 0.14351851851851852 0.578125 0.14351851851851852
2 0.6015625 0.1648148148148148 0.609375 0.1648148148148148 0.609375 0.2222222222222222 0.6015625 0.2222222222222222
2 0.6255208333333333 0.14907407407407408 0.6302083333333334 0.14907407407407408 0.6302083333333334 0.18611111111111112 0.6255208333333333 0.18611111111111112
2 0.634375 0.16111111111111112 0.6458333333333334 0.16111111111111112 0.6458333333333334 0.20833333333333334 0.634375 0.20833333333333334
1 0.6015625 0.11296296296296296 0.6385416666666667 0.11296296296296296 0.6385416666666667 0.15555555555555556 0.6015625 0.15555555555555556