1 0.36875 0.3685185185185185 0.4421875 0.3685185185185185 0.4421875 0.49722222222222223 0.36875 0.49722222222222223
1 0.5739583333333333 0.5333333333333333 0.7166666666666667 0.5333333333333333 0.7166666666666667 0.7675925925925926 0.5739583333333333 0.7675925925925926
1 0.1203125 0.3537037037037037 0.2546875 0.3537037037037037 0.2546875 0.5342592592592592 0.1203125 0.5342592592592592
1 0.534375 0.23148148148148148 0.5765625 0.23148148148148148 0.5765625 0.2962962962962963 0.534375 0.2962962962962963
1 0.3140625 0.21203703703703702 0.37083333333333335 0.21203703703703702 0.37083333333333335 0.275 0.3140625 0.275
1 0.44947916666666665 0.15648148148148147 0.48125 0.15648148148148147 0.48125 0.2074074074074074 0.44947916666666665 0.2074074074074074
1 0.6421875 0.16574074074074074 0.6864583333333333 0.16574074074074074 0.6864583333333333 0.20833333333333334 0.6421875 0.20833333333333334
2 0.19947916666666668 0.5231481481481481 0.24010416666666667 0.5231481481481481 0.24010416666666667 0.6592592592592592 0.19947916666666668 0.6592592592592592
2 0.2916666666666667 0.4166666666666667 0.3255208333333333 0.4166666666666667 0.3255208333333333 0.5444444444444444 0.2916666666666667 0.5444444444444444
2 0.17604166666666668 0.47962962962962963 0.21302083333333333 0.47962962962962963 0.21302083333333333 0.6194444444444445 0.17604166666666668 0.6194444444444445
2 0.4276041666666667 0.4388888888888889 0.45989583333333334 0.4388888888888889 0.45989583333333334 0.6018518518518519 0.4276041666666667 0.6018518518518519
2 0.3302083333333333 0.3148148148148148 0.35208333333333336 0.3148148148148148 0.35208333333333336 0.4009259259259259 0.3302083333333333 0.4009259259259259
2 0.33958333333333335 0.2898148148148148 0.3572916666666667 0.2898148148148148 0.3572916666666667 0.34629629629629627 0.33958333333333335 0.34629629629629627
2 0.3671875 0.32314814814814813 0.38697916666666665 0.32314814814814813 0.38697916666666665 0.4009259259259259 0.3671875 0.4009259259259259
2 0.3572916666666667 0.27037037037037037 0.37135416666666665 0.27037037037037037 0.37135416666666665 0.33425925925925926 0.3572916666666667 0.33425925925925926
2 0.3776041666666667 0.2851851851851852 0.396875 0.2851851851851852 0.396875 0.35 0.3776041666666667 0.35
2 0.38125 0.2490740740740741 0.4 0.2490740740740741 0.4 0.30648148148148147 0.38125 0.30648148148148147
2 0.3619791666666667 0.22037037037037038 0.3770833333333333 0.22037037037037038 0.3770833333333333 0.27314814814814814 0.3619791666666667 0.27314814814814814
2 0.3723958333333333 0.22592592592592592 0.3875 0.22592592592592592 0.3875 0.28888888888888886 0.3723958333333333 0.28888888888888886
2 0.40625 0.22962962962962963 0.4203125 0.22962962962962963 0.4203125 0.29074074074074074 0.40625 0.29074074074074074
2 0.403125 0.2074074074074074 0.4171875 0.2074074074074074 0.4171875 0.25 0.403125 0.25
2 0.43697916666666664 0.25833333333333336 0.4484375 0.25833333333333336 0.4484375 0.33055555555555555 0.43697916666666664 0.33055555555555555
2 0.4234375 0.24074074074074073 0.4354166666666667 0.24074074074074073 0.4354166666666667 0.31296296296296294 0.4234375 0.31296296296296294
2 0.45 0.22685185185185186 0.46927083333333336 0.22685185185185186 0.46927083333333336 0.2953703703703704 0.45 0.2953703703703704
2 0.4270833333333333 0.19814814814814816 0.4395833333333333 0.19814814814814816 0.4395833333333333 0.24351851851851852 0.4270833333333333 0.24351851851851852
2 0.4083333333333333 0.1648148148148148 0.42083333333333334 0.1648148148148148 0.42083333333333334 0.2074074074074074 0.4083333333333333 0.2074074074074074
2 0.4192708333333333 0.17592592592592593 0.42864583333333334 0.17592592592592593 0.42864583333333334 0.21666666666666667 0.4192708333333333 0.21666666666666667
2 0.42604166666666665 0.16018518518518518 0.4348958333333333 0.16018518518518518 0.4348958333333333 0.19537037037037036 0.42604166666666665 0.19537037037037036
2 0.4734375 0.1925925925925926 0.4901041666666667 0.1925925925925926 0.4901041666666667 0.2518518518518518 0.4734375 0.2518518518518518
2 0.48854166666666665 0.20185185185185187 0.5145833333333333 0.20185185185185187 0.5145833333333333 0.2564814814814815 0.48854166666666665 0.2564814814814815
2 0.6125 0.3194444444444444 0.634375 0.3194444444444444 0.634375 0.412962962962963 0.6125 0.412962962962963
2 0.6401041666666667 0.2712962962962963 0.6583333333333333 0.2712962962962963 0.6583333333333333 0.3574074074074074 0.6401041666666667 0.3574074074074074
2 0.6234375 0.24074074074074073 0.6401041666666667 0.24074074074074073 0.6401041666666667 0.3055555555555556 0.6234375 0.3055555555555556
2 0.5848958333333333 0.20462962962962963 0.5963541666666666 0.20462962962962963 0.5963541666666666 0.25833333333333336 0.5848958333333333 0.25833333333333336
2 0.5953125 0.19537037037037036 0.6088541666666667 0.19537037037037036 0.6088541666666667 0.24444444444444444 0.5953125 0.24444444444444444
2 0.5765625 0.1814814814814815 0.590625 0.1814814814814815 0.590625 0.21944444444444444 0.5765625 0.21944444444444444
1 0.5109375 0.14074074074074075 0.5354166666666667 0.14074074074074075 0.5354166666666667 0.1824074074074074 0.5109375 0.1824074074074074
2 0.5453125 0.15092592592592594 0.5546875 0.15092592592592594 0.5546875 0.18888888888888888 0.5453125 0.18888888888888888
2 0.5541666666666667 0.15648148148148147 0.5604166666666667 0.15648148148148147 0.5604166666666667 0.2 0.5541666666666667 0.2
2 0.5635416666666667 0.14629629629629629 0.571875 0.14629629629629629 0.571875 0.18703703703703703 0.5635416666666667 0.18703703703703703
2 0.5765625 0.15 0.5880208333333333 0.15 0.5880208333333333 0.18703703703703703 0.5765625 0.18703703703703703