1 0.3958333333333333 0.30833333333333335 0.4708333333333333 0.30833333333333335 0.4708333333333333 0.4287037037037037 0.3958333333333333 0.4287037037037037
1 0.146875 0.3175925925925926 0.2708333333333333 0.3175925925925926 0.2708333333333333 0.48703703703703705 0.146875 0.48703703703703705
1 0.32083333333333336 0.17685185185185184 0.3885416666666667 0.17685185185185184 0.3885416666666667 0.23981481481481481 0.32083333333333336 0.23981481481481481
2 0.7901041666666667 0.6509259259259259 0.8557291666666667 0.6509259259259259 0.8557291666666667 0.8398148148148148 0.7901041666666667 0.8398148148148148
2 0.7354166666666667 0.34444444444444444 0.7776041666666667 0.34444444444444444 0.7776041666666667 0.44166666666666665 0.7354166666666667 0.44166666666666665
2 0.07291666666666667 0.6648148148148149 0.1546875 0.6648148148148149 0.1546875 0.9 0.07291666666666667 0.9
2 0.6791666666666667 0.49074074074074076 0.7286458333333333 0.49074074074074076 0.7286458333333333 0.6407407407407407 0.6791666666666667 0.6407407407407407
2 0.2989583333333333 0.3712962962962963 0.33229166666666665 0.3712962962962963 0.33229166666666665 0.4546296296296296 0.2989583333333333 0.4546296296296296
2 0.18645833333333334 0.45925925925925926 0.2390625 0.45925925925925926 0.2390625 0.5981481481481481 0.18645833333333334 0.5981481481481481
2 0.27291666666666664 0.5638888888888889 0.3338541666666667 0.5638888888888889 0.3338541666666667 0.725925925925926 0.27291666666666664 0.725925925925926
2 0.3515625 0.4287037037037037 0.396875 0.4287037037037037 0.396875 0.5546296296296296 0.3515625 0.5546296296296296
2 0.27760416666666665 0.44351851851851853 0.3182291666666667 0.44351851851851853 0.3182291666666667 0.5638888888888889 0.27760416666666665 0.5638888888888889
2 0.3770833333333333 0.27685185185185185 0.4036458333333333 0.27685185185185185 0.4036458333333333 0.3453703703703704 0.3770833333333333 0.3453703703703704
2 0.4453125 0.11018518518518519 0.4583333333333333 0.11018518518518519 0.4583333333333333 0.14351851851851852 0.4453125 0.14351851851851852
2 0.5958333333333333 0.1537037037037037 0.6234375 0.1537037037037037 0.6234375 0.2037037037037037 0.5958333333333333 0.2037037037037037
2 0.6114583333333333 0.20092592592592592 0.634375 0.20092592592592592 0.634375 0.25833333333333336 0.6114583333333333 0.25833333333333336
2 0.6510416666666666 0.2 0.6734375 0.2 0.6734375 0.262037037037037 0.6510416666666666 0.262037037037037
2 0.4515625 0.18888888888888888 0.4708333333333333 0.18888888888888888 0.4708333333333333 0.24259259259259258 0.4515625 0.24259259259259258
2 0.4921875 0.12777777777777777 0.5088541666666667 0.12777777777777777 0.5088541666666667 0.1675925925925926 0.4921875 0.1675925925925926
2 0.4713541666666667 0.16203703703703703 0.4890625 0.16203703703703703 0.4890625 0.2175925925925926 0.4713541666666667 0.2175925925925926
2 0.4296875 0.22777777777777777 0.44895833333333335 0.22777777777777777 0.44895833333333335 0.3055555555555556 0.4296875 0.3055555555555556
2 0.39791666666666664 0.2175925925925926 0.41510416666666666 0.2175925925925926 0.41510416666666666 0.2916666666666667 0.39791666666666664 0.2916666666666667
2 0.4197916666666667 0.1935185185185185 0.43333333333333335 0.1935185185185185 0.43333333333333335 0.25277777777777777 0.4197916666666667 0.25277777777777777
2 0.503125 0.175 0.5182291666666666 0.175 0.5182291666666666 0.24259259259259258 0.503125 0.24259259259259258