1 0.5067708333333333 0 0.6088541666666667 0 0.6088541666666667 0.08425925925925926 0.5067708333333333 0.08425925925925926
1 0.5552083333333333 0.7287037037037037 0.6234375 0.7287037037037037 0.6234375 0.8787037037037037 0.5552083333333333 0.8787037037037037
0 0.5567708333333333 0.1388888888888889 0.690625 0.1388888888888889 0.690625 0.3425925925925926 0.5567708333333333 0.3425925925925926
2 0.4583333333333333 0.837037037037037 0.53125 0.837037037037037 0.53125 0.912962962962963 0.4583333333333333 0.912962962962963
2 0.6895833333333333 0.5824074074074074 0.7125 0.5824074074074074 0.7125 0.6092592592592593 0.6895833333333333 0.6092592592592593
2 0.5166666666666667 0.3537037037037037 0.5796875 0.3537037037037037 0.5796875 0.41759259259259257 0.5166666666666667 0.41759259259259257
1 0.7119791666666667 0.5509259259259259 0.7317708333333334 0.5509259259259259 0.7317708333333334 0.5981481481481481 0.7119791666666667 0.5981481481481481
2 0.4973958333333333 0.20555555555555555 0.5625 0.20555555555555555 0.5625 0.27314814814814814 0.4973958333333333 0.27314814814814814
2 0.5911458333333334 0.39814814814814814 0.6380208333333334 0.39814814814814814 0.6380208333333334 0.4537037037037037 0.5911458333333334 0.4537037037037037
2 0.3927083333333333 0.15462962962962962 0.4822916666666667 0.15462962962962962 0.4822916666666667 0.23981481481481481 0.3927083333333333 0.23981481481481481
2 0.5421875 0.6518518518518519 0.6010416666666667 0.6518518518518519 0.6010416666666667 0.7092592592592593 0.5421875 0.7092592592592593
1 0.6729166666666667 0.4203703703703704 0.7057291666666666 0.4203703703703704 0.7057291666666666 0.4898148148148148 0.6729166666666667 0.4898148148148148
2 0.6359375 0.6898148148148148 0.671875 0.6898148148148148 0.671875 0.7268518518518519 0.6359375 0.7268518518518519
2 0.5328125 0.9222222222222223 0.5947916666666667 0.9222222222222223 0.5947916666666667 0.9814814814814815 0.5328125 0.9814814814814815