1 0.14583333333333334 0.3175925925925926 0.2713541666666667 0.3175925925925926 0.2713541666666667 0.49074074074074076 0.14583333333333334 0.49074074074074076
1 0.35 0.4083333333333333 0.453125 0.4083333333333333 0.453125 0.5833333333333334 0.35 0.5833333333333334
2 0.07135416666666666 0.6240740740740741 0.14635416666666667 0.6240740740740741 0.14635416666666667 0.8083333333333333 0.07135416666666666 0.8083333333333333
2 0.6817708333333333 0.38796296296296295 0.7203125 0.38796296296296295 0.7203125 0.4962962962962963 0.6817708333333333 0.4962962962962963
2 0.6348958333333333 0.46296296296296297 0.6864583333333333 0.46296296296296297 0.6864583333333333 0.6 0.6348958333333333 0.6
2 0.18541666666666667 0.6370370370370371 0.2421875 0.6370370370370371 0.2421875 0.8212962962962963 0.18541666666666667 0.8212962962962963
2 0.32864583333333336 0.3509259259259259 0.3609375 0.3509259259259259 0.3609375 0.44166666666666665 0.32864583333333336 0.44166666666666665
2 0.6817708333333333 0.26296296296296295 0.7104166666666667 0.26296296296296295 0.7104166666666667 0.3398148148148148 0.6817708333333333 0.3398148148148148
1 0.31979166666666664 0.17685185185185184 0.38333333333333336 0.17685185185185184 0.38333333333333336 0.23981481481481481 0.31979166666666664 0.23981481481481481
2 0.35885416666666664 0.27685185185185185 0.3880208333333333 0.27685185185185185 0.3880208333333333 0.36018518518518516 0.35885416666666664 0.36018518518518516
2 0.21822916666666667 0.4962962962962963 0.2635416666666667 0.4962962962962963 0.2635416666666667 0.6231481481481481 0.21822916666666667 0.6231481481481481
2 0.6333333333333333 0.30462962962962964 0.6614583333333334 0.30462962962962964 0.6614583333333334 0.39351851851851855 0.6333333333333333 0.39351851851851855
2 0.4609375 0.19722222222222222 0.4786458333333333 0.19722222222222222 0.4786458333333333 0.2638888888888889 0.4609375 0.2638888888888889
2 0.18385416666666668 0.6296296296296297 0.24166666666666667 0.6296296296296297 0.24166666666666667 0.725925925925926 0.18385416666666668 0.725925925925926
2 0.39947916666666666 0.2962962962962963 0.4270833333333333 0.2962962962962963 0.4270833333333333 0.38425925925925924 0.39947916666666666 0.38425925925925924
2 0.4588541666666667 0.11296296296296296 0.47291666666666665 0.11296296296296296 0.47291666666666665 0.14537037037037037 0.4588541666666667 0.14537037037037037
2 0.43020833333333336 0.18703703703703703 0.4479166666666667 0.18703703703703703 0.4479166666666667 0.2324074074074074 0.43020833333333336 0.2324074074074074
2 0.4895833333333333 0.13703703703703704 0.5046875 0.13703703703703704 0.5046875 0.1814814814814815 0.4895833333333333 0.1814814814814815
2 0.43645833333333334 0.23148148148148148 0.459375 0.23148148148148148 0.459375 0.2916666666666667 0.43645833333333334 0.2916666666666667
2 0.440625 0.12962962962962962 0.45416666666666666 0.12962962962962962 0.45416666666666666 0.1675925925925926 0.440625 0.1675925925925926
2 0.23020833333333332 0.7453703703703703 0.2989583333333333 0.7453703703703703 0.2989583333333333 0.9962962962962963 0.23020833333333332 0.9962962962962963