1 0.3854166666666667 0.549074074074074 0.4484375 0.549074074074074 0.4484375 0.675 0.3854166666666667 0.675
1 0.39739583333333334 0.9064814814814814 0.4947916666666667 0.9064814814814814 0.4947916666666667 1 0.39739583333333334 1
1 0.31875 0.6962962962962963 0.3541666666666667 0.6962962962962963 0.3541666666666667 0.8185185185185185 0.31875 0.8185185185185185
2 0.6927083333333334 0.8731481481481481 0.78125 0.8731481481481481 0.78125 0.9981481481481481 0.6927083333333334 0.9981481481481481
2 0.465625 0.9342592592592592 0.5364583333333334 0.9342592592592592 0.5364583333333334 1 0.465625 1
2 0.42135416666666664 0 0.48020833333333335 0 0.48020833333333335 0.04814814814814815 0.42135416666666664 0.04814814814814815
2 0.4166666666666667 0.7787037037037037 0.465625 0.7787037037037037 0.465625 0.837037037037037 0.4166666666666667 0.837037037037037
2 0.4375 0.6787037037037037 0.5057291666666667 0.6787037037037037 0.5057291666666667 0.75 0.4375 0.75
2 0.45416666666666666 0.799074074074074 0.5078125 0.799074074074074 0.5078125 0.8657407407407407 0.45416666666666666 0.8657407407407407
2 0.3385416666666667 0.1787037037037037 0.37395833333333334 0.1787037037037037 0.37395833333333334 0.21944444444444444 0.3385416666666667 0.21944444444444444
2 0.5067708333333333 0.7703703703703704 0.5921875 0.7703703703703704 0.5921875 0.8583333333333333 0.5067708333333333 0.8583333333333333
2 0.34010416666666665 0.25092592592592594 0.37135416666666665 0.25092592592592594 0.37135416666666665 0.28703703703703703 0.34010416666666665 0.28703703703703703
2 0.3072916666666667 0.5175925925925926 0.33541666666666664 0.5175925925925926 0.33541666666666664 0.5481481481481482 0.3072916666666667 0.5481481481481482
2 0.37135416666666665 0.6620370370370371 0.4036458333333333 0.6620370370370371 0.4036458333333333 0.700925925925926 0.37135416666666665 0.700925925925926
2 0.27708333333333335 0.575 0.296875 0.575 0.296875 0.5972222222222222 0.27708333333333335 0.5972222222222222
2 0.31666666666666665 0.4601851851851852 0.35208333333333336 0.4601851851851852 0.35208333333333336 0.5037037037037037 0.31666666666666665 0.5037037037037037
2 0.3223958333333333 0.5527777777777778 0.35052083333333334 0.5527777777777778 0.35052083333333334 0.5851851851851851 0.3223958333333333 0.5851851851851851
2 0.32760416666666664 0.6074074074074074 0.35572916666666665 0.6074074074074074 0.35572916666666665 0.637962962962963 0.32760416666666664 0.637962962962963
2 0.35572916666666665 0.6462962962962963 0.38125 0.6462962962962963 0.38125 0.687037037037037 0.35572916666666665 0.687037037037037
2 0.346875 0.5833333333333334 0.38333333333333336 0.5833333333333334 0.38333333333333336 0.6185185185185185 0.346875 0.6185185185185185