1 0.5859375 0 0.778125 0 0.778125 0.32592592592592595 0.5859375 0.32592592592592595
1 0.421875 0.9462962962962963 0.5239583333333333 0.9462962962962963 0.5239583333333333 1 0.421875 1
1 0.40520833333333334 0.6055555555555555 0.4640625 0.6055555555555555 0.4640625 0.7148148148148148 0.40520833333333334 0.7148148148148148
1 0.35989583333333336 0.3611111111111111 0.4 0.3611111111111111 0.4 0.4388888888888889 0.35989583333333336 0.4388888888888889
1 0.33958333333333335 0.725925925925926 0.37552083333333336 0.725925925925926 0.37552083333333336 0.8296296296296296 0.33958333333333335 0.8296296296296296
1 0.3026041666666667 0.5351851851851852 0.328125 0.5351851851851852 0.328125 0.5861111111111111 0.3026041666666667 0.5861111111111111
2 0.46979166666666666 0.8981481481481481 0.5395833333333333 0.8981481481481481 0.5395833333333333 0.9555555555555556 0.46979166666666666 0.9555555555555556
1 0.3140625 0.17037037037037037 0.33697916666666666 0.17037037037037037 0.33697916666666666 0.25 0.3140625 0.25
1 0.3026041666666667 0.4351851851851852 0.32760416666666664 0.4351851851851852 0.32760416666666664 0.4842592592592593 0.3026041666666667 0.4842592592592593
2 0.453125 0.9361111111111111 0.525 0.9361111111111111 0.525 0.9796296296296296 0.453125 0.9796296296296296
2 0.4265625 0.775 0.48802083333333335 0.775 0.48802083333333335 0.8314814814814815 0.4265625 0.8314814814814815
2 0.43385416666666665 0.5703703703703704 0.515625 0.5703703703703704 0.515625 0.6222222222222222 0.43385416666666665 0.6222222222222222
2 0.3765625 0.7342592592592593 0.428125 0.7342592592592593 0.428125 0.7620370370370371 0.3765625 0.7620370370370371
2 0.3859375 0.6509259259259259 0.4197916666666667 0.6509259259259259 0.4197916666666667 0.6925925925925925 0.3859375 0.6925925925925925
2 0.33958333333333335 0.7083333333333334 0.36302083333333335 0.7083333333333334 0.36302083333333335 0.7296296296296296 0.33958333333333335 0.7296296296296296
2 0.3421875 0.687037037037037 0.37604166666666666 0.687037037037037 0.37604166666666666 0.7175925925925926 0.3421875 0.7175925925925926
2 0.35625 0.5787037037037037 0.3953125 0.5787037037037037 0.3953125 0.6111111111111112 0.35625 0.6111111111111112
2 0.36354166666666665 0.7166666666666667 0.3921875 0.7166666666666667 0.3921875 0.7444444444444445 0.36354166666666665 0.7444444444444445
2 0.34322916666666664 0.6333333333333333 0.3723958333333333 0.6333333333333333 0.3723958333333333 0.6666666666666666 0.34322916666666664 0.6666666666666666
2 0.3489583333333333 0.6037037037037037 0.378125 0.6037037037037037 0.378125 0.6268518518518519 0.3489583333333333 0.6268518518518519
2 0.34375 0.5666666666666667 0.3671875 0.5666666666666667 0.3671875 0.5898148148148148 0.34375 0.5898148148148148
2 0.30885416666666665 0.6425925925925926 0.3328125 0.6425925925925926 0.3328125 0.6675925925925926 0.30885416666666665 0.6675925925925926
2 0.3296875 0.5268518518518519 0.35885416666666664 0.5268518518518519 0.35885416666666664 0.5481481481481482 0.3296875 0.5481481481481482
2 0.42916666666666664 0.22037037037037038 0.4875 0.22037037037037038 0.4875 0.26481481481481484 0.42916666666666664 0.26481481481481484
2 0.3953125 0.1787037037037037 0.4432291666666667 0.1787037037037037 0.4432291666666667 0.22314814814814815 0.3953125 0.22314814814814815
2 0.3734375 0.22314814814814815 0.4119791666666667 0.22314814814814815 0.4119791666666667 0.25833333333333336 0.3734375 0.25833333333333336
2 0.34479166666666666 0.31666666666666665 0.37604166666666666 0.31666666666666665 0.37604166666666666 0.34074074074074073 0.34479166666666666 0.34074074074074073
2 0.33697916666666666 0.29074074074074074 0.35989583333333336 0.29074074074074074 0.35989583333333336 0.325 0.33697916666666666 0.325
2 0.32708333333333334 0.33240740740740743 0.3489583333333333 0.33240740740740743 0.3489583333333333 0.35462962962962963 0.32708333333333334 0.35462962962962963