1 0.403125 0.6185185185185185 0.515625 0.6185185185185185 0.515625 0.8398148148148148 0.403125 0.8398148148148148
1 0.4817708333333333 0 0.5817708333333333 0 0.5817708333333333 0.06574074074074074 0.4817708333333333 0.06574074074074074
1 0.4765625 0.25277777777777777 0.5583333333333333 0.25277777777777777 0.5583333333333333 0.39166666666666666 0.4765625 0.39166666666666666
1 0.6213541666666667 0.5611111111111111 0.6572916666666667 0.5611111111111111 0.6572916666666667 0.6296296296296297 0.6213541666666667 0.6296296296296297
1 0.6276041666666666 0.17222222222222222 0.6635416666666667 0.17222222222222222 0.6635416666666667 0.27037037037037037 0.6276041666666666 0.27037037037037037
1 0.665625 0.7490740740740741 0.6890625 0.7490740740740741 0.6890625 0.8287037037037037 0.665625 0.8287037037037037
2 0.44479166666666664 0.09351851851851851 0.5270833333333333 0.09351851851851851 0.5270833333333333 0.16296296296296298 0.44479166666666664 0.16296296296296298
1 0.6645833333333333 0.4101851851851852 0.6822916666666666 0.4101851851851852 0.6822916666666666 0.4638888888888889 0.6645833333333333 0.4638888888888889
2 0.5463541666666667 0.17685185185185184 0.5942708333333333 0.17685185185185184 0.5942708333333333 0.2175925925925926 0.5463541666666667 0.2175925925925926
2 0.4005208333333333 0.3453703703703704 0.5098958333333333 0.3453703703703704 0.5098958333333333 0.4166666666666667 0.4005208333333333 0.4166666666666667
2 0.5229166666666667 0.23703703703703705 0.5859375 0.23703703703703705 0.5859375 0.28055555555555556 0.5229166666666667 0.28055555555555556
2 0.5723958333333333 0.19537037037037036 0.6151041666666667 0.19537037037037036 0.6151041666666667 0.24166666666666667 0.5723958333333333 0.24166666666666667
2 0.5630208333333333 0.26296296296296295 0.6114583333333333 0.26296296296296295 0.6114583333333333 0.31574074074074077 0.5630208333333333 0.31574074074074077
2 0.5921875 0.23796296296296296 0.628125 0.23796296296296296 0.628125 0.26851851851851855 0.5921875 0.26851851851851855
2 0.5817708333333333 0.3814814814814815 0.6291666666666667 0.3814814814814815 0.6291666666666667 0.4166666666666667 0.5817708333333333 0.4166666666666667
2 0.6005208333333333 0.4046296296296296 0.6463541666666667 0.4046296296296296 0.6463541666666667 0.4444444444444444 0.6005208333333333 0.4444444444444444
2 0.5916666666666667 0.34444444444444444 0.6380208333333334 0.34444444444444444 0.6380208333333334 0.3861111111111111 0.5916666666666667 0.3861111111111111
2 0.5963541666666666 0.287962962962963 0.6380208333333334 0.287962962962963 0.6380208333333334 0.32685185185185184 0.5963541666666666 0.32685185185185184
2 0.6208333333333333 0.24814814814814815 0.653125 0.24814814814814815 0.653125 0.28055555555555556 0.6208333333333333 0.28055555555555556
2 0.6140625 0.2675925925925926 0.65 0.2675925925925926 0.65 0.2962962962962963 0.6140625 0.2962962962962963
2 0.6416666666666667 0.3333333333333333 0.6640625 0.3333333333333333 0.6640625 0.3527777777777778 0.6416666666666667 0.3527777777777778
2 0.6302083333333334 0.36666666666666664 0.66875 0.36666666666666664 0.66875 0.39166666666666666 0.6302083333333334 0.39166666666666666
2 0.6328125 0.4842592592592593 0.6708333333333333 0.4842592592592593 0.6708333333333333 0.5175925925925926 0.6328125 0.5175925925925926
2 0.6427083333333333 0.4685185185185185 0.6755208333333333 0.4685185185185185 0.6755208333333333 0.4888888888888889 0.6427083333333333 0.4888888888888889
2 0.5692708333333333 0.6805555555555556 0.615625 0.6805555555555556 0.615625 0.7296296296296296 0.5692708333333333 0.7296296296296296
2 0.5875 0.7351851851851852 0.6369791666666667 0.7351851851851852 0.6369791666666667 0.7703703703703704 0.5875 0.7703703703703704
2 0.6229166666666667 0.7046296296296296 0.6572916666666667 0.7046296296296296 0.6572916666666667 0.7351851851851852 0.6229166666666667 0.7351851851851852
2 0.6421875 0.6407407407407407 0.671875 0.6407407407407407 0.671875 0.6620370370370371 0.6421875 0.6620370370370371
2 0.6453125 0.6657407407407407 0.675 0.6657407407407407 0.675 0.6898148148148148 0.6453125 0.6898148148148148