1 0.12864583333333332 0.35462962962962963 0.25416666666666665 0.35462962962962963 0.25416666666666665 0.5342592592592592 0.12864583333333332 0.5342592592592592
1 0.5619791666666667 0.3592592592592593 0.6453125 0.3592592592592593 0.6453125 0.49166666666666664 0.5619791666666667 0.49166666666666664
1 0.29739583333333336 0.5361111111111111 0.42291666666666666 0.5361111111111111 0.42291666666666666 0.774074074074074 0.29739583333333336 0.774074074074074
1 0.44427083333333334 0.1685185185185185 0.4786458333333333 0.1685185185185185 0.4786458333333333 0.22407407407407406 0.44427083333333334 0.22407407407407406
1 0.31875 0.20555555555555555 0.3734375 0.20555555555555555 0.3734375 0.27037037037037037 0.31875 0.27037037037037037
1 0.5302083333333333 0.19074074074074074 0.5666666666666667 0.19074074074074074 0.5666666666666667 0.24722222222222223 0.5302083333333333 0.24722222222222223
1 0.6416666666666667 0.15925925925925927 0.6901041666666666 0.15925925925925927 0.6901041666666666 0.20092592592592592 0.6416666666666667 0.20092592592592592
2 0.17708333333333334 0.6129629629629629 0.23697916666666666 0.6129629629629629 0.23697916666666666 0.8185185185185185 0.17708333333333334 0.8185185185185185
2 0.86875 0.8416666666666667 0.9682291666666667 0.8416666666666667 0.9682291666666667 1 0.86875 1
2 0.015625 0.7796296296296297 0.1015625 0.7796296296296297 0.1015625 0.9842592592592593 0.015625 0.9842592592592593
2 0.371875 0.7287037037037037 0.434375 0.7287037037037037 0.434375 0.9481481481481482 0.371875 0.9481481481481482
2 0.296875 0.4546296296296296 0.32916666666666666 0.4546296296296296 0.32916666666666666 0.5777777777777777 0.296875 0.5777777777777777
2 0.2630208333333333 0.3962962962962963 0.2890625 0.3962962962962963 0.2890625 0.49722222222222223 0.2630208333333333 0.49722222222222223
2 0.29583333333333334 0.325 0.325 0.325 0.325 0.4388888888888889 0.29583333333333334 0.4388888888888889
2 0.3338541666666667 0.3675925925925926 0.36041666666666666 0.3675925925925926 0.36041666666666666 0.4787037037037037 0.3338541666666667 0.4787037037037037
2 0.38229166666666664 0.3138888888888889 0.4036458333333333 0.3138888888888889 0.4036458333333333 0.4111111111111111 0.38229166666666664 0.4111111111111111
2 0.41770833333333335 0.3175925925925926 0.440625 0.3175925925925926 0.440625 0.4324074074074074 0.41770833333333335 0.4324074074074074
2 0.45208333333333334 0.30277777777777776 0.4859375 0.30277777777777776 0.4859375 0.3925925925925926 0.45208333333333334 0.3925925925925926
2 0.33489583333333334 0.31203703703703706 0.3572916666666667 0.31203703703703706 0.3572916666666667 0.375 0.33489583333333334 0.375
2 0.34270833333333334 0.24351851851851852 0.3572916666666667 0.24351851851851852 0.3572916666666667 0.3138888888888889 0.34270833333333334 0.3138888888888889
2 0.35208333333333336 0.26296296296296295 0.36614583333333334 0.26296296296296295 0.36614583333333334 0.3287037037037037 0.35208333333333336 0.3287037037037037
2 0.3671875 0.28055555555555556 0.3875 0.28055555555555556 0.3875 0.37037037037037035 0.3671875 0.37037037037037035
2 0.3984375 0.2657407407407407 0.415625 0.2657407407407407 0.415625 0.31851851851851853 0.3984375 0.31851851851851853
2 0.3921875 0.2324074074074074 0.4078125 0.2324074074074074 0.4078125 0.2814814814814815 0.3921875 0.2814814814814815
2 0.42291666666666666 0.225 0.4421875 0.225 0.4421875 0.29444444444444445 0.42291666666666666 0.29444444444444445
2 0.5869791666666667 0.23333333333333334 0.6072916666666667 0.23333333333333334 0.6072916666666667 0.30648148148148147 0.5869791666666667 0.30648148148148147
2 0.6135416666666667 0.21666666666666667 0.6317708333333333 0.21666666666666667 0.6317708333333333 0.2777777777777778 0.6135416666666667 0.2777777777777778
2 0.4869791666666667 0.19722222222222222 0.5161458333333333 0.19722222222222222 0.5161458333333333 0.262037037037037 0.4869791666666667 0.262037037037037
2 0.40677083333333336 0.20555555555555555 0.41822916666666665 0.20555555555555555 0.41822916666666665 0.24444444444444444 0.40677083333333336 0.24444444444444444
2 0.4276041666666667 0.18796296296296297 0.43645833333333334 0.18796296296296297 0.43645833333333334 0.22962962962962963 0.4276041666666667 0.22962962962962963
2 0.5989583333333334 0.1935185185185185 0.6166666666666667 0.1935185185185185 0.6166666666666667 0.24444444444444444 0.5989583333333334 0.24444444444444444