1 0.41458333333333336 0.2740740740740741 0.4765625 0.2740740740740741 0.4765625 0.375 0.41458333333333336 0.375
1 0.14947916666666666 0.3175925925925926 0.2713541666666667 0.3175925925925926 0.2713541666666667 0.4925925925925926 0.14947916666666666 0.4925925925925926
1 0.3223958333333333 0.17592592592592593 0.38958333333333334 0.17592592592592593 0.38958333333333334 0.23796296296296296 0.3223958333333333 0.23796296296296296
2 0.04895833333333333 0.7592592592592593 0.14583333333333334 0.7592592592592593 0.14583333333333334 0.9962962962962963 0.04895833333333333 0.9962962962962963
2 0.7911458333333333 0.412962962962963 0.8375 0.412962962962963 0.8375 0.5259259259259259 0.7911458333333333 0.5259259259259259
2 0.19166666666666668 0.5185185185185185 0.23958333333333334 0.5185185185185185 0.23958333333333334 0.6694444444444444 0.19166666666666668 0.6694444444444444
2 0.6125 0.17685185185185184 0.6380208333333334 0.17685185185185184 0.6380208333333334 0.24537037037037038 0.6125 0.24537037037037038
2 0.378125 0.337037037037037 0.4125 0.337037037037037 0.4125 0.43703703703703706 0.378125 0.43703703703703706
2 0.496875 0.17314814814814813 0.5182291666666666 0.17314814814814813 0.5182291666666666 0.2351851851851852 0.496875 0.2351851851851852
2 0.4552083333333333 0.16574074074074074 0.47239583333333335 0.16574074074074074 0.47239583333333335 0.21666666666666667 0.4552083333333333 0.21666666666666667
2 0.3375 0.44074074074074077 0.37916666666666665 0.44074074074074077 0.37916666666666665 0.5666666666666667 0.3375 0.5666666666666667
2 0.7484375 0.7638888888888888 0.8229166666666666 0.7638888888888888 0.8229166666666666 0.9962962962962963 0.7484375 0.9962962962962963
2 0.2833333333333333 0.6398148148148148 0.35520833333333335 0.6398148148148148 0.35520833333333335 0.875 0.2833333333333333 0.875
2 0.3296875 0.32222222222222224 0.35989583333333336 0.32222222222222224 0.35989583333333336 0.3972222222222222 0.3296875 0.3972222222222222
2 0.23802083333333332 0.4 0.278125 0.4 0.278125 0.5185185185185185 0.23802083333333332 0.5185185185185185
2 0.315625 0.3861111111111111 0.3453125 0.3861111111111111 0.3453125 0.4722222222222222 0.315625 0.4722222222222222
2 0.671875 0.2388888888888889 0.6963541666666667 0.2388888888888889 0.6963541666666667 0.3138888888888889 0.671875 0.3138888888888889
2 0.634375 0.2324074074074074 0.6588541666666666 0.2324074074074074 0.6588541666666666 0.30277777777777776 0.634375 0.30277777777777776
2 0.3984375 0.24537037037037038 0.41770833333333335 0.24537037037037038 0.41770833333333335 0.30277777777777776 0.3984375 0.30277777777777776
1 0.5385416666666667 0.13425925925925927 0.5947916666666667 0.13425925925925927 0.5947916666666667 0.2759259259259259 0.5385416666666667 0.2759259259259259
2 0.47708333333333336 0.14722222222222223 0.49166666666666664 0.14722222222222223 0.49166666666666664 0.1935185185185185 0.47708333333333336 0.1935185185185185
2 0.434375 0.16111111111111112 0.44895833333333335 0.16111111111111112 0.44895833333333335 0.19907407407407407 0.434375 0.19907407407407407
2 0.428125 0.18703703703703703 0.4421875 0.18703703703703703 0.4421875 0.23055555555555557 0.428125 0.23055555555555557