1 0.1390625 0.3074074074074074 0.2671875 0.3074074074074074 0.2671875 0.4888888888888889 0.1390625 0.4888888888888889
2 0.041666666666666664 0.8416666666666667 0.1296875 0.8416666666666667 0.1296875 1 0.041666666666666664 1
1 0.6328125 0.2935185185185185 0.7192708333333333 0.2935185185185185 0.7192708333333333 0.4222222222222222 0.6328125 0.4222222222222222
2 0.703125 0.4759259259259259 0.7526041666666666 0.4759259259259259 0.7526041666666666 0.6185185185185185 0.703125 0.6185185185185185
2 0.8958333333333334 0.5611111111111111 0.9614583333333333 0.5611111111111111 0.9614583333333333 0.7407407407407407 0.8958333333333334 0.7407407407407407
2 0.5473958333333333 0.12314814814814815 0.5630208333333333 0.12314814814814815 0.5630208333333333 0.1675925925925926 0.5473958333333333 0.1675925925925926
0 0.30885416666666665 0.18518518518518517 0.41770833333333335 0.18518518518518517 0.41770833333333335 0.3814814814814815 0.30885416666666665 0.3814814814814815
2 0.7963541666666667 0.4759259259259259 0.8416666666666667 0.4759259259259259 0.8416666666666667 0.6185185185185185 0.7963541666666667 0.6185185185185185
2 0.09010416666666667 0.6027777777777777 0.15677083333333333 0.6027777777777777 0.15677083333333333 0.7944444444444444 0.09010416666666667 0.7944444444444444
1 0.5609375 0.10925925925925926 0.5973958333333333 0.10925925925925926 0.5973958333333333 0.15185185185185185 0.5609375 0.15185185185185185
2 0.31927083333333334 0.4861111111111111 0.365625 0.4861111111111111 0.365625 0.6435185185185185 0.31927083333333334 0.6435185185185185
2 0.35 0.362962962962963 0.39114583333333336 0.362962962962963 0.39114583333333336 0.4759259259259259 0.35 0.4759259259259259
1 0.45625 0.13240740740740742 0.4947916666666667 0.13240740740740742 0.4947916666666667 0.18981481481481483 0.45625 0.18981481481481483
2 0.42552083333333335 0.3287037037037037 0.4609375 0.3287037037037037 0.4609375 0.43703703703703706 0.42552083333333335 0.43703703703703706
1 0.5296875 0.09166666666666666 0.55625 0.09166666666666666 0.55625 0.12777777777777777 0.5296875 0.12777777777777777
2 0.44375 0.24537037037037038 0.4734375 0.24537037037037038 0.4734375 0.3287037037037037 0.44375 0.3287037037037037
2 0.75 0.3574074074074074 0.784375 0.3574074074074074 0.784375 0.4685185185185185 0.75 0.4685185185185185
2 0.5880208333333333 0.3435185185185185 0.6244791666666667 0.3435185185185185 0.6244791666666667 0.4583333333333333 0.5880208333333333 0.4583333333333333
2 0.5015625 0.16018518518518518 0.5255208333333333 0.16018518518518518 0.5255208333333333 0.21851851851851853 0.5015625 0.21851851851851853
2 0.43645833333333334 0.11481481481481481 0.4510416666666667 0.11481481481481481 0.4510416666666667 0.1574074074074074 0.43645833333333334 0.1574074074074074
2 0.021875 0.5407407407407407 0.08958333333333333 0.5407407407407407 0.08958333333333333 0.7222222222222222 0.021875 0.7222222222222222