1 0.13177083333333334 0.3509259259259259 0.2546875 0.3509259259259259 0.2546875 0.5296296296296297 0.13177083333333334 0.5296296296296297
1 0.5541666666666667 0.30185185185185187 0.625 0.30185185185185187 0.625 0.41574074074074074 0.5541666666666667 0.41574074074074074
1 0.3229166666666667 0.20277777777777778 0.37916666666666665 0.20277777777777778 0.37916666666666665 0.26666666666666666 0.3229166666666667 0.26666666666666666
1 0.5307291666666667 0.17407407407407408 0.5635416666666667 0.17407407407407408 0.5635416666666667 0.22777777777777777 0.5307291666666667 0.22777777777777777
1 0.4395833333333333 0.17777777777777778 0.4739583333333333 0.17777777777777778 0.4739583333333333 0.24166666666666667 0.4395833333333333 0.24166666666666667
1 0.8776041666666666 0.22592592592592592 0.9552083333333333 0.22592592592592592 0.9552083333333333 0.3138888888888889 0.8776041666666666 0.3138888888888889
1 0.19947916666666668 0.7018518518518518 0.39010416666666664 0.7018518518518518 0.39010416666666664 0.9981481481481481 0.19947916666666668 0.9981481481481481
1 0.64375 0.15462962962962962 0.6947916666666667 0.15462962962962962 0.6947916666666667 0.19814814814814816 0.64375 0.19814814814814816
2 0.21145833333333333 0.47962962962962963 0.24635416666666668 0.47962962962962963 0.24635416666666668 0.6314814814814815 0.21145833333333333 0.6314814814814815
2 0.06822916666666666 0.8157407407407408 0.13697916666666668 0.8157407407407408 0.13697916666666668 1 0.06822916666666666 1
2 0.2359375 0.5953703703703703 0.290625 0.5953703703703703 0.290625 0.7129629629629629 0.2359375 0.7129629629629629
2 0.2947916666666667 0.44722222222222224 0.3182291666666667 0.44722222222222224 0.3182291666666667 0.6129629629629629 0.2947916666666667 0.6129629629629629
2 0.2682291666666667 0.3731481481481482 0.3026041666666667 0.3731481481481482 0.3026041666666667 0.487962962962963 0.2682291666666667 0.487962962962963
2 0.31302083333333336 0.3472222222222222 0.33697916666666666 0.3472222222222222 0.33697916666666666 0.4546296296296296 0.31302083333333336 0.4546296296296296
2 0.3578125 0.3685185185185185 0.3802083333333333 0.3685185185185185 0.3802083333333333 0.4861111111111111 0.3578125 0.4861111111111111
2 0.3880208333333333 0.37037037037037035 0.42864583333333334 0.37037037037037035 0.42864583333333334 0.512962962962963 0.3880208333333333 0.512962962962963
2 0.44947916666666665 0.3574074074074074 0.4739583333333333 0.3574074074074074 0.4739583333333333 0.487962962962963 0.44947916666666665 0.487962962962963
2 0.325 0.2796296296296296 0.34322916666666664 0.2796296296296296 0.34322916666666664 0.3435185185185185 0.325 0.3435185185185185
2 0.3390625 0.287962962962963 0.3651041666666667 0.287962962962963 0.3651041666666667 0.37037037037037035 0.3390625 0.37037037037037035
2 0.359375 0.3212962962962963 0.37864583333333335 0.3212962962962963 0.37864583333333335 0.3888888888888889 0.359375 0.3888888888888889
2 0.3828125 0.2861111111111111 0.40677083333333336 0.2861111111111111 0.40677083333333336 0.3638888888888889 0.3828125 0.3638888888888889
2 0.38645833333333335 0.26296296296296295 0.4036458333333333 0.26296296296296295 0.4036458333333333 0.32407407407407407 0.38645833333333335 0.32407407407407407
2 0.4109375 0.24166666666666667 0.43802083333333336 0.24166666666666667 0.43802083333333336 0.325 0.4109375 0.325
2 0.3984375 0.18518518518518517 0.4140625 0.18518518518518517 0.4140625 0.2324074074074074 0.3984375 0.2324074074074074
2 0.4 0.21481481481481482 0.41822916666666665 0.21481481481481482 0.41822916666666665 0.26481481481481484 0.4 0.26481481481481484
2 0.4140625 0.19166666666666668 0.43125 0.19166666666666668 0.43125 0.24537037037037038 0.4140625 0.24537037037037038
2 0.49270833333333336 0.2074074074074074 0.51875 0.2074074074074074 0.51875 0.26296296296296295 0.49270833333333336 0.26296296296296295
2 0.7338541666666667 0.5527777777777778 0.8041666666666667 0.5527777777777778 0.8041666666666667 0.7231481481481481 0.7338541666666667 0.7231481481481481
2 0.58125 0.20925925925925926 0.6020833333333333 0.20925925925925926 0.6020833333333333 0.2712962962962963 0.58125 0.2712962962962963
2 0.60625 0.1925925925925926 0.625 0.1925925925925926 0.625 0.25277777777777777 0.60625 0.25277777777777777
2 0.5901041666666667 0.1648148148148148 0.6104166666666667 0.1648148148148148 0.6104166666666667 0.2101851851851852 0.5901041666666667 0.2101851851851852
2 0.5864583333333333 0.14907407407407408 0.5989583333333334 0.14907407407407408 0.5989583333333334 0.1925925925925926 0.5864583333333333 0.1925925925925926
2 0.5671875 0.15462962962962962 0.5734375 0.15462962962962962 0.5734375 0.1925925925925926 0.5671875 0.1925925925925926
2 0.428125 0.16111111111111112 0.4421875 0.16111111111111112 0.4421875 0.20462962962962963 0.428125 0.20462962962962963
2 0.41458333333333336 0.15462962962962962 0.4270833333333333 0.15462962962962962 0.4270833333333333 0.19537037037037036 0.41458333333333336 0.19537037037037036