1 0.49895833333333334 0 0.5984375 0 0.5984375 0.08425925925925926 0.49895833333333334 0.08425925925925926
1 0.2765625 0.13796296296296295 0.46510416666666665 0.13796296296296295 0.46510416666666665 0.3990740740740741 0.2765625 0.3990740740740741
1 0.6447916666666667 0.2074074074074074 0.6786458333333333 0.2074074074074074 0.6786458333333333 0.3055555555555556 0.6447916666666667 0.3055555555555556
2 0.5348958333333333 0.8287037037037037 0.5927083333333333 0.8287037037037037 0.5927083333333333 0.8694444444444445 0.5348958333333333 0.8694444444444445
2 0.47239583333333335 0.05092592592592592 0.5557291666666667 0.05092592592592592 0.5557291666666667 0.10740740740740741 0.47239583333333335 0.10740740740740741
2 0.4515625 0.14074074074074075 0.5213541666666667 0.14074074074074075 0.5213541666666667 0.19814814814814816 0.4515625 0.19814814814814816
2 0.5682291666666667 0.2074074074074074 0.6276041666666666 0.2074074074074074 0.6276041666666666 0.2462962962962963 0.5682291666666667 0.2462962962962963
2 0.5890625 0.30833333333333335 0.6354166666666666 0.30833333333333335 0.6354166666666666 0.33796296296296297 0.5890625 0.33796296296296297
2 0.5479166666666667 0.3453703703703704 0.6005208333333333 0.3453703703703704 0.6005208333333333 0.38981481481481484 0.5479166666666667 0.38981481481481484
2 0.5984375 0.3712962962962963 0.6369791666666667 0.3712962962962963 0.6369791666666667 0.40555555555555556 0.5984375 0.40555555555555556
2 0.6197916666666666 0.287962962962963 0.6552083333333333 0.287962962962963 0.6552083333333333 0.31296296296296294 0.6197916666666666 0.31296296296296294
2 0.65 0.3537037037037037 0.678125 0.3537037037037037 0.678125 0.3731481481481482 0.65 0.3731481481481482
2 0.6369791666666667 0.39444444444444443 0.6739583333333333 0.39444444444444443 0.6739583333333333 0.4185185185185185 0.6369791666666667 0.4185185185185185
2 0.6588541666666666 0.43333333333333335 0.6901041666666666 0.43333333333333335 0.6901041666666666 0.4527777777777778 0.6588541666666666 0.4527777777777778
2 0.6598958333333333 0.4722222222222222 0.6880208333333333 0.4722222222222222 0.6880208333333333 0.4981481481481482 0.6598958333333333 0.4981481481481482
2 0.6484375 0.6101851851851852 0.6786458333333333 0.6101851851851852 0.6786458333333333 0.6694444444444444 0.6484375 0.6694444444444444
2 0.6401041666666667 0.7444444444444445 0.6739583333333333 0.7444444444444445 0.6739583333333333 0.7731481481481481 0.6401041666666667 0.7731481481481481
2 0.603125 0.7925925925925926 0.6447916666666667 0.7925925925925926 0.6447916666666667 0.8296296296296296 0.603125 0.8296296296296296
2 0.69375 0.6453703703703704 0.7197916666666667 0.6453703703703704 0.7197916666666667 0.6722222222222223 0.69375 0.6722222222222223
2 0.6744791666666666 0.3333333333333333 0.7 0.3333333333333333 0.7 0.34814814814814815 0.6744791666666666 0.34814814814814815
2 0.6822916666666666 0.362962962962963 0.7010416666666667 0.362962962962963 0.7010416666666667 0.37592592592592594 0.6822916666666666 0.37592592592592594
2 0.66875 0.37222222222222223 0.6947916666666667 0.37222222222222223 0.6947916666666667 0.3925925925925926 0.66875 0.3925925925925926
2 0.6854166666666667 0.39444444444444443 0.7046875 0.39444444444444443 0.7046875 0.40555555555555556 0.6854166666666667 0.40555555555555556
2 0.6822916666666666 0.41388888888888886 0.7036458333333333 0.41388888888888886 0.7036458333333333 0.42685185185185187 0.6822916666666666 0.42685185185185187
2 0.6880208333333333 0.4777777777777778 0.70625 0.4777777777777778 0.70625 0.4898148148148148 0.6880208333333333 0.4898148148148148
2 0.6973958333333333 0.45555555555555555 0.7135416666666666 0.45555555555555555 0.7135416666666666 0.47129629629629627 0.6973958333333333 0.47129629629629627
2 0.6901041666666666 0.43425925925925923 0.7083333333333334 0.43425925925925923 0.7083333333333334 0.44814814814814813 0.6901041666666666 0.44814814814814813
2 0.7015625 0.40370370370370373 0.7171875 0.40370370370370373 0.7171875 0.4148148148148148 0.7015625 0.4148148148148148
1 0.684375 0.5740740740740741 0.7135416666666666 0.5740740740740741 0.7135416666666666 0.6342592592592593 0.684375 0.6342592592592593
1 0.6838541666666667 0.774074074074074 0.7072916666666667 0.774074074074074 0.7072916666666667 0.8805555555555555 0.6838541666666667 0.8805555555555555