1 0.3953125 0.9074074074074074 0.49375 0.9074074074074074 0.49375 1 0.3953125 1
1 0.31666666666666665 0.6935185185185185 0.3515625 0.6935185185185185 0.3515625 0.8175925925925925 0.31666666666666665 0.8175925925925925
2 0.615625 0.9277777777777778 0.7598958333333333 0.9277777777777778 0.7598958333333333 1 0.615625 1
2 0.49895833333333334 0 0.5703125 0 0.5703125 0.07962962962962963 0.49895833333333334 0.07962962962962963
2 0.3796875 0.2851851851851852 0.4276041666666667 0.2851851851851852 0.4276041666666667 0.3416666666666667 0.3796875 0.3416666666666667
2 0.44947916666666665 0.17685185185185184 0.5192708333333333 0.17685185185185184 0.5192708333333333 0.25 0.44947916666666665 0.25
2 0.3854166666666667 0.19537037037037036 0.4322916666666667 0.19537037037037036 0.4322916666666667 0.24722222222222223 0.3854166666666667 0.24722222222222223
2 0.48072916666666665 0.8268518518518518 0.5552083333333333 0.8268518518518518 0.5552083333333333 0.9074074074074074 0.48072916666666665 0.9074074074074074
2 0.33125 0.21203703703703702 0.3609375 0.21203703703703702 0.3609375 0.26944444444444443 0.33125 0.26944444444444443
2 0.35989583333333336 0.649074074074074 0.4046875 0.649074074074074 0.4046875 0.7018518518518518 0.35989583333333336 0.7018518518518518
2 0.30885416666666665 0.4444444444444444 0.346875 0.4444444444444444 0.346875 0.5 0.30885416666666665 0.5
2 0.3703125 0.5898148148148148 0.42864583333333334 0.5898148148148148 0.42864583333333334 0.6481481481481481 0.3703125 0.6481481481481481
2 0.40625 0.6851851851851852 0.46822916666666664 0.6851851851851852 0.46822916666666664 0.7490740740740741 0.40625 0.7490740740740741
2 0.315625 0.2972222222222222 0.34479166666666666 0.2972222222222222 0.34479166666666666 0.3416666666666667 0.315625 0.3416666666666667
2 0.33541666666666664 0.3388888888888889 0.3776041666666667 0.3388888888888889 0.3776041666666667 0.3972222222222222 0.33541666666666664 0.3972222222222222