1 0.134375 0.34629629629629627 0.25833333333333336 0.34629629629629627 0.25833333333333336 0.5231481481481481 0.134375 0.5231481481481481
1 0.5552083333333333 0.24814814814814815 0.6119791666666666 0.24814814814814815 0.6119791666666666 0.33796296296296297 0.5552083333333333 0.33796296296296297
1 0.3229166666666667 0.1962962962962963 0.3807291666666667 0.1962962962962963 0.3807291666666667 0.25833333333333336 0.3229166666666667 0.25833333333333336
1 0.5291666666666667 0.15833333333333333 0.5588541666666667 0.15833333333333333 0.5588541666666667 0.20277777777777778 0.5291666666666667 0.20277777777777778
1 0.4375 0.19814814814814816 0.475 0.19814814814814816 0.475 0.26944444444444443 0.4375 0.26944444444444443
1 0.65 0.14907407407407408 0.6953125 0.14907407407407408 0.6953125 0.19444444444444445 0.65 0.19444444444444445
2 0.08385416666666666 0.7277777777777777 0.14479166666666668 0.7277777777777777 0.14479166666666668 0.9018518518518519 0.08385416666666666 0.9018518518518519
2 0.21302083333333333 0.5185185185185185 0.25364583333333335 0.5185185185185185 0.25364583333333335 0.6157407407407407 0.21302083333333333 0.6157407407407407
2 0.284375 0.5648148148148148 0.3333333333333333 0.5648148148148148 0.3333333333333333 0.6731481481481482 0.284375 0.6731481481481482
2 0.17239583333333333 0.6351851851851852 0.2328125 0.6351851851851852 0.2328125 0.8759259259259259 0.17239583333333333 0.8759259259259259
2 0.3890625 0.5611111111111111 0.44166666666666665 0.5611111111111111 0.44166666666666665 0.7611111111111111 0.3890625 0.7611111111111111
2 0.921875 0.7157407407407408 0.9890625 0.7157407407407408 0.9890625 0.9333333333333333 0.921875 0.9333333333333333
2 0.6734375 0.35 0.7015625 0.35 0.7015625 0.49166666666666664 0.6734375 0.49166666666666664
2 0.3484375 0.5296296296296297 0.3848958333333333 0.5296296296296297 0.3848958333333333 0.6833333333333333 0.3484375 0.6833333333333333
2 0.27239583333333334 0.4583333333333333 0.29739583333333336 0.4583333333333333 0.29739583333333336 0.5342592592592592 0.27239583333333334 0.5342592592592592
2 0.30104166666666665 0.3212962962962963 0.315625 0.3212962962962963 0.315625 0.39166666666666666 0.30104166666666665 0.39166666666666666
2 0.31197916666666664 0.3398148148148148 0.33541666666666664 0.3398148148148148 0.33541666666666664 0.4351851851851852 0.31197916666666664 0.4351851851851852
2 0.36041666666666666 0.3490740740740741 0.38385416666666666 0.3490740740740741 0.38385416666666666 0.43796296296296294 0.36041666666666666 0.43796296296296294
2 0.37135416666666665 0.2953703703703704 0.3848958333333333 0.2953703703703704 0.3848958333333333 0.36574074074074076 0.37135416666666665 0.36574074074074076
2 0.4041666666666667 0.29074074074074074 0.43125 0.29074074074074074 0.43125 0.37592592592592594 0.4041666666666667 0.37592592592592594
2 0.33229166666666665 0.4074074074074074 0.359375 0.4074074074074074 0.359375 0.5231481481481481 0.33229166666666665 0.5231481481481481
2 0.3854166666666667 0.2324074074074074 0.4015625 0.2324074074074074 0.4015625 0.2824074074074074 0.3854166666666667 0.2824074074074074
2 0.3890625 0.1925925925925926 0.4046875 0.1925925925925926 0.4046875 0.25 0.3890625 0.25
2 0.4083333333333333 0.21574074074074073 0.42291666666666666 0.21574074074074073 0.42291666666666666 0.2638888888888889 0.4083333333333333 0.2638888888888889
2 0.4234375 0.16944444444444445 0.4348958333333333 0.16944444444444445 0.4348958333333333 0.2111111111111111 0.4234375 0.2111111111111111
2 0.4125 0.1638888888888889 0.425 0.1638888888888889 0.425 0.20277777777777778 0.4125 0.20277777777777778
2 0.434375 0.1425925925925926 0.446875 0.1425925925925926 0.446875 0.19074074074074074 0.434375 0.19074074074074074
2 0.44583333333333336 0.14074074074074075 0.4557291666666667 0.14074074074074075 0.4557291666666667 0.1824074074074074 0.44583333333333336 0.1824074074074074
2 0.4625 0.14166666666666666 0.4791666666666667 0.14166666666666666 0.4791666666666667 0.1787037037037037 0.4625 0.1787037037037037
2 0.4984375 0.19722222222222222 0.5244791666666667 0.19722222222222222 0.5244791666666667 0.25277777777777777 0.4984375 0.25277777777777777
2 0.5744791666666667 0.17407407407407408 0.5859375 0.17407407407407408 0.5859375 0.225 0.5744791666666667 0.225
2 0.5942708333333333 0.1648148148148148 0.6067708333333334 0.1648148148148148 0.6067708333333334 0.2111111111111111 0.5942708333333333 0.2111111111111111
2 0.5880208333333333 0.15092592592592594 0.5994791666666667 0.15092592592592594 0.5994791666666667 0.18518518518518517 0.5880208333333333 0.18518518518518517
2 0.559375 0.13703703703703704 0.56875 0.13703703703703704 0.56875 0.17222222222222222 0.559375 0.17222222222222222