1 0.4046875 0.0712962962962963 0.4828125 0.0712962962962963 0.4828125 0.2722222222222222 0.4046875 0.2722222222222222
1 0.39114583333333336 0.9166666666666666 0.4921875 0.9166666666666666 0.4921875 1 0.39114583333333336 1
2 0.6630208333333333 0.9305555555555556 0.7796875 0.9305555555555556 0.7796875 1 0.6630208333333333 1
2 0.5354166666666667 0 0.6359375 0 0.6359375 0.07407407407407407 0.5354166666666667 0.07407407407407407
2 0.29583333333333334 0.387037037037037 0.32135416666666666 0.387037037037037 0.32135416666666666 0.4166666666666667 0.29583333333333334 0.4166666666666667
2 0.4015625 0.6777777777777778 0.4546875 0.6777777777777778 0.4546875 0.7351851851851852 0.4015625 0.7351851851851852
2 0.45364583333333336 0.7055555555555556 0.5276041666666667 0.7055555555555556 0.5276041666666667 0.774074074074074 0.45364583333333336 0.774074074074074
1 0.2890625 0.5092592592592593 0.3182291666666667 0.5092592592592593 0.3182291666666667 0.5722222222222222 0.2890625 0.5722222222222222
1 0.284375 0.3212962962962963 0.309375 0.3212962962962963 0.309375 0.3861111111111111 0.284375 0.3861111111111111
2 0.384375 0.5657407407407408 0.4375 0.5657407407407408 0.4375 0.6185185185185185 0.384375 0.6185185185185185
2 0.3015625 0.23981481481481481 0.3223958333333333 0.23981481481481481 0.3223958333333333 0.275 0.3015625 0.275
0 0.328125 0.6601851851851852 0.4192708333333333 0.6601851851851852 0.4192708333333333 0.8231481481481482 0.328125 0.8231481481481482
2 0.34479166666666666 0.5537037037037037 0.3828125 0.5537037037037037 0.3828125 0.5935185185185186 0.34479166666666666 0.5935185185185186
2 0.3489583333333333 0.2537037037037037 0.3885416666666667 0.2537037037037037 0.3885416666666667 0.2962962962962963 0.3489583333333333 0.2962962962962963
2 0.30885416666666665 0.4583333333333333 0.3385416666666667 0.4583333333333333 0.3385416666666667 0.5037037037037037 0.30885416666666665 0.5037037037037037
2 0.33125 0.55 0.353125 0.55 0.353125 0.5851851851851851 0.33125 0.5851851851851851
2 0.44427083333333334 0.24259259259259258 0.5203125 0.24259259259259258 0.5203125 0.29814814814814816 0.44427083333333334 0.29814814814814816