1 0.4109375 0.27685185185185185 0.47552083333333334 0.27685185185185185 0.47552083333333334 0.38333333333333336 0.4109375 0.38333333333333336
1 0.1484375 0.3175925925925926 0.2703125 0.3175925925925926 0.2703125 0.4935185185185185 0.1484375 0.4935185185185185
1 0.32135416666666666 0.17685185185185184 0.38958333333333334 0.17685185185185184 0.38958333333333334 0.23981481481481481 0.32135416666666666 0.23981481481481481
2 0.03229166666666667 0.7944444444444444 0.12135416666666667 0.7944444444444444 0.12135416666666667 0.9962962962962963 0.03229166666666667 0.9962962962962963
2 0.309375 0.39537037037037037 0.3416666666666667 0.39537037037037037 0.3416666666666667 0.47129629629629627 0.309375 0.47129629629629627
2 0.17291666666666666 0.5416666666666666 0.23020833333333332 0.5416666666666666 0.23020833333333332 0.7027777777777777 0.17291666666666666 0.7027777777777777
2 0.3234375 0.325 0.3546875 0.325 0.3546875 0.4027777777777778 0.3234375 0.4027777777777778
2 0.37447916666666664 0.34814814814814815 0.4109375 0.34814814814814815 0.4109375 0.45 0.37447916666666664 0.45
2 0.7791666666666667 0.4 0.8239583333333333 0.4 0.8239583333333333 0.5148148148148148 0.7791666666666667 0.5148148148148148
2 0.2755208333333333 0.687037037037037 0.3411458333333333 0.687037037037037 0.3411458333333333 0.9194444444444444 0.2755208333333333 0.9194444444444444
2 0.6682291666666667 0.22962962962962963 0.6911458333333333 0.22962962962962963 0.6911458333333333 0.30092592592592593 0.6682291666666667 0.30092592592592593
2 0.4973958333333333 0.17407407407407408 0.5182291666666666 0.17407407407407408 0.5182291666666666 0.2361111111111111 0.4973958333333333 0.2361111111111111
2 0.3953125 0.23981481481481481 0.4161458333333333 0.23981481481481481 0.4161458333333333 0.3037037037037037 0.3953125 0.3037037037037037
2 0.32916666666666666 0.45555555555555555 0.37135416666666665 0.45555555555555555 0.37135416666666665 0.5916666666666667 0.32916666666666666 0.5916666666666667
2 0.6114583333333333 0.18333333333333332 0.6333333333333333 0.18333333333333332 0.6333333333333333 0.23981481481481481 0.6114583333333333 0.23981481481481481
2 0.45364583333333336 0.16574074074074074 0.47291666666666665 0.16574074074074074 0.47291666666666665 0.22037037037037038 0.45364583333333336 0.22037037037037038
2 0.6317708333333333 0.22685185185185186 0.6546875 0.22685185185185186 0.6546875 0.29444444444444445 0.6317708333333333 0.29444444444444445
1 0.5390625 0.16203703703703703 0.5916666666666667 0.16203703703703703 0.5916666666666667 0.26944444444444443 0.5390625 0.26944444444444443
2 0.23177083333333334 0.43333333333333335 0.2708333333333333 0.43333333333333335 0.2708333333333333 0.537962962962963 0.23177083333333334 0.537962962962963
2 0.47604166666666664 0.15 0.49166666666666664 0.15 0.49166666666666664 0.19814814814814816 0.47604166666666664 0.19814814814814816
2 0.4276041666666667 0.18518518518518517 0.44375 0.18518518518518517 0.44375 0.23333333333333334 0.4276041666666667 0.23333333333333334
2 0.4395833333333333 0.2074074074074074 0.4578125 0.2074074074074074 0.4578125 0.2712962962962963 0.4395833333333333 0.2712962962962963