1 0.503125 0 0.6026041666666667 0 0.6026041666666667 0.09074074074074075 0.503125 0.09074074074074075
1 0.5640625 0.34074074074074073 0.6244791666666667 0.34074074074074073 0.6244791666666667 0.45555555555555555 0.5640625 0.45555555555555555
1 0.646875 0.18333333333333332 0.6817708333333333 0.18333333333333332 0.6817708333333333 0.30462962962962964 0.646875 0.30462962962962964
2 0.2520833333333333 0.09814814814814815 0.3885416666666667 0.09814814814814815 0.3885416666666667 0.20462962962962963 0.2520833333333333 0.20462962962962963
2 0.509375 0.16018518518518518 0.5598958333333334 0.16018518518518518 0.5598958333333334 0.21666666666666667 0.509375 0.21666666666666667
2 0.5260416666666666 0.26944444444444443 0.5854166666666667 0.26944444444444443 0.5854166666666667 0.33240740740740743 0.5260416666666666 0.33240740740740743
2 0.6072916666666667 0.3111111111111111 0.6427083333333333 0.3111111111111111 0.6427083333333333 0.3490740740740741 0.6072916666666667 0.3490740740740741
2 0.5505208333333333 0.18703703703703703 0.5979166666666667 0.18703703703703703 0.5979166666666667 0.24074074074074073 0.5505208333333333 0.24074074074074073
2 0.6484375 0.49537037037037035 0.6828125 0.49537037037037035 0.6828125 0.5333333333333333 0.6484375 0.5333333333333333
2 0.44375 0.19074074074074074 0.5182291666666666 0.19074074074074074 0.5182291666666666 0.275 0.44375 0.275
2 0.6473958333333333 0.6981481481481482 0.6817708333333333 0.6981481481481482 0.6817708333333333 0.7361111111111112 0.6473958333333333 0.7361111111111112
2 0.4796875 0.018518518518518517 0.5447916666666667 0.018518518518518517 0.5447916666666667 0.08981481481481482 0.4796875 0.08981481481481482
2 0.6140625 0.7972222222222223 0.6541666666666667 0.7972222222222223 0.6541666666666667 0.837037037037037 0.6140625 0.837037037037037
2 0.6161458333333333 0.7240740740740741 0.6546875 0.7240740740740741 0.6546875 0.7666666666666667 0.6161458333333333 0.7666666666666667
2 0.6572916666666667 0.4185185185185185 0.6864583333333333 0.4185185185185185 0.6864583333333333 0.45092592592592595 0.6572916666666667 0.45092592592592595
2 0.6494791666666667 0.37037037037037035 0.6770833333333334 0.37037037037037035 0.6770833333333334 0.3990740740740741 0.6494791666666667 0.3990740740740741
2 0.6703125 0.45740740740740743 0.696875 0.45740740740740743 0.696875 0.4842592592592593 0.6703125 0.4842592592592593
2 0.6234375 0.3907407407407407 0.6666666666666666 0.3907407407407407 0.6666666666666666 0.4305555555555556 0.6234375 0.4305555555555556