1 0.3302083333333333 0.17592592592592593 0.39114583333333336 0.17592592592592593 0.39114583333333336 0.24074074074074073 0.3302083333333333 0.24074074074074073
1 0.45 0.1712962962962963 0.4890625 0.1712962962962963 0.4890625 0.23333333333333334 0.45 0.23333333333333334
1 0.5869791666666667 0.10277777777777777 0.6182291666666667 0.10277777777777777 0.6182291666666667 0.13703703703703704 0.5869791666666667 0.13703703703703704
2 0.7739583333333333 0.46574074074074073 0.8223958333333333 0.46574074074074073 0.8223958333333333 0.6222222222222222 0.7739583333333333 0.6222222222222222
2 0.8598958333333333 0.8342592592592593 0.9369791666666667 0.8342592592592593 0.9369791666666667 1 0.8598958333333333 1
2 0.34375 0.674074074074074 0.3890625 0.674074074074074 0.3890625 0.9 0.34375 0.9
2 0.0796875 0.6972222222222222 0.15260416666666668 0.6972222222222222 0.15260416666666668 0.912962962962963 0.0796875 0.912962962962963
2 0.1484375 0.549074074074074 0.2078125 0.549074074074074 0.2078125 0.7055555555555556 0.1484375 0.7055555555555556
2 0.23177083333333334 0.37592592592592594 0.26927083333333335 0.37592592592592594 0.26927083333333335 0.5018518518518519 0.23177083333333334 0.5018518518518519
2 0.29739583333333336 0.4101851851851852 0.3255208333333333 0.4101851851851852 0.3255208333333333 0.5203703703703704 0.29739583333333336 0.5203703703703704
2 0.26458333333333334 0.5370370370370371 0.3109375 0.5370370370370371 0.3109375 0.687037037037037 0.26458333333333334 0.687037037037037
2 0.39479166666666665 0.3712962962962963 0.4244791666666667 0.3712962962962963 0.4244791666666667 0.5259259259259259 0.39479166666666665 0.5259259259259259
2 0.42604166666666665 0.30833333333333335 0.4432291666666667 0.30833333333333335 0.4432291666666667 0.412962962962963 0.42604166666666665 0.412962962962963
2 0.3385416666666667 0.34444444444444444 0.36875 0.34444444444444444 0.36875 0.45 0.3385416666666667 0.45
2 0.35052083333333334 0.30092592592592593 0.36875 0.30092592592592593 0.36875 0.36944444444444446 0.35052083333333334 0.36944444444444446
2 0.34322916666666664 0.2518518518518518 0.36875 0.2518518518518518 0.36875 0.3212962962962963 0.34322916666666664 0.3212962962962963
2 0.37864583333333335 0.2462962962962963 0.39010416666666664 0.2462962962962963 0.39010416666666664 0.337037037037037 0.37864583333333335 0.337037037037037
2 0.39375 0.23055555555555557 0.4083333333333333 0.23055555555555557 0.4083333333333333 0.287962962962963 0.39375 0.287962962962963
2 0.42552083333333335 0.2222222222222222 0.4348958333333333 0.2222222222222222 0.4348958333333333 0.2953703703703704 0.42552083333333335 0.2953703703703704
2 0.4390625 0.24351851851851852 0.4640625 0.24351851851851852 0.4640625 0.3148148148148148 0.4390625 0.3148148148148148
2 0.4046875 0.1925925925925926 0.415625 0.1925925925925926 0.415625 0.2462962962962963 0.4046875 0.2462962962962963
2 0.428125 0.17685185185185184 0.43802083333333336 0.17685185185185184 0.43802083333333336 0.22037037037037038 0.428125 0.22037037037037038
2 0.4973958333333333 0.13425925925925927 0.5046875 0.13425925925925927 0.5046875 0.18888888888888888 0.4973958333333333 0.18888888888888888
2 0.4661458333333333 0.13425925925925927 0.4744791666666667 0.13425925925925927 0.4744791666666667 0.17037037037037037 0.4661458333333333 0.17037037037037037
2 0.4515625 0.14629629629629629 0.4609375 0.14629629629629629 0.4609375 0.19074074074074074 0.4515625 0.19074074074074074
2 0.4375 0.14444444444444443 0.446875 0.14444444444444443 0.446875 0.18888888888888888 0.4375 0.18888888888888888
2 0.44427083333333334 0.11944444444444445 0.4546875 0.11944444444444445 0.4546875 0.15648148148148147 0.44427083333333334 0.15648148148148147
2 0.4317708333333333 0.1287037037037037 0.4395833333333333 0.1287037037037037 0.4395833333333333 0.1675925925925926 0.4317708333333333 0.1675925925925926
2 0.4265625 0.12037037037037036 0.4328125 0.12037037037037036 0.4328125 0.1537037037037037 0.4265625 0.1537037037037037
2 0.46041666666666664 0.12037037037037036 0.4708333333333333 0.12037037037037036 0.4708333333333333 0.15 0.46041666666666664 0.15
2 0.5880208333333333 0.14444444444444443 0.5989583333333334 0.14444444444444443 0.5989583333333334 0.19074074074074074 0.5880208333333333 0.19074074074074074
2 0.6223958333333334 0.15 0.6307291666666667 0.15 0.6307291666666667 0.18888888888888888 0.6223958333333334 0.18888888888888888
1 0.5744791666666667 0.3074074074074074 0.725 0.3074074074074074 0.725 0.6888888888888889 0.5744791666666667 0.6888888888888889
1 0.14895833333333333 0.3277777777777778 0.2625 0.3277777777777778 0.2625 0.48703703703703705 0.14895833333333333 0.48703703703703705