1 0.50625 0 0.6052083333333333 0 0.6052083333333333 0.09351851851851851 0.50625 0.09351851851851851
1 0.6489583333333333 0.19074074074074074 0.6848958333333334 0.19074074074074074 0.6848958333333334 0.3111111111111111 0.6489583333333333 0.3111111111111111
2 0.3265625 0.9703703703703703 0.4328125 0.9703703703703703 0.4328125 1 0.3265625 1
2 0.5208333333333334 0.8305555555555556 0.5765625 0.8305555555555556 0.5765625 0.8953703703703704 0.5208333333333334 0.8953703703703704
2 0.4588541666666667 0.15925925925925927 0.5270833333333333 0.15925925925925927 0.5270833333333333 0.2361111111111111 0.4588541666666667 0.2361111111111111
2 0.6130208333333333 0.6527777777777778 0.6546875 0.6527777777777778 0.6546875 0.6935185185185185 0.6130208333333333 0.6935185185185185
2 0.5130208333333334 0.3037037037037037 0.5828125 0.3037037037037037 0.5828125 0.3824074074074074 0.5130208333333334 0.3824074074074074
2 0.659375 0.6990740740740741 0.6885416666666667 0.6990740740740741 0.6885416666666667 0.7388888888888889 0.659375 0.7388888888888889
2 0.6286458333333333 0.37777777777777777 0.6677083333333333 0.37777777777777777 0.6677083333333333 0.42314814814814816 0.6286458333333333 0.42314814814814816
2 0.6416666666666667 0.5925925925925926 0.6786458333333333 0.5925925925925926 0.6786458333333333 0.6435185185185185 0.6416666666666667 0.6435185185185185
2 0.6567708333333333 0.34814814814814815 0.684375 0.34814814814814815 0.684375 0.38055555555555554 0.6567708333333333 0.38055555555555554
2 0.6098958333333333 0.725925925925926 0.6473958333333333 0.725925925925926 0.6473958333333333 0.7675925925925926 0.6098958333333333 0.7675925925925926
2 0.5645833333333333 0.2722222222222222 0.6057291666666667 0.2722222222222222 0.6057291666666667 0.32592592592592595 0.5645833333333333 0.32592592592592595
2 0.5583333333333333 0.7111111111111111 0.6088541666666667 0.7111111111111111 0.6088541666666667 0.7666666666666667 0.5583333333333333 0.7666666666666667
2 0.6901041666666666 0.6361111111111111 0.7109375 0.6361111111111111 0.7109375 0.662962962962963 0.6901041666666666 0.662962962962963
2 0.6447916666666667 0.7731481481481481 0.6755208333333333 0.7731481481481481 0.6755208333333333 0.8111111111111111 0.6447916666666667 0.8111111111111111