1 0.5791666666666667 0.35555555555555557 0.6348958333333333 0.35555555555555557 0.6348958333333333 0.4648148148148148 0.5791666666666667 0.4648148148148148
1 0.5036458333333333 0 0.6026041666666667 0 0.6026041666666667 0.09907407407407408 0.5036458333333333 0.09907407407407408
1 0.6473958333333333 0.18425925925925926 0.6822916666666666 0.18425925925925926 0.6822916666666666 0.3055555555555556 0.6473958333333333 0.3055555555555556
2 0.36041666666666666 0.18425925925925926 0.46458333333333335 0.18425925925925926 0.46458333333333335 0.27685185185185185 0.36041666666666666 0.27685185185185185
1 0.6182291666666667 0.5657407407407408 0.7020833333333333 0.5657407407407408 0.7020833333333333 0.675 0.6182291666666667 0.675
2 0.5958333333333333 0.825925925925926 0.640625 0.825925925925926 0.640625 0.8731481481481481 0.5958333333333333 0.8731481481481481
2 0.5526041666666667 0.2972222222222222 0.6041666666666666 0.2972222222222222 0.6041666666666666 0.3490740740740741 0.5526041666666667 0.3490740740740741
2 0.4328125 0 0.5197916666666667 0 0.5197916666666667 0.07592592592592592 0.4328125 0.07592592592592592
2 0.5645833333333333 0.21203703703703702 0.6067708333333334 0.21203703703703702 0.6067708333333334 0.26296296296296295 0.5645833333333333 0.26296296296296295
2 0.6015625 0.7490740740740741 0.64375 0.7490740740740741 0.64375 0.7972222222222223 0.6015625 0.7972222222222223
2 0.6385416666666667 0.7064814814814815 0.6796875 0.7064814814814815 0.6796875 0.7351851851851852 0.6385416666666667 0.7351851851851852
2 0.6635416666666667 0.42407407407407405 0.6911458333333333 0.42407407407407405 0.6911458333333333 0.4527777777777778 0.6635416666666667 0.4527777777777778
2 0.6166666666666667 0.33425925925925926 0.6520833333333333 0.33425925925925926 0.6520833333333333 0.37407407407407406 0.6166666666666667 0.37407407407407406
2 0.5161458333333333 0.18703703703703703 0.5723958333333333 0.18703703703703703 0.5723958333333333 0.23981481481481481 0.5161458333333333 0.23981481481481481
2 0.6510416666666666 0.4935185185185185 0.6848958333333334 0.4935185185185185 0.6848958333333334 0.5296296296296297 0.6510416666666666 0.5296296296296297
2 0.6765625 0.462037037037037 0.7005208333333334 0.462037037037037 0.7005208333333334 0.4861111111111111 0.6765625 0.4861111111111111
2 0.48802083333333335 0.25 0.5541666666666667 0.25 0.5541666666666667 0.31574074074074077 0.48802083333333335 0.31574074074074077
2 0.7010416666666667 0.6277777777777778 0.7197916666666667 0.6277777777777778 0.7197916666666667 0.6555555555555556 0.7010416666666667 0.6555555555555556
2 0.5041666666666667 0.06388888888888888 0.5661458333333333 0.06388888888888888 0.5661458333333333 0.12962962962962962 0.5041666666666667 0.12962962962962962
2 0.5421875 0.1925925925925926 0.5765625 0.1925925925925926 0.5765625 0.23981481481481481 0.5421875 0.23981481481481481
2 0.6458333333333334 0.737037037037037 0.6817708333333333 0.737037037037037 0.6817708333333333 0.7638888888888888 0.6458333333333334 0.7638888888888888