1 0.5010416666666667 0 0.6 0 0.6 0.09907407407407408 0.5010416666666667 0.09907407407407408
1 0.6494791666666667 0.1935185185185185 0.6828125 0.1935185185185185 0.6828125 0.3101851851851852 0.6494791666666667 0.3101851851851852
2 0.484375 0.2101851851851852 0.5421875 0.2101851851851852 0.5421875 0.2796296296296296 0.484375 0.2796296296296296
2 0.6473958333333333 0.6518518518518519 0.6796875 0.6518518518518519 0.6796875 0.687962962962963 0.6473958333333333 0.687962962962963
2 0.5890625 0.35185185185185186 0.6322916666666667 0.35185185185185186 0.6322916666666667 0.4046296296296296 0.5890625 0.4046296296296296
2 0.2765625 0 0.39947916666666666 0 0.39947916666666666 0.07407407407407407 0.2765625 0.07407407407407407
2 0.7140625 0.5675925925925925 0.7302083333333333 0.5675925925925925 0.7302083333333333 0.5888888888888889 0.7140625 0.5888888888888889
2 0.640625 0.3851851851851852 0.6697916666666667 0.3851851851851852 0.6697916666666667 0.4185185185185185 0.640625 0.4185185185185185
2 0.6359375 0.6907407407407408 0.6661458333333333 0.6907407407407408 0.6661458333333333 0.7314814814814815 0.6359375 0.7314814814814815
2 0.6010416666666667 0.42592592592592593 0.6463541666666667 0.42592592592592593 0.6463541666666667 0.47314814814814815 0.6010416666666667 0.47314814814814815
2 0.5739583333333333 0.7712962962962963 0.6208333333333333 0.7712962962962963 0.6208333333333333 0.8222222222222222 0.5739583333333333 0.8222222222222222
2 0.6630208333333333 0.41759259259259257 0.6895833333333333 0.41759259259259257 0.6895833333333333 0.45092592592592595 0.6630208333333333 0.45092592592592595
2 0.6848958333333334 0.47314814814814815 0.7067708333333333 0.47314814814814815 0.7067708333333333 0.4981481481481482 0.6848958333333334 0.4981481481481482
2 0.6401041666666667 0.3314814814814815 0.671875 0.3314814814814815 0.671875 0.37037037037037035 0.6401041666666667 0.37037037037037035
2 0.6067708333333334 0.6805555555555556 0.6427083333333333 0.6805555555555556 0.6427083333333333 0.7212962962962963 0.6067708333333334 0.7212962962962963
2 0.6604166666666667 0.5944444444444444 0.6911458333333333 0.5944444444444444 0.6911458333333333 0.6324074074074074 0.6604166666666667 0.6324074074074074
2 0.5078125 0.9009259259259259 0.5692708333333333 0.9009259259259259 0.5692708333333333 0.975 0.5078125 0.975
2 0.3927083333333333 0.22685185185185186 0.49635416666666665 0.22685185185185186 0.49635416666666665 0.3175925925925926 0.3927083333333333 0.3175925925925926
2 0.4713541666666667 0.8351851851851851 0.55 0.8351851851851851 0.55 0.9166666666666666 0.4713541666666667 0.9166666666666666
2 0.6619791666666667 0.34444444444444444 0.6854166666666667 0.34444444444444444 0.6854166666666667 0.38055555555555554 0.6619791666666667 0.38055555555555554