1 0.39791666666666664 0.9018518518518519 0.4984375 0.9018518518518519 0.4984375 1 0.39791666666666664 1
1 0.31875 0.6981481481481482 0.35520833333333335 0.6981481481481482 0.35520833333333335 0.7962962962962963 0.31875 0.7962962962962963
1 0.28229166666666666 0.4935185185185185 0.30833333333333335 0.4935185185185185 0.30833333333333335 0.5462962962962963 0.28229166666666666 0.5462962962962963
1 0.2869791666666667 0.19166666666666668 0.31197916666666664 0.19166666666666668 0.31197916666666664 0.2861111111111111 0.2869791666666667 0.2861111111111111
2 0.5526041666666667 0.8861111111111111 0.6791666666666667 0.8861111111111111 0.6791666666666667 0.9833333333333333 0.5526041666666667 0.9833333333333333
2 0.5302083333333333 0.7240740740740741 0.6489583333333333 0.7240740740740741 0.6489583333333333 0.8287037037037037 0.5302083333333333 0.8287037037037037
2 0.4546875 0.8592592592592593 0.5385416666666667 0.8592592592592593 0.5385416666666667 0.9259259259259259 0.4546875 0.9259259259259259
2 0.4119791666666667 0.712037037037037 0.48333333333333334 0.712037037037037 0.48333333333333334 0.7703703703703704 0.4119791666666667 0.7703703703703704
2 0.39739583333333334 0.5962962962962963 0.4546875 0.5962962962962963 0.4546875 0.6231481481481481 0.39739583333333334 0.6231481481481481
2 0.371875 0.5666666666666667 0.41354166666666664 0.5666666666666667 0.41354166666666664 0.6037037037037037 0.371875 0.6037037037037037
2 0.3770833333333333 0.6435185185185185 0.4270833333333333 0.6435185185185185 0.4270833333333333 0.6768518518518518 0.3770833333333333 0.6768518518518518
2 0.37604166666666666 0.6953703703703704 0.425 0.6953703703703704 0.425 0.7379629629629629 0.37604166666666666 0.7379629629629629
2 0.35208333333333336 0.6768518518518518 0.3880208333333333 0.6768518518518518 0.3880208333333333 0.7018518518518518 0.35208333333333336 0.7018518518518518
2 0.33489583333333334 0.6861111111111111 0.3640625 0.6861111111111111 0.3640625 0.7101851851851851 0.33489583333333334 0.7101851851851851
2 0.3380208333333333 0.5166666666666667 0.37604166666666666 0.5166666666666667 0.37604166666666666 0.5407407407407407 0.3380208333333333 0.5407407407407407
2 0.3421875 0.6055555555555555 0.378125 0.6055555555555555 0.378125 0.6277777777777778 0.3421875 0.6277777777777778
2 0.315625 0.6666666666666666 0.346875 0.6666666666666666 0.346875 0.6814814814814815 0.315625 0.6814814814814815
2 0.309375 0.6398148148148148 0.33958333333333335 0.6398148148148148 0.33958333333333335 0.6564814814814814 0.309375 0.6564814814814814
2 0.31979166666666664 0.5916666666666667 0.3463541666666667 0.5916666666666667 0.3463541666666667 0.6092592592592593 0.31979166666666664 0.6092592592592593
2 0.3140625 0.6166666666666667 0.3333333333333333 0.6166666666666667 0.3333333333333333 0.6314814814814815 0.3140625 0.6314814814814815
2 0.31197916666666664 0.55 0.34479166666666666 0.55 0.34479166666666666 0.5712962962962963 0.31197916666666664 0.5712962962962963
2 0.3109375 0.5268518518518519 0.3385416666666667 0.5268518518518519 0.3385416666666667 0.5435185185185185 0.3109375 0.5435185185185185
2 0.29635416666666664 0.5453703703703704 0.3182291666666667 0.5453703703703704 0.3182291666666667 0.5592592592592592 0.29635416666666664 0.5592592592592592
2 0.29791666666666666 0.5805555555555556 0.32447916666666665 0.5805555555555556 0.32447916666666665 0.5953703703703703 0.29791666666666666 0.5953703703703703
2 0.2828125 0.5564814814814815 0.3020833333333333 0.5564814814814815 0.3020833333333333 0.5712962962962963 0.2828125 0.5712962962962963
2 0.2791666666666667 0.5833333333333334 0.2942708333333333 0.5833333333333334 0.2942708333333333 0.5990740740740741 0.2791666666666667 0.5990740740740741
2 0.2760416666666667 0.48518518518518516 0.296875 0.48518518518518516 0.296875 0.5 0.2760416666666667 0.5
2 0.30520833333333336 0.3194444444444444 0.33645833333333336 0.3194444444444444 0.33645833333333336 0.3425925925925926 0.30520833333333336 0.3425925925925926
2 0.2869791666666667 0.3074074074074074 0.31197916666666664 0.3074074074074074 0.31197916666666664 0.32407407407407407 0.2869791666666667 0.32407407407407407
2 0.3296875 0.26944444444444443 0.3645833333333333 0.26944444444444443 0.3645833333333333 0.2916666666666667 0.3296875 0.2916666666666667
2 0.3046875 0.275 0.33177083333333335 0.275 0.33177083333333335 0.2962962962962963 0.3046875 0.2962962962962963