1 0.48125 0 0.5833333333333334 0 0.5833333333333334 0.06388888888888888 0.48125 0.06388888888888888
1 0.5421875 0.6092592592592593 0.603125 0.6092592592592593 0.603125 0.7324074074074074 0.5421875 0.7324074074074074
1 0.22135416666666666 0.025925925925925925 0.4114583333333333 0.025925925925925925 0.4114583333333333 0.3296296296296296 0.22135416666666666 0.3296296296296296
1 0.6302083333333334 0.18055555555555555 0.6671875 0.18055555555555555 0.6671875 0.2796296296296296 0.6302083333333334 0.2796296296296296
1 0.6515625 0.5527777777777778 0.6817708333333333 0.5527777777777778 0.6817708333333333 0.6129629629629629 0.6515625 0.6129629629629629
1 0.6473958333333333 0.39351851851851855 0.6822916666666666 0.39351851851851855 0.6822916666666666 0.4564814814814815 0.6473958333333333 0.4564814814814815
1 0.6682291666666667 0.7425925925925926 0.6932291666666667 0.7425925925925926 0.6932291666666667 0.8407407407407408 0.6682291666666667 0.8407407407407408
2 0.31875 0.9722222222222222 0.4395833333333333 0.9722222222222222 0.4395833333333333 1 0.31875 1
2 0.4583333333333333 0.005555555555555556 0.5348958333333333 0.005555555555555556 0.5348958333333333 0.06574074074074074 0.4583333333333333 0.06574074074074074
2 0.3848958333333333 0.05462962962962963 0.4791666666666667 0.05462962962962963 0.4791666666666667 0.1398148148148148 0.3848958333333333 0.1398148148148148
2 0.5130208333333334 0.11296296296296296 0.5734375 0.11296296296296296 0.5734375 0.14814814814814814 0.5130208333333334 0.14814814814814814
2 0.46875 0.15462962962962962 0.5411458333333333 0.15462962962962962 0.5411458333333333 0.21481481481481482 0.46875 0.21481481481481482
2 0.5296875 0.18425925925925926 0.5822916666666667 0.18425925925925926 0.5822916666666667 0.22685185185185186 0.5296875 0.22685185185185186
2 0.5239583333333333 0.25925925925925924 0.5807291666666666 0.25925925925925924 0.5807291666666666 0.30925925925925923 0.5239583333333333 0.30925925925925923
2 0.5119791666666667 0.33796296296296297 0.578125 0.33796296296296297 0.578125 0.39537037037037037 0.5119791666666667 0.39537037037037037
2 0.5208333333333334 0.4083333333333333 0.5885416666666666 0.4083333333333333 0.5885416666666666 0.4583333333333333 0.5208333333333334 0.4583333333333333
2 0.5932291666666667 0.1935185185185185 0.6307291666666667 0.1935185185185185 0.6307291666666667 0.23148148148148148 0.5932291666666667 0.23148148148148148
2 0.5770833333333333 0.2212962962962963 0.6208333333333333 0.2212962962962963 0.6208333333333333 0.2574074074074074 0.5770833333333333 0.2574074074074074
2 0.5625 0.25092592592592594 0.6046875 0.25092592592592594 0.6046875 0.28888888888888886 0.5625 0.28888888888888886
2 0.578125 0.2962962962962963 0.6182291666666667 0.2962962962962963 0.6182291666666667 0.33240740740740743 0.578125 0.33240740740740743
2 0.603125 0.30185185185185187 0.6401041666666667 0.30185185185185187 0.6401041666666667 0.3287037037037037 0.603125 0.3287037037037037
2 0.6052083333333333 0.3638888888888889 0.6463541666666667 0.3638888888888889 0.6463541666666667 0.4027777777777778 0.6052083333333333 0.4027777777777778
2 0.6255208333333333 0.3314814814814815 0.6619791666666667 0.3314814814814815 0.6619791666666667 0.3509259259259259 0.6255208333333333 0.3509259259259259
2 0.6432291666666666 0.36018518518518516 0.675 0.36018518518518516 0.675 0.375 0.6432291666666666 0.375
2 0.6505208333333333 0.3212962962962963 0.678125 0.3212962962962963 0.678125 0.3435185185185185 0.6505208333333333 0.3435185185185185
2 0.6369791666666667 0.5018518518518519 0.6708333333333333 0.5018518518518519 0.6708333333333333 0.5314814814814814 0.6369791666666667 0.5314814814814814
2 0.6244791666666667 0.6555555555555556 0.6619791666666667 0.6555555555555556 0.6619791666666667 0.675 0.6244791666666667 0.675
2 0.6338541666666667 0.687037037037037 0.6729166666666667 0.687037037037037 0.6729166666666667 0.7203703703703703 0.6338541666666667 0.7203703703703703
2 0.6557291666666667 0.675 0.6859375 0.675 0.6859375 0.7037037037037037 0.6557291666666667 0.7037037037037037