1 0.39427083333333335 0.9055555555555556 0.49270833333333336 0.9055555555555556 0.49270833333333336 1 0.39427083333333335 1
1 0.315625 0.6944444444444444 0.3515625 0.6944444444444444 0.3515625 0.812962962962963 0.315625 0.812962962962963
2 0.5604166666666667 0 0.6583333333333333 0 0.6583333333333333 0.03611111111111111 0.5604166666666667 0.03611111111111111
2 0.41875 0.1175925925925926 0.47552083333333334 0.1175925925925926 0.47552083333333334 0.1787037037037037 0.41875 0.1787037037037037
2 0.34270833333333334 0.30925925925925923 0.38229166666666664 0.30925925925925923 0.38229166666666664 0.3490740740740741 0.34270833333333334 0.3490740740740741
2 0.42291666666666666 0.6259259259259259 0.4921875 0.6259259259259259 0.4921875 0.6981481481481482 0.42291666666666666 0.6981481481481482
2 0.48072916666666665 0.7694444444444445 0.5479166666666667 0.7694444444444445 0.5479166666666667 0.8537037037037037 0.48072916666666665 0.8537037037037037
2 0.3171875 0.6194444444444445 0.34479166666666666 0.6194444444444445 0.34479166666666666 0.6518518518518519 0.3171875 0.6518518518518519
2 0.3333333333333333 0.5787037037037037 0.3734375 0.5787037037037037 0.3734375 0.6222222222222222 0.3333333333333333 0.6222222222222222
2 0.3880208333333333 0.2351851851851852 0.43697916666666664 0.2351851851851852 0.43697916666666664 0.2916666666666667 0.3880208333333333 0.2916666666666667
2 0.3203125 0.3675925925925926 0.35572916666666665 0.3675925925925926 0.35572916666666665 0.4074074074074074 0.3203125 0.4074074074074074
2 0.3229166666666667 0.18518518518518517 0.3546875 0.18518518518518517 0.3546875 0.22407407407407406 0.3229166666666667 0.22407407407407406
2 0.28802083333333334 0.3398148148148148 0.3078125 0.3398148148148148 0.3078125 0.3638888888888889 0.28802083333333334 0.3638888888888889
2 0.31145833333333334 0.26296296296296295 0.3380208333333333 0.26296296296296295 0.3380208333333333 0.29814814814814816 0.31145833333333334 0.29814814814814816
2 0.31614583333333335 0.35185185185185186 0.3463541666666667 0.35185185185185186 0.3463541666666667 0.3861111111111111 0.31614583333333335 0.3861111111111111
2 0.3489583333333333 0.2361111111111111 0.3880208333333333 0.2361111111111111 0.3880208333333333 0.2777777777777778 0.3489583333333333 0.2777777777777778
2 0.39947916666666666 0.6731481481481482 0.44895833333333335 0.6731481481481482 0.44895833333333335 0.725 0.39947916666666666 0.725