1 0.13854166666666667 0.34074074074074073 0.26614583333333336 0.34074074074074073 0.26614583333333336 0.5222222222222223 0.13854166666666667 0.5222222222222223
1 0.5536458333333333 0.19907407407407407 0.6005208333333333 0.19907407407407407 0.6005208333333333 0.2759259259259259 0.5536458333333333 0.2759259259259259
1 0.428125 0.2324074074074074 0.4791666666666667 0.2324074074074074 0.4791666666666667 0.31574074074074077 0.428125 0.31574074074074077
1 0.325 0.19074074074074074 0.37916666666666665 0.19074074074074074 0.37916666666666665 0.25462962962962965 0.325 0.25462962962962965
1 0.5291666666666667 0.13148148148148148 0.5567708333333333 0.13148148148148148 0.5567708333333333 0.175 0.5291666666666667 0.175
2 0.08541666666666667 0.674074074074074 0.140625 0.674074074074074 0.140625 0.9046296296296297 0.08541666666666667 0.9046296296296297
1 0.6515625 0.14537037037037037 0.696875 0.14537037037037037 0.696875 0.18425925925925926 0.6515625 0.18425925925925926
2 0.1484375 0.6851851851851852 0.20104166666666667 0.6851851851851852 0.20104166666666667 0.8916666666666667 0.1484375 0.8916666666666667
2 0.24375 0.600925925925926 0.30572916666666666 0.600925925925926 0.30572916666666666 0.8194444444444444 0.24375 0.8194444444444444
2 0.23385416666666667 0.4388888888888889 0.2677083333333333 0.4388888888888889 0.2677083333333333 0.5777777777777777 0.23385416666666667 0.5777777777777777
2 0.2984375 0.4388888888888889 0.32760416666666664 0.4388888888888889 0.32760416666666664 0.5935185185185186 0.2984375 0.5935185185185186
2 0.32760416666666664 0.35462962962962963 0.3515625 0.35462962962962963 0.3515625 0.4962962962962963 0.32760416666666664 0.4962962962962963
2 0.9348958333333334 0.637962962962963 0.9953125 0.637962962962963 0.9953125 0.8222222222222222 0.9348958333333334 0.8222222222222222
2 0.765625 0.43333333333333335 0.8109375 0.43333333333333335 0.8109375 0.575 0.765625 0.575
2 0.6260416666666667 0.2518518518518518 0.6520833333333333 0.2518518518518518 0.6520833333333333 0.3425925925925926 0.6260416666666667 0.3425925925925926
2 0.49947916666666664 0.18518518518518517 0.5286458333333334 0.18518518518518517 0.5286458333333334 0.2490740740740741 0.49947916666666664 0.2490740740740741
2 0.4630208333333333 0.15555555555555556 0.47604166666666664 0.15555555555555556 0.47604166666666664 0.20925925925925926 0.4630208333333333 0.20925925925925926
2 0.41458333333333336 0.19814814814814816 0.43385416666666665 0.19814814814814816 0.43385416666666665 0.26296296296296295 0.41458333333333336 0.26296296296296295
2 0.4041666666666667 0.1787037037037037 0.41354166666666664 0.1787037037037037 0.41354166666666664 0.225 0.4041666666666667 0.225
2 0.37083333333333335 0.2212962962962963 0.38645833333333335 0.2212962962962963 0.38645833333333335 0.28703703703703703 0.37083333333333335 0.28703703703703703
2 0.35260416666666666 0.2777777777777778 0.375 0.2777777777777778 0.375 0.35648148148148145 0.35260416666666666 0.35648148148148145
2 0.3958333333333333 0.2675925925925926 0.409375 0.2675925925925926 0.409375 0.35 0.3958333333333333 0.35
2 0.37552083333333336 0.3685185185185185 0.4036458333333333 0.3685185185185185 0.4036458333333333 0.5055555555555555 0.37552083333333336 0.5055555555555555
2 0.43125 0.16018518518518518 0.44375 0.16018518518518518 0.44375 0.21296296296296297 0.43125 0.21296296296296297
2 0.44635416666666666 0.15092592592592594 0.45677083333333335 0.15092592592592594 0.45677083333333335 0.20833333333333334 0.44635416666666666 0.20833333333333334
2 0.4203125 0.1425925925925926 0.43072916666666666 0.1425925925925926 0.43072916666666666 0.18518518518518517 0.4203125 0.18518518518518517
2 0.4015625 0.12129629629629629 0.4114583333333333 0.12129629629629629 0.4114583333333333 0.15648148148148147 0.4015625 0.15648148148148147
2 0.4427083333333333 0.13425925925925927 0.45208333333333334 0.13425925925925927 0.45208333333333334 0.1685185185185185 0.4427083333333333 0.1685185185185185
2 0.45260416666666664 0.125 0.45989583333333334 0.125 0.45989583333333334 0.1574074074074074 0.45260416666666664 0.1574074074074074
2 0.46197916666666666 0.11574074074074074 0.4734375 0.11574074074074074 0.4734375 0.15648148148148147 0.46197916666666666 0.15648148148148147
2 0.5635416666666667 0.14074074074074075 0.575 0.14074074074074075 0.575 0.18796296296296297 0.5635416666666667 0.18796296296296297
2 0.5838541666666667 0.1361111111111111 0.5916666666666667 0.1361111111111111 0.5916666666666667 0.17777777777777778 0.5838541666666667 0.17777777777777778
2 0.5760416666666667 0.12222222222222222 0.5848958333333333 0.12222222222222222 0.5848958333333333 0.15648148148148147 0.5760416666666667 0.15648148148148147