1 0.14479166666666668 0.3138888888888889 0.26927083333333335 0.3138888888888889 0.26927083333333335 0.487962962962963 0.14479166666666668 0.487962962962963
1 0.321875 0.17407407407407408 0.390625 0.17407407407407408 0.390625 0.2351851851851852 0.321875 0.2351851851851852
2 0.1328125 0.862037037037037 0.21614583333333334 0.862037037037037 0.21614583333333334 1 0.1328125 1
2 0.21770833333333334 0.6092592592592593 0.2911458333333333 0.6092592592592593 0.2911458333333333 0.8287037037037037 0.21770833333333334 0.8287037037037037
2 0.0625 0.7537037037037037 0.146875 0.7537037037037037 0.146875 0.9935185185185185 0.0625 0.9935185185185185
2 0.7635416666666667 0.5601851851851852 0.8171875 0.5601851851851852 0.8171875 0.725 0.7635416666666667 0.725
2 0.9166666666666666 0.6990740740740741 0.9838541666666667 0.6990740740740741 0.9838541666666667 0.8953703703703704 0.9166666666666666 0.8953703703703704
2 0.30052083333333335 0.4287037037037037 0.3421875 0.4287037037037037 0.3421875 0.549074074074074 0.30052083333333335 0.549074074074074
2 0.6515625 0.31574074074074077 0.6796875 0.31574074074074077 0.6796875 0.40925925925925927 0.6515625 0.40925925925925927
2 0.65 0.46111111111111114 0.696875 0.46111111111111114 0.696875 0.5990740740740741 0.65 0.5990740740740741
2 0.3921875 0.2388888888888889 0.41510416666666666 0.2388888888888889 0.41510416666666666 0.3037037037037037 0.3921875 0.3037037037037037
2 0.421875 0.25833333333333336 0.45208333333333334 0.25833333333333336 0.45208333333333334 0.34444444444444444 0.421875 0.34444444444444444
2 0.5927083333333333 0.31203703703703706 0.6265625 0.31203703703703706 0.6265625 0.40185185185185185 0.5927083333333333 0.40185185185185185
2 0.3734375 0.3074074074074074 0.40520833333333334 0.3074074074074074 0.40520833333333334 0.4101851851851852 0.3734375 0.4101851851851852
2 0.6208333333333333 0.20092592592592592 0.6557291666666667 0.20092592592592592 0.6557291666666667 0.25462962962962965 0.6208333333333333 0.25462962962962965
2 0.5973958333333333 0.15833333333333333 0.6145833333333334 0.15833333333333333 0.6145833333333334 0.20092592592592592 0.5973958333333333 0.20092592592592592
2 0.5541666666666667 0.125 0.5703125 0.125 0.5703125 0.16666666666666666 0.5541666666666667 0.16666666666666666
2 0.4984375 0.16296296296296298 0.5291666666666667 0.16296296296296298 0.5291666666666667 0.22685185185185186 0.4984375 0.22685185185185186
2 0.5572916666666666 0.22592592592592592 0.58125 0.22592592592592592 0.58125 0.29444444444444445 0.5572916666666666 0.29444444444444445