1 0.4005208333333333 0.9055555555555556 0.4973958333333333 0.9055555555555556 0.4973958333333333 1 0.4005208333333333 1
1 0.31927083333333334 0.6953703703703704 0.3515625 0.6953703703703704 0.3515625 0.8175925925925925 0.31927083333333334 0.8175925925925925
2 0.54375 0.8055555555555556 0.6401041666666667 0.8055555555555556 0.6401041666666667 0.9231481481481482 0.54375 0.9231481481481482
2 0.40260416666666665 0.09351851851851851 0.4515625 0.09351851851851851 0.4515625 0.1527777777777778 0.40260416666666665 0.1527777777777778
2 0.3541666666666667 0.2 0.3958333333333333 0.2 0.3958333333333333 0.24722222222222223 0.3541666666666667 0.24722222222222223
2 0.40572916666666664 0.16574074074074074 0.4635416666666667 0.16574074074074074 0.4635416666666667 0.23148148148148148 0.40572916666666664 0.23148148148148148
2 0.3416666666666667 0.6481481481481481 0.37864583333333335 0.6481481481481481 0.37864583333333335 0.6925925925925925 0.3416666666666667 0.6925925925925925
2 0.39479166666666665 0.6166666666666667 0.4552083333333333 0.6166666666666667 0.4552083333333333 0.6796296296296296 0.39479166666666665 0.6796296296296296
2 0.29375 0.5907407407407408 0.3151041666666667 0.5907407407407408 0.3151041666666667 0.6157407407407407 0.29375 0.6157407407407407
2 0.3 0.36203703703703705 0.3260416666666667 0.36203703703703705 0.3260416666666667 0.4009259259259259 0.3 0.4009259259259259
2 0.325 0.5481481481481482 0.3572916666666667 0.5481481481481482 0.3572916666666667 0.5861111111111111 0.325 0.5861111111111111
2 0.296875 0.5027777777777778 0.32135416666666666 0.5027777777777778 0.32135416666666666 0.5305555555555556 0.296875 0.5305555555555556
2 0.35 0.5888888888888889 0.3848958333333333 0.5888888888888889 0.3848958333333333 0.6305555555555555 0.35 0.6305555555555555
2 0.32708333333333334 0.6314814814814815 0.3572916666666667 0.6314814814814815 0.3572916666666667 0.6722222222222223 0.32708333333333334 0.6722222222222223
2 0.3880208333333333 0.5370370370370371 0.4473958333333333 0.5370370370370371 0.4473958333333333 0.5888888888888889 0.3880208333333333 0.5888888888888889
2 0.33489583333333334 0.3037037037037037 0.36354166666666665 0.3037037037037037 0.36354166666666665 0.337037037037037 0.33489583333333334 0.337037037037037
2 0.6473958333333333 0.7981481481481482 0.78125 0.7981481481481482 0.78125 0.924074074074074 0.6473958333333333 0.924074074074074