1 0.5041666666666667 0 0.6020833333333333 0 0.6020833333333333 0.10462962962962963 0.5041666666666667 0.10462962962962963
1 0.6494791666666667 0.1935185185185185 0.6833333333333333 0.1935185185185185 0.6833333333333333 0.3111111111111111 0.6494791666666667 0.3111111111111111
2 0.6432291666666666 0.6518518518518519 0.6770833333333334 0.6518518518518519 0.6770833333333334 0.687037037037037 0.6432291666666666 0.687037037037037
2 0.7130208333333333 0.5685185185185185 0.7291666666666666 0.5685185185185185 0.7291666666666666 0.5898148148148148 0.7130208333333333 0.5898148148148148
2 0.4875 0.21481481481481482 0.5526041666666667 0.21481481481481482 0.5526041666666667 0.28425925925925927 0.4875 0.28425925925925927
2 0.6427083333333333 0.3851851851851852 0.6723958333333333 0.3851851851851852 0.6723958333333333 0.41944444444444445 0.6427083333333333 0.41944444444444445
2 0.296875 0 0.40729166666666666 0 0.40729166666666666 0.09166666666666666 0.296875 0.09166666666666666
2 0.5697916666666667 0.775 0.6161458333333333 0.775 0.6161458333333333 0.8277777777777777 0.5697916666666667 0.8277777777777777
2 0.640625 0.3333333333333333 0.6729166666666667 0.3333333333333333 0.6729166666666667 0.37037037037037035 0.640625 0.37037037037037035
2 0.659375 0.5944444444444444 0.690625 0.5944444444444444 0.690625 0.6342592592592593 0.659375 0.6342592592592593
2 0.59375 0.3537037037037037 0.6364583333333333 0.3537037037037037 0.6364583333333333 0.40555555555555556 0.59375 0.40555555555555556
2 0.6651041666666667 0.4166666666666667 0.6911458333333333 0.4166666666666667 0.6911458333333333 0.45 0.6651041666666667 0.45
2 0.6052083333333333 0.6824074074074075 0.6395833333333333 0.6824074074074075 0.6395833333333333 0.7212962962962963 0.6052083333333333 0.7212962962962963
2 0.6854166666666667 0.4722222222222222 0.7072916666666667 0.4722222222222222 0.7072916666666667 0.4981481481481482 0.6854166666666667 0.4981481481481482
2 0.6052083333333333 0.42777777777777776 0.6473958333333333 0.42777777777777776 0.6473958333333333 0.47129629629629627 0.6052083333333333 0.47129629629629627
2 0.503125 0.8981481481481481 0.5630208333333333 0.8981481481481481 0.5630208333333333 0.9787037037037037 0.503125 0.9787037037037037
2 0.6317708333333333 0.6944444444444444 0.6645833333333333 0.6944444444444444 0.6645833333333333 0.7361111111111112 0.6317708333333333 0.7361111111111112
2 0.4078125 0.2388888888888889 0.5083333333333333 0.2388888888888889 0.5083333333333333 0.32407407407407407 0.4078125 0.32407407407407407
2 0.465625 0.8416666666666667 0.5411458333333333 0.8416666666666667 0.5411458333333333 0.924074074074074 0.465625 0.924074074074074