1 0.1390625 0.30648148148148147 0.25625 0.30648148148148147 0.25625 0.4898148148148148 0.1390625 0.4898148148148148
1 0.671875 0.43703703703703706 0.8182291666666667 0.43703703703703706 0.8182291666666667 0.6185185185185185 0.671875 0.6185185185185185
0 0.334375 0.13055555555555556 0.4192708333333333 0.13055555555555556 0.4192708333333333 0.30462962962962964 0.334375 0.30462962962962964
2 0.8640625 0.6398148148148148 0.9244791666666666 0.6398148148148148 0.9244791666666666 0.7972222222222223 0.8640625 0.7972222222222223
1 0.5328125 0.10925925925925926 0.5640625 0.10925925925925926 0.5640625 0.15092592592592594 0.5328125 0.15092592592592594
2 0.6776041666666667 0.6666666666666666 0.7354166666666667 0.6666666666666666 0.7354166666666667 0.799074074074074 0.6776041666666667 0.799074074074074
2 0.22604166666666667 0.5462962962962963 0.27395833333333336 0.5462962962962963 0.27395833333333336 0.6759259259259259 0.22604166666666667 0.6759259259259259
2 0.3151041666666667 0.49444444444444446 0.3578125 0.49444444444444446 0.3578125 0.662962962962963 0.3151041666666667 0.662962962962963
2 0.00625 0.5435185185185185 0.09010416666666667 0.5435185185185185 0.09010416666666667 0.7175925925925926 0.00625 0.7175925925925926
2 0.33541666666666664 0.6824074074074075 0.4046875 0.6824074074074075 0.4046875 0.937962962962963 0.33541666666666664 0.937962962962963
2 0.6338541666666667 0.22407407407407406 0.6557291666666667 0.22407407407407406 0.6557291666666667 0.2861111111111111 0.6338541666666667 0.2861111111111111
1 0.4609375 0.11018518518518519 0.49635416666666665 0.11018518518518519 0.49635416666666665 0.15462962962962962 0.4609375 0.15462962962962962
2 0.5494791666666666 0.1574074074074074 0.5713541666666667 0.1574074074074074 0.5713541666666667 0.2101851851851852 0.5494791666666666 0.2101851851851852
2 0.63125 0.2972222222222222 0.6619791666666667 0.2972222222222222 0.6619791666666667 0.38981481481481484 0.63125 0.38981481481481484
2 0.225 0.5055555555555555 0.2703125 0.5055555555555555 0.2703125 0.587037037037037 0.225 0.587037037037037
1 0.571875 0.1287037037037037 0.6130208333333333 0.1287037037037037 0.6130208333333333 0.1814814814814815 0.571875 0.1814814814814815
2 0.4510416666666667 0.19166666666666668 0.4734375 0.19166666666666668 0.4734375 0.2490740740740741 0.4510416666666667 0.2490740740740741
2 0.38177083333333334 0.3194444444444444 0.4119791666666667 0.3194444444444444 0.4119791666666667 0.4203703703703704 0.38177083333333334 0.4203703703703704
2 0.24895833333333334 0.37407407407407406 0.28489583333333335 0.37407407407407406 0.28489583333333335 0.4898148148148148 0.24895833333333334 0.4898148148148148
2 0.6411458333333333 0.17592592592592593 0.6625 0.17592592592592593 0.6625 0.22685185185185186 0.6411458333333333 0.22685185185185186
2 0.4119791666666667 0.25277777777777777 0.43697916666666664 0.25277777777777777 0.43697916666666664 0.3574074074074074 0.4119791666666667 0.3574074074074074
2 0.44479166666666664 0.22870370370370371 0.46510416666666665 0.22870370370370371 0.46510416666666665 0.31574074074074077 0.44479166666666664 0.31574074074074077