1 0.496875 0 0.5953125 0 0.5953125 0.08611111111111111 0.496875 0.08611111111111111
1 0.6453125 0.20185185185185187 0.6807291666666667 0.20185185185185187 0.6807291666666667 0.3055555555555556 0.6453125 0.3055555555555556
1 0.6838541666666667 0.7712962962962963 0.7078125 0.7712962962962963 0.7078125 0.8685185185185185 0.6838541666666667 0.8685185185185185
1 0.6989583333333333 0.5814814814814815 0.7223958333333333 0.5814814814814815 0.7223958333333333 0.6259259259259259 0.6989583333333333 0.6259259259259259
2 0.3927083333333333 0 0.4984375 0 0.4984375 0.024074074074074074 0.3927083333333333 0.024074074074074074
2 0.28072916666666664 0 0.4161458333333333 0 0.4161458333333333 0.06574074074074074 0.28072916666666664 0.06574074074074074
2 0.515625 0.15555555555555556 0.5859375 0.15555555555555556 0.5859375 0.2074074074074074 0.515625 0.2074074074074074
2 0.47760416666666666 0.2675925925925926 0.5557291666666667 0.2675925925925926 0.5557291666666667 0.31574074074074077 0.47760416666666666 0.31574074074074077
2 0.5458333333333333 0.2675925925925926 0.603125 0.2675925925925926 0.603125 0.3194444444444444 0.5458333333333333 0.3194444444444444
2 0.5828125 0.24351851851851852 0.640625 0.24351851851851852 0.640625 0.2833333333333333 0.5828125 0.2833333333333333
2 0.5520833333333334 0.3509259259259259 0.6171875 0.3509259259259259 0.6171875 0.4009259259259259 0.5520833333333334 0.4009259259259259
2 0.6182291666666667 0.7685185185185185 0.6552083333333333 0.7685185185185185 0.6552083333333333 0.799074074074074 0.6182291666666667 0.799074074074074
2 0.5734375 0.7787037037037037 0.6234375 0.7787037037037037 0.6234375 0.8287037037037037 0.5734375 0.8287037037037037
2 0.6510416666666666 0.6092592592592593 0.6854166666666667 0.6092592592592593 0.6854166666666667 0.6472222222222223 0.6510416666666666 0.6472222222222223
2 0.6515625 0.6462962962962963 0.6833333333333333 0.6462962962962963 0.6833333333333333 0.6962962962962963 0.6515625 0.6962962962962963
2 0.6552083333333333 0.7175925925925926 0.6901041666666666 0.7175925925925926 0.6901041666666666 0.7379629629629629 0.6552083333333333 0.7379629629629629
2 0.6265625 0.3314814814814815 0.6692708333333334 0.3314814814814815 0.6692708333333334 0.35555555555555557 0.6265625 0.35555555555555557
2 0.6223958333333334 0.36944444444444446 0.659375 0.36944444444444446 0.659375 0.387037037037037 0.6223958333333334 0.387037037037037
2 0.6416666666666667 0.38796296296296295 0.6734375 0.38796296296296295 0.6734375 0.40555555555555556 0.6416666666666667 0.40555555555555556
2 0.6416666666666667 0.4222222222222222 0.6770833333333334 0.4222222222222222 0.6770833333333334 0.44351851851851853 0.6416666666666667 0.44351851851851853
2 0.6364583333333333 0.45555555555555555 0.6744791666666666 0.45555555555555555 0.6744791666666666 0.4759259259259259 0.6364583333333333 0.4759259259259259
2 0.6697916666666667 0.4722222222222222 0.6963541666666667 0.4722222222222222 0.6963541666666667 0.4925925925925926 0.6697916666666667 0.4925925925925926
2 0.678125 0.3333333333333333 0.6979166666666666 0.3333333333333333 0.6979166666666666 0.3472222222222222 0.678125 0.3472222222222222
2 0.6677083333333333 0.3453703703703704 0.6947916666666667 0.3453703703703704 0.6947916666666667 0.36203703703703705 0.6677083333333333 0.36203703703703705
2 0.6578125 0.35462962962962963 0.6859375 0.35462962962962963 0.6859375 0.37777777777777777 0.6578125 0.37777777777777777
2 0.6791666666666667 0.3888888888888889 0.703125 0.3888888888888889 0.703125 0.3990740740740741 0.6791666666666667 0.3990740740740741
2 0.6692708333333334 0.4101851851851852 0.7 0.4101851851851852 0.7 0.425 0.6692708333333334 0.425
2 0.6666666666666666 0.41574074074074074 0.6927083333333334 0.41574074074074074 0.6927083333333334 0.43796296296296294 0.6666666666666666 0.43796296296296294
2 0.6880208333333333 0.45740740740740743 0.709375 0.45740740740740743 0.709375 0.4703703703703704 0.6880208333333333 0.4703703703703704
2 0.6875 0.43148148148148147 0.7067708333333333 0.43148148148148147 0.7067708333333333 0.4462962962962963 0.6875 0.4462962962962963
2 0.6979166666666666 0.44074074074074077 0.7166666666666667 0.44074074074074077 0.7166666666666667 0.4527777777777778 0.6979166666666666 0.4527777777777778