1 0.5828125 0.5944444444444444 0.6354166666666666 0.5944444444444444 0.6354166666666666 0.7 0.5828125 0.7
1 0.6328125 0.18333333333333332 0.66875 0.18333333333333332 0.66875 0.28425925925925927 0.6328125 0.28425925925925927
1 0.6354166666666666 0.3888888888888889 0.675 0.3888888888888889 0.675 0.4564814814814815 0.6354166666666666 0.4564814814814815
1 0.6630208333333333 0.5527777777777778 0.6911458333333333 0.5527777777777778 0.6911458333333333 0.6055555555555555 0.6630208333333333 0.6055555555555555
2 0.33541666666666664 0 0.4515625 0 0.4515625 0.075 0.33541666666666664 0.075
2 0.39739583333333334 0.35 0.4973958333333333 0.35 0.4973958333333333 0.4083333333333333 0.39739583333333334 0.4083333333333333
2 0.4114583333333333 0.27314814814814814 0.521875 0.27314814814814814 0.521875 0.32222222222222224 0.4114583333333333 0.32222222222222224
2 0.42916666666666664 0.1787037037037037 0.5140625 0.1787037037037037 0.5140625 0.2324074074074074 0.42916666666666664 0.2324074074074074
2 0.4666666666666667 0.032407407407407406 0.5244791666666667 0.032407407407407406 0.5244791666666667 0.08611111111111111 0.4666666666666667 0.08611111111111111
2 0.48333333333333334 0.12314814814814815 0.5427083333333333 0.12314814814814815 0.5427083333333333 0.16574074074074074 0.48333333333333334 0.16574074074074074
2 0.5046875 0.2064814814814815 0.5677083333333334 0.2064814814814815 0.5677083333333334 0.25277777777777777 0.5046875 0.25277777777777777
2 0.5567708333333333 0.14907407407407408 0.6104166666666667 0.14907407407407408 0.6104166666666667 0.20277777777777778 0.5567708333333333 0.20277777777777778
2 0.5463541666666667 0.18611111111111112 0.6078125 0.18611111111111112 0.6078125 0.22314814814814815 0.5463541666666667 0.22314814814814815
2 0.5473958333333333 0.2712962962962963 0.5963541666666666 0.2712962962962963 0.5963541666666666 0.30833333333333335 0.5473958333333333 0.30833333333333335
2 0.5744791666666667 0.2740740740740741 0.625 0.2740740740740741 0.625 0.30648148148148147 0.5744791666666667 0.30648148148148147
2 0.5723958333333333 0.33796296296296297 0.6234375 0.33796296296296297 0.6234375 0.38055555555555554 0.5723958333333333 0.38055555555555554
2 0.4859375 0.8018518518518518 0.5572916666666666 0.8018518518518518 0.5572916666666666 0.8925925925925926 0.4859375 0.8925925925925926
2 0.6255208333333333 0.30092592592592593 0.6541666666666667 0.30092592592592593 0.6541666666666667 0.33796296296296297 0.6255208333333333 0.33796296296296297
2 0.6432291666666666 0.30833333333333335 0.6713541666666667 0.30833333333333335 0.6713541666666667 0.33055555555555555 0.6432291666666666 0.33055555555555555
2 0.634375 0.3425925925925926 0.6630208333333333 0.3425925925925926 0.6630208333333333 0.375 0.634375 0.375
2 0.65625 0.3592592592592593 0.6854166666666667 0.3592592592592593 0.6854166666666667 0.38333333333333336 0.65625 0.38333333333333336
2 0.6697916666666667 0.3388888888888889 0.6895833333333333 0.3388888888888889 0.6895833333333333 0.3611111111111111 0.6697916666666667 0.3611111111111111
2 0.6786458333333333 0.4388888888888889 0.7036458333333333 0.4388888888888889 0.7036458333333333 0.4648148148148148 0.6786458333333333 0.4648148148148148
2 0.6786458333333333 0.412962962962963 0.7020833333333333 0.412962962962963 0.7020833333333333 0.42407407407407405 0.6786458333333333 0.42407407407407405
2 0.6760416666666667 0.38425925925925924 0.6984375 0.38425925925925924 0.6984375 0.40555555555555556 0.6760416666666667 0.40555555555555556
2 0.64375 0.4759259259259259 0.678125 0.4759259259259259 0.678125 0.5324074074074074 0.64375 0.5324074074074074
2 0.6520833333333333 0.6370370370370371 0.68125 0.6370370370370371 0.68125 0.662962962962963 0.6520833333333333 0.662962962962963
2 0.6552083333333333 0.675 0.6869791666666667 0.675 0.6869791666666667 0.687037037037037 0.6552083333333333 0.687037037037037
1 0.4869791666666667 0 0.5864583333333333 0 0.5864583333333333 0.06759259259259259 0.4869791666666667 0.06759259259259259