1 0.5072916666666667 0 0.6088541666666667 0 0.6088541666666667 0.08518518518518518 0.5072916666666667 0.08518518518518518
0 0.5385416666666667 0.11481481481481481 0.6677083333333333 0.11481481481481481 0.6677083333333333 0.3351851851851852 0.5385416666666667 0.3351851851851852
1 0.5807291666666666 0.7157407407407408 0.6390625 0.7157407407407408 0.6390625 0.8416666666666667 0.5807291666666666 0.8416666666666667
1 0.6651041666666667 0.4083333333333333 0.7010416666666667 0.4083333333333333 0.7010416666666667 0.48518518518518516 0.6651041666666667 0.48518518518518516
2 0.3796875 0.9722222222222222 0.48125 0.9722222222222222 0.48125 1 0.3796875 1
2 0.509375 0.9287037037037037 0.575 0.9287037037037037 0.575 0.9953703703703703 0.509375 0.9953703703703703
2 0.26666666666666666 0.05925925925925926 0.39791666666666664 0.05925925925925926 0.39791666666666664 0.16296296296296298 0.26666666666666666 0.16296296296296298
2 0.43802083333333336 0.13148148148148148 0.5151041666666667 0.13148148148148148 0.5151041666666667 0.21666666666666667 0.43802083333333336 0.21666666666666667
2 0.5130208333333334 0.7907407407407407 0.5723958333333333 0.7907407407407407 0.5723958333333333 0.8555555555555555 0.5130208333333334 0.8555555555555555
2 0.4546875 0.32037037037037036 0.534375 0.32037037037037036 0.534375 0.40555555555555556 0.4546875 0.40555555555555556
2 0.246875 0.8240740740740741 0.3692708333333333 0.8240740740740741 0.3692708333333333 0.9425925925925925 0.246875 0.9425925925925925
2 0.5760416666666667 0.625 0.6291666666666667 0.625 0.6291666666666667 0.675 0.5760416666666667 0.675
1 0.715625 0.549074074074074 0.734375 0.549074074074074 0.734375 0.5925925925925926 0.715625 0.5925925925925926
2 0.6963541666666667 0.5842592592592593 0.7182291666666667 0.5842592592592593 0.7182291666666667 0.6101851851851852 0.6963541666666667 0.6101851851851852
2 0.6510416666666666 0.6712962962962963 0.6927083333333334 0.6712962962962963 0.6927083333333334 0.7092592592592593 0.6510416666666666 0.7092592592592593
2 0.5661458333333333 0.38981481481481484 0.6255208333333333 0.38981481481481484 0.6255208333333333 0.4546296296296296 0.5661458333333333 0.4546296296296296
2 0.6776041666666667 0.6731481481481482 0.7010416666666667 0.6731481481481482 0.7010416666666667 0.7083333333333334 0.6776041666666667 0.7083333333333334