1 0.14583333333333334 0.32407407407407407 0.27291666666666664 0.32407407407407407 0.27291666666666664 0.5 0.14583333333333334 0.5
1 0.3614583333333333 0.37592592592592594 0.4588541666666667 0.37592592592592594 0.4588541666666667 0.5314814814814814 0.3614583333333333 0.5314814814814814
2 0.1140625 0.8638888888888889 0.2 0.8638888888888889 0.2 1 0.1140625 1
2 0.7015625 0.43796296296296294 0.7432291666666667 0.43796296296296294 0.7432291666666667 0.562962962962963 0.7015625 0.562962962962963
1 0.31979166666666664 0.17777777777777778 0.3828125 0.17777777777777778 0.3828125 0.24074074074074073 0.31979166666666664 0.24074074074074073
2 0.10729166666666666 0.5638888888888889 0.17135416666666667 0.5638888888888889 0.17135416666666667 0.7379629629629629 0.10729166666666666 0.7379629629629629
2 0.690625 0.2833333333333333 0.7229166666666667 0.2833333333333333 0.7229166666666667 0.3592592592592593 0.690625 0.3592592592592593
2 0.21614583333333334 0.5675925925925925 0.26875 0.5675925925925925 0.26875 0.737037037037037 0.21614583333333334 0.737037037037037
2 0.34739583333333335 0.32407407407407407 0.3765625 0.32407407407407407 0.3765625 0.4083333333333333 0.34739583333333335 0.4083333333333333
2 0.3697916666666667 0.26296296296296295 0.39739583333333334 0.26296296296296295 0.39739583333333334 0.3416666666666667 0.3697916666666667 0.3416666666666667
2 0.40729166666666666 0.275 0.43385416666666665 0.275 0.43385416666666665 0.35462962962962963 0.40729166666666666 0.35462962962962963
2 0.24322916666666666 0.44907407407407407 0.28854166666666664 0.44907407407407407 0.28854166666666664 0.5592592592592592 0.24322916666666666 0.5592592592592592
2 0.6432291666666666 0.337037037037037 0.6739583333333333 0.337037037037037 0.6739583333333333 0.4388888888888889 0.6432291666666666 0.4388888888888889
2 0.4609375 0.10740740740740741 0.4739583333333333 0.10740740740740741 0.4739583333333333 0.1398148148148148 0.4609375 0.1398148148148148
2 0.4635416666666667 0.19537037037037036 0.48020833333333335 0.19537037037037036 0.48020833333333335 0.2490740740740741 0.4635416666666667 0.2490740740740741
2 0.44166666666666665 0.2212962962962963 0.4625 0.2212962962962963 0.4625 0.275 0.44166666666666665 0.275
2 0.49166666666666664 0.13425925925925927 0.5057291666666667 0.13425925925925927 0.5057291666666667 0.17777777777777778 0.49166666666666664 0.17777777777777778
2 0.5973958333333333 0.16944444444444445 0.6145833333333334 0.16944444444444445 0.6145833333333334 0.21851851851851853 0.5973958333333333 0.21851851851851853
2 0.6302083333333334 0.17037037037037037 0.6489583333333333 0.17037037037037037 0.6489583333333333 0.22314814814814815 0.6302083333333334 0.22314814814814815
2 0.41354166666666664 0.20092592592592592 0.4354166666666667 0.20092592592592592 0.4354166666666667 0.2537037037037037 0.41354166666666664 0.2537037037037037
2 0.26979166666666665 0.6564814814814814 0.34375 0.6564814814814814 0.34375 0.8222222222222222 0.26979166666666665 0.8222222222222222