1 0.1421875 0.32314814814814813 0.2703125 0.32314814814814813 0.2703125 0.5009259259259259 0.1421875 0.5009259259259259
1 0.34427083333333336 0.4583333333333333 0.4583333333333333 0.4583333333333333 0.4583333333333333 0.6898148148148148 0.34427083333333336 0.6898148148148148
1 0.3307291666666667 0.18055555555555555 0.3885416666666667 0.18055555555555555 0.3885416666666667 0.24351851851851852 0.3307291666666667 0.24351851851851852
1 0.5479166666666667 0.125 0.5786458333333333 0.125 0.5786458333333333 0.16666666666666666 0.5479166666666667 0.16666666666666666
1 0.6609375 0.12407407407407407 0.7098958333333333 0.12407407407407407 0.7098958333333333 0.18055555555555555 0.6609375 0.18055555555555555
2 0.7072916666666667 0.3861111111111111 0.7484375 0.3861111111111111 0.7484375 0.5092592592592593 0.7072916666666667 0.5092592592592593
2 0.14791666666666667 0.6027777777777777 0.2015625 0.6027777777777777 0.2015625 0.8231481481481482 0.14791666666666667 0.8231481481481482
2 0.2828125 0.36203703703703705 0.32135416666666666 0.36203703703703705 0.32135416666666666 0.4787037037037037 0.2828125 0.4787037037037037
2 0.33489583333333334 0.3768518518518518 0.3640625 0.3768518518518518 0.3640625 0.4888888888888889 0.33489583333333334 0.4888888888888889
2 0.35625 0.26296296296296295 0.3697916666666667 0.26296296296296295 0.3697916666666667 0.3425925925925926 0.35625 0.3425925925925926
2 0.39427083333333335 0.2037037037037037 0.40520833333333334 0.2037037037037037 0.40520833333333334 0.26666666666666666 0.39427083333333335 0.26666666666666666
2 0.4015625 0.24074074074074073 0.4197916666666667 0.24074074074074073 0.4197916666666667 0.31666666666666665 0.4015625 0.31666666666666665
2 0.42864583333333334 0.27685185185185185 0.4479166666666667 0.27685185185185185 0.4479166666666667 0.3611111111111111 0.42864583333333334 0.3611111111111111
2 0.434375 0.22407407407407406 0.45208333333333334 0.22407407407407406 0.45208333333333334 0.2953703703703704 0.434375 0.2953703703703704
2 0.6479166666666667 0.20833333333333334 0.6635416666666667 0.20833333333333334 0.6635416666666667 0.2740740740740741 0.6479166666666667 0.2740740740740741
2 0.6817708333333333 0.2722222222222222 0.7041666666666667 0.2722222222222222 0.7041666666666667 0.34629629629629627 0.6817708333333333 0.34629629629629627
2 0.40572916666666664 0.13518518518518519 0.41458333333333336 0.13518518518518519 0.41458333333333336 0.17685185185185184 0.40572916666666664 0.17685185185185184
2 0.42604166666666665 0.1685185185185185 0.43333333333333335 0.1685185185185185 0.43333333333333335 0.22407407407407406 0.42604166666666665 0.22407407407407406
2 0.42916666666666664 0.13333333333333333 0.4354166666666667 0.13333333333333333 0.4354166666666667 0.16574074074074074 0.42916666666666664 0.16574074074074074
2 0.4359375 0.1425925925925926 0.4427083333333333 0.1425925925925926 0.4427083333333333 0.18796296296296297 0.4359375 0.18796296296296297
2 0.4510416666666667 0.1675925925925926 0.46041666666666664 0.1675925925925926 0.46041666666666664 0.21851851851851853 0.4510416666666667 0.21851851851851853
2 0.4661458333333333 0.14907407407407408 0.47552083333333334 0.14907407407407408 0.47552083333333334 0.1962962962962963 0.4661458333333333 0.1962962962962963
2 0.4921875 0.1527777777777778 0.5005208333333333 0.1527777777777778 0.5005208333333333 0.19814814814814816 0.4921875 0.19814814814814816
2 0.4890625 0.12037037037037036 0.5 0.12037037037037036 0.5 0.15555555555555556 0.4890625 0.15555555555555556
2 0.47291666666666665 0.10925925925925926 0.48072916666666665 0.10925925925925926 0.48072916666666665 0.14814814814814814 0.47291666666666665 0.14814814814814814
2 0.4421875 0.12407407407407407 0.44947916666666665 0.12407407407407407 0.44947916666666665 0.16203703703703703 0.4421875 0.16203703703703703
2 0.4557291666666667 0.125 0.4640625 0.125 0.4640625 0.1675925925925926 0.4557291666666667 0.1675925925925926
2 0.4625 0.11666666666666667 0.4708333333333333 0.11666666666666667 0.4708333333333333 0.15462962962962962 0.4625 0.15462962962962962
2 0.5453125 0.1814814814814815 0.5869791666666667 0.1814814814814815 0.5869791666666667 0.23796296296296296 0.5453125 0.23796296296296296
2 0.5901041666666667 0.12777777777777777 0.6015625 0.12777777777777777 0.6015625 0.17037037037037037 0.5901041666666667 0.17037037037037037