1 0.14583333333333334 0.31203703703703706 0.271875 0.31203703703703706 0.271875 0.48703703703703705 0.14583333333333334 0.48703703703703705
1 0.32395833333333335 0.17222222222222222 0.390625 0.17222222222222222 0.390625 0.2361111111111111 0.32395833333333335 0.2361111111111111
2 0.7604166666666666 0.6074074074074074 0.8239583333333333 0.6074074074074074 0.8239583333333333 0.7814814814814814 0.7604166666666666 0.7814814814814814
2 0.6807291666666667 0.35462962962962963 0.715625 0.35462962962962963 0.715625 0.4564814814814815 0.6807291666666667 0.4564814814814815
2 0.7744791666666667 0.4703703703703704 0.8203125 0.4703703703703704 0.8203125 0.5777777777777777 0.7744791666666667 0.5777777777777777
2 0.14166666666666666 0.6546296296296297 0.20520833333333333 0.6546296296296297 0.20520833333333333 0.862037037037037 0.14166666666666666 0.862037037037037
2 0.5854166666666667 0.22037037037037038 0.6072916666666667 0.22037037037037038 0.6072916666666667 0.29074074074074074 0.5854166666666667 0.29074074074074074
2 0.3885416666666667 0.362962962962963 0.42916666666666664 0.362962962962963 0.42916666666666664 0.4861111111111111 0.3885416666666667 0.4861111111111111
2 0.30104166666666665 0.4648148148148148 0.3484375 0.4648148148148148 0.3484375 0.5851851851851851 0.30104166666666665 0.5851851851851851
2 0.41510416666666666 0.175 0.4328125 0.175 0.4328125 0.22407407407407406 0.41510416666666666 0.22407407407407406
2 0.4317708333333333 0.2037037037037037 0.4557291666666667 0.2037037037037037 0.4557291666666667 0.2740740740740741 0.4317708333333333 0.2740740740740741
2 0.6171875 0.30092592592592593 0.6489583333333333 0.30092592592592593 0.6489583333333333 0.38796296296296295 0.6171875 0.38796296296296295
2 0.5526041666666667 0.18055555555555555 0.5744791666666667 0.18055555555555555 0.5744791666666667 0.24351851851851852 0.5526041666666667 0.24351851851851852
2 0.6552083333333333 0.18518518518518517 0.6770833333333334 0.18518518518518517 0.6770833333333334 0.24166666666666667 0.6552083333333333 0.24166666666666667
2 0.5770833333333333 0.12314814814814815 0.590625 0.12314814814814815 0.590625 0.15833333333333333 0.5770833333333333 0.15833333333333333
2 0.6135416666666667 0.1648148148148148 0.6338541666666667 0.1648148148148148 0.6338541666666667 0.21203703703703702 0.6135416666666667 0.21203703703703702
2 0.5645833333333333 0.17314814814814813 0.5833333333333334 0.17314814814814813 0.5833333333333334 0.22592592592592592 0.5645833333333333 0.22592592592592592
2 0.6255208333333333 0.23148148148148148 0.6484375 0.23148148148148148 0.6484375 0.30092592592592593 0.6255208333333333 0.30092592592592593
2 0.37395833333333334 0.3212962962962963 0.403125 0.3212962962962963 0.403125 0.40925925925925927 0.37395833333333334 0.40925925925925927