1 0.14791666666666667 0.32407407407407407 0.27291666666666664 0.32407407407407407 0.27291666666666664 0.5 0.14791666666666667 0.5
1 0.42916666666666664 0.23703703703703705 0.4828125 0.23703703703703705 0.4828125 0.32407407407407407 0.42916666666666664 0.32407407407407407
2 0.08177083333333333 0.7731481481481481 0.15729166666666666 0.7731481481481481 0.15729166666666666 0.9972222222222222 0.08177083333333333 0.9972222222222222
1 0.3234375 0.17685185185185184 0.390625 0.17685185185185184 0.390625 0.2388888888888889 0.3234375 0.2388888888888889
2 0.8723958333333334 0.5268518518518519 0.9411458333333333 0.5268518518518519 0.9411458333333333 0.6888888888888889 0.8723958333333334 0.6888888888888889
2 0.7057291666666666 0.31296296296296294 0.7401041666666667 0.31296296296296294 0.7401041666666667 0.4046296296296296 0.7057291666666666 0.4046296296296296
2 0 0.6472222222222223 0.04791666666666667 0.6472222222222223 0.04791666666666667 0.8287037037037037 0 0.8287037037037037
2 0.2760416666666667 0.7194444444444444 0.346875 0.7194444444444444 0.346875 0.9435185185185185 0.2760416666666667 0.9435185185185185
2 0.19791666666666666 0.5314814814814814 0.25677083333333334 0.5314814814814814 0.25677083333333334 0.6935185185185185 0.19791666666666666 0.6935185185185185
2 0.6588541666666666 0.2953703703703704 0.6890625 0.2953703703703704 0.6890625 0.37777777777777777 0.6588541666666666 0.37777777777777777
2 0.2671875 0.39444444444444443 0.309375 0.39444444444444443 0.309375 0.5194444444444445 0.2671875 0.5194444444444445
2 0.3625 0.44537037037037036 0.4109375 0.44537037037037036 0.4109375 0.5842592592592593 0.3625 0.5842592592592593
2 0.4005208333333333 0.26666666666666666 0.4276041666666667 0.26666666666666666 0.4276041666666667 0.3509259259259259 0.4005208333333333 0.3509259259259259
2 0.6484375 0.21296296296296297 0.6765625 0.21296296296296297 0.6765625 0.287962962962963 0.6484375 0.287962962962963
2 0.6192708333333333 0.2101851851851852 0.6421875 0.2101851851851852 0.6421875 0.2814814814814815 0.6192708333333333 0.2814814814814815
2 0.3416666666666667 0.3277777777777778 0.3703125 0.3277777777777778 0.3703125 0.42407407407407405 0.3416666666666667 0.42407407407407405
2 0.496875 0.175 0.5145833333333333 0.175 0.5145833333333333 0.22777777777777777 0.496875 0.22777777777777777
2 0.42083333333333334 0.20925925925925926 0.440625 0.20925925925925926 0.440625 0.2574074074074074 0.42083333333333334 0.2574074074074074
2 0.45260416666666664 0.18888888888888888 0.46927083333333336 0.18888888888888888 0.46927083333333336 0.22962962962962963 0.45260416666666664 0.22962962962962963
2 0.459375 0.1537037037037037 0.4744791666666667 0.1537037037037037 0.4744791666666667 0.19537037037037036 0.459375 0.19537037037037036
2 0.4166666666666667 0.14907407407407408 0.43125 0.14907407407407408 0.43125 0.18518518518518517 0.4166666666666667 0.18518518518518517
2 0.60625 0.12962962962962962 0.6223958333333334 0.12962962962962962 0.6223958333333334 0.1685185185185185 0.60625 0.1685185185185185
2 0.3609375 0.2740740740740741 0.38697916666666665 0.2740740740740741 0.38697916666666665 0.3435185185185185 0.3609375 0.3435185185185185
2 0.39791666666666664 0.1787037037037037 0.41822916666666665 0.1787037037037037 0.41822916666666665 0.22962962962962963 0.39791666666666664 0.22962962962962963
2 0.47760416666666666 0.13796296296296295 0.49114583333333334 0.13796296296296295 0.49114583333333334 0.17962962962962964 0.47760416666666666 0.17962962962962964
2 0.42552083333333335 0.17777777777777778 0.4421875 0.17777777777777778 0.4421875 0.21944444444444444 0.42552083333333335 0.21944444444444444
2 0.5744791666666667 0.11666666666666667 0.590625 0.11666666666666667 0.590625 0.15185185185185185 0.5744791666666667 0.15185185185185185
2 0.43645833333333334 0.15185185185185185 0.45208333333333334 0.15185185185185185 0.45208333333333334 0.19444444444444445 0.43645833333333334 0.19444444444444445
2 0.3807291666666667 0.3453703703703704 0.4114583333333333 0.3453703703703704 0.4114583333333333 0.43148148148148147 0.3807291666666667 0.43148148148148147