1 0.13958333333333334 0.30648148148148147 0.2671875 0.30648148148148147 0.2671875 0.487962962962963 0.13958333333333334 0.487962962962963
0 0.2953125 0.19722222222222222 0.41354166666666664 0.19722222222222222 0.41354166666666664 0.4148148148148148 0.2953125 0.4148148148148148
1 0.446875 0.1388888888888889 0.4895833333333333 0.1388888888888889 0.4895833333333333 0.2 0.446875 0.2
2 0.7140625 0.8287037037037037 0.7989583333333333 0.8287037037037037 0.7989583333333333 0.9953703703703703 0.7140625 0.9953703703703703
2 0 0.7722222222222223 0.05 0.7722222222222223 0.05 0.9962962962962963 0 0.9962962962962963
2 0.8104166666666667 0.6305555555555555 0.8864583333333333 0.6305555555555555 0.8864583333333333 0.8185185185185185 0.8104166666666667 0.8185185185185185
2 0.8598958333333333 0.5027777777777778 0.9114583333333334 0.5027777777777778 0.9114583333333334 0.649074074074074 0.8598958333333333 0.649074074074074
2 0.005208333333333333 0.5398148148148149 0.08802083333333334 0.5398148148148149 0.08802083333333334 0.725 0.005208333333333333 0.725
1 0.6255208333333333 0.2638888888888889 0.6989583333333333 0.2638888888888889 0.6989583333333333 0.37962962962962965 0.6255208333333333 0.37962962962962965
2 0.31666666666666665 0.42685185185185187 0.35625 0.42685185185185187 0.35625 0.5601851851851852 0.31666666666666665 0.5601851851851852
2 0.409375 0.3925925925925926 0.4510416666666667 0.3925925925925926 0.4510416666666667 0.5212962962962963 0.409375 0.5212962962962963
2 0.6760416666666667 0.3990740740740741 0.715625 0.3990740740740741 0.715625 0.5203703703703704 0.6760416666666667 0.5203703703703704
2 0.27395833333333336 0.600925925925926 0.33177083333333335 0.600925925925926 0.33177083333333335 0.8018518518518518 0.27395833333333336 0.8018518518518518
2 0.75625 0.3990740740740741 0.7942708333333334 0.3990740740740741 0.7942708333333334 0.5157407407407407 0.75625 0.5157407407407407
2 0.4395833333333333 0.26481481481481484 0.4765625 0.26481481481481484 0.4765625 0.3611111111111111 0.4395833333333333 0.3611111111111111
2 0.575 0.2833333333333333 0.6072916666666667 0.2833333333333333 0.6072916666666667 0.38981481481481484 0.575 0.38981481481481484
2 0.5473958333333333 0.11574074074074074 0.5630208333333333 0.11574074074074074 0.5630208333333333 0.15648148148148147 0.5473958333333333 0.15648148148148147
1 0.528125 0.08518518518518518 0.5536458333333333 0.08518518518518518 0.5536458333333333 0.12037037037037036 0.528125 0.12037037037037036
2 0.7265625 0.30277777777777776 0.7604166666666666 0.30277777777777776 0.7604166666666666 0.4027777777777778 0.7265625 0.4027777777777778
2 0.6036458333333333 0.1814814814814815 0.6239583333333333 0.1814814814814815 0.6239583333333333 0.24444444444444444 0.6036458333333333 0.24444444444444444