1 0.14114583333333333 0.33425925925925926 0.26458333333333334 0.33425925925925926 0.26458333333333334 0.5148148148148148 0.14114583333333333 0.5148148148148148
1 0.4140625 0.2898148148148148 0.47708333333333336 0.2898148148148148 0.47708333333333336 0.40925925925925927 0.4140625 0.40925925925925927
1 0.3307291666666667 0.18611111111111112 0.3859375 0.18611111111111112 0.3859375 0.24814814814814815 0.3307291666666667 0.24814814814814815
1 0.5505208333333333 0.15833333333333333 0.5901041666666667 0.15833333333333333 0.5901041666666667 0.21574074074074073 0.5505208333333333 0.21574074074074073
1 0.5291666666666667 0.11388888888888889 0.5546875 0.11388888888888889 0.5546875 0.15185185185185185 0.5291666666666667 0.15185185185185185
1 0.659375 0.13796296296296295 0.7041666666666667 0.13796296296296295 0.7041666666666667 0.17962962962962964 0.659375 0.17962962962962964
2 0.7770833333333333 0.4101851851851852 0.8135416666666667 0.4101851851851852 0.8135416666666667 0.5342592592592592 0.7770833333333333 0.5342592592592592
2 0.1109375 0.5675925925925925 0.15989583333333332 0.5675925925925925 0.15989583333333332 0.7333333333333333 0.1109375 0.7333333333333333
2 0.07604166666666666 0.6833333333333333 0.14114583333333333 0.6833333333333333 0.14114583333333333 0.8944444444444445 0.07604166666666666 0.8944444444444445
2 0.11927083333333334 0.7712962962962963 0.18125 0.7712962962962963 0.18125 0.9925925925925926 0.11927083333333334 0.9925925925925926
2 0.24114583333333334 0.5287037037037037 0.29739583333333336 0.5287037037037037 0.29739583333333336 0.7314814814814815 0.24114583333333334 0.7314814814814815
2 0.27447916666666666 0.5879629629629629 0.34010416666666665 0.5879629629629629 0.34010416666666665 0.7814814814814814 0.27447916666666666 0.7814814814814814
2 0.296875 0.35 0.33489583333333334 0.35 0.33489583333333334 0.47129629629629627 0.296875 0.47129629629629627
2 0.3515625 0.37777777777777777 0.3807291666666667 0.37777777777777777 0.3807291666666667 0.487962962962963 0.3515625 0.487962962962963
2 0.34427083333333336 0.2574074074074074 0.36614583333333334 0.2574074074074074 0.36614583333333334 0.36944444444444446 0.34427083333333336 0.36944444444444446
2 0.3958333333333333 0.24166666666666667 0.41822916666666665 0.24166666666666667 0.41822916666666665 0.3138888888888889 0.3958333333333333 0.3138888888888889
2 0.696875 0.30648148148148147 0.7234375 0.30648148148148147 0.7234375 0.4009259259259259 0.696875 0.4009259259259259
2 0.38958333333333334 0.20462962962962963 0.40625 0.20462962962962963 0.40625 0.2657407407407407 0.38958333333333334 0.2657407407407407
2 0.421875 0.18055555555555555 0.434375 0.18055555555555555 0.434375 0.2388888888888889 0.421875 0.2388888888888889
2 0.4109375 0.16203703703703703 0.4270833333333333 0.16203703703703703 0.4270833333333333 0.2074074074074074 0.4109375 0.2074074074074074
2 0.4005208333333333 0.11944444444444445 0.41510416666666666 0.11944444444444445 0.41510416666666666 0.16574074074074074 0.4005208333333333 0.16574074074074074
2 0.4348958333333333 0.14351851851851852 0.4427083333333333 0.14351851851851852 0.4427083333333333 0.17962962962962964 0.4348958333333333 0.17962962962962964
2 0.4427083333333333 0.175 0.45989583333333334 0.175 0.45989583333333334 0.23055555555555557 0.4427083333333333 0.23055555555555557
2 0.45625 0.18796296296296297 0.46875 0.18796296296296297 0.46875 0.24444444444444444 0.45625 0.24444444444444444
2 0.5151041666666667 0.18796296296296297 0.5453125 0.18796296296296297 0.5453125 0.2462962962962963 0.5151041666666667 0.2462962962962963
2 0.6177083333333333 0.1787037037037037 0.6328125 0.1787037037037037 0.6328125 0.23703703703703705 0.6177083333333333 0.23703703703703705
2 0.5604166666666667 0.11296296296296296 0.5697916666666667 0.11296296296296296 0.5697916666666667 0.15925925925925927 0.5604166666666667 0.15925925925925927
2 0.5802083333333333 0.11574074074074074 0.5880208333333333 0.11574074074074074 0.5880208333333333 0.1527777777777778 0.5802083333333333 0.1527777777777778
2 0.475 0.12407407407407407 0.48333333333333334 0.12407407407407407 0.48333333333333334 0.16018518518518518 0.475 0.16018518518518518
2 0.49270833333333336 0.11944444444444445 0.5005208333333333 0.11944444444444445 0.5005208333333333 0.15555555555555556 0.49270833333333336 0.15555555555555556
2 0.45677083333333335 0.1361111111111111 0.46979166666666666 0.1361111111111111 0.46979166666666666 0.17407407407407408 0.45677083333333335 0.17407407407407408
2 0.44375 0.1259259259259259 0.4552083333333333 0.1259259259259259 0.4552083333333333 0.1574074074074074 0.44375 0.1574074074074074