1 0.3958333333333333 0.9092592592592592 0.4979166666666667 0.9092592592592592 0.4979166666666667 1 0.3958333333333333 1
2 0.31875 0.3814814814814815 0.34739583333333335 0.3814814814814815 0.34739583333333335 0.4462962962962963 0.31875 0.4462962962962963
1 0.3203125 0.7157407407407408 0.35833333333333334 0.7157407407407408 0.35833333333333334 0.8231481481481482 0.3203125 0.8231481481481482
2 0.4390625 0 0.5046875 0 0.5046875 0.06018518518518518 0.4390625 0.06018518518518518
2 0.49114583333333334 0.7074074074074074 0.5864583333333333 0.7074074074074074 0.5864583333333333 0.8027777777777778 0.49114583333333334 0.8027777777777778
2 0.36302083333333335 0.6759259259259259 0.4125 0.6759259259259259 0.4125 0.7305555555555555 0.36302083333333335 0.7305555555555555
2 0.35052083333333334 0.5546296296296296 0.39479166666666665 0.5546296296296296 0.39479166666666665 0.5981481481481481 0.35052083333333334 0.5981481481481481
2 0.5104166666666666 0.5638888888888889 0.6119791666666666 0.5638888888888889 0.6119791666666666 0.6546296296296297 0.5104166666666666 0.6546296296296297
2 0.29583333333333334 0.3148148148148148 0.32135416666666666 0.3148148148148148 0.32135416666666666 0.3435185185185185 0.29583333333333334 0.3435185185185185
2 0.30364583333333334 0.5111111111111111 0.3307291666666667 0.5111111111111111 0.3307291666666667 0.5398148148148149 0.30364583333333334 0.5398148148148149
2 0.3880208333333333 0.6175925925925926 0.4453125 0.6175925925925926 0.4453125 0.6712962962962963 0.3880208333333333 0.6712962962962963
2 0.303125 0.6027777777777777 0.32708333333333334 0.6027777777777777 0.32708333333333334 0.6287037037037037 0.303125 0.6287037037037037
2 0.31197916666666664 0.3388888888888889 0.33645833333333336 0.3388888888888889 0.33645833333333336 0.36944444444444446 0.31197916666666664 0.36944444444444446
2 0.30052083333333335 0.5537037037037037 0.3234375 0.5537037037037037 0.3234375 0.5777777777777777 0.30052083333333335 0.5777777777777777
2 0.3171875 0.6527777777777778 0.3421875 0.6527777777777778 0.3421875 0.6851851851851852 0.3171875 0.6851851851851852
2 0.3614583333333333 0.22962962962962963 0.40677083333333336 0.22962962962962963 0.40677083333333336 0.27037037037037037 0.3614583333333333 0.27037037037037037
2 0.3572916666666667 0.1787037037037037 0.40572916666666664 0.1787037037037037 0.40572916666666664 0.21296296296296297 0.3572916666666667 0.21296296296296297
2 0.32135416666666666 0.24351851851851852 0.3572916666666667 0.24351851851851852 0.3572916666666667 0.275 0.32135416666666666 0.275
2 0.3489583333333333 0.6138888888888889 0.3953125 0.6138888888888889 0.3953125 0.6472222222222223 0.3489583333333333 0.6472222222222223
2 0.34322916666666664 0.6583333333333333 0.38125 0.6583333333333333 0.38125 0.6944444444444444 0.34322916666666664 0.6944444444444444