1 0.14375 0.32314814814814813 0.27291666666666664 0.32314814814814813 0.27291666666666664 0.4981481481481482 0.14375 0.4981481481481482
1 0.32135416666666666 0.16944444444444445 0.39166666666666666 0.16944444444444445 0.39166666666666666 0.2324074074074074 0.32135416666666666 0.2324074074074074
2 0.584375 0.1787037037037037 0.6041666666666666 0.1787037037037037 0.6041666666666666 0.2324074074074074 0.584375 0.2324074074074074
2 0.3260416666666667 0.4564814814814815 0.3692708333333333 0.4564814814814815 0.3692708333333333 0.5574074074074075 0.3260416666666667 0.5574074074074075
2 0.41354166666666664 0.27685185185185185 0.44479166666666664 0.27685185185185185 0.44479166666666664 0.3648148148148148 0.41354166666666664 0.3648148148148148
2 0.4375 0.1259259259259259 0.4505208333333333 0.1259259259259259 0.4505208333333333 0.15925925925925927 0.4375 0.15925925925925927
2 0.7161458333333334 0.35833333333333334 0.7541666666666667 0.35833333333333334 0.7541666666666667 0.4722222222222222 0.7161458333333334 0.4722222222222222
2 0.45260416666666664 0.1712962962962963 0.47291666666666665 0.1712962962962963 0.47291666666666665 0.22314814814814815 0.45260416666666664 0.22314814814814815
2 0.43333333333333335 0.20462962962962963 0.45364583333333336 0.20462962962962963 0.45364583333333336 0.2611111111111111 0.43333333333333335 0.2611111111111111
2 0.6057291666666667 0.19537037037037036 0.6276041666666666 0.19537037037037036 0.6276041666666666 0.2462962962962963 0.6057291666666667 0.2462962962962963
2 0.5994791666666667 0.23333333333333334 0.6208333333333333 0.23333333333333334 0.6208333333333333 0.2935185185185185 0.5994791666666667 0.2935185185185185
2 0.6765625 0.37592592592592594 0.7265625 0.37592592592592594 0.7265625 0.49537037037037035 0.6765625 0.49537037037037035
2 0.8583333333333333 0.5962962962962963 0.9244791666666666 0.5962962962962963 0.9244791666666666 0.7805555555555556 0.8583333333333333 0.7805555555555556
2 0.5546875 0.15555555555555556 0.5760416666666667 0.15555555555555556 0.5760416666666667 0.20925925925925926 0.5546875 0.20925925925925926
2 0.4 0.19814814814814816 0.421875 0.19814814814814816 0.421875 0.25833333333333336 0.4 0.25833333333333336
2 0.6505208333333333 0.27870370370370373 0.6770833333333334 0.27870370370370373 0.6770833333333334 0.3509259259259259 0.6505208333333333 0.3509259259259259
2 0.45677083333333335 0.25 0.48333333333333334 0.25 0.48333333333333334 0.33796296296296297 0.45677083333333335 0.33796296296296297
2 0.484375 0.13425925925925927 0.4984375 0.13425925925925927 0.4984375 0.17407407407407408 0.484375 0.17407407407407408
2 0.4088541666666667 0.175 0.43020833333333336 0.175 0.43020833333333336 0.2212962962962963 0.4088541666666667 0.2212962962962963
2 0.3333333333333333 0.5509259259259259 0.3885416666666667 0.5509259259259259 0.3885416666666667 0.7546296296296297 0.3333333333333333 0.7546296296296297
2 0.14895833333333333 0.7314814814814815 0.22239583333333332 0.7314814814814815 0.22239583333333332 1 0.14895833333333333 1