1 0.14375 0.32222222222222224 0.275 0.32222222222222224 0.275 0.4981481481481482 0.14375 0.4981481481481482
1 0.32760416666666664 0.175 0.3932291666666667 0.175 0.3932291666666667 0.23425925925925925 0.32760416666666664 0.23425925925925925
2 0.33697916666666666 0.425 0.37604166666666666 0.425 0.37604166666666666 0.5277777777777778 0.33697916666666666 0.5277777777777778
2 0.5854166666666667 0.18055555555555555 0.6057291666666667 0.18055555555555555 0.6057291666666667 0.23796296296296296 0.5854166666666667 0.23796296296296296
2 0.4166666666666667 0.26481481481481484 0.44635416666666666 0.26481481481481484 0.44635416666666666 0.3416666666666667 0.4166666666666667 0.3416666666666667
2 0.18125 0.6787037037037037 0.2609375 0.6787037037037037 0.2609375 0.8972222222222223 0.18125 0.8972222222222223
2 0.8791666666666667 0.6222222222222222 0.9505208333333334 0.6222222222222222 0.9505208333333334 0.8185185185185185 0.8791666666666667 0.8185185185185185
2 0.5380208333333333 0.09074074074074075 0.55 0.09074074074074075 0.55 0.11944444444444445 0.5380208333333333 0.11944444444444445
2 0.4354166666666667 0.19907407407407407 0.45416666666666666 0.19907407407407407 0.45416666666666666 0.25092592592592594 0.4354166666666667 0.25092592592592594
2 0.6072916666666667 0.20555555555555555 0.6302083333333334 0.20555555555555555 0.6302083333333334 0.25925925925925924 0.6072916666666667 0.25925925925925924
2 0.4583333333333333 0.23981481481481481 0.48489583333333336 0.23981481481481481 0.48489583333333336 0.32037037037037036 0.4583333333333333 0.32037037037037036
2 0.6526041666666667 0.2861111111111111 0.68125 0.2861111111111111 0.68125 0.36944444444444446 0.6526041666666667 0.36944444444444446
2 0.45364583333333336 0.1638888888888889 0.47239583333333335 0.1638888888888889 0.47239583333333335 0.2111111111111111 0.45364583333333336 0.2111111111111111
2 0.48489583333333336 0.13240740740740742 0.49895833333333334 0.13240740740740742 0.49895833333333334 0.1712962962962963 0.48489583333333336 0.1712962962962963
2 0.40520833333333334 0.19537037037037036 0.4270833333333333 0.19537037037037036 0.4270833333333333 0.2518518518518518 0.40520833333333334 0.2518518518518518
2 0.6015625 0.24722222222222223 0.6244791666666667 0.24722222222222223 0.6244791666666667 0.3111111111111111 0.6015625 0.3111111111111111
2 0.553125 0.16018518518518518 0.5744791666666667 0.16018518518518518 0.5744791666666667 0.21481481481481482 0.553125 0.21481481481481482
2 0.7255208333333333 0.3768518518518518 0.7671875 0.3768518518518518 0.7671875 0.4861111111111111 0.7255208333333333 0.4861111111111111
2 0.3463541666666667 0.5074074074074074 0.39739583333333334 0.5074074074074074 0.39739583333333334 0.6916666666666667 0.3463541666666667 0.6916666666666667
2 0.6885416666666667 0.4111111111111111 0.734375 0.4111111111111111 0.734375 0.5509259259259259 0.6885416666666667 0.5509259259259259
2 0.4125 0.1712962962962963 0.4328125 0.1712962962962963 0.4328125 0.21296296296296297 0.4125 0.21296296296296297