1 0.5067708333333333 0 0.6088541666666667 0 0.6088541666666667 0.08518518518518518 0.5067708333333333 0.08518518518518518
1 0.55 0.7314814814814815 0.6203125 0.7314814814814815 0.6203125 0.8842592592592593 0.55 0.8842592592592593
2 0.6890625 0.5833333333333334 0.7130208333333333 0.5833333333333334 0.7130208333333333 0.6111111111111112 0.6890625 0.6111111111111112
0 0.5619791666666667 0.14351851851851852 0.6786458333333333 0.14351851851851852 0.6786458333333333 0.34629629629629627 0.5619791666666667 0.34629629629629627
2 0.4510416666666667 0.8416666666666667 0.5260416666666666 0.8416666666666667 0.5260416666666666 0.924074074074074 0.4510416666666667 0.924074074074074
2 0.503125 0.21388888888888888 0.5682291666666667 0.21388888888888888 0.5682291666666667 0.2833333333333333 0.503125 0.2833333333333333
2 0.4046875 0.1675925925925926 0.49375 0.1675925925925926 0.49375 0.25092592592592594 0.4046875 0.25092592592592594
1 0.7109375 0.5518518518518518 0.7307291666666667 0.5518518518518518 0.7307291666666667 0.6 0.7109375 0.6
2 0.5244791666666667 0.3611111111111111 0.5875 0.3611111111111111 0.5875 0.42407407407407405 0.5244791666666667 0.42407407407407405
2 0.5921875 0.39814814814814814 0.640625 0.39814814814814814 0.640625 0.4546296296296296 0.5921875 0.4546296296296296
2 0.5328125 0.6472222222222223 0.5958333333333333 0.6472222222222223 0.5958333333333333 0.7101851851851851 0.5328125 0.7101851851851851
1 0.6739583333333333 0.4203703703703704 0.7057291666666666 0.4203703703703704 0.7057291666666666 0.49074074074074076 0.6739583333333333 0.49074074074074076
1 0.696875 0.6074074074074074 0.7208333333333333 0.6074074074074074 0.7208333333333333 0.6703703703703704 0.696875 0.6703703703703704
2 0.6322916666666667 0.6898148148148148 0.6666666666666666 0.6898148148148148 0.6666666666666666 0.7277777777777777 0.6322916666666667 0.7277777777777777
2 0.6578125 0.5046296296296297 0.6901041666666666 0.5046296296296297 0.6901041666666666 0.5462962962962963 0.6578125 0.5462962962962963
2 0.5255208333333333 0.9287037037037037 0.5927083333333333 0.9287037037037037 0.5927083333333333 0.9925925925925926 0.5255208333333333 0.9925925925925926