1 0.14479166666666668 0.32037037037037036 0.26927083333333335 0.32037037037037036 0.26927083333333335 0.49907407407407406 0.14479166666666668 0.49907407407407406
1 0.46458333333333335 0.1388888888888889 0.49895833333333334 0.1388888888888889 0.49895833333333334 0.18981481481481483 0.46458333333333335 0.18981481481481483
1 0.3338541666666667 0.17314814814814813 0.3859375 0.17314814814814813 0.3859375 0.24074074074074073 0.3338541666666667 0.24074074074074073
2 0.03802083333333333 0.7768518518518519 0.12552083333333333 0.7768518518518519 0.12552083333333333 1 0.03802083333333333 1
2 0.7380208333333333 0.5675925925925925 0.8104166666666667 0.5675925925925925 0.8104166666666667 0.8009259259259259 0.7380208333333333 0.8009259259259259
2 0.20208333333333334 0.5768518518518518 0.25364583333333335 0.5768518518518518 0.25364583333333335 0.8277777777777777 0.20208333333333334 0.8277777777777777
2 0.3338541666666667 0.5953703703703703 0.3671875 0.5953703703703703 0.3671875 0.8407407407407408 0.3338541666666667 0.8407407407407408
2 0.2890625 0.4074074074074074 0.31145833333333334 0.4074074074074074 0.31145833333333334 0.5388888888888889 0.2890625 0.5388888888888889
2 0.32395833333333335 0.43333333333333335 0.3614583333333333 0.43333333333333335 0.3614583333333333 0.5722222222222222 0.32395833333333335 0.5722222222222222
2 0.38333333333333336 0.45185185185185184 0.41041666666666665 0.45185185185185184 0.41041666666666665 0.6046296296296296 0.38333333333333336 0.6046296296296296
2 0.4427083333333333 0.33796296296296297 0.465625 0.33796296296296297 0.465625 0.4444444444444444 0.4427083333333333 0.4444444444444444
2 0.3854166666666667 0.31574074074074077 0.40520833333333334 0.31574074074074077 0.40520833333333334 0.40370370370370373 0.3854166666666667 0.40370370370370373
2 0.3223958333333333 0.3425925925925926 0.3458333333333333 0.3425925925925926 0.3458333333333333 0.41944444444444445 0.3223958333333333 0.41944444444444445
2 0.34010416666666665 0.2796296296296296 0.35625 0.2796296296296296 0.35625 0.3472222222222222 0.34010416666666665 0.3472222222222222
2 0.40572916666666664 0.24166666666666667 0.42083333333333334 0.24166666666666667 0.42083333333333334 0.30925925925925923 0.40572916666666664 0.30925925925925923
2 0.4401041666666667 0.24722222222222223 0.46145833333333336 0.24722222222222223 0.46145833333333336 0.31666666666666665 0.4401041666666667 0.31666666666666665
2 0.459375 0.2222222222222222 0.46927083333333336 0.2222222222222222 0.46927083333333336 0.2777777777777778 0.459375 0.2777777777777778
2 0.37604166666666666 0.20185185185185187 0.38645833333333335 0.20185185185185187 0.38645833333333335 0.25833333333333336 0.37604166666666666 0.25833333333333336
2 0.41510416666666666 0.1935185185185185 0.42552083333333335 0.1935185185185185 0.42552083333333335 0.23796296296296296 0.41510416666666666 0.23796296296296296
2 0.43802083333333336 0.17962962962962964 0.4473958333333333 0.17962962962962964 0.4473958333333333 0.22592592592592592 0.43802083333333336 0.22592592592592592
2 0.45989583333333334 0.18333333333333332 0.47239583333333335 0.18333333333333332 0.47239583333333335 0.225 0.45989583333333334 0.225
2 0.425 0.15925925925925927 0.43645833333333334 0.15925925925925927 0.43645833333333334 0.21296296296296297 0.425 0.21296296296296297
2 0.4484375 0.13796296296296295 0.45677083333333335 0.13796296296296295 0.45677083333333335 0.1824074074074074 0.4484375 0.1824074074074074
2 0.4401041666666667 0.12407407407407407 0.4473958333333333 0.12407407407407407 0.4473958333333333 0.15833333333333333 0.4401041666666667 0.15833333333333333
2 0.4322916666666667 0.11481481481481481 0.43854166666666666 0.11481481481481481 0.43854166666666666 0.14907407407407408 0.4322916666666667 0.14907407407407408
2 0.44635416666666666 0.1111111111111111 0.4546875 0.1111111111111111 0.4546875 0.1388888888888889 0.44635416666666666 0.1388888888888889
2 0.45729166666666665 0.12222222222222222 0.4671875 0.12222222222222222 0.4671875 0.15925925925925927 0.45729166666666665 0.15925925925925927
2 0.46927083333333336 0.11666666666666667 0.47708333333333336 0.11666666666666667 0.47708333333333336 0.1425925925925926 0.46927083333333336 0.1425925925925926
2 0.4984375 0.12685185185185185 0.509375 0.12685185185185185 0.509375 0.16944444444444445 0.4984375 0.16944444444444445
2 0.6010416666666667 0.16296296296296298 0.6109375 0.16296296296296298 0.6109375 0.22314814814814815 0.6010416666666667 0.22314814814814815
2 0.625 0.14537037037037037 0.6328125 0.14537037037037037 0.6328125 0.18518518518518517 0.625 0.18518518518518517
2 0.6348958333333333 0.16111111111111112 0.6432291666666666 0.16111111111111112 0.6432291666666666 0.21666666666666667 0.6348958333333333 0.21666666666666667
1 0.5994791666666667 0.11203703703703703 0.6432291666666666 0.11203703703703703 0.6432291666666666 0.1537037037037037 0.5994791666666667 0.1537037037037037