1 0.4125 0.9277777777777778 0.5130208333333334 0.9277777777777778 0.5130208333333334 1 0.4125 1
1 0.3494791666666667 0.3138888888888889 0.39791666666666664 0.3138888888888889 0.39791666666666664 0.4074074074074074 0.3494791666666667 0.4074074074074074
1 0.33541666666666664 0.5398148148148149 0.3765625 0.5398148148148149 0.3765625 0.6148148148148148 0.33541666666666664 0.6148148148148148
1 0.3302083333333333 0.7101851851851851 0.365625 0.7101851851851851 0.365625 0.812962962962963 0.3302083333333333 0.812962962962963
1 0.3020833333333333 0.3962962962962963 0.32916666666666666 0.3962962962962963 0.32916666666666666 0.44907407407407407 0.3020833333333333 0.44907407407407407
1 0.30104166666666665 0.14907407407407408 0.3296875 0.14907407407407408 0.3296875 0.24074074074074073 0.30104166666666665 0.24074074074074073
2 0.50625 0.9796296296296296 0.5947916666666667 0.9796296296296296 0.5947916666666667 1 0.50625 1
2 0.5463541666666667 0.8555555555555555 0.6552083333333333 0.8555555555555555 0.6552083333333333 0.9481481481481482 0.5463541666666667 0.9481481481481482
2 0.6234375 0.6962962962962963 0.75625 0.6962962962962963 0.75625 0.7527777777777778 0.6234375 0.7527777777777778
2 0.5604166666666667 0.7175925925925926 0.6692708333333334 0.7175925925925926 0.6692708333333334 0.8222222222222222 0.5604166666666667 0.8222222222222222
2 0.409375 0.16018518518518518 0.465625 0.16018518518518518 0.465625 0.22777777777777777 0.409375 0.22777777777777777
2 0.49166666666666664 0.8685185185185185 0.5552083333333333 0.8685185185185185 0.5552083333333333 0.937962962962963 0.49166666666666664 0.937962962962963
2 0.4671875 0.7675925925925926 0.5442708333333334 0.7675925925925926 0.5442708333333334 0.8324074074074074 0.4671875 0.8324074074074074
2 0.4119791666666667 0.8425925925925926 0.44947916666666665 0.8425925925925926 0.44947916666666665 0.8703703703703703 0.4119791666666667 0.8703703703703703
2 0.42083333333333334 0.8166666666666667 0.4786458333333333 0.8166666666666667 0.4786458333333333 0.8675925925925926 0.42083333333333334 0.8675925925925926
2 0.4276041666666667 0.7407407407407407 0.478125 0.7407407407407407 0.478125 0.7731481481481481 0.4276041666666667 0.7731481481481481
2 0.4010416666666667 0.7138888888888889 0.4453125 0.7138888888888889 0.4453125 0.7472222222222222 0.4010416666666667 0.7472222222222222
2 0.4010416666666667 0.6388888888888888 0.4505208333333333 0.6388888888888888 0.4505208333333333 0.6768518518518518 0.4010416666666667 0.6768518518518518
2 0.35625 0.6935185185185185 0.39479166666666665 0.6935185185185185 0.39479166666666665 0.7166666666666667 0.35625 0.7166666666666667
2 0.3328125 0.6814814814814815 0.36614583333333334 0.6814814814814815 0.36614583333333334 0.7148148148148148 0.3328125 0.7148148148148148
2 0.34270833333333334 0.637962962962963 0.3802083333333333 0.637962962962963 0.3802083333333333 0.6657407407407407 0.34270833333333334 0.6657407407407407
2 0.3307291666666667 0.46574074074074073 0.35989583333333336 0.46574074074074073 0.35989583333333336 0.4981481481481482 0.3307291666666667 0.4981481481481482
2 0.31354166666666666 0.6370370370370371 0.34010416666666665 0.6370370370370371 0.34010416666666665 0.6703703703703704 0.31354166666666666 0.6703703703703704
2 0.31927083333333334 0.6111111111111112 0.34427083333333336 0.6111111111111112 0.34427083333333336 0.6388888888888888 0.31927083333333334 0.6388888888888888
2 0.30572916666666666 0.600925925925926 0.32916666666666666 0.600925925925926 0.32916666666666666 0.6138888888888889 0.30572916666666666 0.6138888888888889
2 0.303125 0.5740740740740741 0.3229166666666667 0.5740740740740741 0.3229166666666667 0.5981481481481481 0.303125 0.5981481481481481
2 0.30052083333333335 0.5453703703703704 0.321875 0.5453703703703704 0.321875 0.5657407407407408 0.30052083333333335 0.5657407407407408
2 0.3109375 0.3537037037037037 0.3380208333333333 0.3537037037037037 0.3380208333333333 0.37037037037037035 0.3109375 0.37037037037037035
2 0.3078125 0.31203703703703706 0.33177083333333335 0.31203703703703706 0.33177083333333335 0.3333333333333333 0.3078125 0.3333333333333333
2 0.2953125 0.3287037037037037 0.3177083333333333 0.3287037037037037 0.3177083333333333 0.3490740740740741 0.2953125 0.3490740740740741