1 0.14947916666666666 0.32407407407407407 0.27239583333333334 0.32407407407407407 0.27239583333333334 0.5 0.14947916666666666 0.5
1 0.3229166666666667 0.1787037037037037 0.39114583333333336 0.1787037037037037 0.39114583333333336 0.24074074074074073 0.3229166666666667 0.24074074074074073
1 0.43333333333333335 0.22777777777777777 0.48385416666666664 0.22777777777777777 0.48385416666666664 0.3138888888888889 0.43333333333333335 0.3138888888888889
2 0 0.6101851851851852 0.07395833333333333 0.6101851851851852 0.07395833333333333 0.8166666666666667 0 0.8166666666666667
2 0.7177083333333333 0.34074074074074073 0.7541666666666667 0.34074074074074073 0.7541666666666667 0.4388888888888889 0.7177083333333333 0.4388888888888889
2 0.8973958333333333 0.5675925925925925 0.9697916666666667 0.5675925925925925 0.9697916666666667 0.7453703703703703 0.8973958333333333 0.7453703703703703
2 0.21979166666666666 0.4898148148148148 0.27760416666666665 0.4898148148148148 0.27760416666666665 0.6472222222222223 0.21979166666666666 0.6472222222222223
2 0.12760416666666666 0.6990740740740741 0.19947916666666668 0.6990740740740741 0.19947916666666668 0.9333333333333333 0.12760416666666666 0.9333333333333333
2 0.6640625 0.31574074074074077 0.6979166666666666 0.31574074074074077 0.6979166666666666 0.4027777777777778 0.6640625 0.4027777777777778
2 0.35052083333333334 0.31666666666666665 0.37916666666666665 0.31666666666666665 0.37916666666666665 0.4074074074074074 0.35052083333333334 0.4074074074074074
2 0.3098958333333333 0.6407407407407407 0.36666666666666664 0.6407407407407407 0.36666666666666664 0.8546296296296296 0.3098958333333333 0.8546296296296296
2 0.3640625 0.26296296296296295 0.390625 0.26296296296296295 0.390625 0.33240740740740743 0.3640625 0.33240740740740743
2 0.3890625 0.32592592592592595 0.41510416666666666 0.32592592592592595 0.41510416666666666 0.38981481481481484 0.3890625 0.38981481481481484
2 0.4244791666666667 0.20185185185185187 0.4432291666666667 0.20185185185185187 0.4432291666666667 0.2490740740740741 0.4244791666666667 0.2490740740740741
2 0.38229166666666664 0.41203703703703703 0.4234375 0.41203703703703703 0.4234375 0.5361111111111111 0.38229166666666664 0.5361111111111111
2 0.478125 0.13240740740740742 0.490625 0.13240740740740742 0.490625 0.17037037037037037 0.478125 0.17037037037037037
2 0.6223958333333334 0.2101851851851852 0.6489583333333333 0.2101851851851852 0.6489583333333333 0.2916666666666667 0.6223958333333334 0.2916666666666667
2 0.2859375 0.3685185185185185 0.3223958333333333 0.3685185185185185 0.3223958333333333 0.49722222222222223 0.2859375 0.49722222222222223
2 0.40572916666666664 0.25555555555555554 0.42916666666666664 0.25555555555555554 0.42916666666666664 0.3333333333333333 0.40572916666666664 0.3333333333333333
2 0.6552083333333333 0.22870370370370371 0.6869791666666667 0.22870370370370371 0.6869791666666667 0.3074074074074074 0.6552083333333333 0.3074074074074074
2 0.459375 0.14537037037037037 0.475 0.14537037037037037 0.475 0.18703703703703703 0.459375 0.18703703703703703
2 0.4546875 0.18518518518518517 0.4708333333333333 0.18518518518518517 0.4708333333333333 0.225 0.4546875 0.225
2 0.49635416666666665 0.17407407407407408 0.5140625 0.17407407407407408 0.5140625 0.22314814814814815 0.49635416666666665 0.22314814814814815
2 0.5755208333333334 0.12314814814814815 0.5916666666666667 0.12314814814814815 0.5916666666666667 0.15925925925925927 0.5755208333333334 0.15925925925925927
2 0.6072916666666667 0.13055555555555556 0.6244791666666667 0.13055555555555556 0.6244791666666667 0.1712962962962963 0.6072916666666667 0.1712962962962963
2 0.4166666666666667 0.14722222222222223 0.43125 0.14722222222222223 0.43125 0.18518518518518517 0.4166666666666667 0.18518518518518517
2 0.29375 0.32685185185185184 0.321875 0.32685185185185184 0.321875 0.37777777777777777 0.29375 0.37777777777777777