1 0.14375 0.32222222222222224 0.27239583333333334 0.32222222222222224 0.27239583333333334 0.49722222222222223 0.14375 0.49722222222222223
1 0.32135416666666666 0.17314814814814813 0.3921875 0.17314814814814813 0.3921875 0.23425925925925925 0.32135416666666666 0.23425925925925925
2 0.8578125 0.5824074074074074 0.9223958333333333 0.5824074074074074 0.9223958333333333 0.7638888888888888 0.8578125 0.7638888888888888
2 0.5838541666666667 0.1787037037037037 0.6036458333333333 0.1787037037037037 0.6036458333333333 0.23148148148148148 0.5838541666666667 0.23148148148148148
2 0.6755208333333333 0.37777777777777777 0.7208333333333333 0.37777777777777777 0.7208333333333333 0.49722222222222223 0.6755208333333333 0.49722222222222223
2 0.6052083333333333 0.19537037037037036 0.6265625 0.19537037037037036 0.6265625 0.24537037037037038 0.6052083333333333 0.24537037037037038
2 0.5989583333333334 0.2324074074074074 0.6192708333333333 0.2324074074074074 0.6192708333333333 0.2898148148148148 0.5989583333333334 0.2898148148148148
2 0.4078125 0.17777777777777778 0.4296875 0.17777777777777778 0.4296875 0.225 0.4078125 0.225
2 0.45260416666666664 0.17222222222222222 0.47291666666666665 0.17222222222222222 0.47291666666666665 0.22407407407407406 0.45260416666666664 0.22407407407407406
2 0.4125 0.2712962962962963 0.44375 0.2712962962962963 0.44375 0.36574074074074076 0.4125 0.36574074074074076
2 0.4317708333333333 0.2074074074074074 0.45260416666666664 0.2074074074074074 0.45260416666666664 0.26481481481481484 0.4317708333333333 0.26481481481481484
2 0.4375 0.125 0.4505208333333333 0.125 0.4505208333333333 0.15925925925925927 0.4375 0.15925925925925927
2 0.5546875 0.15462962962962962 0.575 0.15462962962962962 0.575 0.2074074074074074 0.5546875 0.2074074074074074
2 0.32447916666666665 0.4638888888888889 0.36822916666666666 0.4638888888888889 0.36822916666666666 0.5712962962962963 0.32447916666666665 0.5712962962962963
2 0.6484375 0.27685185185185185 0.6765625 0.27685185185185185 0.6765625 0.35 0.6484375 0.35
2 0.39947916666666666 0.19907407407407407 0.42135416666666664 0.19907407407407407 0.42135416666666664 0.25925925925925924 0.39947916666666666 0.25925925925925924
2 0.45729166666666665 0.2564814814814815 0.48385416666666664 0.2564814814814815 0.48385416666666664 0.3435185185185185 0.45729166666666665 0.3435185185185185
2 0.7140625 0.35462962962962963 0.7515625 0.35462962962962963 0.7515625 0.4546296296296296 0.7140625 0.4546296296296296
2 0.484375 0.13518518518518519 0.4984375 0.13518518518518519 0.4984375 0.175 0.484375 0.175
2 0.13697916666666668 0.7916666666666666 0.21822916666666667 0.7916666666666666 0.21822916666666667 0.9981481481481481 0.13697916666666668 0.9981481481481481
2 0.32864583333333336 0.5731481481481482 0.375 0.5731481481481482 0.375 0.7694444444444445 0.32864583333333336 0.7694444444444445