1 0.3953125 0.9101851851851852 0.49270833333333336 0.9101851851851852 0.49270833333333336 1 0.3953125 1
1 0.3171875 0.6953703703703704 0.3515625 0.6953703703703704 0.3515625 0.8157407407407408 0.3171875 0.8157407407407408
2 0.5583333333333333 0.8712962962962963 0.678125 0.8712962962962963 0.678125 0.9981481481481481 0.5583333333333333 0.9981481481481481
2 0.5432291666666667 0 0.6338541666666667 0 0.6338541666666667 0.024074074074074074 0.5432291666666667 0.024074074074074074
2 0.4557291666666667 0.7777777777777778 0.5255208333333333 0.7777777777777778 0.5255208333333333 0.8481481481481481 0.4557291666666667 0.8481481481481481
2 0.3958333333333333 0.2777777777777778 0.4479166666666667 0.2777777777777778 0.4479166666666667 0.3351851851851852 0.3958333333333333 0.3351851851851852
2 0.396875 0.17685185185185184 0.45260416666666664 0.17685185185185184 0.45260416666666664 0.225 0.396875 0.225
2 0.38958333333333334 0.6675925925925926 0.44635416666666666 0.6675925925925926 0.44635416666666666 0.7212962962962963 0.38958333333333334 0.7212962962962963
2 0.28958333333333336 0.37407407407407406 0.31354166666666666 0.37407407407407406 0.31354166666666666 0.4027777777777778 0.28958333333333336 0.4027777777777778
2 0.30885416666666665 0.2953703703703704 0.3328125 0.2953703703703704 0.3328125 0.32592592592592595 0.30885416666666665 0.32592592592592595
2 0.4859375 0.1425925925925926 0.5635416666666667 0.1425925925925926 0.5635416666666667 0.22592592592592592 0.4859375 0.22592592592592592
2 0.35260416666666666 0.6509259259259259 0.3875 0.6509259259259259 0.3875 0.6916666666666667 0.35260416666666666 0.6916666666666667
2 0.33229166666666665 0.22407407407407406 0.3625 0.22407407407407406 0.3625 0.28703703703703703 0.33229166666666665 0.28703703703703703
2 0.3625 0.5851851851851851 0.41302083333333334 0.5851851851851851 0.41302083333333334 0.6370370370370371 0.3625 0.6370370370370371
2 0.3458333333333333 0.3527777777777778 0.3848958333333333 0.3527777777777778 0.3848958333333333 0.3972222222222222 0.3458333333333333 0.3972222222222222
2 0.3109375 0.44722222222222224 0.346875 0.44722222222222224 0.346875 0.5046296296296297 0.3109375 0.5046296296296297