1 0.1390625 0.34074074074074073 0.2640625 0.34074074074074073 0.2640625 0.5212962962962963 0.1390625 0.5212962962962963
1 0.5536458333333333 0.19722222222222222 0.6 0.19722222222222222 0.6 0.2759259259259259 0.5536458333333333 0.2759259259259259
1 0.428125 0.23425925925925925 0.4791666666666667 0.23425925925925925 0.4791666666666667 0.3194444444444444 0.428125 0.3194444444444444
1 0.325 0.19074074074074074 0.37916666666666665 0.19074074074074074 0.37916666666666665 0.25462962962962965 0.325 0.25462962962962965
2 0.22916666666666666 0.44722222222222224 0.26614583333333336 0.44722222222222224 0.26614583333333336 0.612037037037037 0.22916666666666666 0.612037037037037
2 0.05572916666666667 0.6925925925925925 0.140625 0.6925925925925925 0.140625 0.9120370370370371 0.05572916666666667 0.9120370370370371
2 0.14895833333333333 0.6981481481481482 0.2015625 0.6981481481481482 0.2015625 0.9046296296296297 0.14895833333333333 0.9046296296296297
2 0.24947916666666667 0.6018518518518519 0.2994791666666667 0.6018518518518519 0.2994791666666667 0.8333333333333334 0.24947916666666667 0.8333333333333334
2 0.28489583333333335 0.4824074074074074 0.31979166666666664 0.4824074074074074 0.31979166666666664 0.6175925925925926 0.28489583333333335 0.6175925925925926
2 0.325 0.3787037037037037 0.365625 0.3787037037037037 0.365625 0.512962962962963 0.325 0.512962962962963
2 0.371875 0.375 0.4010416666666667 0.375 0.4010416666666667 0.524074074074074 0.371875 0.524074074074074
2 0.35052083333333334 0.28425925925925927 0.37552083333333336 0.28425925925925927 0.37552083333333336 0.3638888888888889 0.35052083333333334 0.3638888888888889
2 0.9270833333333334 0.625 1 0.625 1 0.8074074074074075 0.9270833333333334 0.8074074074074075
2 0.7598958333333333 0.4287037037037037 0.8067708333333333 0.4287037037037037 0.8067708333333333 0.562037037037037 0.7598958333333333 0.562037037037037
2 0.3932291666666667 0.2712962962962963 0.4166666666666667 0.2712962962962963 0.4166666666666667 0.35185185185185186 0.3932291666666667 0.35185185185185186
2 0.3671875 0.23055555555555557 0.39114583333333336 0.23055555555555557 0.39114583333333336 0.29444444444444445 0.3671875 0.29444444444444445
2 0.41458333333333336 0.2 0.43072916666666666 0.2 0.43072916666666666 0.25833333333333336 0.41458333333333336 0.25833333333333336
2 0.403125 0.1787037037037037 0.4203125 0.1787037037037037 0.4203125 0.23148148148148148 0.403125 0.23148148148148148
2 0.42916666666666664 0.1675925925925926 0.44427083333333334 0.1675925925925926 0.44427083333333334 0.2175925925925926 0.42916666666666664 0.2175925925925926
2 0.44583333333333336 0.15185185185185185 0.4578125 0.15185185185185185 0.4578125 0.2037037037037037 0.44583333333333336 0.2037037037037037
2 0.4630208333333333 0.15925925925925927 0.47604166666666664 0.15925925925925927 0.47604166666666664 0.21851851851851853 0.4630208333333333 0.21851851851851853
2 0.5057291666666667 0.18611111111111112 0.5276041666666667 0.18611111111111112 0.5276041666666667 0.23981481481481481 0.5057291666666667 0.23981481481481481
2 0.6286458333333333 0.2490740740740741 0.6494791666666667 0.2490740740740741 0.6494791666666667 0.3277777777777778 0.6286458333333333 0.3277777777777778
2 0.5619791666666667 0.13796296296296295 0.5776041666666667 0.13796296296296295 0.5776041666666667 0.18425925925925926 0.5619791666666667 0.18425925925925926
2 0.5859375 0.14074074074074075 0.5989583333333334 0.14074074074074075 0.5989583333333334 0.1787037037037037 0.5859375 0.1787037037037037
1 0.5265625 0.13240740740740742 0.55625 0.13240740740740742 0.55625 0.175 0.5265625 0.175
2 0.403125 0.11944444444444445 0.4119791666666667 0.11944444444444445 0.4119791666666667 0.16296296296296298 0.403125 0.16296296296296298
2 0.41770833333333335 0.1398148148148148 0.42864583333333334 0.1398148148148148 0.42864583333333334 0.1814814814814815 0.41770833333333335 0.1814814814814815
2 0.4421875 0.12777777777777777 0.4505208333333333 0.12777777777777777 0.4505208333333333 0.16666666666666666 0.4421875 0.16666666666666666
2 0.4505208333333333 0.12685185185185185 0.46041666666666664 0.12685185185185185 0.46041666666666664 0.16111111111111112 0.4505208333333333 0.16111111111111112
2 0.46197916666666666 0.12037037037037036 0.4708333333333333 0.12037037037037036 0.4708333333333333 0.15648148148148147 0.46197916666666666 0.15648148148148147