1 0.5005208333333333 0 0.6010416666666667 0 0.6010416666666667 0.09074074074074075 0.5005208333333333 0.09074074074074075
1 0.6458333333333334 0.2064814814814815 0.6817708333333333 0.2064814814814815 0.6817708333333333 0.30925925925925923 0.6458333333333334 0.30925925925925923
1 0.696875 0.4601851851851852 0.7192708333333333 0.4601851851851852 0.7192708333333333 0.5064814814814815 0.696875 0.5064814814814815
1 0.6817708333333333 0.7185185185185186 0.7161458333333334 0.7185185185185186 0.7161458333333334 0.8462962962962963 0.6817708333333333 0.8462962962962963
2 0.21979166666666666 0.002777777777777778 0.38177083333333334 0.002777777777777778 0.38177083333333334 0.12777777777777777 0.21979166666666666 0.12777777777777777
2 0.4234375 0.005555555555555556 0.5151041666666667 0.005555555555555556 0.5151041666666667 0.08148148148148149 0.4234375 0.08148148148148149
2 0.4395833333333333 0.15833333333333333 0.528125 0.15833333333333333 0.528125 0.2111111111111111 0.4395833333333333 0.2111111111111111
2 0.5265625 0.15925925925925927 0.5807291666666666 0.15925925925925927 0.5807291666666666 0.20925925925925926 0.5265625 0.20925925925925926
2 0.45364583333333336 0.2601851851851852 0.5427083333333333 0.2601851851851852 0.5427083333333333 0.3333333333333333 0.45364583333333336 0.3333333333333333
2 0.5729166666666666 0.28703703703703703 0.6192708333333333 0.28703703703703703 0.6192708333333333 0.33611111111111114 0.5729166666666666 0.33611111111111114
2 0.6135416666666667 0.29444444444444445 0.6453125 0.29444444444444445 0.6453125 0.3333333333333333 0.6135416666666667 0.3333333333333333
2 0.6005208333333333 0.3537037037037037 0.6473958333333333 0.3537037037037037 0.6473958333333333 0.38333333333333336 0.6005208333333333 0.38333333333333336
2 0.6322916666666667 0.32314814814814813 0.665625 0.32314814814814813 0.665625 0.35185185185185186 0.6322916666666667 0.35185185185185186
2 0.6510416666666666 0.3138888888888889 0.6760416666666667 0.3138888888888889 0.6760416666666667 0.33240740740740743 0.6510416666666666 0.33240740740740743
2 0.6395833333333333 0.39351851851851855 0.6734375 0.39351851851851855 0.6734375 0.4185185185185185 0.6395833333333333 0.4185185185185185
2 0.5932291666666667 0.41388888888888886 0.6385416666666667 0.41388888888888886 0.6385416666666667 0.44537037037037036 0.5932291666666667 0.44537037037037036
2 0.6473958333333333 0.46296296296296297 0.678125 0.46296296296296297 0.678125 0.4888888888888889 0.6473958333333333 0.4888888888888889
2 0.6765625 0.4601851851851852 0.6973958333333333 0.4601851851851852 0.6973958333333333 0.4787037037037037 0.6765625 0.4787037037037037
2 0.6739583333333333 0.4305555555555556 0.696875 0.4305555555555556 0.696875 0.44722222222222224 0.6739583333333333 0.44722222222222224
2 0.6880208333333333 0.4425925925925926 0.709375 0.4425925925925926 0.709375 0.45925925925925926 0.6880208333333333 0.45925925925925926
2 0.6869791666666667 0.3972222222222222 0.7072916666666667 0.3972222222222222 0.7072916666666667 0.4212962962962963 0.6869791666666667 0.4212962962962963
2 0.6671875 0.40555555555555556 0.6942708333333333 0.40555555555555556 0.6942708333333333 0.42685185185185187 0.6671875 0.42685185185185187
2 0.6739583333333333 0.3768518518518518 0.6953125 0.3768518518518518 0.6953125 0.39444444444444443 0.6739583333333333 0.39444444444444443
2 0.6713541666666667 0.3472222222222222 0.696875 0.3472222222222222 0.696875 0.3592592592592593 0.6713541666666667 0.3592592592592593
2 0.6666666666666666 0.33055555555555555 0.6895833333333333 0.33055555555555555 0.6895833333333333 0.34814814814814815 0.6666666666666666 0.34814814814814815
2 0.6598958333333333 0.6453703703703704 0.6921875 0.6453703703703704 0.6921875 0.674074074074074 0.6598958333333333 0.674074074074074
2 0.6869791666666667 0.6888888888888889 0.7010416666666667 0.6888888888888889 0.7010416666666667 0.7046296296296296 0.6869791666666667 0.7046296296296296
2 0.6619791666666667 0.6907407407407408 0.684375 0.6907407407407408 0.684375 0.7166666666666667 0.6619791666666667 0.7166666666666667
2 0.6421875 0.762962962962963 0.6729166666666667 0.762962962962963 0.6729166666666667 0.7814814814814814 0.6421875 0.7814814814814814
2 0.6166666666666667 0.7287037037037037 0.6598958333333333 0.7287037037037037 0.6598958333333333 0.7592592592592593 0.6166666666666667 0.7592592592592593