2 0.365625 0.5509259259259259 0.4239583333333333 0.5509259259259259 0.4239583333333333 0.7444444444444445 0.365625 0.7444444444444445
2 0.8072916666666666 0.5546296296296296 0.8802083333333334 0.5546296296296296 0.8802083333333334 0.7898148148148149 0.8072916666666666 0.7898148148148149
2 0.23645833333333333 0.7888888888888889 0.3026041666666667 0.7888888888888889 0.3026041666666667 0.9953703703703703 0.23645833333333333 0.9953703703703703
2 0.17395833333333333 0.7305555555555555 0.22916666666666666 0.7305555555555555 0.22916666666666666 0.9592592592592593 0.17395833333333333 0.9592592592592593
2 0.15052083333333333 0.5898148148148148 0.19791666666666666 0.5898148148148148 0.19791666666666666 0.7814814814814814 0.15052083333333333 0.7814814814814814
2 0.20833333333333334 0.47962962962962963 0.246875 0.47962962962962963 0.246875 0.6194444444444445 0.20833333333333334 0.6194444444444445
1 0.32864583333333336 0.17592592592592593 0.39114583333333336 0.17592592592592593 0.39114583333333336 0.2388888888888889 0.32864583333333336 0.2388888888888889
1 0.453125 0.1638888888888889 0.49114583333333334 0.1638888888888889 0.49114583333333334 0.2222222222222222 0.453125 0.2222222222222222
1 0.5921875 0.10648148148148148 0.6244791666666667 0.10648148148148148 0.6244791666666667 0.14444444444444443 0.5921875 0.14444444444444443
2 0.2682291666666667 0.36203703703703705 0.29322916666666665 0.36203703703703705 0.29322916666666665 0.4685185185185185 0.2682291666666667 0.4685185185185185
2 0.32708333333333334 0.35462962962962963 0.35208333333333336 0.35462962962962963 0.35208333333333336 0.4861111111111111 0.32708333333333334 0.4861111111111111
2 0.3015625 0.46574074074074073 0.3390625 0.46574074074074073 0.3390625 0.6 0.3015625 0.6
2 0.4109375 0.3287037037037037 0.4390625 0.3287037037037037 0.4390625 0.45555555555555555 0.4109375 0.45555555555555555
2 0.43125 0.28425925925925927 0.4473958333333333 0.28425925925925927 0.4473958333333333 0.37407407407407406 0.43125 0.37407407407407406
2 0.35989583333333336 0.31574074074074077 0.3854166666666667 0.31574074074074077 0.3854166666666667 0.41203703703703703 0.35989583333333336 0.41203703703703703
2 0.4479166666666667 0.22870370370370371 0.4640625 0.22870370370370371 0.4640625 0.2962962962962963 0.4479166666666667 0.2962962962962963
2 0.42604166666666665 0.21481481481481482 0.43854166666666666 0.21481481481481482 0.43854166666666666 0.2759259259259259 0.42604166666666665 0.2759259259259259
2 0.4041666666666667 0.21851851851851853 0.41510416666666666 0.21851851851851853 0.41510416666666666 0.28425925925925927 0.4041666666666667 0.28425925925925927
2 0.3828125 0.24537037037037038 0.39739583333333334 0.24537037037037038 0.39739583333333334 0.3055555555555556 0.3828125 0.3055555555555556
2 0.3541666666666667 0.2388888888888889 0.37135416666666665 0.2388888888888889 0.37135416666666665 0.2935185185185185 0.3541666666666667 0.2935185185185185
2 0.3640625 0.2675925925925926 0.38177083333333334 0.2675925925925926 0.38177083333333334 0.3287037037037037 0.3640625 0.3287037037037037
2 0.4125 0.18518518518518517 0.42291666666666666 0.18518518518518517 0.42291666666666666 0.2361111111111111 0.4125 0.2361111111111111
2 0.4328125 0.16111111111111112 0.4401041666666667 0.16111111111111112 0.4401041666666667 0.21203703703703702 0.4328125 0.21203703703703702
2 0.4390625 0.1361111111111111 0.4484375 0.1361111111111111 0.4484375 0.17407407407407408 0.4390625 0.17407407407407408
2 0.4546875 0.1398148148148148 0.46145833333333336 0.1398148148148148 0.46145833333333336 0.18055555555555555 0.4546875 0.18055555555555555
2 0.4671875 0.13240740740740742 0.47708333333333336 0.13240740740740742 0.47708333333333336 0.1638888888888889 0.4671875 0.1638888888888889
2 0.4947916666666667 0.1388888888888889 0.5078125 0.1388888888888889 0.5078125 0.18425925925925926 0.4947916666666667 0.18425925925925926
2 0.4453125 0.12129629629629629 0.45208333333333334 0.12129629629629629 0.45208333333333334 0.15 0.4453125 0.15
2 0.4296875 0.12037037037037036 0.43802083333333336 0.12037037037037036 0.43802083333333336 0.16111111111111112 0.4296875 0.16111111111111112
2 0.46927083333333336 0.0962962962962963 0.47708333333333336 0.0962962962962963 0.47708333333333336 0.13333333333333333 0.46927083333333336 0.13333333333333333
2 0.4588541666666667 0.1111111111111111 0.4713541666666667 0.1111111111111111 0.4713541666666667 0.15648148148148147 0.4588541666666667 0.15648148148148147
2 0.5864583333333333 0.15 0.5989583333333334 0.15 0.5989583333333334 0.1925925925925926 0.5864583333333333 0.1925925925925926
2 0.6166666666666667 0.1398148148148148 0.6270833333333333 0.1398148148148148 0.6270833333333333 0.17592592592592593 0.6166666666666667 0.17592592592592593
2 0.625 0.1574074074074074 0.6369791666666667 0.1574074074074074 0.6369791666666667 0.20277777777777778 0.625 0.20277777777777778
1 0.5864583333333333 0.37777777777777777 0.7598958333333333 0.37777777777777777 0.7598958333333333 0.85 0.5864583333333333 0.85
1 0.146875 0.3296296296296296 0.24947916666666667 0.3296296296296296 0.24947916666666667 0.5009259259259259 0.146875 0.5009259259259259