1 0.3921875 0.5527777777777778 0.45989583333333334 0.5527777777777778 0.45989583333333334 0.6861111111111111 0.3921875 0.6861111111111111
1 0.39739583333333334 0.9074074074074074 0.49270833333333336 0.9074074074074074 0.49270833333333336 1 0.39739583333333334 1
1 0.3182291666666667 0.6981481481481482 0.3536458333333333 0.6981481481481482 0.3536458333333333 0.8185185185185185 0.3182291666666667 0.8185185185185185
2 0.4125 0.006481481481481481 0.4671875 0.006481481481481481 0.4671875 0.08148148148148149 0.4125 0.08148148148148149
2 0.4947916666666667 0.09444444444444444 0.5791666666666667 0.09444444444444444 0.5791666666666667 0.1824074074074074 0.4947916666666667 0.1824074074074074
2 0.4276041666666667 0.7981481481481482 0.4744791666666667 0.7981481481481482 0.4744791666666667 0.8574074074074074 0.4276041666666667 0.8574074074074074
2 0.4765625 0.9638888888888889 0.5546875 0.9638888888888889 0.5546875 1 0.4765625 1
2 0.5359375 0.7962962962962963 0.6270833333333333 0.7962962962962963 0.6270833333333333 0.9046296296296297 0.5359375 0.9046296296296297
2 0.45989583333333334 0.6842592592592592 0.5307291666666667 0.6842592592592592 0.5307291666666667 0.7648148148148148 0.45989583333333334 0.7648148148148148
2 0.46822916666666664 0.8240740740740741 0.5359375 0.8240740740740741 0.5359375 0.8962962962962963 0.46822916666666664 0.8962962962962963
2 0.37447916666666664 0.6722222222222223 0.41302083333333334 0.6722222222222223 0.41302083333333334 0.7194444444444444 0.37447916666666664 0.7194444444444444
2 0.28072916666666664 0.575 0.2994791666666667 0.575 0.2994791666666667 0.5981481481481481 0.28072916666666664 0.5981481481481481
2 0.30520833333333336 0.2814814814814815 0.3333333333333333 0.2814814814814815 0.3333333333333333 0.33055555555555555 0.30520833333333336 0.33055555555555555
2 0.33177083333333335 0.262037037037037 0.3640625 0.262037037037037 0.3640625 0.30277777777777776 0.33177083333333335 0.30277777777777776
2 0.33125 0.1925925925925926 0.36614583333333334 0.1925925925925926 0.36614583333333334 0.2324074074074074 0.33125 0.2324074074074074
2 0.325 0.5518518518518518 0.35520833333333335 0.5518518518518518 0.35520833333333335 0.5861111111111111 0.325 0.5861111111111111
2 0.290625 0.4842592592592593 0.31302083333333336 0.4842592592592593 0.31302083333333336 0.5138888888888888 0.290625 0.5138888888888888
2 0.3098958333333333 0.5194444444444445 0.3411458333333333 0.5194444444444445 0.3411458333333333 0.5509259259259259 0.3098958333333333 0.5509259259259259
2 0.346875 0.5916666666666667 0.390625 0.5916666666666667 0.390625 0.6259259259259259 0.346875 0.6259259259259259
2 0.3411458333333333 0.6509259259259259 0.3828125 0.6509259259259259 0.3828125 0.6814814814814815 0.3411458333333333 0.6814814814814815
2 0.32760416666666664 0.6194444444444445 0.3609375 0.6194444444444445 0.3609375 0.6435185185185185 0.32760416666666664 0.6435185185185185
2 0.3171875 0.4685185185185185 0.35520833333333335 0.4685185185185185 0.35520833333333335 0.49537037037037035 0.3171875 0.49537037037037035