1 0.39895833333333336 0.912962962962963 0.49895833333333334 0.912962962962963 0.49895833333333334 1 0.39895833333333336 1
1 0.3177083333333333 0.6944444444444444 0.3541666666666667 0.6944444444444444 0.3541666666666667 0.8027777777777778 0.3177083333333333 0.8027777777777778
1 0.30625 0.5148148148148148 0.3385416666666667 0.5148148148148148 0.3385416666666667 0.5768518518518518 0.30625 0.5768518518518518
1 0.28020833333333334 0.27314814814814814 0.30104166666666665 0.27314814814814814 0.30104166666666665 0.33240740740740743 0.28020833333333334 0.33240740740740743
1 0.4817708333333333 0 0.78125 0 0.78125 0.32592592592592595 0.4817708333333333 0.32592592592592595
2 0.44166666666666665 0.08796296296296297 0.490625 0.08796296296296297 0.490625 0.1638888888888889 0.44166666666666665 0.1638888888888889
2 0.5036458333333333 0.9527777777777777 0.6130208333333333 0.9527777777777777 0.6130208333333333 1 0.5036458333333333 1
2 0.5619791666666667 0.8796296296296297 0.69375 0.8796296296296297 0.69375 0.9787037037037037 0.5619791666666667 0.9787037037037037
2 0.5739583333333333 0.7722222222222223 0.70625 0.7722222222222223 0.70625 0.8462962962962963 0.5739583333333333 0.8462962962962963
2 0.471875 0.6138888888888889 0.5578125 0.6138888888888889 0.5578125 0.6657407407407407 0.471875 0.6657407407407407
2 0.44895833333333335 0.7277777777777777 0.5192708333333333 0.7277777777777777 0.5192708333333333 0.7759259259259259 0.44895833333333335 0.7759259259259259
2 0.45260416666666664 0.887962962962963 0.515625 0.887962962962963 0.515625 0.9490740740740741 0.45260416666666664 0.9490740740740741
2 0.40572916666666664 0.8222222222222222 0.46041666666666664 0.8222222222222222 0.46041666666666664 0.8592592592592593 0.40572916666666664 0.8592592592592593
2 0.4005208333333333 0.7203703703703703 0.45260416666666664 0.7203703703703703 0.45260416666666664 0.7648148148148148 0.4005208333333333 0.7648148148148148
2 0.38645833333333335 0.5953703703703703 0.4421875 0.5953703703703703 0.4421875 0.6333333333333333 0.38645833333333335 0.6333333333333333
2 0.36822916666666666 0.5740740740740741 0.41302083333333334 0.5740740740740741 0.41302083333333334 0.6018518518518519 0.36822916666666666 0.6018518518518519
2 0.3765625 0.687962962962963 0.4270833333333333 0.687962962962963 0.4270833333333333 0.725 0.3765625 0.725
2 0.34375 0.7231481481481481 0.38958333333333334 0.7231481481481481 0.38958333333333334 0.7518518518518519 0.34375 0.7518518518518519
2 0.3421875 0.6731481481481482 0.37916666666666665 0.6731481481481482 0.37916666666666665 0.6962962962962963 0.3421875 0.6962962962962963
2 0.33125 0.6481481481481481 0.371875 0.6481481481481481 0.371875 0.674074074074074 0.33125 0.674074074074074
2 0.32916666666666666 0.6027777777777777 0.36822916666666666 0.6027777777777777 0.36822916666666666 0.6259259259259259 0.32916666666666666 0.6259259259259259
2 0.33489583333333334 0.5592592592592592 0.371875 0.5592592592592592 0.371875 0.5777777777777777 0.33489583333333334 0.5777777777777777
2 0.3182291666666667 0.6296296296296297 0.34791666666666665 0.6296296296296297 0.34791666666666665 0.6481481481481481 0.3182291666666667 0.6481481481481481
2 0.3026041666666667 0.5962962962962963 0.33489583333333334 0.5962962962962963 0.33489583333333334 0.6129629629629629 0.3026041666666667 0.6129629629629629
2 0.2921875 0.4861111111111111 0.32083333333333336 0.4861111111111111 0.32083333333333336 0.5046296296296297 0.2921875 0.5046296296296297
2 0.29010416666666666 0.5425925925925926 0.3098958333333333 0.5425925925925926 0.3098958333333333 0.5546296296296296 0.29010416666666666 0.5546296296296296
2 0.29635416666666664 0.5638888888888889 0.3182291666666667 0.5638888888888889 0.3182291666666667 0.5805555555555556 0.29635416666666664 0.5805555555555556
2 0.2838541666666667 0.5851851851851851 0.3020833333333333 0.5851851851851851 0.3020833333333333 0.5990740740740741 0.2838541666666667 0.5990740740740741
2 0.2869791666666667 0.6092592592592593 0.30833333333333335 0.6092592592592593 0.30833333333333335 0.6222222222222222 0.2869791666666667 0.6222222222222222
2 0.30572916666666666 0.32222222222222224 0.33177083333333335 0.32222222222222224 0.33177083333333335 0.337037037037037 0.30572916666666666 0.337037037037037
2 0.3015625 0.28055555555555556 0.32135416666666666 0.28055555555555556 0.32135416666666666 0.30277777777777776 0.3015625 0.30277777777777776
2 0.30833333333333335 0.2518518518518518 0.33177083333333335 0.2518518518518518 0.33177083333333335 0.27685185185185185 0.30833333333333335 0.27685185185185185
2 0.2791666666666667 0.5583333333333333 0.2994791666666667 0.5583333333333333 0.2994791666666667 0.5675925925925925 0.2791666666666667 0.5675925925925925