1 0.6927083333333334 0.4666666666666667 0.8375 0.4666666666666667 0.8375 0.6601851851851852 0.6927083333333334 0.6601851851851852
1 0.13854166666666667 0.3055555555555556 0.26145833333333335 0.3055555555555556 0.26145833333333335 0.48703703703703705 0.13854166666666667 0.48703703703703705
2 0.8958333333333334 0.6731481481481482 0.9625 0.6731481481481482 0.9625 0.8935185185185185 0.8958333333333334 0.8935185185185185
0 0.3416666666666667 0.11851851851851852 0.42083333333333334 0.11851851851851852 0.42083333333333334 0.2953703703703704 0.3416666666666667 0.2953703703703704
2 0.23697916666666666 0.4740740740740741 0.28541666666666665 0.4740740740740741 0.28541666666666665 0.6342592592592593 0.23697916666666666 0.6342592592592593
2 0.004166666666666667 0.5425925925925926 0.09375 0.5425925925925926 0.09375 0.7212962962962963 0.004166666666666667 0.7212962962962963
2 0.3572916666666667 0.6166666666666667 0.41770833333333335 0.6166666666666667 0.41770833333333335 0.8194444444444444 0.3572916666666667 0.8194444444444444
2 0.7104166666666667 0.6777777777777778 0.7791666666666667 0.6777777777777778 0.7791666666666667 0.9018518518518519 0.7104166666666667 0.9018518518518519
1 0.534375 0.11574074074074074 0.5645833333333333 0.11574074074074074 0.5645833333333333 0.15833333333333333 0.534375 0.15833333333333333
2 0.39114583333333336 0.2972222222222222 0.4234375 0.2972222222222222 0.4234375 0.39537037037037037 0.39114583333333336 0.39537037037037037
2 0.5520833333333334 0.1648148148148148 0.5739583333333333 0.1648148148148148 0.5739583333333333 0.21851851851851853 0.5520833333333334 0.21851851851851853
2 0.4515625 0.18425925925925926 0.4739583333333333 0.18425925925925926 0.4739583333333333 0.24166666666666667 0.4515625 0.24166666666666667
2 0.3260416666666667 0.4527777777777778 0.36875 0.4527777777777778 0.36875 0.6175925925925926 0.3260416666666667 0.6175925925925926
1 0.5723958333333333 0.13240740740740742 0.6145833333333334 0.13240740740740742 0.6145833333333334 0.18611111111111112 0.5723958333333333 0.18611111111111112
2 0.6447916666666667 0.17685185185185184 0.6666666666666666 0.17685185185185184 0.6666666666666666 0.2351851851851852 0.6447916666666667 0.2351851851851852
2 0.4453125 0.22407407407407406 0.4640625 0.22407407407407406 0.4640625 0.28425925925925927 0.4453125 0.28425925925925927
2 0.26197916666666665 0.337037037037037 0.296875 0.337037037037037 0.296875 0.46944444444444444 0.26197916666666665 0.46944444444444444
2 0.6338541666666667 0.30462962962962964 0.66875 0.30462962962962964 0.66875 0.43425925925925923 0.6338541666666667 0.43425925925925923
2 0.6375 0.2324074074074074 0.6609375 0.2324074074074074 0.6609375 0.3 0.6375 0.3