1 0.14322916666666666 0.33425925925925926 0.26614583333333336 0.33425925925925926 0.26614583333333336 0.5120370370370371 0.14322916666666666 0.5120370370370371
1 0.40208333333333335 0.31574074074074077 0.4739583333333333 0.31574074074074077 0.4739583333333333 0.4537037037037037 0.40208333333333335 0.4537037037037037
1 0.3296875 0.18703703703703703 0.38697916666666665 0.18703703703703703 0.38697916666666665 0.24814814814814815 0.3296875 0.24814814814814815
1 0.5505208333333333 0.14722222222222223 0.5875 0.14722222222222223 0.5875 0.20277777777777778 0.5505208333333333 0.20277777777777778
1 0.6619791666666667 0.1361111111111111 0.7057291666666666 0.1361111111111111 0.7057291666666666 0.175 0.6619791666666667 0.175
2 0.0421875 0.6953703703703704 0.10260416666666666 0.6953703703703704 0.10260416666666666 0.8444444444444444 0.0421875 0.8444444444444444
2 0.20625 0.649074074074074 0.24739583333333334 0.649074074074074 0.24739583333333334 0.8314814814814815 0.20625 0.8314814814814815
2 0.2328125 0.7157407407407408 0.28802083333333334 0.7157407407407408 0.28802083333333334 0.9388888888888889 0.2328125 0.9388888888888889
2 0.28072916666666664 0.3824074074074074 0.31145833333333334 0.3824074074074074 0.31145833333333334 0.5351851851851852 0.28072916666666664 0.5351851851851852
2 0.31927083333333334 0.4425925925925926 0.35989583333333336 0.4425925925925926 0.35989583333333336 0.587037037037037 0.31927083333333334 0.587037037037037
2 0.8635416666666667 0.7046296296296296 0.9463541666666667 0.7046296296296296 0.9463541666666667 0.9314814814814815 0.8635416666666667 0.9314814814814815
2 0.7489583333333333 0.36203703703703705 0.7817708333333333 0.36203703703703705 0.7817708333333333 0.4675925925925926 0.7489583333333333 0.4675925925925926
2 0.6786458333333333 0.2712962962962963 0.7067708333333333 0.2712962962962963 0.7067708333333333 0.35648148148148145 0.6786458333333333 0.35648148148148145
2 0.3416666666666667 0.2777777777777778 0.359375 0.2777777777777778 0.359375 0.375 0.3416666666666667 0.375
2 0.3880208333333333 0.26666666666666666 0.409375 0.26666666666666666 0.409375 0.3425925925925926 0.3880208333333333 0.3425925925925926
2 0.3828125 0.20833333333333334 0.3963541666666667 0.20833333333333334 0.3963541666666667 0.26296296296296295 0.3828125 0.26296296296296295
2 0.5239583333333333 0.1787037037037037 0.5604166666666667 0.1787037037037037 0.5604166666666667 0.2351851851851852 0.5239583333333333 0.2351851851851852
2 0.4510416666666667 0.20092592592592592 0.4661458333333333 0.20092592592592592 0.4661458333333333 0.2759259259259259 0.4510416666666667 0.2759259259259259
2 0.4140625 0.19537037037037036 0.434375 0.19537037037037036 0.434375 0.24259259259259258 0.4140625 0.24259259259259258
2 0.4078125 0.16666666666666666 0.4234375 0.16666666666666666 0.4234375 0.21574074074074073 0.4078125 0.21574074074074073
2 0.44166666666666665 0.18333333333333332 0.4552083333333333 0.18333333333333332 0.4552083333333333 0.22962962962962963 0.44166666666666665 0.22962962962962963
2 0.43385416666666665 0.1527777777777778 0.4473958333333333 0.1527777777777778 0.4473958333333333 0.1925925925925926 0.43385416666666665 0.1925925925925926
2 0.40208333333333335 0.12407407407407407 0.4161458333333333 0.12407407407407407 0.4161458333333333 0.1638888888888889 0.40208333333333335 0.1638888888888889
2 0.4583333333333333 0.14537037037037037 0.46875 0.14537037037037037 0.46875 0.1925925925925926 0.4583333333333333 0.1925925925925926
2 0.4703125 0.12685185185185185 0.4822916666666667 0.12685185185185185 0.4822916666666667 0.16944444444444445 0.4703125 0.16944444444444445
2 0.49114583333333334 0.125 0.5036458333333333 0.125 0.5036458333333333 0.1648148148148148 0.49114583333333334 0.1648148148148148
2 0.440625 0.12777777777777777 0.4546875 0.12777777777777777 0.4546875 0.16944444444444445 0.440625 0.16944444444444445