1 0.1390625 0.3351851851851852 0.2625 0.3351851851851852 0.2625 0.5157407407407407 0.1390625 0.5157407407407407
1 0.4197916666666667 0.2675925925925926 0.47760416666666666 0.2675925925925926 0.47760416666666666 0.3731481481481482 0.4197916666666667 0.3731481481481482
1 0.32760416666666664 0.18611111111111112 0.3880208333333333 0.18611111111111112 0.3880208333333333 0.24814814814814815 0.32760416666666664 0.24814814814814815
1 0.55 0.1675925925925926 0.5953125 0.1675925925925926 0.5953125 0.2388888888888889 0.55 0.2388888888888889
2 0.96875 0.31851851851851853 0.9994791666666667 0.31851851851851853 0.9994791666666667 0.36574074074074076 0.96875 0.36574074074074076
2 0.3692708333333333 0.36944444444444446 0.3958333333333333 0.36944444444444446 0.3958333333333333 0.4546296296296296 0.3692708333333333 0.4546296296296296
1 0.5276041666666667 0.11851851851851852 0.5510416666666667 0.11851851851851852 0.5510416666666667 0.1574074074074074 0.5276041666666667 0.1574074074074074
2 0.35625 0.2777777777777778 0.37916666666666665 0.2777777777777778 0.37916666666666665 0.33240740740740743 0.35625 0.33240740740740743
2 0.1359375 0.5861111111111111 0.18802083333333333 0.5861111111111111 0.18802083333333333 0.7666666666666667 0.1359375 0.7666666666666667
2 0.15104166666666666 0.5 0.20885416666666667 0.5 0.20885416666666667 0.6574074074074074 0.15104166666666666 0.6574074074074074
2 0.18802083333333333 0.6398148148148148 0.25416666666666665 0.6398148148148148 0.25416666666666665 0.8481481481481481 0.18802083333333333 0.8481481481481481
2 0.275 0.47314814814814815 0.3098958333333333 0.47314814814814815 0.3098958333333333 0.6407407407407407 0.275 0.6407407407407407
2 0.3265625 0.5120370370370371 0.37135416666666665 0.5120370370370371 0.37135416666666665 0.6685185185185185 0.3265625 0.6685185185185185
2 0.315625 0.3277777777777778 0.3463541666666667 0.3277777777777778 0.3463541666666667 0.43148148148148147 0.315625 0.43148148148148147
2 0.8135416666666667 0.4583333333333333 0.8630208333333333 0.4583333333333333 0.8630208333333333 0.5907407407407408 0.8135416666666667 0.5907407407407408
2 0.7135416666666666 0.33796296296296297 0.7416666666666667 0.33796296296296297 0.7416666666666667 0.44074074074074077 0.7135416666666666 0.44074074074074077
2 0.6203125 0.2 0.6364583333333333 0.2 0.6364583333333333 0.2657407407407407 0.6203125 0.2657407407407407
2 0.5119791666666667 0.18611111111111112 0.54375 0.18611111111111112 0.54375 0.24537037037037038 0.5119791666666667 0.24537037037037038
2 0.40729166666666666 0.23055555555555557 0.42135416666666664 0.23055555555555557 0.42135416666666664 0.3 0.40729166666666666 0.3
2 0.3953125 0.19814814814814816 0.40677083333333336 0.19814814814814816 0.40677083333333336 0.2564814814814815 0.3953125 0.2564814814814815
2 0.4046875 0.12222222222222222 0.4125 0.12222222222222222 0.4125 0.15925925925925927 0.4046875 0.15925925925925927
2 0.4140625 0.15185185185185185 0.4244791666666667 0.15185185185185185 0.4244791666666667 0.2 0.4140625 0.2
2 0.42604166666666665 0.17777777777777778 0.4395833333333333 0.17777777777777778 0.4395833333333333 0.23425925925925925 0.42604166666666665 0.23425925925925925
2 0.446875 0.17222222222222222 0.4583333333333333 0.17222222222222222 0.4583333333333333 0.21851851851851853 0.446875 0.21851851851851853
2 0.45677083333333335 0.18611111111111112 0.471875 0.18611111111111112 0.471875 0.23703703703703705 0.45677083333333335 0.23703703703703705
2 0.43854166666666666 0.14166666666666666 0.4473958333333333 0.14166666666666666 0.4473958333333333 0.18611111111111112 0.43854166666666666 0.18611111111111112
2 0.453125 0.13425925925925927 0.4666666666666667 0.13425925925925927 0.4666666666666667 0.17777777777777778 0.453125 0.17777777777777778
2 0.44895833333333335 0.12685185185185185 0.45208333333333334 0.12685185185185185 0.45208333333333334 0.15833333333333333 0.44895833333333335 0.15833333333333333
2 0.4744791666666667 0.12222222222222222 0.48385416666666664 0.12222222222222222 0.48385416666666664 0.16111111111111112 0.4744791666666667 0.16111111111111112
2 0.4921875 0.1175925925925926 0.5020833333333333 0.1175925925925926 0.5020833333333333 0.15925925925925927 0.4921875 0.15925925925925927
2 0.5614583333333333 0.1175925925925926 0.571875 0.1175925925925926 0.571875 0.1574074074074074 0.5614583333333333 0.1574074074074074
2 0.5817708333333333 0.11944444444444445 0.5916666666666667 0.11944444444444445 0.5916666666666667 0.16018518518518518 0.5817708333333333 0.16018518518518518