1 0.478125 0 0.5848958333333333 0 0.5848958333333333 0.14166666666666666 0.478125 0.14166666666666666
1 0.39114583333333336 0.9324074074074075 0.49375 0.9324074074074075 0.49375 1 0.39114583333333336 1
2 0.5901041666666667 0.023148148148148147 0.7083333333333334 0.023148148148148147 0.7083333333333334 0.13055555555555556 0.5901041666666667 0.13055555555555556
2 0.4984375 0.8851851851851852 0.5770833333333333 0.8851851851851852 0.5770833333333333 0.9703703703703703 0.4984375 0.9703703703703703
2 0.5713541666666667 0.6518518518518519 0.6927083333333334 0.6518518518518519 0.6927083333333334 0.7592592592592593 0.5713541666666667 0.7592592592592593
0 0.28958333333333336 0.6398148148148148 0.3859375 0.6398148148148148 0.3859375 0.7842592592592592 0.28958333333333336 0.7842592592592592
1 0.2833333333333333 0.3851851851851852 0.3072916666666667 0.3851851851851852 0.3072916666666667 0.4398148148148148 0.2833333333333333 0.4398148148148148
2 0.4895833333333333 0.7351851851851852 0.5708333333333333 0.7351851851851852 0.5708333333333333 0.8175925925925925 0.4895833333333333 0.8175925925925925
2 0.31145833333333334 0.3712962962962963 0.340625 0.3712962962962963 0.340625 0.40925925925925927 0.31145833333333334 0.40925925925925927
2 0.3234375 0.5462962962962963 0.35572916666666665 0.5462962962962963 0.35572916666666665 0.587037037037037 0.3234375 0.587037037037037
2 0.3880208333333333 0.6462962962962963 0.44375 0.6462962962962963 0.44375 0.6981481481481482 0.3880208333333333 0.6981481481481482
1 0.29270833333333335 0.2962962962962963 0.3234375 0.2962962962962963 0.3234375 0.37222222222222223 0.29270833333333335 0.37222222222222223
2 0.3171875 0.20462962962962963 0.35 0.20462962962962963 0.35 0.24351851851851852 0.3171875 0.24351851851851852
2 0.41458333333333336 0.8796296296296297 0.48072916666666665 0.8796296296296297 0.48072916666666665 0.9166666666666666 0.41458333333333336 0.9166666666666666
2 0.3890625 0.21296296296296297 0.45 0.21296296296296297 0.45 0.262037037037037 0.3890625 0.262037037037037
2 0.34739583333333335 0.21481481481481482 0.3854166666666667 0.21481481481481482 0.3854166666666667 0.25462962962962965 0.34739583333333335 0.25462962962962965
2 0.3416666666666667 0.5601851851851852 0.38645833333333335 0.5601851851851852 0.38645833333333335 0.5972222222222222 0.3416666666666667 0.5972222222222222
2 0.3572916666666667 0.6037037037037037 0.4109375 0.6037037037037037 0.4109375 0.6444444444444445 0.3572916666666667 0.6444444444444445