1 0.5015625 0 0.6010416666666667 0 0.6010416666666667 0.09351851851851851 0.5015625 0.09351851851851851
1 0.6479166666666667 0.18518518518518517 0.6838541666666667 0.18518518518518517 0.6838541666666667 0.3101851851851852 0.6479166666666667 0.3101851851851852
2 0.36822916666666666 0 0.46510416666666665 0 0.46510416666666665 0.04537037037037037 0.36822916666666666 0.04537037037037037
2 0.4875 0.7037037037037037 0.5572916666666666 0.7037037037037037 0.5572916666666666 0.7675925925925926 0.4875 0.7675925925925926
2 0.4947916666666667 0.8231481481481482 0.5598958333333334 0.8231481481481482 0.5598958333333334 0.8824074074074074 0.4947916666666667 0.8824074074074074
2 0.278125 0.8824074074074074 0.396875 0.8824074074074074 0.396875 1 0.278125 1
2 0.33697916666666666 0.0962962962962963 0.44427083333333334 0.0962962962962963 0.44427083333333334 0.18425925925925926 0.33697916666666666 0.18425925925925926
2 0.6526041666666667 0.5731481481481482 0.6791666666666667 0.5731481481481482 0.6791666666666667 0.6361111111111111 0.6526041666666667 0.6361111111111111
2 0.5260416666666666 0.23333333333333334 0.5802083333333333 0.23333333333333334 0.5802083333333333 0.30092592592592593 0.5260416666666666 0.30092592592592593
2 0.5859375 0.32222222222222224 0.6333333333333333 0.32222222222222224 0.6333333333333333 0.37592592592592594 0.5859375 0.37592592592592594
2 0.5916666666666667 0.6212962962962963 0.6364583333333333 0.6212962962962963 0.6364583333333333 0.6685185185185185 0.5916666666666667 0.6685185185185185
2 0.6046875 0.6805555555555556 0.6442708333333333 0.6805555555555556 0.6442708333333333 0.7212962962962963 0.6046875 0.7212962962962963
2 0.43645833333333334 0.12314814814814815 0.515625 0.12314814814814815 0.515625 0.20555555555555555 0.43645833333333334 0.20555555555555555
2 0.6385416666666667 0.6601851851851852 0.6666666666666666 0.6601851851851852 0.6666666666666666 0.7231481481481481 0.6385416666666667 0.7231481481481481
2 0.615625 0.37222222222222223 0.65625 0.37222222222222223 0.65625 0.41759259259259257 0.615625 0.41759259259259257
2 0.6375 0.3277777777777778 0.6682291666666667 0.3277777777777778 0.6682291666666667 0.3675925925925926 0.6375 0.3675925925925926
2 0.6776041666666667 0.625 0.703125 0.625 0.703125 0.6611111111111111 0.6776041666666667 0.6611111111111111