1 0.5078125 0.5898148148148148 0.6645833333333333 0.5898148148148148 0.6645833333333333 0.8194444444444444 0.5078125 0.8194444444444444
1 0.4015625 0.9111111111111111 0.5015625 0.9111111111111111 0.5015625 1 0.4015625 1
1 0.321875 0.6962962962962963 0.3578125 0.6962962962962963 0.3578125 0.799074074074074 0.321875 0.799074074074074
1 0.29322916666666665 0.13240740740740742 0.31927083333333334 0.13240740740740742 0.31927083333333334 0.21296296296296297 0.29322916666666665 0.21296296296296297
2 0.4401041666666667 0.8518518518518519 0.5229166666666667 0.8518518518518519 0.5229166666666667 0.9231481481481482 0.4401041666666667 0.9231481481481482
2 0.45416666666666666 0.7638888888888888 0.5286458333333334 0.7638888888888888 0.5286458333333334 0.8240740740740741 0.45416666666666666 0.8240740740740741
2 0.41770833333333335 0.1037037037037037 0.4796875 0.1037037037037037 0.4796875 0.15833333333333333 0.41770833333333335 0.15833333333333333
2 0.3619791666666667 0.1638888888888889 0.40989583333333335 0.1638888888888889 0.40989583333333335 0.19907407407407407 0.3619791666666667 0.19907407407407407
2 0.3333333333333333 0.2222222222222222 0.3640625 0.2222222222222222 0.3640625 0.24537037037037038 0.3333333333333333 0.24537037037037038
2 0.31875 0.33425925925925926 0.35260416666666666 0.33425925925925926 0.35260416666666666 0.40185185185185185 0.31875 0.40185185185185185
2 0.38697916666666665 0.6064814814814815 0.4359375 0.6064814814814815 0.4359375 0.6416666666666667 0.38697916666666665 0.6416666666666667
2 0.3546875 0.5814814814814815 0.3953125 0.5814814814814815 0.3953125 0.625 0.3546875 0.625
2 0.35989583333333336 0.6509259259259259 0.4109375 0.6509259259259259 0.4109375 0.6796296296296296 0.35989583333333336 0.6796296296296296
2 0.3375 0.6805555555555556 0.3796875 0.6805555555555556 0.3796875 0.6990740740740741 0.3375 0.6990740740740741
2 0.3729166666666667 0.7342592592592593 0.4197916666666667 0.7342592592592593 0.4197916666666667 0.7731481481481481 0.3729166666666667 0.7731481481481481
2 0.3182291666666667 0.6203703703703703 0.3489583333333333 0.6203703703703703 0.3489583333333333 0.6361111111111111 0.3182291666666667 0.6361111111111111
2 0.31875 0.5740740740740741 0.3546875 0.5740740740740741 0.3546875 0.5981481481481481 0.31875 0.5981481481481481
2 0.3078125 0.5462962962962963 0.33645833333333336 0.5462962962962963 0.33645833333333336 0.5638888888888889 0.3078125 0.5638888888888889
2 0.30625 0.49907407407407406 0.334375 0.49907407407407406 0.334375 0.5268518518518519 0.30625 0.5268518518518519
2 0.29010416666666666 0.5046296296296297 0.31302083333333336 0.5046296296296297 0.31302083333333336 0.5212962962962963 0.29010416666666666 0.5212962962962963
2 0.296875 0.6555555555555556 0.3223958333333333 0.6555555555555556 0.3223958333333333 0.6657407407407407 0.296875 0.6657407407407407
2 0.3020833333333333 0.6055555555555555 0.3265625 0.6055555555555555 0.3265625 0.6194444444444445 0.3020833333333333 0.6194444444444445
2 0.2984375 0.6185185185185185 0.31666666666666665 0.6185185185185185 0.31666666666666665 0.6333333333333333 0.2984375 0.6333333333333333
2 0.290625 0.5888888888888889 0.3125 0.5888888888888889 0.3125 0.6027777777777777 0.290625 0.6027777777777777
2 0.2921875 0.5703703703703704 0.31666666666666665 0.5703703703703704 0.31666666666666665 0.5805555555555556 0.2921875 0.5805555555555556
2 0.2869791666666667 0.5509259259259259 0.3078125 0.5509259259259259 0.3078125 0.5666666666666667 0.2869791666666667 0.5666666666666667
2 0.2833333333333333 0.5305555555555556 0.30416666666666664 0.5305555555555556 0.30416666666666664 0.5435185185185185 0.2833333333333333 0.5435185185185185
2 0.2859375 0.3296296296296296 0.3098958333333333 0.3296296296296296 0.3098958333333333 0.3435185185185185 0.2859375 0.3435185185185185
1 0.2859375 0.3675925925925926 0.31302083333333336 0.3675925925925926 0.31302083333333336 0.4185185185185185 0.2859375 0.4185185185185185