1 0.12760416666666666 0.3537037037037037 0.25416666666666665 0.3537037037037037 0.25416666666666665 0.5342592592592592 0.12760416666666666 0.5342592592592592
1 0.5625 0.36203703703703705 0.6458333333333334 0.36203703703703705 0.6458333333333334 0.49444444444444446 0.5625 0.49444444444444446
1 0.2984375 0.5222222222222223 0.42552083333333335 0.5222222222222223 0.42552083333333335 0.7592592592592593 0.2984375 0.7592592592592593
1 0.31927083333333334 0.20555555555555555 0.37395833333333334 0.20555555555555555 0.37395833333333334 0.26944444444444443 0.31927083333333334 0.26944444444444443
1 0.44479166666666664 0.1685185185185185 0.4786458333333333 0.1685185185185185 0.4786458333333333 0.22314814814814815 0.44479166666666664 0.22314814814814815
1 0.5296875 0.18981481481481483 0.5666666666666667 0.18981481481481483 0.5666666666666667 0.24814814814814815 0.5296875 0.24814814814814815
1 0.6401041666666667 0.15925925925925927 0.6901041666666666 0.15925925925925927 0.6901041666666666 0.20092592592592592 0.6401041666666667 0.20092592592592592
2 0.2984375 0.4861111111111111 0.33177083333333335 0.4861111111111111 0.33177083333333335 0.5824074074074074 0.2984375 0.5824074074074074
2 0.0375 0.7657407407407407 0.10260416666666666 0.7657407407407407 0.10260416666666666 1 0.0375 1
2 0.1828125 0.612037037037037 0.2296875 0.612037037037037 0.2296875 0.7648148148148148 0.1828125 0.7648148148148148
2 0.3703125 0.6731481481481482 0.43854166666666666 0.6731481481481482 0.43854166666666666 0.9953703703703703 0.3703125 0.9953703703703703
2 0.2677083333333333 0.39444444444444443 0.29739583333333336 0.39444444444444443 0.29739583333333336 0.5 0.2677083333333333 0.5
2 0.3015625 0.3296296296296296 0.3260416666666667 0.3296296296296296 0.3260416666666667 0.43796296296296294 0.3015625 0.43796296296296294
2 0.340625 0.36018518518518516 0.3578125 0.36018518518518516 0.3578125 0.4842592592592593 0.340625 0.4842592592592593
2 0.3328125 0.3148148148148148 0.3536458333333333 0.3148148148148148 0.3536458333333333 0.3768518518518518 0.3328125 0.3768518518518518
2 0.3421875 0.26481481481481484 0.35520833333333335 0.26481481481481484 0.35520833333333335 0.3148148148148148 0.3421875 0.3148148148148148
2 0.34739583333333335 0.2574074074074074 0.378125 0.2574074074074074 0.378125 0.33611111111111114 0.34739583333333335 0.33611111111111114
2 0.36666666666666664 0.2824074074074074 0.38697916666666665 0.2824074074074074 0.38697916666666665 0.37592592592592594 0.36666666666666664 0.37592592592592594
2 0.3890625 0.2972222222222222 0.4088541666666667 0.2972222222222222 0.4088541666666667 0.40370370370370373 0.3890625 0.40370370370370373
2 0.42083333333333334 0.32037037037037036 0.4401041666666667 0.32037037037037036 0.4401041666666667 0.42314814814814816 0.42083333333333334 0.42314814814814816
2 0.45 0.28888888888888886 0.47604166666666664 0.28888888888888886 0.47604166666666664 0.38425925925925924 0.45 0.38425925925925924
2 0.39739583333333334 0.26296296296296295 0.41354166666666664 0.26296296296296295 0.41354166666666664 0.325 0.39739583333333334 0.325
2 0.39114583333333336 0.22314814814814815 0.4125 0.22314814814814815 0.4125 0.2814814814814815 0.39114583333333336 0.2814814814814815
2 0.42083333333333334 0.22314814814814815 0.4354166666666667 0.22314814814814815 0.4354166666666667 0.30277777777777776 0.42083333333333334 0.30277777777777776
2 0.4088541666666667 0.20092592592592592 0.4239583333333333 0.20092592592592592 0.4239583333333333 0.25 0.4088541666666667 0.25
2 0.4041666666666667 0.1787037037037037 0.4161458333333333 0.1787037037037037 0.4161458333333333 0.22407407407407406 0.4041666666666667 0.22407407407407406
2 0.42135416666666664 0.17314814814814813 0.4322916666666667 0.17314814814814813 0.4322916666666667 0.21944444444444444 0.42135416666666664 0.21944444444444444
2 0.49375 0.19907407407407407 0.5177083333333333 0.19907407407407407 0.5177083333333333 0.25277777777777777 0.49375 0.25277777777777777
2 0.5885416666666666 0.24074074074074073 0.60625 0.24074074074074073 0.60625 0.29814814814814816 0.5885416666666666 0.29814814814814816
2 0.6151041666666667 0.21481481481481482 0.634375 0.21481481481481482 0.634375 0.29074074074074074 0.6151041666666667 0.29074074074074074
2 0.6057291666666667 0.18981481481481483 0.6166666666666667 0.18981481481481483 0.6166666666666667 0.23425925925925925 0.6057291666666667 0.23425925925925925
2 0.5869791666666667 0.16296296296296298 0.6010416666666667 0.16296296296296298 0.6010416666666667 0.2111111111111111 0.5869791666666667 0.2111111111111111
2 0.5645833333333333 0.1685185185185185 0.5796875 0.1685185185185185 0.5796875 0.21666666666666667 0.5645833333333333 0.21666666666666667
2 0.8651041666666667 0.8472222222222222 0.9828125 0.8472222222222222 0.9828125 1 0.8651041666666667 1