1 0.5036458333333333 0 0.6026041666666667 0 0.6026041666666667 0.09814814814814815 0.5036458333333333 0.09814814814814815
1 0.6510416666666666 0.18796296296296297 0.6864583333333333 0.18796296296296297 0.6864583333333333 0.30925925925925923 0.6510416666666666 0.30925925925925923
2 0.3796875 0.06851851851851852 0.47604166666666664 0.06851851851851852 0.47604166666666664 0.16203703703703703 0.3796875 0.16203703703703703
2 0.65 0.7796296296296297 0.6739583333333333 0.7796296296296297 0.6739583333333333 0.8111111111111111 0.65 0.8111111111111111
2 0.6484375 0.3398148148148148 0.678125 0.3398148148148148 0.678125 0.37407407407407406 0.6484375 0.37407407407407406
2 0.5489583333333333 0.7898148148148149 0.6036458333333333 0.7898148148148149 0.6036458333333333 0.8472222222222222 0.5489583333333333 0.8472222222222222
2 0.6317708333333333 0.6527777777777778 0.6671875 0.6527777777777778 0.6671875 0.6916666666666667 0.6317708333333333 0.6916666666666667
2 0.6098958333333333 0.3648148148148148 0.6494791666666667 0.3648148148148148 0.6494791666666667 0.41388888888888886 0.6098958333333333 0.41388888888888886
2 0.6994791666666667 0.6259259259259259 0.7192708333333333 0.6259259259259259 0.7192708333333333 0.65 0.6994791666666667 0.65
2 0.7088541666666667 0.5703703703703704 0.7265625 0.5703703703703704 0.7265625 0.5935185185185186 0.7088541666666667 0.5935185185185186
2 0.584375 0.6888888888888889 0.6270833333333333 0.6888888888888889 0.6270833333333333 0.737037037037037 0.584375 0.737037037037037
2 0.7036458333333333 0.6592592592592592 0.7223958333333333 0.6592592592592592 0.7223958333333333 0.6842592592592592 0.7036458333333333 0.6842592592592592
2 0.415625 0.8953703703703704 0.4979166666666667 0.8953703703703704 0.4979166666666667 0.987037037037037 0.415625 0.987037037037037
2 0.6192708333333333 0.7037037037037037 0.6541666666666667 0.7037037037037037 0.6541666666666667 0.7481481481481481 0.6192708333333333 0.7481481481481481
2 0.65625 0.5981481481481481 0.6890625 0.5981481481481481 0.6890625 0.6472222222222223 0.65625 0.6472222222222223
2 0.6723958333333333 0.41944444444444445 0.6942708333333333 0.41944444444444445 0.6942708333333333 0.44722222222222224 0.6723958333333333 0.44722222222222224
2 0.4635416666666667 0.26666666666666666 0.5494791666666666 0.26666666666666666 0.5494791666666666 0.34444444444444444 0.4635416666666667 0.34444444444444444
2 0.6260416666666667 0.4305555555555556 0.6619791666666667 0.4305555555555556 0.6619791666666667 0.4685185185185185 0.6260416666666667 0.4685185185185185
2 0.5239583333333333 0.25833333333333336 0.5796875 0.25833333333333336 0.5796875 0.3101851851851852 0.5239583333333333 0.3101851851851852
2 0.4828125 0.9490740740740741 0.5520833333333334 0.9490740740740741 0.5520833333333334 1 0.4828125 1
2 0.6609375 0.7157407407407408 0.6958333333333333 0.7157407407407408 0.6958333333333333 0.7490740740740741 0.6609375 0.7490740740740741
2 0.6494791666666667 0.3888888888888889 0.6895833333333333 0.3888888888888889 0.6895833333333333 0.4222222222222222 0.6494791666666667 0.4222222222222222