1 0.50625 0 0.6083333333333333 0 0.6083333333333333 0.0824074074074074 0.50625 0.0824074074074074
1 0.3385416666666667 0.8824074074074074 0.47552083333333334 0.8824074074074074 0.47552083333333334 1 0.3385416666666667 1
1 0.6859375 0.562037037037037 0.7114583333333333 0.562037037037037 0.7114583333333333 0.6212962962962963 0.6859375 0.6212962962962963
2 0.471875 0.09907407407407408 0.5458333333333333 0.09907407407407408 0.5458333333333333 0.17685185185185184 0.471875 0.17685185185185184
1 0.6677083333333333 0.6444444444444445 0.6994791666666667 0.6444444444444445 0.6994791666666667 0.7231481481481481 0.6677083333333333 0.7231481481481481
2 0.5880208333333333 0.7666666666666667 0.6307291666666667 0.7666666666666667 0.6307291666666667 0.8101851851851852 0.5880208333333333 0.8101851851851852
2 0.4161458333333333 0.3175925925925926 0.5052083333333334 0.3175925925925926 0.5052083333333334 0.4101851851851852 0.4161458333333333 0.4101851851851852
2 0.5786458333333333 0.32407407407407407 0.6276041666666666 0.32407407407407407 0.6276041666666666 0.37777777777777777 0.5786458333333333 0.37777777777777777
2 0.6364583333333333 0.7722222222222223 0.671875 0.7722222222222223 0.671875 0.8148148148148148 0.6364583333333333 0.8148148148148148
2 0.48333333333333334 0.24259259259259258 0.5614583333333333 0.24259259259259258 0.5614583333333333 0.30833333333333335 0.48333333333333334 0.30833333333333335
2 0.5572916666666666 0.11296296296296296 0.6098958333333333 0.11296296296296296 0.6098958333333333 0.1638888888888889 0.5572916666666666 0.1638888888888889
2 0.6463541666666667 0.6027777777777777 0.6828125 0.6027777777777777 0.6828125 0.6453703703703704 0.6463541666666667 0.6453703703703704
0 0.6265625 0.23055555555555557 0.7140625 0.23055555555555557 0.7140625 0.3638888888888889 0.6265625 0.3638888888888889
2 0.653125 0.42592592592592593 0.6807291666666667 0.42592592592592593 0.6807291666666667 0.4564814814814815 0.653125 0.4564814814814815
2 0.5130208333333334 0.7537037037037037 0.5802083333333333 0.7537037037037037 0.5802083333333333 0.8240740740740741 0.5130208333333334 0.8240740740740741
2 0.6354166666666666 0.4027777777777778 0.6677083333333333 0.4027777777777778 0.6677083333333333 0.4361111111111111 0.6354166666666666 0.4361111111111111