1 0.5651041666666666 0.600925925925926 0.6192708333333333 0.600925925925926 0.6192708333333333 0.7157407407407408 0.5651041666666666 0.7157407407407408
1 0.6317708333333333 0.18333333333333332 0.6677083333333333 0.18333333333333332 0.6677083333333333 0.2861111111111111 0.6317708333333333 0.2861111111111111
1 0.65625 0.5518518518518518 0.6859375 0.5518518518518518 0.6859375 0.6092592592592593 0.65625 0.6092592592592593
1 0.2203125 0 0.325 0 0.325 0.25925925925925924 0.2203125 0.25925925925925924
2 0.48333333333333334 0.3055555555555556 0.5265625 0.3055555555555556 0.5265625 0.35462962962962963 0.48333333333333334 0.35462962962962963
1 0.6421875 0.39166666666666666 0.6791666666666667 0.39166666666666666 0.6791666666666667 0.45555555555555555 0.6421875 0.45555555555555555
2 0.41875 0.08888888888888889 0.47760416666666666 0.08888888888888889 0.47760416666666666 0.16111111111111112 0.41875 0.16111111111111112
1 0.6692708333333334 0.7574074074074074 0.6958333333333333 0.7574074074074074 0.6958333333333333 0.8462962962962963 0.6692708333333334 0.8462962962962963
1 0.484375 0 0.5916666666666667 0 0.5916666666666667 0.06388888888888888 0.484375 0.06388888888888888
2 0.4322916666666667 0.8861111111111111 0.5109375 0.8861111111111111 0.5109375 0.9583333333333334 0.4322916666666667 0.9583333333333334
2 0.28541666666666665 0 0.4171875 0 0.4171875 0.05740740740740741 0.28541666666666665 0.05740740740740741
2 0.47291666666666665 0.4 0.5484375 0.4 0.5484375 0.4638888888888889 0.47291666666666665 0.4638888888888889
2 0.4864583333333333 0.04537037037037037 0.5567708333333333 0.04537037037037037 0.5567708333333333 0.13333333333333333 0.4864583333333333 0.13333333333333333
2 0.5057291666666667 0.15185185185185185 0.5723958333333333 0.15185185185185185 0.5723958333333333 0.20185185185185187 0.5057291666666667 0.20185185185185187
2 0.48802083333333335 0.2101851851851852 0.5552083333333333 0.2101851851851852 0.5552083333333333 0.2712962962962963 0.48802083333333335 0.2712962962962963
2 0.5755208333333334 0.17685185185185184 0.6213541666666667 0.17685185185185184 0.6213541666666667 0.20462962962962963 0.5755208333333334 0.20462962962962963
2 0.5572916666666666 0.1962962962962963 0.6166666666666667 0.1962962962962963 0.6166666666666667 0.22870370370370371 0.5572916666666666 0.22870370370370371
2 0.54375 0.24074074074074073 0.5901041666666667 0.24074074074074073 0.5901041666666667 0.29259259259259257 0.54375 0.29259259259259257
2 0.5557291666666667 0.26296296296296295 0.6083333333333333 0.26296296296296295 0.6083333333333333 0.31666666666666665 0.5557291666666667 0.31666666666666665
2 0.5911458333333334 0.2861111111111111 0.6276041666666666 0.2861111111111111 0.6276041666666666 0.3212962962962963 0.5911458333333334 0.3212962962962963
2 0.5854166666666667 0.35185185185185186 0.6359375 0.35185185185185186 0.6359375 0.3861111111111111 0.5854166666666667 0.3861111111111111
2 0.6489583333333333 0.3055555555555556 0.6791666666666667 0.3055555555555556 0.6791666666666667 0.3333333333333333 0.6489583333333333 0.3333333333333333
2 0.6255208333333333 0.3194444444444444 0.6572916666666667 0.3194444444444444 0.6572916666666667 0.34629629629629627 0.6255208333333333 0.34629629629629627
2 0.6385416666666667 0.35185185185185186 0.6729166666666667 0.35185185185185186 0.6729166666666667 0.37777777777777777 0.6385416666666667 0.37777777777777777
2 0.6421875 0.48703703703703705 0.6765625 0.48703703703703705 0.6765625 0.5472222222222223 0.6421875 0.5472222222222223
2 0.6380208333333334 0.637962962962963 0.6682291666666667 0.637962962962963 0.6682291666666667 0.6805555555555556 0.6380208333333334 0.6805555555555556
2 0.6463541666666667 0.6842592592592592 0.6776041666666667 0.6842592592592592 0.6776041666666667 0.7111111111111111 0.6463541666666667 0.7111111111111111
2 0.6645833333333333 0.6703703703703704 0.690625 0.6703703703703704 0.690625 0.6842592592592592 0.6645833333333333 0.6842592592592592
2 0.6770833333333334 0.6027777777777777 0.7 0.6027777777777777 0.7 0.6296296296296297 0.6770833333333334 0.6296296296296297
2 0.6760416666666667 0.6537037037037037 0.7 0.6537037037037037 0.7 0.6712962962962963 0.6760416666666667 0.6712962962962963
2 0.6692708333333334 0.3490740740740741 0.69375 0.3490740740740741 0.69375 0.3712962962962963 0.6692708333333334 0.3712962962962963
2 0.6671875 0.37037037037037035 0.6869791666666667 0.37037037037037035 0.6869791666666667 0.3907407407407407 0.6671875 0.3907407407407407
2 0.6817708333333333 0.39166666666666666 0.6984375 0.39166666666666666 0.6984375 0.40555555555555556 0.6817708333333333 0.40555555555555556