1 0.13541666666666666 0.3425925925925926 0.259375 0.3425925925925926 0.259375 0.525 0.13541666666666666 0.525
1 0.5557291666666667 0.22037037037037038 0.6067708333333334 0.22037037037037038 0.6067708333333334 0.3037037037037037 0.5557291666666667 0.3037037037037037
1 0.325 0.1962962962962963 0.384375 0.1962962962962963 0.384375 0.25925925925925924 0.325 0.25925925925925924
1 0.4348958333333333 0.21296296296296297 0.4796875 0.21296296296296297 0.4796875 0.29074074074074074 0.4348958333333333 0.29074074074074074
1 0.5276041666666667 0.14351851851851852 0.5583333333333333 0.14351851851851852 0.5583333333333333 0.19166666666666668 0.5276041666666667 0.19166666666666668
2 0.15885416666666666 0.5324074074074074 0.20572916666666666 0.5324074074074074 0.20572916666666666 0.7064814814814815 0.15885416666666666 0.7064814814814815
2 0.20885416666666667 0.6564814814814814 0.26458333333333334 0.6564814814814814 0.26458333333333334 0.887962962962963 0.20885416666666667 0.887962962962963
2 0.3026041666666667 0.6990740740740741 0.3333333333333333 0.6990740740740741 0.3333333333333333 0.9351851851851852 0.3026041666666667 0.9351851851851852
2 0.23385416666666667 0.5398148148148149 0.27447916666666666 0.5398148148148149 0.27447916666666666 0.6953703703703704 0.23385416666666667 0.6953703703703704
2 0.2989583333333333 0.4703703703703704 0.34270833333333334 0.4703703703703704 0.34270833333333334 0.6194444444444445 0.2989583333333333 0.6194444444444445
2 0.27760416666666665 0.37777777777777777 0.3109375 0.37777777777777777 0.3109375 0.4842592592592593 0.27760416666666665 0.4842592592592593
2 0.32916666666666666 0.39166666666666666 0.35989583333333336 0.39166666666666666 0.35989583333333336 0.4925925925925926 0.32916666666666666 0.4925925925925926
2 0.35260416666666666 0.3314814814814815 0.37447916666666664 0.3314814814814815 0.37447916666666664 0.40925925925925927 0.35260416666666666 0.40925925925925927
2 0.39375 0.3314814814814815 0.425 0.3314814814814815 0.425 0.4351851851851852 0.39375 0.4351851851851852
2 0.3734375 0.25092592592592594 0.3890625 0.25092592592592594 0.3890625 0.32314814814814813 0.3734375 0.32314814814814813
2 0.3770833333333333 0.20925925925925926 0.3953125 0.20925925925925926 0.3953125 0.25925925925925924 0.3770833333333333 0.25925925925925924
2 0.4036458333333333 0.23425925925925925 0.42239583333333336 0.23425925925925925 0.42239583333333336 0.2935185185185185 0.4036458333333333 0.2935185185185185
2 0.4041666666666667 0.1638888888888889 0.421875 0.1638888888888889 0.421875 0.22777777777777777 0.4041666666666667 0.22777777777777777
2 0.421875 0.18888888888888888 0.4328125 0.18888888888888888 0.4328125 0.23796296296296296 0.421875 0.23796296296296296
2 0.46510416666666665 0.14722222222222223 0.4765625 0.14722222222222223 0.4765625 0.19444444444444445 0.46510416666666665 0.19444444444444445
2 0.4473958333333333 0.14907407407407408 0.4588541666666667 0.14907407407407408 0.4588541666666667 0.1925925925925926 0.4473958333333333 0.1925925925925926
2 0.43333333333333335 0.14907407407407408 0.44635416666666666 0.14907407407407408 0.44635416666666666 0.19444444444444445 0.43333333333333335 0.19444444444444445
2 0.425 0.13240740740740742 0.434375 0.13240740740740742 0.434375 0.1712962962962963 0.425 0.1712962962962963
2 0.40260416666666665 0.12222222222222222 0.41302083333333334 0.12222222222222222 0.41302083333333334 0.1527777777777778 0.40260416666666665 0.1527777777777778
2 0.5677083333333334 0.15462962962962962 0.5833333333333334 0.15462962962962962 0.5833333333333334 0.2064814814814815 0.5677083333333334 0.2064814814814815
2 0.4890625 0.19074074074074074 0.5270833333333333 0.19074074074074074 0.5270833333333333 0.24722222222222223 0.4890625 0.24722222222222223
2 0.5901041666666667 0.1537037037037037 0.5994791666666667 0.1537037037037037 0.5994791666666667 0.1962962962962963 0.5901041666666667 0.1962962962962963
2 0.6463541666666667 0.31296296296296294 0.6708333333333333 0.31296296296296294 0.6708333333333333 0.3962962962962963 0.6463541666666667 0.3962962962962963
2 0.8177083333333334 0.5648148148148148 0.8880208333333334 0.5648148148148148 0.8880208333333334 0.7314814814814815 0.8177083333333334 0.7314814814814815
2 0.4432291666666667 0.12962962962962962 0.4557291666666667 0.12962962962962962 0.4557291666666667 0.1527777777777778 0.4432291666666667 0.1527777777777778
2 0.5807291666666666 0.13333333333333333 0.5911458333333334 0.13333333333333333 0.5911458333333334 0.17222222222222222 0.5807291666666666 0.17222222222222222