1 0.14375 0.31574074074074077 0.2713541666666667 0.31574074074074077 0.2713541666666667 0.48703703703703705 0.14375 0.48703703703703705
1 0.3171875 0.17962962962962964 0.38385416666666666 0.17962962962962964 0.38385416666666666 0.2388888888888889 0.3171875 0.2388888888888889
2 0.7885416666666667 0.45925925925925926 0.8427083333333333 0.45925925925925926 0.8427083333333333 0.6055555555555555 0.7885416666666667 0.6055555555555555
2 0.6822916666666666 0.29444444444444445 0.7140625 0.29444444444444445 0.7140625 0.3824074074074074 0.6822916666666666 0.3824074074074074
2 0.42135416666666664 0.262037037037037 0.44479166666666664 0.262037037037037 0.44479166666666664 0.3277777777777778 0.42135416666666664 0.3277777777777778
2 0.4484375 0.2 0.471875 0.2 0.471875 0.2657407407407407 0.4484375 0.2657407407407407
2 0.5958333333333333 0.15925925925925927 0.6151041666666667 0.15925925925925927 0.6151041666666667 0.20555555555555555 0.5958333333333333 0.20555555555555555
2 0.6421875 0.2935185185185185 0.671875 0.2935185185185185 0.671875 0.3861111111111111 0.6421875 0.3861111111111111
2 0.3859375 0.23148148148148148 0.4109375 0.23148148148148148 0.4109375 0.30185185185185187 0.3859375 0.30185185185185187
2 0.5864583333333333 0.19074074074074074 0.6052083333333333 0.19074074074074074 0.6052083333333333 0.23703703703703705 0.5864583333333333 0.23703703703703705
2 0.6380208333333334 0.23055555555555557 0.6619791666666667 0.23055555555555557 0.6619791666666667 0.2898148148148148 0.6380208333333334 0.2898148148148148
2 0.37916666666666665 0.3638888888888889 0.42135416666666664 0.3638888888888889 0.42135416666666664 0.4925925925925926 0.37916666666666665 0.4925925925925926
2 0.5541666666666667 0.14074074074074075 0.5723958333333333 0.14074074074074075 0.5723958333333333 0.1824074074074074 0.5541666666666667 0.1824074074074074
2 0.4244791666666667 0.2064814814814815 0.446875 0.2064814814814815 0.446875 0.262037037037037 0.4244791666666667 0.262037037037037
2 0.48333333333333334 0.14444444444444443 0.49895833333333334 0.14444444444444443 0.49895833333333334 0.18611111111111112 0.48333333333333334 0.18611111111111112
2 0.43854166666666666 0.3490740740740741 0.475 0.3490740740740741 0.475 0.48518518518518516 0.43854166666666666 0.48518518518518516
2 0.20833333333333334 0.7027777777777777 0.2703125 0.7027777777777777 0.2703125 0.9712962962962963 0.20833333333333334 0.9712962962962963