1 0.42864583333333334 0.5546296296296296 0.5239583333333333 0.5546296296296296 0.5239583333333333 0.7055555555555556 0.42864583333333334 0.7055555555555556
1 0.4005208333333333 0.9092592592592592 0.5015625 0.9092592592592592 0.5015625 1 0.4005208333333333 1
1 0.32083333333333336 0.6990740740740741 0.35625 0.6990740740740741 0.35625 0.8018518518518518 0.32083333333333336 0.8018518518518518
1 0.29322916666666665 0.3527777777777778 0.32135416666666666 0.3527777777777778 0.32135416666666666 0.41203703703703703 0.29322916666666665 0.41203703703703703
1 0.2921875 0.12685185185185185 0.32083333333333336 0.12685185185185185 0.32083333333333336 0.21481481481481482 0.2921875 0.21481481481481482
2 0.4973958333333333 0 0.5901041666666667 0 0.5901041666666667 0.04351851851851852 0.4973958333333333 0.04351851851851852
2 0.55 0.862037037037037 0.65625 0.862037037037037 0.65625 0.9416666666666667 0.55 0.9416666666666667
2 0.4859375 0.9305555555555556 0.571875 0.9305555555555556 0.571875 0.9740740740740741 0.4859375 0.9740740740740741
2 0.40520833333333334 0.7833333333333333 0.4588541666666667 0.7833333333333333 0.4588541666666667 0.8333333333333334 0.40520833333333334 0.8333333333333334
2 0.3932291666666667 0.06944444444444445 0.44427083333333334 0.06944444444444445 0.44427083333333334 0.14814814814814814 0.3932291666666667 0.14814814814814814
2 0.4010416666666667 0.6898148148148148 0.45625 0.6898148148148148 0.45625 0.7388888888888889 0.4010416666666667 0.7388888888888889
2 0.35 0.6851851851851852 0.39166666666666666 0.6851851851851852 0.39166666666666666 0.737037037037037 0.35 0.737037037037037
2 0.3359375 0.6231481481481481 0.378125 0.6231481481481481 0.378125 0.6509259259259259 0.3359375 0.6509259259259259
2 0.3536458333333333 0.575925925925926 0.39166666666666666 0.575925925925926 0.39166666666666666 0.6 0.3536458333333333 0.6
2 0.33541666666666664 0.5814814814814815 0.3640625 0.5814814814814815 0.3640625 0.6 0.33541666666666664 0.6
2 0.3203125 0.6388888888888888 0.3578125 0.6388888888888888 0.3578125 0.6814814814814815 0.3203125 0.6814814814814815
2 0.35 0.17592592592592593 0.390625 0.17592592592592593 0.390625 0.21481481481481482 0.35 0.21481481481481482
2 0.31927083333333334 0.3611111111111111 0.3546875 0.3611111111111111 0.3546875 0.44074074074074077 0.31927083333333334 0.44074074074074077
2 0.2984375 0.29814814814814816 0.32864583333333336 0.29814814814814816 0.32864583333333336 0.32314814814814813 0.2984375 0.32314814814814813
2 0.2921875 0.4925925925925926 0.315625 0.4925925925925926 0.315625 0.5157407407407407 0.2921875 0.5157407407407407
2 0.2828125 0.4981481481481482 0.3 0.4981481481481482 0.3 0.5175925925925926 0.2828125 0.5175925925925926
2 0.296875 0.5296296296296297 0.32395833333333335 0.5296296296296297 0.32395833333333335 0.5527777777777778 0.296875 0.5527777777777778
2 0.3072916666666667 0.5527777777777778 0.33229166666666665 0.5527777777777778 0.33229166666666665 0.5833333333333334 0.3072916666666667 0.5833333333333334
2 0.30833333333333335 0.600925925925926 0.3307291666666667 0.600925925925926 0.3307291666666667 0.6222222222222222 0.30833333333333335 0.6222222222222222
2 0.2947916666666667 0.5898148148148148 0.3145833333333333 0.5898148148148148 0.3145833333333333 0.6111111111111112 0.2947916666666667 0.6111111111111112
2 0.29270833333333335 0.65 0.309375 0.65 0.309375 0.6703703703703704 0.29270833333333335 0.6703703703703704
2 0.28541666666666665 0.5611111111111111 0.30364583333333334 0.5611111111111111 0.30364583333333334 0.5731481481481482 0.28541666666666665 0.5731481481481482