1 0.14479166666666668 0.32037037037037036 0.2703125 0.32037037037037036 0.2703125 0.49722222222222223 0.14479166666666668 0.49722222222222223
1 0.3234375 0.17314814814814813 0.3927083333333333 0.17314814814814813 0.3927083333333333 0.23703703703703705 0.3234375 0.23703703703703705
2 0 0.8583333333333333 0.071875 0.8583333333333333 0.071875 1 0 1
2 0.6880208333333333 0.6111111111111112 0.7510416666666667 0.6111111111111112 0.7510416666666667 0.799074074074074 0.6880208333333333 0.799074074074074
2 0.16145833333333334 0.6 0.22395833333333334 0.6 0.22395833333333334 0.787962962962963 0.16145833333333334 0.787962962962963
2 0.8348958333333333 0.7379629629629629 0.9052083333333333 0.7379629629629629 0.9052083333333333 0.9546296296296296 0.8348958333333333 0.9546296296296296
2 0.5484375 0.17407407407407408 0.5838541666666667 0.17407407407407408 0.5838541666666667 0.22685185185185186 0.5484375 0.22685185185185186
2 0.2713541666666667 0.5018518518518519 0.32395833333333335 0.5018518518518519 0.32395833333333335 0.649074074074074 0.2713541666666667 0.649074074074074
2 0.6729166666666667 0.37592592592592594 0.7036458333333333 0.37592592592592594 0.7036458333333333 0.48703703703703705 0.6729166666666667 0.48703703703703705
2 0.6083333333333333 0.2037037037037037 0.6348958333333333 0.2037037037037037 0.6348958333333333 0.2574074074074074 0.6083333333333333 0.2574074074074074
2 0.6 0.37037037037037035 0.6375 0.37037037037037035 0.6375 0.49166666666666664 0.6 0.49166666666666664
2 0.39427083333333335 0.2722222222222222 0.428125 0.2722222222222222 0.428125 0.3592592592592593 0.39427083333333335 0.3592592592592593
2 0.33958333333333335 0.37407407407407406 0.3734375 0.37407407407407406 0.3734375 0.4787037037037037 0.33958333333333335 0.4787037037037037
2 0.5942708333333333 0.23333333333333334 0.6166666666666667 0.23333333333333334 0.6166666666666667 0.3055555555555556 0.5942708333333333 0.3055555555555556
2 0.5755208333333334 0.12962962962962962 0.5911458333333334 0.12962962962962962 0.5911458333333334 0.16944444444444445 0.5755208333333334 0.16944444444444445
2 0.42864583333333334 0.23148148148148148 0.453125 0.23148148148148148 0.453125 0.31203703703703706 0.42864583333333334 0.31203703703703706
2 0.240625 0.6527777777777778 0.3 0.6527777777777778 0.3 0.8703703703703703 0.240625 0.8703703703703703
2 0.5661458333333333 0.2462962962962963 0.5921875 0.2462962962962963 0.5921875 0.32407407407407407 0.5661458333333333 0.32407407407407407
2 0.34322916666666664 0.37407407407407406 0.37135416666666665 0.37407407407407406 0.37135416666666665 0.4361111111111111 0.34322916666666664 0.4361111111111111