1 0.4510416666666667 0.2 0.5427083333333333 0.2 0.5427083333333333 0.38425925925925924 0.4510416666666667 0.38425925925925924
1 0.41822916666666665 0.9351851851851852 0.51875 0.9351851851851852 0.51875 1 0.41822916666666665 1
1 0.46979166666666666 0.6148148148148148 0.5697916666666667 0.6148148148148148 0.5697916666666667 0.7842592592592592 0.46979166666666666 0.7842592592592592
1 0.3359375 0.37592592592592594 0.3692708333333333 0.37592592592592594 0.3692708333333333 0.4444444444444444 0.3359375 0.4444444444444444
1 0.31302083333333336 0.5351851851851852 0.33958333333333335 0.5351851851851852 0.33958333333333335 0.5935185185185186 0.31302083333333336 0.5935185185185186
1 0.3359375 0.7416666666666667 0.371875 0.7416666666666667 0.371875 0.825 0.3359375 0.825
1 0.3104166666666667 0.16574074074074074 0.3333333333333333 0.16574074074074074 0.3333333333333333 0.2537037037037037 0.3104166666666667 0.2537037037037037
2 0.5338541666666666 0.887962962962963 0.6015625 0.887962962962963 0.6015625 0.9675925925925926 0.5338541666666666 0.9675925925925926
2 0.5421875 0.5990740740740741 0.6598958333333333 0.5990740740740741 0.6598958333333333 0.6685185185185185 0.5421875 0.6685185185185185
2 0.4140625 0.8194444444444444 0.48489583333333336 0.8194444444444444 0.48489583333333336 0.8694444444444445 0.4140625 0.8694444444444445
2 0.434375 0.7527777777777778 0.5010416666666667 0.7527777777777778 0.5010416666666667 0.8111111111111111 0.434375 0.8111111111111111
2 0.4005208333333333 0.7833333333333333 0.4484375 0.7833333333333333 0.4484375 0.8287037037037037 0.4005208333333333 0.8287037037037037
2 0.39895833333333336 0.7194444444444444 0.45416666666666666 0.7194444444444444 0.45416666666666666 0.7546296296296297 0.39895833333333336 0.7546296296296297
2 0.38125 0.7416666666666667 0.42239583333333336 0.7416666666666667 0.42239583333333336 0.7824074074074074 0.38125 0.7824074074074074
2 0.3536458333333333 0.7462962962962963 0.38697916666666665 0.7462962962962963 0.38697916666666665 0.7694444444444445 0.3536458333333333 0.7694444444444445
2 0.35625 0.7064814814814815 0.3963541666666667 0.7064814814814815 0.3963541666666667 0.7416666666666667 0.35625 0.7416666666666667
2 0.365625 0.6861111111111111 0.415625 0.6861111111111111 0.415625 0.7296296296296296 0.365625 0.7296296296296296
2 0.36875 0.625 0.425 0.625 0.425 0.6787037037037037 0.36875 0.6787037037037037
2 0.378125 0.5916666666666667 0.44479166666666664 0.5916666666666667 0.44479166666666664 0.6240740740740741 0.378125 0.6240740740740741
2 0.36354166666666665 0.5472222222222223 0.41458333333333336 0.5472222222222223 0.41458333333333336 0.5916666666666667 0.36354166666666665 0.5916666666666667
2 0.36875 0.28888888888888886 0.41041666666666665 0.28888888888888886 0.41041666666666665 0.32314814814814813 0.36875 0.32314814814814813
2 0.35208333333333336 0.23981481481481481 0.39010416666666664 0.23981481481481481 0.39010416666666664 0.27685185185185185 0.35208333333333336 0.27685185185185185
2 0.3328125 0.2796296296296296 0.3645833333333333 0.2796296296296296 0.3645833333333333 0.3074074074074074 0.3328125 0.3074074074074074
2 0.32083333333333336 0.34629629629629627 0.35 0.34629629629629627 0.35 0.37037037037037035 0.32083333333333336 0.37037037037037035
2 0.31979166666666664 0.32592592592592595 0.34375 0.32592592592592595 0.34375 0.3509259259259259 0.31979166666666664 0.3509259259259259
2 0.33645833333333336 0.6027777777777777 0.371875 0.6027777777777777 0.371875 0.6388888888888888 0.33645833333333336 0.6388888888888888
2 0.346875 0.6425925925925926 0.371875 0.6425925925925926 0.371875 0.6759259259259259 0.346875 0.6759259259259259
2 0.32760416666666664 0.6333333333333333 0.35520833333333335 0.6333333333333333 0.35520833333333335 0.6564814814814814 0.32760416666666664 0.6564814814814814
2 0.31614583333333335 0.6425925925925926 0.340625 0.6425925925925926 0.340625 0.6694444444444444 0.31614583333333335 0.6694444444444444
2 0.3125 0.6157407407407407 0.33958333333333335 0.6157407407407407 0.33958333333333335 0.6342592592592593 0.3125 0.6342592592592593