1 0.14322916666666666 0.32222222222222224 0.27239583333333334 0.32222222222222224 0.27239583333333334 0.4981481481481482 0.14322916666666666 0.4981481481481482
1 0.32395833333333335 0.17314814814814813 0.3927083333333333 0.17314814814814813 0.3927083333333333 0.23425925925925925 0.32395833333333335 0.23425925925925925
2 0.5848958333333333 0.1814814814814815 0.6046875 0.1814814814814815 0.6046875 0.23425925925925925 0.5848958333333333 0.23425925925925925
2 0.8619791666666666 0.6046296296296296 0.9276041666666667 0.6046296296296296 0.9276041666666667 0.7824074074074074 0.8619791666666666 0.7824074074074074
2 0.32864583333333336 0.45185185185185184 0.3703125 0.45185185185185184 0.3703125 0.5546296296296296 0.32864583333333336 0.5546296296296296
2 0.4140625 0.26666666666666666 0.44583333333333336 0.26666666666666666 0.44583333333333336 0.3574074074074074 0.4140625 0.3574074074074074
2 0.453125 0.1675925925925926 0.471875 0.1675925925925926 0.471875 0.21851851851851853 0.453125 0.21851851851851853
2 0.4328125 0.2037037037037037 0.453125 0.2037037037037037 0.453125 0.2601851851851852 0.4328125 0.2601851851851852
2 0.7166666666666667 0.36666666666666664 0.7572916666666667 0.36666666666666664 0.7572916666666667 0.46944444444444444 0.7166666666666667 0.46944444444444444
2 0.6796875 0.3861111111111111 0.7265625 0.3861111111111111 0.7265625 0.5055555555555555 0.6796875 0.5055555555555555
2 0.43802083333333336 0.125 0.4510416666666667 0.125 0.4510416666666667 0.1574074074074074 0.43802083333333336 0.1574074074074074
2 0.6067708333333334 0.19722222222222222 0.6286458333333333 0.19722222222222222 0.6286458333333333 0.2518518518518518 0.6067708333333334 0.2518518518518518
2 0.4578125 0.24814814814814815 0.48385416666666664 0.24814814814814815 0.48385416666666664 0.3351851851851852 0.4578125 0.3351851851851852
2 0.6505208333333333 0.28055555555555556 0.6791666666666667 0.28055555555555556 0.6791666666666667 0.35555555555555557 0.6505208333333333 0.35555555555555557
2 0.5541666666666667 0.15833333333333333 0.5739583333333333 0.15833333333333333 0.5739583333333333 0.2111111111111111 0.5541666666666667 0.2111111111111111
2 0.4 0.19814814814814816 0.42239583333333336 0.19814814814814816 0.42239583333333336 0.25925925925925924 0.4 0.25925925925925924
2 0.484375 0.13425925925925927 0.4984375 0.13425925925925927 0.4984375 0.17314814814814813 0.484375 0.17314814814814813
2 0.5375 0.08888888888888889 0.5494791666666666 0.08888888888888889 0.5494791666666666 0.1175925925925926 0.5375 0.1175925925925926
2 0.5994791666666667 0.23981481481481481 0.6223958333333334 0.23981481481481481 0.6223958333333334 0.3 0.5994791666666667 0.3
2 0.5666666666666667 0.15 0.5890625 0.15 0.5890625 0.1925925925925926 0.5666666666666667 0.1925925925925926
2 0.3390625 0.5527777777777778 0.38229166666666664 0.5527777777777778 0.38229166666666664 0.725925925925926 0.3390625 0.725925925925926
2 0.1578125 0.7092592592592593 0.23125 0.7092592592592593 0.23125 0.9898148148148148 0.1578125 0.9898148148148148