1 0.29583333333333334 0.65 0.45208333333333334 0.65 0.45208333333333334 0.9398148148148148 0.29583333333333334 0.9398148148148148
1 0.4765625 0 0.5786458333333333 0 0.5786458333333333 0.05462962962962963 0.4765625 0.05462962962962963
1 0.6052083333333333 0.5611111111111111 0.6453125 0.5611111111111111 0.6453125 0.6398148148148148 0.6052083333333333 0.6398148148148148
1 0.5229166666666667 0.2777777777777778 0.5869791666666667 0.2777777777777778 0.5869791666666667 0.3972222222222222 0.5229166666666667 0.3972222222222222
1 0.625 0.1685185185185185 0.6609375 0.1685185185185185 0.6609375 0.26944444444444443 0.625 0.26944444444444443
1 0.66875 0.41388888888888886 0.6942708333333333 0.41388888888888886 0.6942708333333333 0.4675925925925926 0.66875 0.4675925925925926
2 0.4354166666666667 0 0.49947916666666664 0 0.49947916666666664 0.07592592592592592 0.4354166666666667 0.07592592592592592
2 0.56875 0.7592592592592593 0.6166666666666667 0.7592592592592593 0.6166666666666667 0.7981481481481482 0.56875 0.7981481481481482
2 0.5661458333333333 0.21851851851851853 0.5989583333333334 0.21851851851851853 0.5989583333333334 0.25555555555555554 0.5661458333333333 0.25555555555555554
1 0.6635416666666667 0.7537037037037037 0.6864583333333333 0.7537037037037037 0.6864583333333333 0.8305555555555556 0.6635416666666667 0.8305555555555556
2 0.4979166666666667 0.15092592592592594 0.5484375 0.15092592592592594 0.5484375 0.2074074074074074 0.4979166666666667 0.2074074074074074
2 0.4625 0 0.5234375 0 0.5234375 0.03148148148148148 0.4625 0.03148148148148148
2 0.4708333333333333 0.375 0.5416666666666666 0.375 0.5416666666666666 0.4425925925925926 0.4708333333333333 0.4425925925925926
2 0.5734375 0.2833333333333333 0.6135416666666667 0.2833333333333333 0.6135416666666667 0.32592592592592595 0.5734375 0.32592592592592595
2 0.6020833333333333 0.2537037037037037 0.6348958333333333 0.2537037037037037 0.6348958333333333 0.2777777777777778 0.6020833333333333 0.2777777777777778
2 0.6291666666666667 0.2657407407407407 0.6583333333333333 0.2657407407407407 0.6583333333333333 0.28703703703703703 0.6291666666666667 0.28703703703703703
2 0.6239583333333333 0.28055555555555556 0.65625 0.28055555555555556 0.65625 0.30277777777777776 0.6239583333333333 0.30277777777777776
2 0.6140625 0.29444444444444445 0.6489583333333333 0.29444444444444445 0.6489583333333333 0.32685185185185184 0.6140625 0.32685185185185184
2 0.6208333333333333 0.3351851851851852 0.6546875 0.3351851851851852 0.6546875 0.3574074074074074 0.6208333333333333 0.3574074074074074
2 0.621875 0.41388888888888886 0.6588541666666666 0.41388888888888886 0.6588541666666666 0.43796296296296294 0.621875 0.43796296296296294
2 0.6010416666666667 0.3907407407407407 0.640625 0.3907407407407407 0.640625 0.4148148148148148 0.6010416666666667 0.4148148148148148
2 0.6130208333333333 0.36944444444444446 0.65 0.36944444444444446 0.65 0.3907407407407407 0.6130208333333333 0.3907407407407407
2 0.6473958333333333 0.3333333333333333 0.6671875 0.3333333333333333 0.6671875 0.3537037037037037 0.6473958333333333 0.3537037037037037
2 0.6661458333333333 0.3388888888888889 0.6895833333333333 0.3388888888888889 0.6895833333333333 0.35833333333333334 0.6661458333333333 0.35833333333333334
2 0.6479166666666667 0.37037037037037035 0.6729166666666667 0.37037037037037035 0.6729166666666667 0.39537037037037037 0.6479166666666667 0.39537037037037037
2 0.6578125 0.3611111111111111 0.6807291666666667 0.3611111111111111 0.6807291666666667 0.3768518518518518 0.6578125 0.3768518518518518
2 0.6421875 0.4583333333333333 0.66875 0.4583333333333333 0.66875 0.4759259259259259 0.6421875 0.4759259259259259
2 0.63125 0.4787037037037037 0.6645833333333333 0.4787037037037037 0.6645833333333333 0.5185185185185185 0.63125 0.5185185185185185
2 0.6322916666666667 0.6555555555555556 0.6630208333333333 0.6555555555555556 0.6630208333333333 0.6796296296296296 0.6322916666666667 0.6796296296296296
2 0.6692708333333334 0.5851851851851851 0.6927083333333334 0.5851851851851851 0.6927083333333334 0.600925925925926 0.6692708333333334 0.600925925925926
2 0.6640625 0.5962962962962963 0.6880208333333333 0.5962962962962963 0.6880208333333333 0.6129629629629629 0.6640625 0.6129629629629629
2 0.6739583333333333 0.6175925925925926 0.6963541666666667 0.6175925925925926 0.6963541666666667 0.6342592592592593 0.6739583333333333 0.6342592592592593
2 0.6734375 0.6407407407407407 0.6963541666666667 0.6407407407407407 0.6963541666666667 0.6564814814814814 0.6734375 0.6564814814814814
2 0.6552083333333333 0.6453703703703704 0.6776041666666667 0.6453703703703704 0.6776041666666667 0.6666666666666666 0.6552083333333333 0.6666666666666666
2 0.603125 0.7314814814814815 0.6401041666666667 0.7314814814814815 0.6401041666666667 0.7611111111111111 0.603125 0.7611111111111111
2 0.5354166666666667 0.7175925925925926 0.5885416666666666 0.7175925925925926 0.5885416666666666 0.7583333333333333 0.5354166666666667 0.7583333333333333
2 0.6421875 0.675 0.6677083333333333 0.675 0.6677083333333333 0.6944444444444444 0.6421875 0.6944444444444444
2 0.6802083333333333 0.5666666666666667 0.7015625 0.5666666666666667 0.7015625 0.5796296296296296 0.6802083333333333 0.5796296296296296
1 0.675 0.5212962962962963 0.7 0.5212962962962963 0.7 0.5638888888888889 0.675 0.5638888888888889