1 0.1453125 0.32037037037037036 0.2703125 0.32037037037037036 0.2703125 0.4981481481481482 0.1453125 0.4981481481481482
1 0.3333333333333333 0.17685185185185184 0.39479166666666665 0.17685185185185184 0.39479166666666665 0.24259259259259258 0.3333333333333333 0.24259259259259258
1 0.46979166666666666 0.1259259259259259 0.4984375 0.1259259259259259 0.4984375 0.17222222222222222 0.46979166666666666 0.17222222222222222
1 0.6083333333333333 0.11851851851851852 0.6557291666666667 0.11851851851851852 0.6557291666666667 0.15555555555555556 0.6083333333333333 0.15555555555555556
2 0.171875 0.5777777777777777 0.2265625 0.5777777777777777 0.2265625 0.7907407407407407 0.171875 0.7907407407407407
2 0.278125 0.45555555555555555 0.325 0.45555555555555555 0.325 0.6240740740740741 0.278125 0.6240740740740741
2 0.384375 0.43425925925925923 0.4234375 0.43425925925925923 0.4234375 0.6 0.384375 0.6
2 0.41770833333333335 0.3527777777777778 0.44427083333333334 0.3527777777777778 0.44427083333333334 0.44722222222222224 0.41770833333333335 0.44722222222222224
2 0.3645833333333333 0.3435185185185185 0.39375 0.3435185185185185 0.39375 0.4777777777777778 0.3645833333333333 0.4777777777777778
2 0.33229166666666665 0.3398148148148148 0.35989583333333336 0.3398148148148148 0.35989583333333336 0.4444444444444444 0.33229166666666665 0.4444444444444444
2 0.3489583333333333 0.2777777777777778 0.375 0.2777777777777778 0.375 0.3527777777777778 0.3489583333333333 0.3527777777777778
2 0.4005208333333333 0.25277777777777777 0.43125 0.25277777777777777 0.43125 0.3472222222222222 0.4005208333333333 0.3472222222222222
2 0.465625 0.275 0.48072916666666665 0.275 0.48072916666666665 0.36203703703703705 0.465625 0.36203703703703705
2 0.35833333333333334 0.22777777777777777 0.3770833333333333 0.22777777777777777 0.3770833333333333 0.2777777777777778 0.35833333333333334 0.2777777777777778
2 0.3828125 0.17777777777777778 0.39739583333333334 0.17777777777777778 0.39739583333333334 0.24351851851851852 0.3828125 0.24351851851851852
2 0.40729166666666666 0.17962962962962964 0.4140625 0.17962962962962964 0.4140625 0.225 0.40729166666666666 0.225
2 0.41302083333333334 0.1925925925925926 0.42135416666666664 0.1925925925925926 0.42135416666666664 0.23055555555555557 0.41302083333333334 0.23055555555555557
2 0.4036458333333333 0.22777777777777777 0.4244791666666667 0.22777777777777777 0.4244791666666667 0.2796296296296296 0.4036458333333333 0.2796296296296296
2 0.421875 0.2 0.43645833333333334 0.2 0.43645833333333334 0.26296296296296295 0.421875 0.26296296296296295
2 0.4515625 0.19722222222222222 0.46822916666666664 0.19722222222222222 0.46822916666666664 0.26481481481481484 0.4515625 0.26481481481481484
2 0.465625 0.18796296296296297 0.48072916666666665 0.18796296296296297 0.48072916666666665 0.23981481481481481 0.465625 0.23981481481481481
2 0.4328125 0.14537037037037037 0.44114583333333335 0.14537037037037037 0.44114583333333335 0.18333333333333332 0.4328125 0.18333333333333332
2 0.440625 0.16018518518518518 0.45260416666666664 0.16018518518518518 0.45260416666666664 0.20925925925925926 0.440625 0.20925925925925926
2 0.453125 0.12314814814814815 0.4635416666666667 0.12314814814814815 0.4635416666666667 0.1685185185185185 0.453125 0.1685185185185185
2 0.45989583333333334 0.11574074074074074 0.46979166666666666 0.11574074074074074 0.46979166666666666 0.15185185185185185 0.45989583333333334 0.15185185185185185
2 0.4708333333333333 0.1037037037037037 0.48072916666666665 0.1037037037037037 0.48072916666666665 0.1361111111111111 0.4708333333333333 0.1361111111111111
2 0.4979166666666667 0.1111111111111111 0.4984375 0.1111111111111111 0.4984375 0.11203703703703703 0.4979166666666667 0.11203703703703703
2 0.49895833333333334 0.10925925925925926 0.5072916666666667 0.10925925925925926 0.5072916666666667 0.15462962962962962 0.49895833333333334 0.15462962962962962
2 0.5859375 0.10925925925925926 0.5979166666666667 0.10925925925925926 0.5979166666666667 0.15555555555555556 0.5859375 0.15555555555555556
2 0.5885416666666666 0.1527777777777778 0.6046875 0.1527777777777778 0.6046875 0.1962962962962963 0.5885416666666666 0.1962962962962963
2 0.6046875 0.17685185185185184 0.6203125 0.17685185185185184 0.6203125 0.2361111111111111 0.6046875 0.2361111111111111
2 0.6223958333333334 0.14814814814814814 0.63125 0.14814814814814814 0.63125 0.20185185185185187 0.6223958333333334 0.20185185185185187
2 0.6375 0.1712962962962963 0.6473958333333333 0.1712962962962963 0.6473958333333333 0.22777777777777777 0.6375 0.22777777777777777
2 0.44114583333333335 0.1175925925925926 0.44895833333333335 0.1175925925925926 0.44895833333333335 0.1527777777777778 0.44114583333333335 0.1527777777777778
2 0.43125 0.10092592592592593 0.440625 0.10092592592592593 0.440625 0.14166666666666666 0.43125 0.14166666666666666