1 0.396875 0.9 0.4953125 0.9 0.4953125 1 0.396875 1
1 0.31666666666666665 0.6898148148148148 0.35052083333333334 0.6898148148148148 0.35052083333333334 0.8092592592592592 0.31666666666666665 0.8092592592592592
2 0.32447916666666665 0.6277777777777778 0.35572916666666665 0.6277777777777778 0.35572916666666665 0.6638888888888889 0.32447916666666665 0.6638888888888889
2 0.4578125 0 0.5125 0 0.5125 0.06944444444444445 0.4578125 0.06944444444444445
2 0.5442708333333334 0.8601851851851852 0.640625 0.8601851851851852 0.640625 0.9611111111111111 0.5442708333333334 0.9611111111111111
2 0.3541666666666667 0.5879629629629629 0.3953125 0.5879629629629629 0.3953125 0.6388888888888888 0.3541666666666667 0.6388888888888888
2 0.33125 0.3111111111111111 0.3645833333333333 0.3111111111111111 0.3645833333333333 0.34629629629629627 0.33125 0.34629629629629627
2 0.48802083333333335 0.03888888888888889 0.5661458333333333 0.03888888888888889 0.5661458333333333 0.1287037037037037 0.48802083333333335 0.1287037037037037
2 0.3260416666666667 0.18611111111111112 0.3494791666666667 0.18611111111111112 0.3494791666666667 0.2175925925925926 0.3260416666666667 0.2175925925925926
2 0.27760416666666665 0.3175925925925926 0.29583333333333334 0.3175925925925926 0.29583333333333334 0.3425925925925926 0.27760416666666665 0.3425925925925926
2 0.27291666666666664 0.4083333333333333 0.29010416666666666 0.4083333333333333 0.29010416666666666 0.43148148148148147 0.27291666666666664 0.43148148148148147
2 0.3921875 0.15925925925925927 0.44375 0.15925925925925927 0.44375 0.21666666666666667 0.3921875 0.21666666666666667
2 0.43385416666666665 0.6851851851851852 0.503125 0.6851851851851852 0.503125 0.7583333333333333 0.43385416666666665 0.7583333333333333
2 0.3234375 0.575925925925926 0.3515625 0.575925925925926 0.3515625 0.6083333333333333 0.3234375 0.6083333333333333
2 0.3692708333333333 0.26944444444444443 0.4114583333333333 0.26944444444444443 0.4114583333333333 0.3138888888888889 0.3692708333333333 0.3138888888888889
2 0.46875 0.6601851851851852 0.5583333333333333 0.6601851851851852 0.5583333333333333 0.7398148148148148 0.46875 0.7398148148148148
2 0.30833333333333335 0.5537037037037037 0.3296875 0.5537037037037037 0.3296875 0.5814814814814815 0.30833333333333335 0.5814814814814815
2 0.3296875 0.5351851851851852 0.353125 0.5351851851851852 0.353125 0.5694444444444444 0.3296875 0.5694444444444444
2 0.3145833333333333 0.3675925925925926 0.346875 0.3675925925925926 0.346875 0.4074074074074074 0.3145833333333333 0.4074074074074074