1 0.5463541666666667 0.07037037037037037 0.6947916666666667 0.07037037037037037 0.6947916666666667 0.35 0.5463541666666667 0.35
1 0.42135416666666664 0.9453703703703704 0.5208333333333334 0.9453703703703704 0.5208333333333334 1 0.42135416666666664 1
1 0.35260416666666666 0.3592592592592593 0.3927083333333333 0.3592592592592593 0.3927083333333333 0.4398148148148148 0.35260416666666666 0.4398148148148148
1 0.41510416666666666 0.6037037037037037 0.48072916666666665 0.6037037037037037 0.48072916666666665 0.725 0.41510416666666666 0.725
1 0.3385416666666667 0.7138888888888889 0.375 0.7138888888888889 0.375 0.8324074074074074 0.3385416666666667 0.8324074074074074
1 0.3067708333333333 0.5324074074074074 0.33177083333333335 0.5324074074074074 0.33177083333333335 0.5888888888888889 0.3067708333333333 0.5888888888888889
2 0.48385416666666664 0.9342592592592592 0.56875 0.9342592592592592 0.56875 1 0.48385416666666664 1
1 0.31354166666666666 0.16944444444444445 0.33645833333333336 0.16944444444444445 0.33645833333333336 0.24722222222222223 0.31354166666666666 0.24722222222222223
2 0.3890625 0.7444444444444445 0.434375 0.7444444444444445 0.434375 0.7814814814814814 0.3890625 0.7814814814814814
2 0.471875 0.975 0.5479166666666667 0.975 0.5479166666666667 1 0.471875 1
2 0.43854166666666666 0.7962962962962963 0.5052083333333334 0.7962962962962963 0.5052083333333334 0.8481481481481481 0.43854166666666666 0.8481481481481481
2 0.4515625 0.5648148148148148 0.5338541666666666 0.5648148148148148 0.5338541666666666 0.6388888888888888 0.4515625 0.6388888888888888
2 0.409375 0.24259259259259258 0.4703125 0.24259259259259258 0.4703125 0.28888888888888886 0.409375 0.28888888888888886
2 0.38333333333333336 0.20277777777777778 0.43072916666666666 0.20277777777777778 0.43072916666666666 0.2388888888888889 0.38333333333333336 0.2388888888888889
2 0.359375 0.23796296296296296 0.39739583333333334 0.23796296296296296 0.39739583333333334 0.26851851851851855 0.359375 0.26851851851851855
2 0.3359375 0.32314814814814813 0.36770833333333336 0.32314814814814813 0.36770833333333336 0.3472222222222222 0.3359375 0.3472222222222222
2 0.309375 0.38425925925925924 0.3333333333333333 0.38425925925925924 0.3333333333333333 0.4064814814814815 0.309375 0.4064814814814815
2 0.30833333333333335 0.40185185185185185 0.32864583333333336 0.40185185185185185 0.32864583333333336 0.4166666666666667 0.30833333333333335 0.4166666666666667
2 0.3046875 0.37037037037037035 0.32708333333333334 0.37037037037037035 0.32708333333333334 0.38425925925925924 0.3046875 0.38425925925925924
2 0.303125 0.337037037037037 0.325 0.337037037037037 0.325 0.35833333333333334 0.303125 0.35833333333333334
2 0.32447916666666665 0.337037037037037 0.34791666666666665 0.337037037037037 0.34791666666666665 0.3574074074074074 0.32447916666666665 0.3574074074074074
2 0.34427083333333336 0.5574074074074075 0.38333333333333336 0.5574074074074075 0.38333333333333336 0.5888888888888889 0.34427083333333336 0.5888888888888889
2 0.36354166666666665 0.5833333333333334 0.39947916666666666 0.5833333333333334 0.39947916666666666 0.6129629629629629 0.36354166666666665 0.6129629629629629
2 0.3932291666666667 0.687037037037037 0.42916666666666664 0.687037037037037 0.42916666666666664 0.7194444444444444 0.3932291666666667 0.7194444444444444
2 0.36354166666666665 0.7240740740740741 0.39895833333333336 0.7240740740740741 0.39895833333333336 0.7462962962962963 0.36354166666666665 0.7462962962962963
2 0.3375 0.7157407407407408 0.371875 0.7157407407407408 0.371875 0.7361111111111112 0.3375 0.7361111111111112
2 0.34270833333333334 0.6990740740740741 0.3807291666666667 0.6990740740740741 0.3807291666666667 0.7194444444444444 0.34270833333333334 0.7194444444444444
2 0.3494791666666667 0.6759259259259259 0.3958333333333333 0.6759259259259259 0.3958333333333333 0.7092592592592593 0.3494791666666667 0.7092592592592593
2 0.34479166666666666 0.6416666666666667 0.3776041666666667 0.6416666666666667 0.3776041666666667 0.6620370370370371 0.34479166666666666 0.6620370370370371
2 0.34791666666666665 0.6074074074074074 0.3921875 0.6074074074074074 0.3921875 0.6277777777777778 0.34791666666666665 0.6277777777777778
2 0.33177083333333335 0.6472222222222223 0.3536458333333333 0.6472222222222223 0.3536458333333333 0.6685185185185185 0.33177083333333335 0.6685185185185185
2 0.31197916666666664 0.6425925925925926 0.33541666666666664 0.6425925925925926 0.33541666666666664 0.6648148148148149 0.31197916666666664 0.6648148148148149
2 0.31666666666666665 0.6259259259259259 0.34270833333333334 0.6259259259259259 0.34270833333333334 0.637962962962963 0.31666666666666665 0.637962962962963
2 0.3255208333333333 0.6055555555555555 0.35208333333333336 0.6055555555555555 0.35208333333333336 0.6333333333333333 0.3255208333333333 0.6333333333333333
2 0.32760416666666664 0.5212962962962963 0.359375 0.5212962962962963 0.359375 0.5462962962962963 0.32760416666666664 0.5462962962962963
2 0.334375 0.4824074074074074 0.3692708333333333 0.4824074074074074 0.3692708333333333 0.5212962962962963 0.334375 0.5212962962962963
2 0.30833333333333335 0.6111111111111112 0.325 0.6111111111111112 0.325 0.6296296296296297 0.30833333333333335 0.6296296296296297
2 0.296875 0.5944444444444444 0.3177083333333333 0.5944444444444444 0.3177083333333333 0.6092592592592593 0.296875 0.6092592592592593
2 0.30520833333333336 0.6166666666666667 0.32395833333333335 0.6166666666666667 0.32395833333333335 0.6314814814814815 0.30520833333333336 0.6314814814814815
1 0.2994791666666667 0.4351851851851852 0.325 0.4351851851851852 0.325 0.48148148148148145 0.2994791666666667 0.48148148148148145