1 0.41041666666666665 0.9268518518518518 0.5135416666666667 0.9268518518518518 0.5135416666666667 1 0.41041666666666665 1
1 0.3421875 0.5314814814814814 0.3890625 0.5314814814814814 0.3890625 0.6203703703703703 0.3421875 0.6203703703703703
1 0.328125 0.7037037037037037 0.3640625 0.7037037037037037 0.3640625 0.8092592592592592 0.328125 0.8092592592592592
1 0.33697916666666666 0.31851851851851853 0.3807291666666667 0.31851851851851853 0.3807291666666667 0.4074074074074074 0.33697916666666666 0.4074074074074074
2 0.5427083333333333 0.95 0.6572916666666667 0.95 0.6572916666666667 1 0.5427083333333333 1
1 0.2953125 0.3990740740740741 0.31875 0.3990740740740741 0.31875 0.44814814814814813 0.2953125 0.44814814814814813
1 0.3015625 0.15 0.325 0.15 0.325 0.23333333333333334 0.3015625 0.23333333333333334
2 0.44166666666666665 0.8805555555555555 0.5223958333333333 0.8805555555555555 0.5223958333333333 0.9212962962962963 0.44166666666666665 0.9212962962962963
2 0.5067708333333333 0.8009259259259259 0.6119791666666666 0.8009259259259259 0.6119791666666666 0.8787037037037037 0.5067708333333333 0.8787037037037037
2 0.45625 0.775 0.525 0.775 0.525 0.8185185185185185 0.45625 0.8185185185185185
2 0.41770833333333335 0.7351851851851852 0.4765625 0.7351851851851852 0.4765625 0.7759259259259259 0.41770833333333335 0.7759259259259259
2 0.41510416666666666 0.6648148148148149 0.46875 0.6648148148148149 0.46875 0.6962962962962963 0.41510416666666666 0.6962962962962963
2 0.37447916666666664 0.712037037037037 0.4083333333333333 0.712037037037037 0.4083333333333333 0.7398148148148148 0.37447916666666664 0.7398148148148148
2 0.3380208333333333 0.6944444444444444 0.37447916666666664 0.6944444444444444 0.37447916666666664 0.7324074074074074 0.3380208333333333 0.7324074074074074
2 0.35833333333333334 0.6435185185185185 0.39375 0.6435185185185185 0.39375 0.6759259259259259 0.35833333333333334 0.6759259259259259
2 0.3145833333333333 0.6472222222222223 0.34791666666666665 0.6472222222222223 0.34791666666666665 0.6657407407407407 0.3145833333333333 0.6657407407407407
2 0.32135416666666666 0.6203703703703703 0.3572916666666667 0.6203703703703703 0.3572916666666667 0.6453703703703704 0.32135416666666666 0.6453703703703704
2 0.3020833333333333 0.6018518518518519 0.33125 0.6018518518518519 0.33125 0.6203703703703703 0.3020833333333333 0.6203703703703703
2 0.29583333333333334 0.6194444444444445 0.3171875 0.6194444444444445 0.3171875 0.6407407407407407 0.29583333333333334 0.6407407407407407
2 0.28177083333333336 0.6518518518518519 0.30520833333333336 0.6518518518518519 0.30520833333333336 0.6759259259259259 0.28177083333333336 0.6759259259259259
2 0.32447916666666665 0.44722222222222224 0.35625 0.44722222222222224 0.35625 0.5018518518518519 0.32447916666666665 0.5018518518518519
2 0.37604166666666666 0.2212962962962963 0.425 0.2212962962962963 0.425 0.26666666666666666 0.37604166666666666 0.26666666666666666
2 0.3015625 0.5685185185185185 0.3302083333333333 0.5685185185185185 0.3302083333333333 0.5981481481481481 0.3015625 0.5981481481481481
2 0.30416666666666664 0.5435185185185185 0.3296875 0.5435185185185185 0.3296875 0.562962962962963 0.30416666666666664 0.562962962962963
2 0.3046875 0.36203703703703705 0.32708333333333334 0.36203703703703705 0.32708333333333334 0.3768518518518518 0.3046875 0.3768518518518518
2 0.2994791666666667 0.32592592592592595 0.328125 0.32592592592592595 0.328125 0.3435185185185185 0.2994791666666667 0.3435185185185185
2 0.2921875 0.3416666666666667 0.3109375 0.3416666666666667 0.3109375 0.3611111111111111 0.2921875 0.3611111111111111
2 0.284375 0.549074074074074 0.303125 0.549074074074074 0.303125 0.562037037037037 0.284375 0.562037037037037
2 0.28020833333333334 0.5277777777777778 0.30052083333333335 0.5277777777777778 0.30052083333333335 0.5435185185185185 0.28020833333333334 0.5435185185185185