1 0.14375 0.32222222222222224 0.271875 0.32222222222222224 0.271875 0.4981481481481482 0.14375 0.4981481481481482
1 0.325 0.17407407407407408 0.3927083333333333 0.17407407407407408 0.3927083333333333 0.23333333333333334 0.325 0.23333333333333334
2 0.3296875 0.4444444444444444 0.37083333333333335 0.4444444444444444 0.37083333333333335 0.5472222222222223 0.3296875 0.5472222222222223
2 0.5854166666666667 0.18055555555555555 0.6052083333333333 0.18055555555555555 0.6052083333333333 0.2351851851851852 0.5854166666666667 0.2351851851851852
2 0.4140625 0.2638888888888889 0.44583333333333336 0.2638888888888889 0.44583333333333336 0.3509259259259259 0.4140625 0.3509259259259259
2 0.45364583333333336 0.16666666666666666 0.47239583333333335 0.16666666666666666 0.47239583333333335 0.21666666666666667 0.45364583333333336 0.21666666666666667
2 0.865625 0.6064814814814815 0.9359375 0.6064814814814815 0.9359375 0.7916666666666666 0.865625 0.7916666666666666
2 0.68125 0.3907407407407407 0.728125 0.3907407407407407 0.728125 0.5166666666666667 0.68125 0.5166666666666667
2 0.4328125 0.20555555555555555 0.453125 0.20555555555555555 0.453125 0.25925925925925924 0.4328125 0.25925925925925924
2 0.33541666666666664 0.5555555555555556 0.3859375 0.5555555555555556 0.3859375 0.7314814814814815 0.33541666666666664 0.7314814814814815
2 0.6510416666666666 0.2833333333333333 0.6802083333333333 0.2833333333333333 0.6802083333333333 0.3592592592592593 0.6510416666666666 0.3592592592592593
2 0.43854166666666666 0.12407407407407407 0.4515625 0.12407407407407407 0.4515625 0.15648148148148147 0.43854166666666666 0.15648148148148147
2 0.6067708333333334 0.19907407407407407 0.6286458333333333 0.19907407407407407 0.6286458333333333 0.25462962962962965 0.6067708333333334 0.25462962962962965
2 0.484375 0.13425925925925927 0.49895833333333334 0.13425925925925927 0.49895833333333334 0.17314814814814813 0.484375 0.17314814814814813
2 0.4578125 0.2462962962962963 0.48385416666666664 0.2462962962962963 0.48385416666666664 0.33055555555555555 0.4578125 0.33055555555555555
2 0.7171875 0.3712962962962963 0.7614583333333333 0.3712962962962963 0.7614583333333333 0.4722222222222222 0.7171875 0.4722222222222222
2 0.4036458333333333 0.19814814814814816 0.42604166666666665 0.19814814814814816 0.42604166666666665 0.2564814814814815 0.4036458333333333 0.2564814814814815
2 0.5536458333333333 0.15833333333333333 0.5744791666666667 0.15833333333333333 0.5744791666666667 0.2111111111111111 0.5536458333333333 0.2111111111111111
2 0.5375 0.08888888888888889 0.5494791666666666 0.08888888888888889 0.5494791666666666 0.1175925925925926 0.5375 0.1175925925925926
2 0.6 0.2388888888888889 0.6223958333333334 0.2388888888888889 0.6223958333333334 0.30092592592592593 0.6 0.30092592592592593
2 0.6234375 0.15925925925925927 0.6427083333333333 0.15925925925925927 0.6427083333333333 0.2037037037037037 0.6234375 0.2037037037037037
2 0.5645833333333333 0.15 0.5875 0.15 0.5875 0.19444444444444445 0.5645833333333333 0.19444444444444445