1 0.14375 0.3212962962962963 0.271875 0.3212962962962963 0.271875 0.4962962962962963 0.14375 0.4962962962962963
1 0.3223958333333333 0.17592592592592593 0.39166666666666666 0.17592592592592593 0.39166666666666666 0.23703703703703705 0.3223958333333333 0.23703703703703705
2 0.8338541666666667 0.5435185185185185 0.8947916666666667 0.5435185185185185 0.8947916666666667 0.7083333333333334 0.8338541666666667 0.7083333333333334
2 0.7046875 0.33796296296296297 0.7447916666666666 0.33796296296296297 0.7447916666666666 0.43703703703703706 0.7046875 0.43703703703703706
2 0.4078125 0.3037037037037037 0.4401041666666667 0.3037037037037037 0.4401041666666667 0.39166666666666666 0.4078125 0.39166666666666666
2 0.6609375 0.3472222222222222 0.7005208333333334 0.3472222222222222 0.7005208333333334 0.46296296296296297 0.6609375 0.46296296296296297
2 0.5947916666666667 0.2222222222222222 0.6151041666666667 0.2222222222222222 0.6151041666666667 0.27685185185185185 0.5947916666666667 0.27685185185185185
2 0.3958333333333333 0.2037037037037037 0.41875 0.2037037037037037 0.41875 0.2675925925925926 0.3958333333333333 0.2675925925925926
2 0.6453125 0.24814814814814815 0.6729166666666667 0.24814814814814815 0.6729166666666667 0.3287037037037037 0.6453125 0.3287037037037037
2 0.45208333333333334 0.18055555555555555 0.47239583333333335 0.18055555555555555 0.47239583333333335 0.2351851851851852 0.45208333333333334 0.2351851851851852
2 0.484375 0.13703703703703704 0.4984375 0.13703703703703704 0.4984375 0.17962962962962964 0.484375 0.17962962962962964
2 0.5546875 0.15 0.5755208333333334 0.15 0.5755208333333334 0.20092592592592592 0.5546875 0.20092592592592592
2 0.43072916666666666 0.22407407407407406 0.4505208333333333 0.22407407407407406 0.4505208333333333 0.2814814814814815 0.43072916666666666 0.2814814814814815
2 0.4552083333333333 0.2851851851851852 0.4822916666666667 0.2851851851851852 0.4822916666666667 0.3712962962962963 0.4552083333333333 0.3712962962962963
2 0.29635416666666664 0.5175925925925926 0.35104166666666664 0.5175925925925926 0.35104166666666664 0.6712962962962963 0.29635416666666664 0.6712962962962963
2 0.5833333333333334 0.1638888888888889 0.6005208333333333 0.1638888888888889 0.6005208333333333 0.21203703703703702 0.5833333333333334 0.21203703703703702
2 0.4359375 0.12685185185185185 0.44947916666666665 0.12685185185185185 0.44947916666666665 0.16203703703703703 0.4359375 0.16203703703703703
2 0.6026041666666667 0.18333333333333332 0.6223958333333334 0.18333333333333332 0.6223958333333334 0.2324074074074074 0.6026041666666667 0.2324074074074074
2 0.6270833333333333 0.15833333333333333 0.6427083333333333 0.15833333333333333 0.6427083333333333 0.2 0.6270833333333333 0.2
2 0.40625 0.18611111111111112 0.42864583333333334 0.18611111111111112 0.42864583333333334 0.2361111111111111 0.40625 0.2361111111111111
2 0.30520833333333336 0.6583333333333333 0.3546875 0.6583333333333333 0.3546875 0.899074074074074 0.30520833333333336 0.899074074074074