1 0.13958333333333334 0.30648148148148147 0.26614583333333336 0.30648148148148147 0.26614583333333336 0.48703703703703705 0.13958333333333334 0.48703703703703705
1 0.634375 0.32222222222222224 0.7317708333333334 0.32222222222222224 0.7317708333333334 0.45092592592592595 0.634375 0.45092592592592595
2 0.0828125 0.7518518518518519 0.16354166666666667 0.7518518518518519 0.16354166666666667 0.9972222222222222 0.0828125 0.9972222222222222
2 0.134375 0.5416666666666666 0.19010416666666666 0.5416666666666666 0.19010416666666666 0.7064814814814815 0.134375 0.7064814814814815
2 0.8234375 0.5231481481481481 0.8713541666666667 0.5231481481481481 0.8713541666666667 0.6796296296296296 0.8234375 0.6796296296296296
0 0.31145833333333334 0.1537037037037037 0.415625 0.1537037037037037 0.415625 0.36666666666666664 0.31145833333333334 0.36666666666666664
1 0.4578125 0.12685185185185185 0.4942708333333333 0.12685185185185185 0.4942708333333333 0.17962962962962964 0.4578125 0.17962962962962964
2 0.9286458333333333 0.6166666666666667 1 0.6166666666666667 1 0.7972222222222223 0.9286458333333333 0.7972222222222223
2 0.7265625 0.5259259259259259 0.7796875 0.5259259259259259 0.7796875 0.6962962962962963 0.7265625 0.6962962962962963
2 0.013541666666666667 0.5370370370370371 0.08125 0.5370370370370371 0.08125 0.7138888888888889 0.013541666666666667 0.7138888888888889
2 0.359375 0.3435185185185185 0.3932291666666667 0.3435185185185185 0.3932291666666667 0.44351851851851853 0.359375 0.44351851851851853
2 0.5458333333333333 0.13148148148148148 0.5630208333333333 0.13148148148148148 0.5630208333333333 0.17685185185185184 0.5458333333333333 0.17685185185185184
2 0.3385416666666667 0.4398148148148148 0.37552083333333336 0.4398148148148148 0.37552083333333336 0.5777777777777777 0.3385416666666667 0.5777777777777777
2 0.43020833333333336 0.3074074074074074 0.4625 0.3074074074074074 0.4625 0.4074074074074074 0.43020833333333336 0.4074074074074074
2 0.7635416666666667 0.3962962962962963 0.8026041666666667 0.3962962962962963 0.8026041666666667 0.5027777777777778 0.7635416666666667 0.5027777777777778
1 0.5619791666666667 0.11296296296296296 0.6 0.11296296296296296 0.6 0.1574074074074074 0.5619791666666667 0.1574074074074074
1 0.5307291666666667 0.09351851851851851 0.5567708333333333 0.09351851851851851 0.5567708333333333 0.13148148148148148 0.5307291666666667 0.13148148148148148
2 0.6119791666666666 0.22314814814814815 0.6354166666666666 0.22314814814814815 0.6354166666666666 0.29259259259259257 0.6119791666666666 0.29259259259259257
2 0.44479166666666664 0.2324074074074074 0.47291666666666665 0.2324074074074074 0.47291666666666665 0.3074074074074074 0.44479166666666664 0.3074074074074074
2 0.49947916666666664 0.16018518518518518 0.5244791666666667 0.16018518518518518 0.5244791666666667 0.21481481481481482 0.49947916666666664 0.21481481481481482
2 0.4515625 0.2 0.4744791666666667 0.2 0.4744791666666667 0.24351851851851852 0.4515625 0.24351851851851852
2 0.6036458333333333 0.3712962962962963 0.6354166666666666 0.3712962962962963 0.6354166666666666 0.512962962962963 0.6036458333333333 0.512962962962963