1 0.378125 0.35833333333333334 0.46822916666666664 0.35833333333333334 0.46822916666666664 0.5018518518518519 0.378125 0.5018518518518519
1 0.14739583333333334 0.3175925925925926 0.2713541666666667 0.3175925925925926 0.2713541666666667 0.4935185185185185 0.14739583333333334 0.4935185185185185
2 0.16197916666666667 0.7564814814814815 0.24427083333333333 0.7564814814814815 0.24427083333333333 0.9916666666666667 0.16197916666666667 0.9916666666666667
2 0.7234375 0.4759259259259259 0.7682291666666666 0.4759259259259259 0.7682291666666666 0.6111111111111112 0.7234375 0.6111111111111112
1 0.31979166666666664 0.17685185185185184 0.3848958333333333 0.17685185185185184 0.3848958333333333 0.23981481481481481 0.31979166666666664 0.23981481481481481
2 0.3567708333333333 0.31666666666666665 0.3848958333333333 0.31666666666666665 0.3848958333333333 0.39351851851851855 0.3567708333333333 0.39351851851851855
2 0.12135416666666667 0.5453703703703704 0.18802083333333333 0.5453703703703704 0.18802083333333333 0.712037037037037 0.12135416666666667 0.712037037037037
2 0.7005208333333334 0.29814814814814816 0.734375 0.29814814814814816 0.734375 0.3787037037037037 0.7005208333333334 0.3787037037037037
2 0.6494791666666667 0.3638888888888889 0.6848958333333334 0.3638888888888889 0.6848958333333334 0.4740740740740741 0.6494791666666667 0.4740740740740741
2 0.2359375 0.5324074074074074 0.28125 0.5324074074074074 0.28125 0.6981481481481482 0.2359375 0.6981481481481482
2 0.25625 0.4287037037037037 0.2994791666666667 0.4287037037037037 0.2994791666666667 0.5416666666666666 0.25625 0.5416666666666666
2 0.37604166666666666 0.25277777777777777 0.4010416666666667 0.25277777777777777 0.4010416666666667 0.3287037037037037 0.37604166666666666 0.3287037037037037
2 0.3098958333333333 0.5472222222222223 0.3536458333333333 0.5472222222222223 0.3536458333333333 0.7324074074074074 0.3098958333333333 0.7324074074074074
2 0.4114583333333333 0.26666666666666666 0.43697916666666664 0.26666666666666666 0.43697916666666664 0.34074074074074073 0.4114583333333333 0.34074074074074073
2 0.44479166666666664 0.2074074074074074 0.46510416666666665 0.2074074074074074 0.46510416666666665 0.26851851851851855 0.44479166666666664 0.26851851851851855
2 0.6692708333333334 0.6287037037037037 0.7276041666666667 0.6287037037037037 0.7276041666666667 0.8083333333333333 0.6692708333333334 0.8083333333333333
2 0.5942708333333333 0.1824074074074074 0.6151041666666667 0.1824074074074074 0.6151041666666667 0.22870370370370371 0.5942708333333333 0.22870370370370371
2 0.47760416666666666 0.12037037037037036 0.49166666666666664 0.12037037037037036 0.49166666666666664 0.15555555555555556 0.47760416666666666 0.15555555555555556
2 0.4161458333333333 0.1962962962962963 0.43697916666666664 0.1962962962962963 0.43697916666666664 0.2490740740740741 0.4161458333333333 0.2490740740740741
2 0.584375 0.13703703703703704 0.5984375 0.13703703703703704 0.5984375 0.17592592592592593 0.584375 0.17592592592592593
2 0.4635416666666667 0.18888888888888888 0.48125 0.18888888888888888 0.48125 0.24351851851851852 0.4635416666666667 0.24351851851851852
2 0.6348958333333333 0.175 0.6526041666666667 0.175 0.6526041666666667 0.23148148148148148 0.6348958333333333 0.23148148148148148