1 0.14583333333333334 0.3194444444444444 0.26979166666666665 0.3194444444444444 0.26979166666666665 0.49907407407407406 0.14583333333333334 0.49907407407407406
1 0.4734375 0.12314814814814815 0.5 0.12314814814814815 0.5 0.1638888888888889 0.4734375 0.1638888888888889
1 0.3328125 0.175 0.38697916666666665 0.175 0.38697916666666665 0.23796296296296296 0.3328125 0.23796296296296296
1 0.615625 0.11944444444444445 0.6677083333333333 0.11944444444444445 0.6677083333333333 0.16111111111111112 0.615625 0.16111111111111112
2 0.06875 0.6981481481481482 0.13802083333333334 0.6981481481481482 0.13802083333333334 0.9703703703703703 0.06875 0.9703703703703703
2 0.16197916666666667 0.6888888888888889 0.24114583333333334 0.6888888888888889 0.24114583333333334 0.9583333333333334 0.16197916666666667 0.9583333333333334
2 0.2942708333333333 0.6666666666666666 0.33697916666666666 0.6666666666666666 0.33697916666666666 0.9527777777777777 0.2942708333333333 0.9527777777777777
2 0.23125 0.48055555555555557 0.2708333333333333 0.48055555555555557 0.2708333333333333 0.6462962962962963 0.23125 0.6462962962962963
2 0.31666666666666665 0.3768518518518518 0.3541666666666667 0.3768518518518518 0.3541666666666667 0.5175925925925926 0.31666666666666665 0.5175925925925926
2 0.3515625 0.30185185185185187 0.3802083333333333 0.30185185185185187 0.3802083333333333 0.40370370370370373 0.3515625 0.40370370370370373
2 0.384375 0.30925925925925923 0.41302083333333334 0.30925925925925923 0.41302083333333334 0.41759259259259257 0.384375 0.41759259259259257
2 0.4046875 0.36574074074074076 0.4375 0.36574074074074076 0.4375 0.4777777777777778 0.4046875 0.4777777777777778
2 0.4328125 0.30092592592592593 0.44895833333333335 0.30092592592592593 0.44895833333333335 0.40185185185185185 0.4328125 0.40185185185185185
2 0.37604166666666666 0.25277777777777777 0.39010416666666664 0.25277777777777777 0.39010416666666664 0.3175925925925926 0.37604166666666666 0.3175925925925926
2 0.371875 0.21296296296296297 0.38645833333333335 0.21296296296296297 0.38645833333333335 0.2657407407407407 0.371875 0.2657407407407407
2 0.42291666666666666 0.2324074074074074 0.43802083333333336 0.2324074074074074 0.43802083333333336 0.3101851851851852 0.42291666666666666 0.3101851851851852
2 0.4703125 0.23148148148148148 0.48854166666666665 0.23148148148148148 0.48854166666666665 0.31851851851851853 0.4703125 0.31851851851851853
2 0.390625 0.17777777777777778 0.40260416666666665 0.17777777777777778 0.40260416666666665 0.2324074074074074 0.390625 0.2324074074074074
2 0.4078125 0.1638888888888889 0.41822916666666665 0.1638888888888889 0.41822916666666665 0.21296296296296297 0.4078125 0.21296296296296297
2 0.42083333333333334 0.17685185185185184 0.4296875 0.17685185185185184 0.4296875 0.22777777777777777 0.42083333333333334 0.22777777777777777
2 0.4317708333333333 0.18796296296296297 0.4421875 0.18796296296296297 0.4421875 0.2388888888888889 0.4317708333333333 0.2388888888888889
2 0.45677083333333335 0.1787037037037037 0.46770833333333334 0.1787037037037037 0.46770833333333334 0.24166666666666667 0.45677083333333335 0.24166666666666667
2 0.4713541666666667 0.175 0.4869791666666667 0.175 0.4869791666666667 0.22870370370370371 0.4713541666666667 0.22870370370370371
2 0.46510416666666665 0.14444444444444443 0.4744791666666667 0.14444444444444443 0.4744791666666667 0.18611111111111112 0.46510416666666665 0.18611111111111112
2 0.446875 0.14814814814814814 0.45208333333333334 0.14814814814814814 0.45208333333333334 0.1962962962962963 0.446875 0.1962962962962963
2 0.43697916666666664 0.1388888888888889 0.44375 0.1388888888888889 0.44375 0.1712962962962963 0.43697916666666664 0.1712962962962963
2 0.4583333333333333 0.1175925925925926 0.4661458333333333 0.1175925925925926 0.4661458333333333 0.15648148148148147 0.4583333333333333 0.15648148148148147
2 0.4432291666666667 0.1111111111111111 0.45208333333333334 0.1111111111111111 0.45208333333333334 0.14074074074074075 0.4432291666666667 0.14074074074074075
2 0.5 0.10740740740740741 0.5067708333333333 0.10740740740740741 0.5067708333333333 0.14814814814814814 0.5 0.14814814814814814
2 0.5901041666666667 0.1537037037037037 0.6 0.1537037037037037 0.6 0.20092592592592592 0.5901041666666667 0.20092592592592592
2 0.5947916666666667 0.12129629629629629 0.6026041666666667 0.12129629629629629 0.6026041666666667 0.15648148148148147 0.5947916666666667 0.15648148148148147
2 0.6171875 0.1574074074074074 0.6276041666666666 0.1574074074074074 0.6276041666666666 0.19537037037037036 0.6171875 0.19537037037037036
2 0.6109375 0.18796296296296297 0.6255208333333333 0.18796296296296297 0.6255208333333333 0.25555555555555554 0.6109375 0.25555555555555554