1 0.553125 0.2601851851851852 0.6125 0.2601851851851852 0.6125 0.3537037037037037 0.553125 0.3537037037037037
1 0.321875 0.2 0.37864583333333335 0.2 0.37864583333333335 0.2638888888888889 0.321875 0.2638888888888889
1 0.4375 0.18981481481481483 0.47552083333333334 0.18981481481481483 0.47552083333333334 0.2601851851851852 0.4375 0.2601851851851852
1 0.5296875 0.16018518518518518 0.559375 0.16018518518518518 0.559375 0.2101851851851852 0.5296875 0.2101851851851852
2 0.11510416666666666 0.6 0.18697916666666667 0.6 0.18697916666666667 0.8148148148148148 0.11510416666666666 0.8148148148148148
2 0.20989583333333334 0.5861111111111111 0.2609375 0.5861111111111111 0.2609375 0.7925925925925926 0.20989583333333334 0.7925925925925926
2 0.11510416666666666 0.8407407407407408 0.20364583333333333 0.8407407407407408 0.20364583333333333 1 0.11510416666666666 1
2 0.415625 0.5055555555555555 0.4484375 0.5055555555555555 0.4484375 0.6833333333333333 0.415625 0.6833333333333333
2 0.3723958333333333 0.46111111111111114 0.4 0.46111111111111114 0.4 0.6574074074074074 0.3723958333333333 0.6574074074074074
2 0.31927083333333334 0.475 0.3494791666666667 0.475 0.3494791666666667 0.6259259259259259 0.31927083333333334 0.6259259259259259
2 0.23697916666666666 0.4564814814814815 0.2671875 0.4564814814814815 0.2671875 0.5592592592592592 0.23697916666666666 0.5592592592592592
2 0.28802083333333334 0.42407407407407405 0.31197916666666664 0.42407407407407405 0.31197916666666664 0.5296296296296297 0.28802083333333334 0.5296296296296297
2 0.33489583333333334 0.38055555555555554 0.3609375 0.38055555555555554 0.3609375 0.4925925925925926 0.33489583333333334 0.4925925925925926
2 0.3026041666666667 0.3037037037037037 0.3328125 0.3037037037037037 0.3328125 0.3990740740740741 0.3026041666666667 0.3990740740740741
2 0.3234375 0.30833333333333335 0.34427083333333336 0.30833333333333335 0.34427083333333336 0.41759259259259257 0.3234375 0.41759259259259257
2 0.37135416666666665 0.3296296296296296 0.3921875 0.3296296296296296 0.3921875 0.4166666666666667 0.37135416666666665 0.4166666666666667
2 0.3729166666666667 0.27870370370370373 0.39114583333333336 0.27870370370370373 0.39114583333333336 0.3685185185185185 0.3729166666666667 0.3685185185185185
2 0.4088541666666667 0.28055555555555556 0.4328125 0.28055555555555556 0.4328125 0.3712962962962963 0.4088541666666667 0.3712962962962963
2 0.6697916666666667 0.3990740740740741 0.7208333333333333 0.3990740740740741 0.7208333333333333 0.5259259259259259 0.6697916666666667 0.5259259259259259
2 0.3880208333333333 0.22685185185185186 0.4088541666666667 0.22685185185185186 0.4088541666666667 0.2777777777777778 0.3880208333333333 0.2777777777777778
2 0.3921875 0.19537037037037036 0.4046875 0.19537037037037036 0.4046875 0.24537037037037038 0.3921875 0.24537037037037038
2 0.4114583333333333 0.2101851851851852 0.4296875 0.2101851851851852 0.4296875 0.2611111111111111 0.4114583333333333 0.2611111111111111
2 0.42083333333333334 0.17037037037037037 0.434375 0.17037037037037037 0.434375 0.2222222222222222 0.42083333333333334 0.2222222222222222
2 0.409375 0.16296296296296298 0.421875 0.16296296296296298 0.421875 0.19814814814814816 0.409375 0.19814814814814816
2 0.465625 0.1388888888888889 0.48020833333333335 0.1388888888888889 0.48020833333333335 0.18333333333333332 0.465625 0.18333333333333332
2 0.4510416666666667 0.14166666666666666 0.45729166666666665 0.14166666666666666 0.45729166666666665 0.18333333333333332 0.4510416666666667 0.18333333333333332
2 0.4348958333333333 0.14814814814814814 0.446875 0.14814814814814814 0.446875 0.18796296296296297 0.4348958333333333 0.18796296296296297
2 0.4864583333333333 0.18333333333333332 0.5182291666666666 0.18333333333333332 0.5182291666666666 0.24444444444444444 0.4864583333333333 0.24444444444444444
2 0.5770833333333333 0.1787037037037037 0.5916666666666667 0.1787037037037037 0.5916666666666667 0.23055555555555557 0.5770833333333333 0.23055555555555557
2 0.5984375 0.1685185185185185 0.6052083333333333 0.1685185185185185 0.6052083333333333 0.225 0.5984375 0.225
1 0.13177083333333334 0.34629629629629627 0.25677083333333334 0.34629629629629627 0.25677083333333334 0.5231481481481481 0.13177083333333334 0.5231481481481481