1 0.1421875 0.325 0.26927083333333335 0.325 0.26927083333333335 0.5009259259259259 0.1421875 0.5009259259259259
1 0.37395833333333334 0.4009259259259259 0.4703125 0.4009259259259259 0.4703125 0.5907407407407408 0.37395833333333334 0.5907407407407408
1 0.3302083333333333 0.18055555555555555 0.3885416666666667 0.18055555555555555 0.3885416666666667 0.24351851851851852 0.3302083333333333 0.24351851851851852
1 0.5479166666666667 0.12962962962962962 0.5817708333333333 0.12962962962962962 0.5817708333333333 0.1787037037037037 0.5479166666666667 0.1787037037037037
2 0.7333333333333333 0.43333333333333335 0.7828125 0.43333333333333335 0.7828125 0.5925925925925926 0.7333333333333333 0.5925925925925926
2 0.22447916666666667 0.6787037037037037 0.2703125 0.6787037037037037 0.2703125 0.9518518518518518 0.22447916666666667 0.9518518518518518
2 0.2015625 0.5231481481481481 0.25364583333333335 0.5231481481481481 0.25364583333333335 0.6907407407407408 0.2015625 0.6907407407407408
2 0.309375 0.32222222222222224 0.3302083333333333 0.32222222222222224 0.3302083333333333 0.47129629629629627 0.309375 0.47129629629629627
2 0.35989583333333336 0.3425925925925926 0.3859375 0.3425925925925926 0.3859375 0.44351851851851853 0.35989583333333336 0.44351851851851853
2 0.36354166666666665 0.2537037037037037 0.38333333333333336 0.2537037037037037 0.38333333333333336 0.31851851851851853 0.36354166666666665 0.31851851851851853
2 0.409375 0.2175925925925926 0.4270833333333333 0.2175925925925926 0.4270833333333333 0.3037037037037037 0.409375 0.3037037037037037
2 0.4375 0.24074074074074073 0.4583333333333333 0.24074074074074073 0.4583333333333333 0.325 0.4375 0.325
2 0.4375 0.20555555555555555 0.45729166666666665 0.20555555555555555 0.45729166666666665 0.2740740740740741 0.4375 0.2740740740740741
2 0.39947916666666666 0.18611111111111112 0.4140625 0.18611111111111112 0.4140625 0.2490740740740741 0.39947916666666666 0.2490740740740741
2 0.4046875 0.1287037037037037 0.41875 0.1287037037037037 0.41875 0.17407407407407408 0.4046875 0.17407407407407408
2 0.4276041666666667 0.15833333333333333 0.44166666666666665 0.15833333333333333 0.44166666666666665 0.2111111111111111 0.4276041666666667 0.2111111111111111
2 0.43802083333333336 0.13796296296296295 0.446875 0.13796296296296295 0.446875 0.1787037037037037 0.43802083333333336 0.1787037037037037
2 0.4328125 0.13055555555555556 0.4401041666666667 0.13055555555555556 0.4401041666666667 0.1638888888888889 0.4328125 0.1638888888888889
2 0.45260416666666664 0.16018518518518518 0.46822916666666664 0.16018518518518518 0.46822916666666664 0.21203703703703702 0.45260416666666664 0.21203703703703702
2 0.46822916666666664 0.1398148148148148 0.47760416666666666 0.1398148148148148 0.47760416666666666 0.18425925925925926 0.46822916666666664 0.18425925925925926
2 0.4921875 0.1398148148148148 0.503125 0.1398148148148148 0.503125 0.1824074074074074 0.4921875 0.1824074074074074
2 0.490625 0.11296296296296296 0.49947916666666664 0.11296296296296296 0.49947916666666664 0.14537037037037037 0.490625 0.14537037037037037
2 0.45729166666666665 0.12129629629629629 0.4640625 0.12129629629629629 0.4640625 0.15648148148148147 0.45729166666666665 0.15648148148148147
2 0.4453125 0.12314814814814815 0.45260416666666664 0.12314814814814815 0.45260416666666664 0.15555555555555556 0.4453125 0.15555555555555556
2 0.5421875 0.1824074074074074 0.5755208333333334 0.1824074074074074 0.5755208333333334 0.23703703703703705 0.5421875 0.23703703703703705
2 0.6942708333333333 0.2962962962962963 0.721875 0.2962962962962963 0.721875 0.3712962962962963 0.6942708333333333 0.3712962962962963
2 0.6546875 0.21203703703703702 0.6744791666666666 0.21203703703703702 0.6744791666666666 0.28888888888888886 0.6546875 0.28888888888888886
2 0.5958333333333333 0.13518518518518519 0.6067708333333334 0.13518518518518519 0.6067708333333334 0.18333333333333332 0.5958333333333333 0.18333333333333332
1 0.6536458333333334 0.12962962962962962 0.7104166666666667 0.12962962962962962 0.7104166666666667 0.17962962962962964 0.6536458333333334 0.17962962962962964