1 0.1390625 0.3074074074074074 0.265625 0.3074074074074074 0.265625 0.4888888888888889 0.1390625 0.4888888888888889
1 0.696875 0.5157407407407407 0.8645833333333334 0.5157407407407407 0.8645833333333334 0.7361111111111112 0.696875 0.7361111111111112
2 0 0.7722222222222223 0.07291666666666667 0.7722222222222223 0.07291666666666667 0.9981481481481481 0 0.9981481481481481
1 0.5338541666666666 0.12037037037037036 0.5671875 0.12037037037037036 0.5671875 0.1648148148148148 0.5338541666666666 0.1648148148148148
2 0.9463541666666667 0.7712962962962963 1 0.7712962962962963 1 0.9953703703703703 0.9463541666666667 0.9953703703703703
2 0.003125 0.5388888888888889 0.0875 0.5388888888888889 0.0875 0.7287037037037037 0.003125 0.7287037037037037
2 0.7453125 0.7907407407407407 0.815625 0.7907407407407407 0.815625 0.9990740740740741 0.7453125 0.9990740740740741
2 0.6453125 0.25277777777777777 0.6671875 0.25277777777777777 0.6671875 0.32407407407407407 0.6453125 0.32407407407407407
2 0.3885416666666667 0.537962962962963 0.4432291666666667 0.537962962962963 0.4432291666666667 0.7101851851851851 0.3885416666666667 0.7101851851851851
0 0.3453125 0.12222222222222222 0.4234375 0.12222222222222222 0.4234375 0.2861111111111111 0.3453125 0.2861111111111111
2 0.34322916666666664 0.4148148148148148 0.3807291666666667 0.4148148148148148 0.3807291666666667 0.5601851851851852 0.34322916666666664 0.5601851851851852
2 0.55625 0.17314814814814813 0.5765625 0.17314814814814813 0.5765625 0.2324074074074074 0.55625 0.2324074074074074
2 0.2630208333333333 0.4398148148148148 0.3067708333333333 0.4398148148148148 0.3067708333333333 0.5861111111111111 0.2630208333333333 0.5861111111111111
2 0.3958333333333333 0.2777777777777778 0.428125 0.2777777777777778 0.428125 0.37407407407407406 0.3958333333333333 0.37407407407407406
2 0.6494791666666667 0.19444444444444445 0.6723958333333333 0.19444444444444445 0.6723958333333333 0.2490740740740741 0.6494791666666667 0.2490740740740741
2 0.4557291666666667 0.18055555555555555 0.4744791666666667 0.18055555555555555 0.4744791666666667 0.2324074074074074 0.4557291666666667 0.2324074074074074
2 0.271875 0.3277777777777778 0.3026041666666667 0.3277777777777778 0.3026041666666667 0.42685185185185187 0.271875 0.42685185185185187
2 0.4203125 0.25092592592592594 0.4479166666666667 0.25092592592592594 0.4479166666666667 0.3175925925925926 0.4203125 0.3175925925925926
1 0.5760416666666667 0.1388888888888889 0.61875 0.1388888888888889 0.61875 0.19444444444444445 0.5760416666666667 0.19444444444444445
2 0.4453125 0.20833333333333334 0.46510416666666665 0.20833333333333334 0.46510416666666665 0.25833333333333336 0.4453125 0.25833333333333336
2 0.6421875 0.3296296296296296 0.6703125 0.3296296296296296 0.6703125 0.4564814814814815 0.6421875 0.4564814814814815