1 0.41458333333333336 0.9361111111111111 0.5145833333333333 0.9361111111111111 0.5145833333333333 1 0.41458333333333336 1
1 0.3697916666666667 0.3 0.425 0.3 0.425 0.4074074074074074 0.3697916666666667 0.4074074074074074
1 0.33177083333333335 0.7203703703703703 0.36770833333333336 0.7203703703703703 0.36770833333333336 0.8194444444444444 0.33177083333333335 0.8194444444444444
1 0.32447916666666665 0.5435185185185185 0.3619791666666667 0.5435185185185185 0.3619791666666667 0.6111111111111112 0.32447916666666665 0.6111111111111112
1 0.31145833333333334 0.39444444444444443 0.3385416666666667 0.39444444444444443 0.3385416666666667 0.44814814814814813 0.31145833333333334 0.44814814814814813
2 0.5322916666666667 0.912962962962963 0.6375 0.912962962962963 0.6375 0.9731481481481481 0.5322916666666667 0.9731481481481481
2 0.4609375 0.9157407407407407 0.5260416666666666 0.9157407407407407 0.5260416666666666 0.9564814814814815 0.4609375 0.9564814814814815
2 0.4479166666666667 0.8305555555555556 0.5104166666666666 0.8305555555555556 0.5104166666666666 0.8703703703703703 0.4479166666666667 0.8703703703703703
2 0.4671875 0.7694444444444445 0.5541666666666667 0.7694444444444445 0.5541666666666667 0.8324074074074074 0.4671875 0.8324074074074074
2 0.4791666666666667 0.6796296296296296 0.5786458333333333 0.6796296296296296 0.5786458333333333 0.7268518518518519 0.4791666666666667 0.7268518518518519
2 0.4895833333333333 0.5638888888888889 0.5713541666666667 0.5638888888888889 0.5713541666666667 0.6398148148148148 0.4895833333333333 0.6398148148148148
2 0.3890625 0.8064814814814815 0.4322916666666667 0.8064814814814815 0.4322916666666667 0.8398148148148148 0.3890625 0.8398148148148148
2 0.396875 0.7870370370370371 0.4510416666666667 0.7870370370370371 0.4510416666666667 0.8222222222222222 0.396875 0.8222222222222222
2 0.428125 0.7175925925925926 0.4791666666666667 0.7175925925925926 0.4791666666666667 0.787962962962963 0.428125 0.787962962962963
2 0.403125 0.6898148148148148 0.453125 0.6898148148148148 0.453125 0.7324074074074074 0.403125 0.7324074074074074
2 0.37447916666666664 0.6833333333333333 0.4192708333333333 0.6833333333333333 0.4192708333333333 0.7305555555555555 0.37447916666666664 0.7305555555555555
2 0.3640625 0.6175925925925926 0.4161458333333333 0.6175925925925926 0.4161458333333333 0.6555555555555556 0.3640625 0.6555555555555556
2 0.3421875 0.6592592592592592 0.3734375 0.6592592592592592 0.3734375 0.6925925925925925 0.3421875 0.6925925925925925
2 0.328125 0.6648148148148149 0.36302083333333335 0.6648148148148149 0.36302083333333335 0.6953703703703704 0.328125 0.6953703703703704
2 0.33541666666666664 0.6277777777777778 0.36614583333333334 0.6277777777777778 0.36614583333333334 0.6601851851851852 0.33541666666666664 0.6601851851851852
2 0.4588541666666667 0.10185185185185185 0.5270833333333333 0.10185185185185185 0.5270833333333333 0.16203703703703703 0.4588541666666667 0.16203703703703703
2 0.32395833333333335 0.33240740740740743 0.3578125 0.33240740740740743 0.3578125 0.3611111111111111 0.32395833333333335 0.3611111111111111
2 0.31302083333333336 0.30092592592592593 0.35052083333333334 0.30092592592592593 0.35052083333333334 0.3194444444444444 0.31302083333333336 0.3194444444444444
2 0.2994791666666667 0.31666666666666665 0.3328125 0.31666666666666665 0.3328125 0.3398148148148148 0.2994791666666667 0.3398148148148148
2 0.2994791666666667 0.3731481481481482 0.3260416666666667 0.3731481481481482 0.3260416666666667 0.39166666666666666 0.2994791666666667 0.39166666666666666
2 0.30520833333333336 0.6361111111111111 0.33125 0.6361111111111111 0.33125 0.6546296296296297 0.30520833333333336 0.6546296296296297
2 0.31354166666666666 0.6083333333333333 0.33958333333333335 0.6083333333333333 0.33958333333333335 0.6287037037037037 0.31354166666666666 0.6287037037037037
2 0.29791666666666666 0.6 0.321875 0.6 0.321875 0.6101851851851852 0.29791666666666666 0.6101851851851852
2 0.29322916666666665 0.5731481481481482 0.31666666666666665 0.5731481481481482 0.31666666666666665 0.5916666666666667 0.29322916666666665 0.5916666666666667
2 0.29583333333333334 0.5425925925925926 0.3182291666666667 0.5425925925925926 0.3182291666666667 0.5638888888888889 0.29583333333333334 0.5638888888888889
2 0.32395833333333335 0.4583333333333333 0.3651041666666667 0.4583333333333333 0.3651041666666667 0.5074074074074074 0.32395833333333335 0.5074074074074074