1 0.40729166666666666 0.9175925925925926 0.5078125 0.9175925925925926 0.5078125 1 0.40729166666666666 1
1 0.38697916666666665 0.5425925925925926 0.45989583333333334 0.5425925925925926 0.45989583333333334 0.6638888888888889 0.38697916666666665 0.6638888888888889
1 0.32447916666666665 0.6990740740740741 0.359375 0.6990740740740741 0.359375 0.8018518518518518 0.32447916666666665 0.8018518518518518
1 0.30572916666666666 0.3416666666666667 0.3390625 0.3416666666666667 0.3390625 0.4101851851851852 0.30572916666666666 0.4101851851851852
1 0.29635416666666664 0.1388888888888889 0.3182291666666667 0.1388888888888889 0.3182291666666667 0.21851851851851853 0.29635416666666664 0.21851851851851853
2 0.371875 0.7351851851851852 0.42552083333333335 0.7351851851851852 0.42552083333333335 0.7805555555555556 0.371875 0.7805555555555556
2 0.465625 0.7324074074074074 0.5234375 0.7324074074074074 0.5234375 0.7935185185185185 0.465625 0.7935185185185185
2 0.44895833333333335 0 0.5026041666666666 0 0.5026041666666666 0.037037037037037035 0.44895833333333335 0.037037037037037035
2 0.5427083333333333 0.8916666666666667 0.6598958333333333 0.8916666666666667 0.6598958333333333 0.9842592592592593 0.5427083333333333 0.9842592592592593
2 0.5817708333333333 0.8185185185185185 0.7151041666666667 0.8185185185185185 0.7151041666666667 0.9166666666666666 0.5817708333333333 0.9166666666666666
2 0.42552083333333335 0.8203703703703704 0.49635416666666665 0.8203703703703704 0.49635416666666665 0.8666666666666667 0.42552083333333335 0.8666666666666667
2 0.334375 0.6759259259259259 0.3697916666666667 0.6759259259259259 0.3697916666666667 0.7083333333333334 0.334375 0.7083333333333334
2 0.35885416666666664 0.649074074074074 0.40989583333333335 0.649074074074074 0.40989583333333335 0.6787037037037037 0.35885416666666664 0.6787037037037037
2 0.3255208333333333 0.6083333333333333 0.35885416666666664 0.6083333333333333 0.35885416666666664 0.6398148148148148 0.3255208333333333 0.6398148148148148
2 0.3078125 0.6324074074074074 0.33958333333333335 0.6324074074074074 0.33958333333333335 0.6620370370370371 0.3078125 0.6620370370370371
2 0.2869791666666667 0.6527777777777778 0.309375 0.6527777777777778 0.309375 0.6768518518518518 0.2869791666666667 0.6768518518518518
2 0.32760416666666664 0.5601851851851852 0.359375 0.5601851851851852 0.359375 0.587037037037037 0.32760416666666664 0.587037037037037
2 0.31875 0.575925925925926 0.346875 0.575925925925926 0.346875 0.6083333333333333 0.31875 0.6083333333333333
2 0.30416666666666664 0.5953703703703703 0.3265625 0.5953703703703703 0.3265625 0.6157407407407407 0.30416666666666664 0.6157407407407407
2 0.29322916666666665 0.5546296296296296 0.321875 0.5546296296296296 0.321875 0.575925925925926 0.29322916666666665 0.575925925925926
2 0.28854166666666664 0.5361111111111111 0.31302083333333336 0.5361111111111111 0.31302083333333336 0.5509259259259259 0.28854166666666664 0.5509259259259259
2 0.2890625 0.4981481481481482 0.31197916666666664 0.4981481481481482 0.31197916666666664 0.5157407407407407 0.2890625 0.5157407407407407
2 0.31927083333333334 0.41388888888888886 0.3578125 0.41388888888888886 0.3578125 0.4546296296296296 0.31927083333333334 0.4546296296296296
2 0.3177083333333333 0.2759259259259259 0.3463541666666667 0.2759259259259259 0.3463541666666667 0.2972222222222222 0.3177083333333333 0.2972222222222222
2 0.3807291666666667 0.12037037037037036 0.4354166666666667 0.12037037037037036 0.4354166666666667 0.17037037037037037 0.3807291666666667 0.17037037037037037
2 0.29010416666666666 0.5833333333333334 0.31145833333333334 0.5833333333333334 0.31145833333333334 0.6018518518518519 0.29010416666666666 0.6018518518518519