1 0.5541666666666667 0.29259259259259257 0.6234375 0.29259259259259257 0.6234375 0.3972222222222222 0.5541666666666667 0.3972222222222222
1 0.13125 0.35 0.2578125 0.35 0.2578125 0.5259259259259259 0.13125 0.5259259259259259
1 0.3223958333333333 0.20277777777777778 0.3796875 0.20277777777777778 0.3796875 0.26666666666666666 0.3223958333333333 0.26666666666666666
1 0.5286458333333334 0.17314814814814813 0.5598958333333334 0.17314814814814813 0.5598958333333334 0.21944444444444444 0.5286458333333334 0.21944444444444444
1 0.43854166666666666 0.17962962962962964 0.475 0.17962962962962964 0.475 0.24351851851851852 0.43854166666666666 0.24351851851851852
1 0.64375 0.15185185185185185 0.6947916666666667 0.15185185185185185 0.6947916666666667 0.2 0.64375 0.2
2 0.20520833333333333 0.6435185185185185 0.26666666666666666 0.6435185185185185 0.26666666666666666 0.837037037037037 0.20520833333333333 0.837037037037037
2 0.1953125 0.49722222222222223 0.2390625 0.49722222222222223 0.2390625 0.6527777777777778 0.1953125 0.6527777777777778
2 0.2734375 0.462037037037037 0.315625 0.462037037037037 0.315625 0.6277777777777778 0.2734375 0.6277777777777778
2 0.2677083333333333 0.39537037037037037 0.29739583333333336 0.39537037037037037 0.29739583333333336 0.4925925925925926 0.2677083333333333 0.4925925925925926
2 0.3067708333333333 0.37962962962962965 0.34479166666666666 0.37962962962962965 0.34479166666666666 0.4666666666666667 0.3067708333333333 0.4666666666666667
2 0.33958333333333335 0.3861111111111111 0.3854166666666667 0.3861111111111111 0.3854166666666667 0.49444444444444446 0.33958333333333335 0.49444444444444446
2 0.4 0.39537037037037037 0.4375 0.39537037037037037 0.4375 0.5148148148148148 0.4 0.5148148148148148
2 0.4348958333333333 0.40185185185185185 0.4828125 0.40185185185185185 0.4828125 0.5175925925925926 0.4348958333333333 0.5175925925925926
2 0.32447916666666665 0.28055555555555556 0.3390625 0.28055555555555556 0.3390625 0.35555555555555557 0.32447916666666665 0.35555555555555557
2 0.33697916666666666 0.2916666666666667 0.35208333333333336 0.2916666666666667 0.35208333333333336 0.375 0.33697916666666666 0.375
2 0.3546875 0.32592592592592595 0.3828125 0.32592592592592595 0.3828125 0.3907407407407407 0.3546875 0.3907407407407407
2 0.3770833333333333 0.3111111111111111 0.39947916666666666 0.3111111111111111 0.39947916666666666 0.38981481481481484 0.3770833333333333 0.38981481481481484
2 0.3802083333333333 0.2611111111111111 0.39791666666666664 0.2611111111111111 0.39791666666666664 0.3194444444444444 0.3802083333333333 0.3194444444444444
2 0.41458333333333336 0.25462962962962965 0.43125 0.25462962962962965 0.43125 0.3314814814814815 0.41458333333333336 0.3314814814814815
2 0.4010416666666667 0.2111111111111111 0.40989583333333335 0.2111111111111111 0.40989583333333335 0.2824074074074074 0.4010416666666667 0.2824074074074074
2 0.3958333333333333 0.17222222222222222 0.41041666666666665 0.17222222222222222 0.41041666666666665 0.24351851851851852 0.3958333333333333 0.24351851851851852
2 0.4161458333333333 0.18333333333333332 0.43125 0.18333333333333332 0.43125 0.24074074074074073 0.4161458333333333 0.24074074074074073
2 0.4973958333333333 0.20462962962962963 0.5182291666666666 0.20462962962962963 0.5182291666666666 0.25833333333333336 0.4973958333333333 0.25833333333333336
2 0.7255208333333333 0.5055555555555555 0.7776041666666667 0.5055555555555555 0.7776041666666667 0.662962962962963 0.7255208333333333 0.662962962962963
1 0.165625 0.7972222222222223 0.3802083333333333 0.7972222222222223 0.3802083333333333 1 0.165625 1
2 0.5776041666666667 0.19166666666666668 0.5963541666666666 0.19166666666666668 0.5963541666666666 0.2712962962962963 0.5776041666666667 0.2712962962962963
2 0.6036458333333333 0.18703703703703703 0.61875 0.18703703703703703 0.61875 0.2462962962962963 0.6036458333333333 0.2462962962962963