1 0.39739583333333334 0.9083333333333333 0.49375 0.9083333333333333 0.49375 1 0.39739583333333334 1
1 0.48020833333333335 0.6 0.5989583333333334 0.6 0.5989583333333334 0.8175925925925925 0.48020833333333335 0.8175925925925925
1 0.31875 0.7046296296296296 0.3536458333333333 0.7046296296296296 0.3536458333333333 0.8203703703703704 0.31875 0.8203703703703704
2 0.4109375 0.15925925925925927 0.459375 0.15925925925925927 0.459375 0.21666666666666667 0.4109375 0.21666666666666667
2 0.3890625 0.7287037037037037 0.44166666666666665 0.7287037037037037 0.44166666666666665 0.7842592592592592 0.3890625 0.7842592592592592
2 0.43645833333333334 0.7842592592592592 0.4973958333333333 0.7842592592592592 0.4973958333333333 0.8462962962962963 0.43645833333333334 0.8462962962962963
2 0.36822916666666666 0.23425925925925925 0.41302083333333334 0.23425925925925925 0.41302083333333334 0.2796296296296296 0.36822916666666666 0.2796296296296296
2 0.40625 0.6592592592592592 0.46145833333333336 0.6592592592592592 0.46145833333333336 0.7129629629629629 0.40625 0.7129629629629629
2 0.3223958333333333 0.42407407407407405 0.35885416666666664 0.42407407407407405 0.35885416666666664 0.47962962962962963 0.3223958333333333 0.47962962962962963
2 0.5411458333333333 0.9796296296296296 0.6229166666666667 0.9796296296296296 0.6229166666666667 1 0.5411458333333333 1
2 0.4348958333333333 0.21851851851851853 0.49375 0.21851851851851853 0.49375 0.2833333333333333 0.4348958333333333 0.2833333333333333
2 0.3375 0.5370370370370371 0.38177083333333334 0.5370370370370371 0.38177083333333334 0.5768518518518518 0.3375 0.5768518518518518
2 0.35520833333333335 0.16111111111111112 0.396875 0.16111111111111112 0.396875 0.2064814814814815 0.35520833333333335 0.2064814814814815
2 0.2989583333333333 0.3138888888888889 0.32708333333333334 0.3138888888888889 0.32708333333333334 0.3472222222222222 0.2989583333333333 0.3472222222222222
2 0.3015625 0.27037037037037037 0.32864583333333336 0.27037037037037037 0.32864583333333336 0.30092592592592593 0.3015625 0.30092592592592593
2 0.3 0.49444444444444446 0.3255208333333333 0.49444444444444446 0.3255208333333333 0.525 0.3 0.525
2 0.35520833333333335 0.5814814814814815 0.4 0.5814814814814815 0.4 0.6231481481481481 0.35520833333333335 0.6231481481481481
2 0.2953125 0.5842592592592593 0.3182291666666667 0.5842592592592593 0.3182291666666667 0.6111111111111112 0.2953125 0.6111111111111112