1 0.2765625 0.6564814814814814 0.44166666666666665 0.6564814814814814 0.44166666666666665 0.9564814814814815 0.2765625 0.9564814814814815
1 0.5244791666666667 0.2814814814814815 0.5890625 0.2814814814814815 0.5890625 0.4 0.5244791666666667 0.4
1 0.47708333333333336 0 0.5786458333333333 0 0.5786458333333333 0.053703703703703705 0.47708333333333336 0.053703703703703705
1 0.6036458333333333 0.5638888888888889 0.64375 0.5638888888888889 0.64375 0.6416666666666667 0.6036458333333333 0.6416666666666667
1 0.625 0.1685185185185185 0.6604166666666667 0.1685185185185185 0.6604166666666667 0.262037037037037 0.625 0.262037037037037
1 0.6713541666666667 0.412962962962963 0.6973958333333333 0.412962962962963 0.6973958333333333 0.4666666666666667 0.6713541666666667 0.4666666666666667
2 0.4453125 0 0.5088541666666667 0 0.5088541666666667 0.08333333333333333 0.4453125 0.08333333333333333
1 0.6640625 0.7537037037037037 0.6869791666666667 0.7537037037037037 0.6869791666666667 0.8305555555555556 0.6640625 0.8305555555555556
2 0.565625 0.7657407407407407 0.6114583333333333 0.7657407407407407 0.6114583333333333 0.8083333333333333 0.565625 0.8083333333333333
2 0.5713541666666667 0.22870370370370371 0.5984375 0.22870370370370371 0.5984375 0.25555555555555554 0.5713541666666667 0.25555555555555554
2 0.496875 0.15 0.5682291666666667 0.15 0.5682291666666667 0.21574074074074073 0.496875 0.21574074074074073
2 0.4661458333333333 0 0.5375 0 0.5375 0.037037037037037035 0.4661458333333333 0.037037037037037035
2 0.571875 0.22407407407407406 0.6197916666666666 0.22407407407407406 0.6197916666666666 0.2601851851851852 0.571875 0.2601851851851852
2 0.47708333333333336 0.38333333333333336 0.5541666666666667 0.38333333333333336 0.5541666666666667 0.42685185185185187 0.47708333333333336 0.42685185185185187
2 0.5208333333333334 0.7175925925925926 0.5822916666666667 0.7175925925925926 0.5822916666666667 0.775 0.5208333333333334 0.775
2 0.5765625 0.2898148148148148 0.6098958333333333 0.2898148148148148 0.6098958333333333 0.32592592592592595 0.5765625 0.32592592592592595
2 0.6041666666666666 0.2518518518518518 0.6333333333333333 0.2518518518518518 0.6333333333333333 0.28055555555555556 0.6041666666666666 0.28055555555555556
2 0.6359375 0.26666666666666666 0.6567708333333333 0.26666666666666666 0.6567708333333333 0.28425925925925927 0.6359375 0.28425925925925927
2 0.6213541666666667 0.27685185185185185 0.6567708333333333 0.27685185185185185 0.6567708333333333 0.30462962962962964 0.6213541666666667 0.30462962962962964
2 0.615625 0.30092592592592593 0.6494791666666667 0.30092592592592593 0.6494791666666667 0.325 0.615625 0.325
2 0.6239583333333333 0.3314814814814815 0.6552083333333333 0.3314814814814815 0.6552083333333333 0.3574074074074074 0.6239583333333333 0.3574074074074074
2 0.6020833333333333 0.3925925925925926 0.6390625 0.3925925925925926 0.6390625 0.4185185185185185 0.6020833333333333 0.4185185185185185
2 0.6151041666666667 0.3648148148148148 0.6494791666666667 0.3648148148148148 0.6494791666666667 0.39166666666666666 0.6151041666666667 0.39166666666666666
2 0.6234375 0.4064814814814815 0.6583333333333333 0.4064814814814815 0.6583333333333333 0.4462962962962963 0.6234375 0.4462962962962963
2 0.6395833333333333 0.45185185185185184 0.6692708333333334 0.45185185185185184 0.6692708333333334 0.47685185185185186 0.6395833333333333 0.47685185185185186
2 0.6697916666666667 0.33611111111111114 0.6901041666666666 0.33611111111111114 0.6901041666666666 0.3574074074074074 0.6697916666666667 0.3574074074074074
2 0.646875 0.32314814814814813 0.6708333333333333 0.32314814814814813 0.6708333333333333 0.35555555555555557 0.646875 0.35555555555555557
2 0.6515625 0.37222222222222223 0.671875 0.37222222222222223 0.671875 0.39814814814814814 0.6515625 0.39814814814814814
2 0.6552083333333333 0.36203703703703705 0.68125 0.36203703703703705 0.68125 0.37592592592592594 0.6552083333333333 0.37592592592592594
2 0.6765625 0.36574074074074076 0.6942708333333333 0.36574074074074076 0.6942708333333333 0.38055555555555554 0.6765625 0.38055555555555554
1 0.66875 0.5148148148148148 0.7010416666666667 0.5148148148148148 0.7010416666666667 0.5648148148148148 0.66875 0.5648148148148148
2 0.5958333333333333 0.7333333333333333 0.6401041666666667 0.7333333333333333 0.6401041666666667 0.7648148148148148 0.5958333333333333 0.7648148148148148
2 0.6265625 0.6583333333333333 0.6598958333333333 0.6583333333333333 0.6598958333333333 0.6805555555555556 0.6265625 0.6805555555555556
2 0.6510416666666666 0.6444444444444445 0.6723958333333333 0.6444444444444445 0.6723958333333333 0.662962962962963 0.6510416666666666 0.662962962962963
2 0.6416666666666667 0.6768518518518518 0.6697916666666667 0.6768518518518518 0.6697916666666667 0.6981481481481482 0.6416666666666667 0.6981481481481482
2 0.6661458333333333 0.5981481481481481 0.6880208333333333 0.5981481481481481 0.6880208333333333 0.6138888888888889 0.6661458333333333 0.6138888888888889
2 0.6692708333333334 0.5879629629629629 0.690625 0.5879629629629629 0.690625 0.6018518518518519 0.6692708333333334 0.6018518518518519
2 0.671875 0.6129629629629629 0.6953125 0.6129629629629629 0.6953125 0.6361111111111111 0.671875 0.6361111111111111
2 0.6729166666666667 0.6435185185185185 0.6973958333333333 0.6435185185185185 0.6973958333333333 0.6611111111111111 0.6729166666666667 0.6611111111111111