1 0.4786458333333333 0.6185185185185185 0.584375 0.6185185185185185 0.584375 0.7981481481481482 0.4786458333333333 0.7981481481481482
1 0.4171875 0.9351851851851852 0.5171875 0.9351851851851852 0.5171875 1 0.4171875 1
1 0.44375 0.21666666666666667 0.5291666666666667 0.21666666666666667 0.5291666666666667 0.3861111111111111 0.44375 0.3861111111111111
1 0.334375 0.37777777777777777 0.36770833333333336 0.37777777777777777 0.36770833333333336 0.44722222222222224 0.334375 0.44722222222222224
1 0.3359375 0.7425925925925926 0.37135416666666665 0.7425925925925926 0.37135416666666665 0.8231481481481482 0.3359375 0.8231481481481482
1 0.3140625 0.5370370370370371 0.340625 0.5370370370370371 0.340625 0.5916666666666667 0.3140625 0.5916666666666667
1 0.309375 0.16666666666666666 0.3338541666666667 0.16666666666666666 0.3338541666666667 0.25555555555555554 0.309375 0.25555555555555554
2 0.5208333333333334 0.9074074074074074 0.6015625 0.9074074074074074 0.6015625 0.9953703703703703 0.5208333333333334 0.9953703703703703
2 0.5536458333333333 0.5981481481481481 0.6765625 0.5981481481481481 0.6765625 0.687037037037037 0.5536458333333333 0.687037037037037
2 0.41875 0.8222222222222222 0.48072916666666665 0.8222222222222222 0.48072916666666665 0.8712962962962963 0.41875 0.8712962962962963
2 0.44114583333333335 0.7814814814814814 0.5041666666666667 0.7814814814814814 0.5041666666666667 0.8175925925925925 0.44114583333333335 0.8175925925925925
2 0.3729166666666667 0.5398148148148149 0.4244791666666667 0.5398148148148149 0.4244791666666667 0.5796296296296296 0.3729166666666667 0.5796296296296296
2 0.3859375 0.5916666666666667 0.4421875 0.5916666666666667 0.4421875 0.6342592592592593 0.3859375 0.6342592592592593
2 0.37395833333333334 0.6388888888888888 0.4244791666666667 0.6388888888888888 0.4244791666666667 0.6787037037037037 0.37395833333333334 0.6787037037037037
2 0.36875 0.687037037037037 0.41770833333333335 0.687037037037037 0.41770833333333335 0.7287037037037037 0.36875 0.7287037037037037
2 0.3572916666666667 0.7222222222222222 0.40208333333333335 0.7222222222222222 0.40208333333333335 0.7518518518518519 0.3572916666666667 0.7518518518518519
2 0.3541666666666667 0.7425925925925926 0.38385416666666666 0.7425925925925926 0.38385416666666666 0.7657407407407407 0.3541666666666667 0.7657407407407407
2 0.39166666666666666 0.75 0.42291666666666666 0.75 0.42291666666666666 0.7861111111111111 0.39166666666666666 0.7861111111111111
2 0.4036458333333333 0.7203703703703703 0.4640625 0.7203703703703703 0.4640625 0.7620370370370371 0.4036458333333333 0.7620370370370371
2 0.396875 0.7888888888888889 0.4453125 0.7888888888888889 0.4453125 0.8361111111111111 0.396875 0.8361111111111111
2 0.3390625 0.6037037037037037 0.37552083333333336 0.6037037037037037 0.37552083333333336 0.6370370370370371 0.3390625 0.6370370370370371
2 0.33958333333333335 0.6509259259259259 0.3703125 0.6509259259259259 0.3703125 0.6851851851851852 0.33958333333333335 0.6851851851851852
2 0.35572916666666665 0.6462962962962963 0.3848958333333333 0.6462962962962963 0.3848958333333333 0.6777777777777778 0.35572916666666665 0.6777777777777778
2 0.35885416666666664 0.2972222222222222 0.4036458333333333 0.2972222222222222 0.4036458333333333 0.3314814814814815 0.35885416666666664 0.3314814814814815
2 0.34375 0.24722222222222223 0.3880208333333333 0.24722222222222223 0.3880208333333333 0.2824074074074074 0.34375 0.2824074074074074
2 0.33229166666666665 0.2814814814814815 0.36354166666666665 0.2814814814814815 0.36354166666666665 0.30833333333333335 0.33229166666666665 0.30833333333333335
2 0.3177083333333333 0.35555555555555557 0.35 0.35555555555555557 0.35 0.37777777777777777 0.3177083333333333 0.37777777777777777
2 0.3182291666666667 0.31666666666666665 0.3458333333333333 0.31666666666666665 0.3458333333333333 0.3425925925925926 0.3182291666666667 0.3425925925925926
2 0.3307291666666667 0.6370370370370371 0.3541666666666667 0.6370370370370371 0.3541666666666667 0.6620370370370371 0.3307291666666667 0.6620370370370371
2 0.3177083333333333 0.6370370370370371 0.33958333333333335 0.6370370370370371 0.33958333333333335 0.6685185185185185 0.3177083333333333 0.6685185185185185
2 0.31302083333333336 0.612037037037037 0.34322916666666664 0.612037037037037 0.34322916666666664 0.6305555555555555 0.31302083333333336 0.6305555555555555