1 0.50625 0 0.6078125 0 0.6078125 0.08055555555555556 0.50625 0.08055555555555556
1 0.38385416666666666 0.8490740740740741 0.5020833333333333 0.8490740740740741 0.5020833333333333 1 0.38385416666666666 1
1 0.6901041666666666 0.5611111111111111 0.7145833333333333 0.5611111111111111 0.7145833333333333 0.6185185185185185 0.6901041666666666 0.6185185185185185
2 0.6536458333333334 0.5972222222222222 0.6859375 0.5972222222222222 0.6859375 0.637962962962963 0.6536458333333334 0.637962962962963
2 0.22239583333333332 0.9148148148148149 0.3515625 0.9148148148148149 0.3515625 1 0.22239583333333332 1
2 0.6015625 0.7546296296296297 0.6427083333333333 0.7546296296296297 0.6427083333333333 0.7944444444444444 0.6015625 0.7944444444444444
2 0.5677083333333334 0.31296296296296294 0.6197916666666666 0.31296296296296294 0.6197916666666666 0.3685185185185185 0.5677083333333334 0.3685185185185185
2 0.4427083333333333 0.053703703703703705 0.5276041666666667 0.053703703703703705 0.5276041666666667 0.1388888888888889 0.4427083333333333 0.1388888888888889
2 0.6447916666666667 0.762962962962963 0.6755208333333333 0.762962962962963 0.6755208333333333 0.8009259259259259 0.6447916666666667 0.8009259259259259
2 0.45989583333333334 0.21666666666666667 0.5432291666666667 0.21666666666666667 0.5432291666666667 0.2796296296296296 0.45989583333333334 0.2796296296296296
0 0.61875 0.225 0.7114583333333333 0.225 0.7114583333333333 0.3574074074074074 0.61875 0.3574074074074074
2 0.3651041666666667 0.28703703703703703 0.471875 0.28703703703703703 0.471875 0.3851851851851852 0.3651041666666667 0.3851851851851852
2 0.5364583333333334 0.09074074074074075 0.5916666666666667 0.09074074074074075 0.5916666666666667 0.14537037037037037 0.5364583333333334 0.14537037037037037
2 0.6489583333333333 0.41944444444444445 0.6776041666666667 0.41944444444444445 0.6776041666666667 0.4546296296296296 0.6489583333333333 0.4546296296296296
2 0.5317708333333333 0.7444444444444445 0.5916666666666667 0.7444444444444445 0.5916666666666667 0.8027777777777778 0.5317708333333333 0.8027777777777778
1 0.6734375 0.6333333333333333 0.7046875 0.6333333333333333 0.7046875 0.7083333333333334 0.6734375 0.7083333333333334
2 0.6302083333333334 0.40185185185185185 0.6625 0.40185185185185185 0.6625 0.43796296296296294 0.6302083333333334 0.43796296296296294
2 0.5989583333333334 0.35648148148148145 0.6510416666666666 0.35648148148148145 0.6510416666666666 0.4 0.5989583333333334 0.4