1 0.14895833333333333 0.32592592592592595 0.27239583333333334 0.32592592592592595 0.27239583333333334 0.5009259259259259 0.14895833333333333 0.5009259259259259
1 0.32395833333333335 0.17777777777777778 0.390625 0.17777777777777778 0.390625 0.24074074074074073 0.32395833333333335 0.24074074074074073
2 0.09947916666666666 0.7453703703703703 0.17395833333333333 0.7453703703703703 0.17395833333333333 0.9944444444444445 0.09947916666666666 0.9944444444444445
1 0.43697916666666664 0.21203703703703702 0.48489583333333336 0.21203703703703702 0.48489583333333336 0.28888888888888886 0.43697916666666664 0.28888888888888886
2 0.06822916666666666 0.5416666666666666 0.146875 0.5416666666666666 0.146875 0.7064814814814815 0.06822916666666666 0.7064814814814815
2 0.26927083333333335 0.7222222222222222 0.33177083333333335 0.7222222222222222 0.33177083333333335 0.9685185185185186 0.26927083333333335 0.9685185185185186
2 0.7520833333333333 0.43148148148148147 0.7947916666666667 0.43148148148148147 0.7947916666666667 0.5601851851851852 0.7520833333333333 0.5601851851851852
2 0.26666666666666666 0.4166666666666667 0.3104166666666667 0.4166666666666667 0.3104166666666667 0.5444444444444444 0.26666666666666666 0.5444444444444444
2 0.22083333333333333 0.5462962962962963 0.27239583333333334 0.5462962962962963 0.27239583333333334 0.7101851851851851 0.22083333333333333 0.7101851851851851
2 0.6838541666666667 0.37777777777777777 0.728125 0.37777777777777777 0.728125 0.49074074074074076 0.6838541666666667 0.49074074074074076
2 0.6770833333333334 0.26481481481481484 0.7114583333333333 0.26481481481481484 0.7114583333333333 0.35 0.6770833333333334 0.35
2 0.4744791666666667 0.13333333333333333 0.4875 0.13333333333333333 0.4875 0.1685185185185185 0.4744791666666667 0.1685185185185185
2 0.353125 0.5027777777777778 0.39895833333333336 0.5027777777777778 0.39895833333333336 0.6620370370370371 0.353125 0.6620370370370371
2 0.31614583333333335 0.33796296296296297 0.34739583333333335 0.33796296296296297 0.34739583333333335 0.4361111111111111 0.31614583333333335 0.4361111111111111
2 0.365625 0.2935185185185185 0.390625 0.2935185185185185 0.390625 0.3731481481481482 0.365625 0.3731481481481482
2 0.45729166666666665 0.17037037037037037 0.4713541666666667 0.17037037037037037 0.4713541666666667 0.20833333333333334 0.45729166666666665 0.20833333333333334
2 0.6104166666666667 0.13703703703703704 0.6265625 0.13703703703703704 0.6265625 0.17962962962962964 0.6104166666666667 0.17962962962962964
2 0.3802083333333333 0.24814814814814815 0.39947916666666666 0.24814814814814815 0.39947916666666666 0.30648148148148147 0.3802083333333333 0.30648148148148147
2 0.40989583333333335 0.3453703703703704 0.44479166666666664 0.3453703703703704 0.44479166666666664 0.4537037037037037 0.40989583333333335 0.4537037037037037
2 0.5765625 0.12777777777777777 0.59375 0.12777777777777777 0.59375 0.16574074074074074 0.5765625 0.16574074074074074
2 0.4609375 0.1388888888888889 0.47552083333333334 0.1388888888888889 0.47552083333333334 0.175 0.4609375 0.175
2 0.4171875 0.1425925925925926 0.43125 0.1425925925925926 0.43125 0.1787037037037037 0.4171875 0.1787037037037037
2 0.40729166666666666 0.1787037037037037 0.425 0.1787037037037037 0.425 0.22314814814814815 0.40729166666666666 0.22314814814814815
2 0.4328125 0.18796296296296297 0.4473958333333333 0.18796296296296297 0.4473958333333333 0.22962962962962963 0.4328125 0.22962962962962963
2 0.4041666666666667 0.28888888888888886 0.4234375 0.28888888888888886 0.4234375 0.35648148148148145 0.4041666666666667 0.35648148148148145
2 0.49635416666666665 0.15462962962962962 0.5088541666666667 0.15462962962962962 0.5088541666666667 0.2222222222222222 0.49635416666666665 0.2222222222222222