0 0.35208333333333336 0.7092592592592593 0.5411458333333333 0.7092592592592593 0.5411458333333333 1 0.35208333333333336 1
1 0.3234375 0.5296296296296297 0.3645833333333333 0.5296296296296297 0.3645833333333333 0.6166666666666667 0.3234375 0.6166666666666667
2 0.39479166666666665 0.1824074074074074 0.44479166666666664 0.1824074074074074 0.44479166666666664 0.24259259259259258 0.39479166666666665 0.24259259259259258
2 0.415625 0 0.47291666666666665 0 0.47291666666666665 0.041666666666666664 0.415625 0.041666666666666664
2 0.42604166666666665 0.5333333333333333 0.4869791666666667 0.5333333333333333 0.4869791666666667 0.6 0.42604166666666665 0.6
2 0.5041666666666667 0 0.5958333333333333 0 0.5958333333333333 0.062037037037037036 0.5041666666666667 0.062037037037037036
2 0.3140625 0.6583333333333333 0.34270833333333334 0.6583333333333333 0.34270833333333334 0.6944444444444444 0.3140625 0.6944444444444444
2 0.3734375 0.5333333333333333 0.421875 0.5333333333333333 0.421875 0.5842592592592593 0.3734375 0.5842592592592593
2 0.4828125 0.5833333333333334 0.5583333333333333 0.5833333333333334 0.5583333333333333 0.6574074074074074 0.4828125 0.6574074074074074
2 0.32708333333333334 0.3592592592592593 0.36666666666666664 0.3592592592592593 0.36666666666666664 0.3972222222222222 0.32708333333333334 0.3972222222222222
2 0.3140625 0.4351851851851852 0.34375 0.4351851851851852 0.34375 0.48703703703703705 0.3140625 0.48703703703703705
2 0.29270833333333335 0.31666666666666665 0.31875 0.31666666666666665 0.31875 0.35 0.29270833333333335 0.35
2 0.5010416666666667 0.262037037037037 0.575 0.262037037037037 0.575 0.34074074074074073 0.5010416666666667 0.34074074074074073
2 0.3619791666666667 0.22777777777777777 0.40625 0.22777777777777777 0.40625 0.27314814814814814 0.3619791666666667 0.27314814814814814
2 0.3651041666666667 0.13055555555555556 0.4083333333333333 0.13055555555555556 0.4083333333333333 0.17777777777777778 0.3651041666666667 0.17777777777777778
1 0.3260416666666667 0.23055555555555557 0.36822916666666666 0.23055555555555557 0.36822916666666666 0.32037037037037036 0.3260416666666667 0.32037037037037036