1 0.5640625 0.3962962962962963 0.6567708333333333 0.3962962962962963 0.6567708333333333 0.5453703703703704 0.5640625 0.5453703703703704
1 0.1265625 0.3537037037037037 0.2552083333333333 0.3537037037037037 0.2552083333333333 0.5314814814814814 0.1265625 0.5314814814814814
1 0.32760416666666664 0.47129629629629627 0.43385416666666665 0.47129629629629627 0.43385416666666665 0.6620370370370371 0.32760416666666664 0.6620370370370371
1 0.5307291666666667 0.2037037037037037 0.5697916666666667 0.2037037037037037 0.5697916666666667 0.2601851851851852 0.5307291666666667 0.2601851851851852
1 0.31875 0.2074074074074074 0.37395833333333334 0.2074074074074074 0.37395833333333334 0.2712962962962963 0.31875 0.2712962962962963
1 0.4473958333333333 0.16666666666666666 0.48020833333333335 0.16666666666666666 0.48020833333333335 0.21851851851851853 0.4473958333333333 0.21851851851851853
1 0.6416666666666667 0.16018518518518518 0.6890625 0.16018518518518518 0.6890625 0.20185185185185187 0.6416666666666667 0.20185185185185187
2 0.22135416666666666 0.5981481481481481 0.2713541666666667 0.5981481481481481 0.2713541666666667 0.7138888888888889 0.22135416666666666 0.7138888888888889
2 0.3854166666666667 0.6555555555555556 0.4484375 0.6555555555555556 0.4484375 0.8425925925925926 0.3854166666666667 0.8425925925925926
2 0.03802083333333333 0.6509259259259259 0.0890625 0.6509259259259259 0.0890625 0.8444444444444444 0.03802083333333333 0.8444444444444444
2 0.07447916666666667 0.6712962962962963 0.16302083333333334 0.6712962962962963 0.16302083333333334 0.8685185185185185 0.07447916666666667 0.8685185185185185
2 0.2828125 0.35462962962962963 0.3067708333333333 0.35462962962962963 0.3067708333333333 0.46574074074074073 0.2828125 0.46574074074074073
2 0.3203125 0.4111111111111111 0.35052083333333334 0.4111111111111111 0.35052083333333334 0.5092592592592593 0.3203125 0.5092592592592593
2 0.3104166666666667 0.32592592592592595 0.33541666666666664 0.32592592592592595 0.33541666666666664 0.3972222222222222 0.3104166666666667 0.3972222222222222
2 0.353125 0.325 0.375 0.325 0.375 0.425 0.353125 0.425
2 0.34739583333333335 0.29907407407407405 0.3614583333333333 0.29907407407407405 0.3614583333333333 0.36944444444444446 0.34739583333333335 0.36944444444444446
2 0.4 0.28055555555555556 0.4125 0.28055555555555556 0.4125 0.3712962962962963 0.4 0.3712962962962963
2 0.42552083333333335 0.30462962962962964 0.4479166666666667 0.30462962962962964 0.4479166666666667 0.40555555555555556 0.42552083333333335 0.40555555555555556
2 0.45260416666666664 0.2722222222222222 0.4739583333333333 0.2722222222222222 0.4739583333333333 0.36203703703703705 0.45260416666666664 0.36203703703703705
2 0.34479166666666666 0.23148148148148148 0.3614583333333333 0.23148148148148148 0.3614583333333333 0.2916666666666667 0.34479166666666666 0.2916666666666667
2 0.35989583333333336 0.25462962962962965 0.3796875 0.25462962962962965 0.3796875 0.32407407407407407 0.35989583333333336 0.32407407407407407
2 0.37447916666666664 0.25555555555555554 0.3963541666666667 0.25555555555555554 0.3963541666666667 0.3574074074074074 0.37447916666666664 0.3574074074074074
2 0.42291666666666666 0.22037037037037038 0.4395833333333333 0.22037037037037038 0.4395833333333333 0.2861111111111111 0.42291666666666666 0.2861111111111111
2 0.39791666666666664 0.22685185185185186 0.4197916666666667 0.22685185185185186 0.4197916666666667 0.2824074074074074 0.39791666666666664 0.2824074074074074
2 0.5947916666666667 0.2564814814814815 0.615625 0.2564814814814815 0.615625 0.34074074074074073 0.5947916666666667 0.34074074074074073
2 0.4953125 0.19074074074074074 0.5151041666666667 0.19074074074074074 0.5151041666666667 0.26944444444444443 0.4953125 0.26944444444444443
2 0.48385416666666664 0.19722222222222222 0.4979166666666667 0.19722222222222222 0.4979166666666667 0.2462962962962963 0.48385416666666664 0.2462962962962963
2 0.409375 0.18796296296296297 0.42239583333333336 0.18796296296296297 0.42239583333333336 0.2351851851851852 0.409375 0.2351851851851852
2 0.4239583333333333 0.1712962962962963 0.4390625 0.1712962962962963 0.4390625 0.21851851851851853 0.4239583333333333 0.21851851851851853
2 0.40520833333333334 0.1675925925925926 0.41875 0.1675925925925926 0.41875 0.2101851851851852 0.40520833333333334 0.2101851851851852
2 0.6223958333333334 0.2222222222222222 0.6348958333333333 0.2222222222222222 0.6348958333333333 0.2953703703703704 0.6223958333333334 0.2953703703703704
2 0.6072916666666667 0.20555555555555555 0.6244791666666667 0.20555555555555555 0.6244791666666667 0.2601851851851852 0.6072916666666667 0.2601851851851852
2 0.5890625 0.1787037037037037 0.5979166666666667 0.1787037037037037 0.5979166666666667 0.22314814814814815 0.5890625 0.22314814814814815
2 0.5692708333333333 0.1787037037037037 0.5854166666666667 0.1787037037037037 0.5854166666666667 0.22407407407407406 0.5692708333333333 0.22407407407407406