1 0.4010416666666667 0.9092592592592592 0.5 0.9092592592592592 0.5 1 0.4010416666666667 1
1 0.43854166666666666 0.55 0.540625 0.55 0.540625 0.7148148148148148 0.43854166666666666 0.7148148148148148
1 0.32083333333333336 0.6981481481481482 0.35520833333333335 0.6981481481481482 0.35520833333333335 0.8009259259259259 0.32083333333333336 0.8009259259259259
1 0.2921875 0.35462962962962963 0.3203125 0.35462962962962963 0.3203125 0.41203703703703703 0.2921875 0.41203703703703703
2 0.478125 0 0.571875 0 0.571875 0.062037037037037036 0.478125 0.062037037037037036
2 0.39114583333333336 0.08981481481481482 0.44895833333333335 0.08981481481481482 0.44895833333333335 0.14351851851851852 0.39114583333333336 0.14351851851851852
2 0.3453125 0.1824074074074074 0.39427083333333335 0.1824074074074074 0.39427083333333335 0.22407407407407406 0.3453125 0.22407407407407406
2 0.5838541666666667 0.8777777777777778 0.7 0.8777777777777778 0.7 0.9814814814814815 0.5838541666666667 0.9814814814814815
2 0.49375 0.9361111111111111 0.5895833333333333 0.9361111111111111 0.5895833333333333 1 0.49375 1
2 0.3963541666666667 0.7907407407407407 0.47708333333333336 0.7907407407407407 0.47708333333333336 0.8472222222222222 0.3963541666666667 0.8472222222222222
2 0.40260416666666665 0.7037037037037037 0.45989583333333334 0.7037037037037037 0.45989583333333334 0.7407407407407407 0.40260416666666665 0.7407407407407407
2 0.3546875 0.7037037037037037 0.39114583333333336 0.7037037037037037 0.39114583333333336 0.7435185185185185 0.3546875 0.7435185185185185
2 0.34375 0.6268518518518519 0.3854166666666667 0.6268518518518519 0.3854166666666667 0.6583333333333333 0.34375 0.6583333333333333
2 0.33645833333333336 0.5851851851851851 0.36041666666666666 0.5851851851851851 0.36041666666666666 0.6055555555555555 0.33645833333333336 0.6055555555555555
2 0.35885416666666664 0.5583333333333333 0.4005208333333333 0.5583333333333333 0.4005208333333333 0.6092592592592593 0.35885416666666664 0.6092592592592593
2 0.32135416666666666 0.649074074074074 0.3541666666666667 0.649074074074074 0.3541666666666667 0.6842592592592592 0.32135416666666666 0.6842592592592592
2 0.2916666666666667 0.6509259259259259 0.3145833333333333 0.6509259259259259 0.3145833333333333 0.6648148148148149 0.2916666666666667 0.6648148148148149
2 0.3078125 0.6064814814814815 0.33489583333333334 0.6064814814814815 0.33489583333333334 0.6240740740740741 0.3078125 0.6240740740740741
2 0.30416666666666664 0.5601851851851852 0.33489583333333334 0.5601851851851852 0.33489583333333334 0.5861111111111111 0.30416666666666664 0.5861111111111111
2 0.29635416666666664 0.5333333333333333 0.31875 0.5333333333333333 0.31875 0.5564814814814815 0.29635416666666664 0.5564814814814815
2 0.2953125 0.4898148148148148 0.32083333333333336 0.4898148148148148 0.32083333333333336 0.5175925925925926 0.2953125 0.5175925925925926
2 0.3223958333333333 0.37222222222222223 0.35208333333333336 0.37222222222222223 0.35208333333333336 0.4351851851851852 0.3223958333333333 0.4351851851851852
2 0.29583333333333334 0.3055555555555556 0.3255208333333333 0.3055555555555556 0.3255208333333333 0.32314814814814813 0.29583333333333334 0.32314814814814813
2 0.28229166666666666 0.5 0.30052083333333335 0.5 0.30052083333333335 0.5166666666666667 0.28229166666666666 0.5166666666666667
2 0.2864583333333333 0.5574074074074075 0.30416666666666664 0.5574074074074075 0.30416666666666664 0.5740740740740741 0.2864583333333333 0.5740740740740741
2 0.28489583333333335 0.5777777777777777 0.30364583333333334 0.5777777777777777 0.30364583333333334 0.5962962962962963 0.28489583333333335 0.5962962962962963
2 0.29635416666666664 0.5907407407407408 0.3177083333333333 0.5907407407407408 0.3177083333333333 0.6101851851851852 0.29635416666666664 0.6101851851851852
1 0.296875 0.12407407407407407 0.3177083333333333 0.12407407407407407 0.3177083333333333 0.2175925925925926 0.296875 0.2175925925925926