1 0.36041666666666666 0.42314814814814816 0.4640625 0.42314814814814816 0.4640625 0.6296296296296297 0.36041666666666666 0.6296296296296297
1 0.14166666666666666 0.32407407407407407 0.26875 0.32407407407407407 0.26875 0.5018518518518519 0.14166666666666666 0.5018518518518519
1 0.3307291666666667 0.17962962962962964 0.38958333333333334 0.17962962962962964 0.38958333333333334 0.24351851851851852 0.3307291666666667 0.24351851851851852
1 0.5479166666666667 0.1287037037037037 0.5807291666666666 0.1287037037037037 0.5807291666666666 0.17407407407407408 0.5479166666666667 0.17407407407407408
2 0.18385416666666668 0.55 0.23020833333333332 0.55 0.23020833333333332 0.7314814814814815 0.18385416666666668 0.7314814814814815
2 0.19895833333333332 0.7574074074074074 0.24739583333333334 0.7574074074074074 0.24739583333333334 1 0.19895833333333332 1
2 0.29375 0.3425925925925926 0.32916666666666666 0.3425925925925926 0.32916666666666666 0.47685185185185186 0.29375 0.47685185185185186
2 0.3463541666666667 0.3490740740740741 0.3734375 0.3490740740740741 0.3734375 0.4425925925925926 0.3463541666666667 0.4425925925925926
2 0.36041666666666666 0.24351851851851852 0.38177083333333334 0.24351851851851852 0.38177083333333334 0.31851851851851853 0.36041666666666666 0.31851851851851853
2 0.7255208333333333 0.41944444444444445 0.7588541666666667 0.41944444444444445 0.7588541666666667 0.5555555555555556 0.7255208333333333 0.5555555555555556
2 0.4348958333333333 0.25833333333333336 0.4557291666666667 0.25833333333333336 0.4557291666666667 0.3398148148148148 0.4348958333333333 0.3398148148148148
2 0.4036458333333333 0.23425925925925925 0.4171875 0.23425925925925925 0.4171875 0.2851851851851852 0.4036458333333333 0.2851851851851852
2 0.3963541666666667 0.18981481481481483 0.41354166666666664 0.18981481481481483 0.41354166666666664 0.2537037037037037 0.3963541666666667 0.2537037037037037
2 0.4395833333333333 0.2074074074074074 0.45364583333333336 0.2074074074074074 0.45364583333333336 0.26481481481481484 0.4395833333333333 0.26481481481481484
2 0.690625 0.29074074074074074 0.7177083333333333 0.29074074074074074 0.7177083333333333 0.36203703703703705 0.690625 0.36203703703703705
2 0.6541666666666667 0.21203703703703702 0.6708333333333333 0.21203703703703702 0.6708333333333333 0.2712962962962963 0.6541666666666667 0.2712962962962963
2 0.5427083333333333 0.175 0.5817708333333333 0.175 0.5817708333333333 0.23703703703703705 0.5427083333333333 0.23703703703703705
2 0.5901041666666667 0.13055555555555556 0.6041666666666666 0.13055555555555556 0.6041666666666666 0.18333333333333332 0.5901041666666667 0.18333333333333332
1 0.6546875 0.13148148148148148 0.7130208333333333 0.13148148148148148 0.7130208333333333 0.175 0.6546875 0.175
2 0.40572916666666664 0.13148148148148148 0.4171875 0.13148148148148148 0.4171875 0.17777777777777778 0.40572916666666664 0.17777777777777778
2 0.42604166666666665 0.16203703703703703 0.4375 0.16203703703703703 0.4375 0.2101851851851852 0.42604166666666665 0.2101851851851852
2 0.45260416666666664 0.16018518518518518 0.4625 0.16018518518518518 0.4625 0.2101851851851852 0.45260416666666664 0.2101851851851852
2 0.465625 0.14444444444444443 0.4786458333333333 0.14444444444444443 0.4786458333333333 0.1935185185185185 0.465625 0.1935185185185185
2 0.49166666666666664 0.14166666666666666 0.5020833333333333 0.14166666666666666 0.5020833333333333 0.18888888888888888 0.49166666666666664 0.18888888888888888
2 0.490625 0.11481481481481481 0.4973958333333333 0.11481481481481481 0.4973958333333333 0.14907407407407408 0.490625 0.14907407407407408
2 0.4744791666666667 0.11018518518518519 0.48072916666666665 0.11018518518518519 0.48072916666666665 0.14351851851851852 0.4744791666666667 0.14351851851851852
2 0.45729166666666665 0.12314814814814815 0.4635416666666667 0.12314814814814815 0.4635416666666667 0.15833333333333333 0.45729166666666665 0.15833333333333333
2 0.46510416666666665 0.11666666666666667 0.4703125 0.11666666666666667 0.4703125 0.14907407407407408 0.46510416666666665 0.14907407407407408
2 0.43645833333333334 0.14166666666666666 0.4453125 0.14166666666666666 0.4453125 0.17777777777777778 0.43645833333333334 0.17777777777777778
2 0.4322916666666667 0.1287037037037037 0.4390625 0.1287037037037037 0.4390625 0.16296296296296298 0.4322916666666667 0.16296296296296298
2 0.4427083333333333 0.12037037037037036 0.45364583333333336 0.12037037037037036 0.45364583333333336 0.15648148148148147 0.4427083333333333 0.15648148148148147