1 0.5010416666666667 0 0.6020833333333333 0 0.6020833333333333 0.10092592592592593 0.5010416666666667 0.10092592592592593
1 0.6458333333333334 0.20833333333333334 0.6817708333333333 0.20833333333333334 0.6817708333333333 0.3101851851851852 0.6458333333333334 0.3101851851851852
1 0.6895833333333333 0.725925925925926 0.7135416666666666 0.725925925925926 0.7135416666666666 0.825 0.6895833333333333 0.825
1 0.69375 0.4583333333333333 0.71875 0.4583333333333333 0.71875 0.5092592592592593 0.69375 0.5092592592592593
2 0.37916666666666665 0.07962962962962963 0.48072916666666665 0.07962962962962963 0.48072916666666665 0.15833333333333333 0.37916666666666665 0.15833333333333333
2 0.48385416666666664 0.11296296296296296 0.5619791666666667 0.11296296296296296 0.5619791666666667 0.18055555555555555 0.48385416666666664 0.18055555555555555
2 0.39479166666666665 0.22037037037037038 0.496875 0.22037037037037038 0.496875 0.3037037037037037 0.39479166666666665 0.3037037037037037
2 0.5338541666666666 0.25925925925925924 0.6005208333333333 0.25925925925925924 0.6005208333333333 0.30185185185185187 0.5338541666666666 0.30185185185185187
2 0.5901041666666667 0.28703703703703703 0.6348958333333333 0.28703703703703703 0.6348958333333333 0.31296296296296294 0.5901041666666667 0.31296296296296294
2 0.5854166666666667 0.3398148148148148 0.6338541666666667 0.3398148148148148 0.6338541666666667 0.37592592592592594 0.5854166666666667 0.37592592592592594
2 0.5708333333333333 0.3925925925925926 0.61875 0.3925925925925926 0.61875 0.4166666666666667 0.5708333333333333 0.4166666666666667
2 0.6229166666666667 0.3111111111111111 0.65625 0.3111111111111111 0.65625 0.3333333333333333 0.6229166666666667 0.3333333333333333
2 0.6458333333333334 0.29814814814814816 0.6734375 0.29814814814814816 0.6734375 0.31851851851851853 0.6458333333333334 0.31851851851851853
2 0.6578125 0.32037037037037036 0.6859375 0.32037037037037036 0.6859375 0.3388888888888889 0.6578125 0.3388888888888889
2 0.6635416666666667 0.3425925925925926 0.6947916666666667 0.3425925925925926 0.6947916666666667 0.3592592592592593 0.6635416666666667 0.3592592592592593
2 0.6671875 0.3712962962962963 0.6895833333333333 0.3712962962962963 0.6895833333333333 0.38981481481481484 0.6671875 0.38981481481481484
2 0.6286458333333333 0.38981481481481484 0.6677083333333333 0.38981481481481484 0.6677083333333333 0.4101851851851852 0.6286458333333333 0.4101851851851852
2 0.6614583333333334 0.40185185185185185 0.684375 0.40185185185185185 0.684375 0.41574074074074074 0.6614583333333334 0.41574074074074074
2 0.665625 0.4287037037037037 0.6901041666666666 0.4287037037037037 0.6901041666666666 0.44722222222222224 0.665625 0.44722222222222224
2 0.6671875 0.4564814814814815 0.6947916666666667 0.4564814814814815 0.6947916666666667 0.4759259259259259 0.6671875 0.4759259259259259
2 0.6307291666666667 0.4583333333333333 0.6677083333333333 0.4583333333333333 0.6677083333333333 0.49166666666666664 0.6307291666666667 0.49166666666666664
2 0.6666666666666666 0.6546296296296297 0.6921875 0.6546296296296297 0.6921875 0.6805555555555556 0.6666666666666666 0.6805555555555556
2 0.6838541666666667 0.6777777777777778 0.70625 0.6777777777777778 0.70625 0.6953703703703704 0.6838541666666667 0.6953703703703704
2 0.6640625 0.6990740740740741 0.6921875 0.6990740740740741 0.6921875 0.7231481481481481 0.6640625 0.7231481481481481
2 0.6442708333333333 0.7555555555555555 0.6765625 0.7555555555555555 0.6765625 0.7805555555555556 0.6442708333333333 0.7805555555555556
2 0.684375 0.43703703703703706 0.7052083333333333 0.43703703703703706 0.7052083333333333 0.4583333333333333 0.684375 0.4583333333333333
2 0.6822916666666666 0.40370370370370373 0.7026041666666667 0.40370370370370373 0.7026041666666667 0.4185185185185185 0.6822916666666666 0.4185185185185185