1 0.5026041666666666 0 0.5994791666666667 0 0.5994791666666667 0.0962962962962963 0.5026041666666666 0.0962962962962963
1 0.6484375 0.18333333333333332 0.68125 0.18333333333333332 0.68125 0.30648148148148147 0.6484375 0.30648148148148147
2 0.528125 0.7768518518518519 0.5921875 0.7768518518518519 0.5921875 0.85 0.528125 0.85
2 0.540625 0.8574074074074074 0.5953125 0.8574074074074074 0.5953125 0.9203703703703704 0.540625 0.9203703703703704
2 0.6 0.7564814814814815 0.6427083333333333 0.7564814814814815 0.6427083333333333 0.8037037037037037 0.6 0.8037037037037037
2 0.6270833333333333 0.31296296296296294 0.6630208333333333 0.31296296296296294 0.6630208333333333 0.35462962962962963 0.6270833333333333 0.35462962962962963
2 0.553125 0.3277777777777778 0.6088541666666667 0.3277777777777778 0.6088541666666667 0.3907407407407407 0.553125 0.3907407407407407
2 0.6317708333333333 0.6648148148148149 0.6604166666666667 0.6648148148148149 0.6604166666666667 0.6990740740740741 0.6317708333333333 0.6990740740740741
2 0.6880208333333333 0.38425925925925924 0.7078125 0.38425925925925924 0.7078125 0.40925925925925927 0.6880208333333333 0.40925925925925927
2 0.6192708333333333 0.37407407407407406 0.6526041666666667 0.37407407407407406 0.6526041666666667 0.412962962962963 0.6192708333333333 0.412962962962963
2 0.3880208333333333 0.11018518518518519 0.46979166666666666 0.11018518518518519 0.46979166666666666 0.21388888888888888 0.3880208333333333 0.21388888888888888
2 0.671875 0.600925925925926 0.7 0.600925925925926 0.7 0.6425925925925926 0.671875 0.6425925925925926
2 0.6484375 0.412962962962963 0.6802083333333333 0.412962962962963 0.6802083333333333 0.4537037037037037 0.6484375 0.4537037037037037
2 0.6453125 0.33055555555555555 0.675 0.33055555555555555 0.675 0.36944444444444446 0.6453125 0.36944444444444446
2 0.6791666666666667 0.4722222222222222 0.703125 0.4722222222222222 0.703125 0.4981481481481482 0.6791666666666667 0.4981481481481482
2 0.5640625 0.4166666666666667 0.6161458333333333 0.4166666666666667 0.6161458333333333 0.4666666666666667 0.5640625 0.4666666666666667
2 0.2359375 0.11944444444444445 0.38645833333333335 0.11944444444444445 0.38645833333333335 0.22037037037037038 0.2359375 0.22037037037037038