1 0.14479166666666668 0.32037037037037036 0.2703125 0.32037037037037036 0.2703125 0.49722222222222223 0.14479166666666668 0.49722222222222223
1 0.3234375 0.17407407407407408 0.3932291666666667 0.17407407407407408 0.3932291666666667 0.23796296296296296 0.3234375 0.23796296296296296
2 0 0.8342592592592593 0.07916666666666666 0.8342592592592593 0.07916666666666666 1 0 1
2 0.6994791666666667 0.6203703703703703 0.7614583333333333 0.6203703703703703 0.7614583333333333 0.8185185185185185 0.6994791666666667 0.8185185185185185
2 0.1703125 0.5916666666666667 0.228125 0.5916666666666667 0.228125 0.7768518518518519 0.1703125 0.7768518518518519
2 0.8447916666666667 0.7564814814814815 0.9161458333333333 0.7564814814814815 0.9161458333333333 0.9777777777777777 0.8447916666666667 0.9777777777777777
2 0.6744791666666666 0.37962962962962965 0.7057291666666666 0.37962962962962965 0.7057291666666666 0.4935185185185185 0.6744791666666666 0.4935185185185185
2 0.5463541666666667 0.17685185185185184 0.5817708333333333 0.17685185185185184 0.5817708333333333 0.22870370370370371 0.5463541666666667 0.22870370370370371
2 0.6046875 0.38055555555555554 0.6395833333333333 0.38055555555555554 0.6395833333333333 0.4981481481481482 0.6046875 0.4981481481481482
2 0.28020833333333334 0.49166666666666664 0.3302083333333333 0.49166666666666664 0.3302083333333333 0.6472222222222223 0.28020833333333334 0.6472222222222223
2 0.39479166666666665 0.2722222222222222 0.42864583333333334 0.2722222222222222 0.42864583333333334 0.35555555555555557 0.39479166666666665 0.35555555555555557
2 0.34010416666666665 0.3675925925925926 0.37447916666666664 0.3675925925925926 0.37447916666666664 0.4740740740740741 0.34010416666666665 0.4740740740740741
2 0.428125 0.23055555555555557 0.45364583333333336 0.23055555555555557 0.45364583333333336 0.30833333333333335 0.428125 0.30833333333333335
2 0.5651041666666666 0.25277777777777777 0.5927083333333333 0.25277777777777777 0.5927083333333333 0.3296296296296296 0.5651041666666666 0.3296296296296296
2 0.59375 0.2601851851851852 0.615625 0.2601851851851852 0.615625 0.3101851851851852 0.59375 0.3101851851851852
2 0.6020833333333333 0.20462962962962963 0.6333333333333333 0.20462962962962963 0.6333333333333333 0.25925925925925924 0.6020833333333333 0.25925925925925924
2 0.575 0.13055555555555556 0.5921875 0.13055555555555556 0.5921875 0.16944444444444445 0.575 0.16944444444444445