1 0.14427083333333332 0.3175925925925926 0.271875 0.3175925925925926 0.271875 0.49074074074074076 0.14427083333333332 0.49074074074074076
1 0.35885416666666664 0.3962962962962963 0.4583333333333333 0.3962962962962963 0.4583333333333333 0.5601851851851852 0.35885416666666664 0.5601851851851852
2 0.08802083333333334 0.6092592592592593 0.15625 0.6092592592592593 0.15625 0.7842592592592592 0.08802083333333334 0.7842592592592592
2 0.19322916666666667 0.6083333333333333 0.25104166666666666 0.6083333333333333 0.25104166666666666 0.7444444444444445 0.19322916666666667 0.7444444444444445
2 0.36302083333333335 0.2712962962962963 0.39166666666666666 0.2712962962962963 0.39166666666666666 0.3509259259259259 0.36302083333333335 0.3509259259259259
2 0.6359375 0.31851851851851853 0.6651041666666667 0.31851851851851853 0.6651041666666667 0.4111111111111111 0.6359375 0.4111111111111111
2 0.6848958333333334 0.3990740740740741 0.7265625 0.3990740740740741 0.7265625 0.5166666666666667 0.6848958333333334 0.5166666666666667
2 0.4010416666666667 0.2935185185185185 0.43020833333333336 0.2935185185185185 0.43020833333333336 0.37407407407407406 0.4010416666666667 0.37407407407407406
2 0.3338541666666667 0.3398148148148148 0.36614583333333334 0.3398148148148148 0.36614583333333334 0.43333333333333335 0.3338541666666667 0.43333333333333335
1 0.31979166666666664 0.17777777777777778 0.38333333333333336 0.17777777777777778 0.38333333333333336 0.24166666666666667 0.31979166666666664 0.24166666666666667
2 0.640625 0.487962962962963 0.6901041666666666 0.487962962962963 0.6901041666666666 0.6324074074074074 0.640625 0.6324074074074074
2 0.2296875 0.4842592592592593 0.2755208333333333 0.4842592592592593 0.2755208333333333 0.5962962962962963 0.2296875 0.5962962962962963
2 0.6864583333333333 0.26944444444444443 0.7145833333333333 0.26944444444444443 0.7145833333333333 0.34629629629629627 0.6864583333333333 0.34629629629629627
2 0.46197916666666666 0.1962962962962963 0.4791666666666667 0.1962962962962963 0.4791666666666667 0.2564814814814815 0.46197916666666666 0.2564814814814815
2 0.45989583333333334 0.11018518518518519 0.4734375 0.11018518518518519 0.4734375 0.1425925925925926 0.45989583333333334 0.1425925925925926
2 0.43020833333333336 0.18425925925925926 0.4473958333333333 0.18425925925925926 0.4473958333333333 0.22592592592592592 0.43020833333333336 0.22592592592592592
2 0.490625 0.1388888888888889 0.5046875 0.1388888888888889 0.5046875 0.1814814814814815 0.490625 0.1814814814814815
2 0.5942708333333333 0.1685185185185185 0.609375 0.1685185185185185 0.609375 0.2111111111111111 0.5942708333333333 0.2111111111111111
2 0.47760416666666666 0.12685185185185185 0.49322916666666666 0.12685185185185185 0.49322916666666666 0.16203703703703703 0.47760416666666666 0.16203703703703703
2 0.621875 0.1648148148148148 0.6390625 0.1648148148148148 0.6390625 0.21666666666666667 0.621875 0.21666666666666667