1 0.334375 0.4398148148148148 0.4479166666666667 0.4398148148148148 0.4479166666666667 0.6333333333333333 0.334375 0.6333333333333333
1 0.14479166666666668 0.31851851851851853 0.2713541666666667 0.31851851851851853 0.2713541666666667 0.49074074074074076 0.14479166666666668 0.49074074074074076
1 0.3203125 0.17685185185185184 0.38385416666666666 0.17685185185185184 0.38385416666666666 0.23981481481481481 0.3203125 0.23981481481481481
2 0.034375 0.6601851851851852 0.11302083333333333 0.6601851851851852 0.11302083333333333 0.8759259259259259 0.034375 0.8759259259259259
2 0.1828125 0.887962962962963 0.2625 0.887962962962963 0.2625 1 0.1828125 1
2 0.6708333333333333 0.35648148148148145 0.7067708333333333 0.35648148148148145 0.7067708333333333 0.45740740740740743 0.6708333333333333 0.45740740740740743
2 0.19739583333333333 0.5481481481481482 0.24583333333333332 0.5481481481481482 0.24583333333333332 0.6796296296296296 0.19739583333333333 0.6796296296296296
2 0.3171875 0.37037037037037035 0.3494791666666667 0.37037037037037035 0.3494791666666667 0.4685185185185185 0.3171875 0.4685185185185185
2 0.6697916666666667 0.25277777777777777 0.6973958333333333 0.25277777777777777 0.6973958333333333 0.32407407407407407 0.6697916666666667 0.32407407407407407
2 0.6286458333333333 0.2824074074074074 0.6541666666666667 0.2824074074074074 0.6541666666666667 0.3648148148148148 0.6286458333333333 0.3648148148148148
2 0.35208333333333336 0.29259259259259257 0.38125 0.29259259259259257 0.38125 0.38055555555555554 0.35208333333333336 0.38055555555555554
2 0.15677083333333333 0.687037037037037 0.2234375 0.687037037037037 0.2234375 0.8935185185185185 0.15677083333333333 0.8935185185185185
2 0.45989583333333334 0.2074074074074074 0.4791666666666667 0.2074074074074074 0.4791666666666667 0.2759259259259259 0.45989583333333334 0.2759259259259259
2 0.3859375 0.3148148148148148 0.41510416666666666 0.3148148148148148 0.41510416666666666 0.4046296296296296 0.3859375 0.4046296296296296
2 0.5885416666666666 0.15185185185185185 0.6057291666666667 0.15185185185185185 0.6057291666666667 0.19907407407407407 0.5885416666666666 0.19907407407407407
2 0.628125 0.4111111111111111 0.6640625 0.4111111111111111 0.6640625 0.5314814814814814 0.628125 0.5314814814814814
2 0.434375 0.24722222222222223 0.4578125 0.24722222222222223 0.4578125 0.3074074074074074 0.434375 0.3074074074074074
2 0.4296875 0.18888888888888888 0.44895833333333335 0.18888888888888888 0.44895833333333335 0.2388888888888889 0.4296875 0.2388888888888889