1 0.14166666666666666 0.32407407407407407 0.26979166666666665 0.32407407407407407 0.26979166666666665 0.5018518518518519 0.14166666666666666 0.5018518518518519
1 0.33177083333333335 0.4759259259259259 0.4552083333333333 0.4759259259259259 0.4552083333333333 0.725 0.33177083333333335 0.725
1 0.3302083333333333 0.18055555555555555 0.3890625 0.18055555555555555 0.3890625 0.24259259259259258 0.3302083333333333 0.24259259259259258
1 0.5458333333333333 0.12407407407407407 0.5739583333333333 0.12407407407407407 0.5739583333333333 0.16574074074074074 0.5458333333333333 0.16574074074074074
1 0.6572916666666667 0.12962962962962962 0.7109375 0.12962962962962962 0.7109375 0.18055555555555555 0.6572916666666667 0.18055555555555555
2 0.70625 0.37222222222222223 0.7416666666666667 0.37222222222222223 0.7416666666666667 0.5194444444444445 0.70625 0.5194444444444445
2 0.12447916666666667 0.637962962962963 0.19270833333333334 0.637962962962963 0.19270833333333334 0.8703703703703703 0.12447916666666667 0.8703703703703703
2 0.28020833333333334 0.37037037037037035 0.3072916666666667 0.37037037037037035 0.3072916666666667 0.49537037037037035 0.28020833333333334 0.49537037037037035
2 0.33125 0.39537037037037037 0.35572916666666665 0.39537037037037037 0.35572916666666665 0.5175925925925926 0.33125 0.5175925925925926
2 0.3541666666666667 0.2657407407407407 0.365625 0.2657407407407407 0.365625 0.35648148148148145 0.3541666666666667 0.35648148148148145
2 0.3880208333333333 0.2101851851851852 0.4015625 0.2101851851851852 0.4015625 0.2712962962962963 0.3880208333333333 0.2712962962962963
2 0.39895833333333336 0.24166666666666667 0.4203125 0.24166666666666667 0.4203125 0.32685185185185184 0.39895833333333336 0.32685185185185184
2 0.4234375 0.28425925925925927 0.440625 0.28425925925925927 0.440625 0.3675925925925926 0.4234375 0.3675925925925926
2 0.43333333333333335 0.22962962962962963 0.4505208333333333 0.22962962962962963 0.4505208333333333 0.3074074074074074 0.43333333333333335 0.3074074074074074
2 0.40520833333333334 0.1361111111111111 0.41354166666666664 0.1361111111111111 0.41354166666666664 0.18055555555555555 0.40520833333333334 0.18055555555555555
2 0.42239583333333336 0.16944444444444445 0.4328125 0.16944444444444445 0.4328125 0.22407407407407406 0.42239583333333336 0.22407407407407406
2 0.4265625 0.13148148148148148 0.4328125 0.13148148148148148 0.4328125 0.17037037037037037 0.4265625 0.17037037037037037
2 0.434375 0.14722222222222223 0.44375 0.14722222222222223 0.44375 0.18888888888888888 0.434375 0.18888888888888888
2 0.446875 0.1787037037037037 0.46041666666666664 0.1787037037037037 0.46041666666666664 0.2361111111111111 0.446875 0.2361111111111111
2 0.46510416666666665 0.14907407407407408 0.47760416666666666 0.14907407407407408 0.47760416666666666 0.20833333333333334 0.46510416666666665 0.20833333333333334
2 0.48802083333333335 0.14907407407407408 0.5010416666666667 0.14907407407407408 0.5010416666666667 0.20092592592592592 0.48802083333333335 0.20092592592592592
2 0.5526041666666667 0.1814814814814815 0.5880208333333333 0.1814814814814815 0.5880208333333333 0.25092592592592594 0.5526041666666667 0.25092592592592594
2 0.5875 0.12129629629629629 0.6052083333333333 0.12129629629629629 0.6052083333333333 0.175 0.5875 0.175
2 0.6447916666666667 0.20092592592592592 0.6598958333333333 0.20092592592592592 0.6598958333333333 0.25925925925925924 0.6447916666666667 0.25925925925925924
2 0.6791666666666667 0.26481481481481484 0.6989583333333333 0.26481481481481484 0.6989583333333333 0.34629629629629627 0.6791666666666667 0.34629629629629627
2 0.4901041666666667 0.12129629629629629 0.4979166666666667 0.12129629629629629 0.4979166666666667 0.15555555555555556 0.4901041666666667 0.15555555555555556
2 0.47291666666666665 0.11481481481481481 0.48072916666666665 0.11481481481481481 0.48072916666666665 0.1425925925925926 0.47291666666666665 0.1425925925925926
2 0.45364583333333336 0.12685185185185185 0.4635416666666667 0.12685185185185185 0.4635416666666667 0.1648148148148148 0.45364583333333336 0.1648148148148148
2 0.4421875 0.125 0.4515625 0.125 0.4515625 0.15648148148148147 0.4421875 0.15648148148148147
2 0.4630208333333333 0.11944444444444445 0.471875 0.11944444444444445 0.471875 0.15 0.4630208333333333 0.15