1 0.3234375 0.17592592592592593 0.3921875 0.17592592592592593 0.3921875 0.23796296296296296 0.3234375 0.23796296296296296
1 0.42604166666666665 0.24722222222222223 0.4828125 0.24722222222222223 0.4828125 0.33796296296296297 0.42604166666666665 0.33796296296296297
1 0.14947916666666666 0.3175925925925926 0.2713541666666667 0.3175925925925926 0.2713541666666667 0.4925925925925926 0.14947916666666666 0.4925925925925926
2 0.23854166666666668 0.8537037037037037 0.3177083333333333 0.8537037037037037 0.3177083333333333 1 0.23854166666666668 1
2 0.6963541666666667 0.287962962962963 0.7270833333333333 0.287962962962963 0.7270833333333333 0.375 0.6963541666666667 0.375
2 0.8416666666666667 0.49074074074074076 0.90625 0.49074074074074076 0.90625 0.6370370370370371 0.8416666666666667 0.6370370370370371
2 0.16979166666666667 0.5842592592592593 0.23541666666666666 0.5842592592592593 0.23541666666666666 0.7703703703703704 0.16979166666666667 0.7703703703703704
2 0.65 0.2796296296296296 0.6786458333333333 0.2796296296296296 0.6786458333333333 0.3537037037037037 0.65 0.3537037037037037
2 0.0203125 0.8898148148148148 0.10989583333333333 0.8898148148148148 0.10989583333333333 0.9953703703703703 0.0203125 0.9953703703703703
2 0.24479166666666666 0.4305555555555556 0.28958333333333336 0.4305555555555556 0.28958333333333336 0.5583333333333333 0.24479166666666666 0.5583333333333333
2 0.3338541666666667 0.3398148148148148 0.3640625 0.3398148148148148 0.3640625 0.43703703703703706 0.3338541666666667 0.43703703703703706
2 0.39791666666666664 0.28425925925925927 0.42604166666666665 0.28425925925925927 0.42604166666666665 0.3731481481481482 0.39791666666666664 0.3731481481481482
2 0.37552083333333336 0.36944444444444446 0.40989583333333335 0.36944444444444446 0.40989583333333335 0.4703703703703704 0.37552083333333336 0.4703703703703704
2 0.49635416666666665 0.17222222222222222 0.515625 0.17222222222222222 0.515625 0.23055555555555557 0.49635416666666665 0.23055555555555557
2 0.35260416666666666 0.487962962962963 0.39791666666666664 0.487962962962963 0.39791666666666664 0.6425925925925926 0.35260416666666666 0.6425925925925926
2 0.35104166666666664 0.287962962962963 0.378125 0.287962962962963 0.378125 0.3574074074074074 0.35104166666666664 0.3574074074074074
2 0.27760416666666665 0.3527777777777778 0.3104166666666667 0.3527777777777778 0.3104166666666667 0.42962962962962964 0.27760416666666665 0.42962962962962964
2 0.4578125 0.16018518518518518 0.4739583333333333 0.16018518518518518 0.4739583333333333 0.20092592592592592 0.4578125 0.20092592592592592
1 0.5411458333333333 0.1527777777777778 0.6067708333333334 0.1527777777777778 0.6067708333333334 0.31574074074074077 0.5411458333333333 0.31574074074074077
2 0.4786458333333333 0.1388888888888889 0.4921875 0.1388888888888889 0.4921875 0.1814814814814815 0.4786458333333333 0.1814814814814815
2 0.6411458333333333 0.19814814814814816 0.6671875 0.19814814814814816 0.6671875 0.2712962962962963 0.6411458333333333 0.2712962962962963
2 0.4161458333333333 0.21574074074074073 0.43645833333333334 0.21574074074074073 0.43645833333333334 0.27037037037037037 0.4161458333333333 0.27037037037037037
2 0.5739583333333333 0.11388888888888889 0.5890625 0.11388888888888889 0.5890625 0.14629629629629629 0.5739583333333333 0.14629629629629629
2 0.42291666666666666 0.18611111111111112 0.4401041666666667 0.18611111111111112 0.4401041666666667 0.2324074074074074 0.42291666666666666 0.2324074074074074
2 0.6 0.12222222222222222 0.6161458333333333 0.12222222222222222 0.6161458333333333 0.16296296296296298 0.6 0.16296296296296298