1 0.4953125 0.2777777777777778 0.5776041666666667 0.2777777777777778 0.5776041666666667 0.4388888888888889 0.4953125 0.4388888888888889
1 0.49947916666666664 0 0.5989583333333334 0 0.5989583333333334 0.09351851851851851 0.49947916666666664 0.09351851851851851
2 0.2203125 0 0.3453125 0 0.3453125 0.028703703703703703 0.2203125 0.028703703703703703
2 0.44479166666666664 0.8796296296296297 0.5192708333333333 0.8796296296296297 0.5192708333333333 0.9592592592592593 0.44479166666666664 0.9592592592592593
1 0.6463541666666667 0.17962962962962964 0.6817708333333333 0.17962962962962964 0.6817708333333333 0.29259259259259257 0.6463541666666667 0.29259259259259257
2 0.5692708333333333 0.8518518518518519 0.615625 0.8518518518518519 0.615625 0.9120370370370371 0.5692708333333333 0.9120370370370371
2 0.38385416666666666 0.025925925925925925 0.47552083333333334 0.025925925925925925 0.47552083333333334 0.10555555555555556 0.38385416666666666 0.10555555555555556
2 0.5953125 0.27870370370370373 0.6364583333333333 0.27870370370370373 0.6364583333333333 0.32314814814814813 0.5953125 0.32314814814814813
2 0.5583333333333333 0.24259259259259258 0.6026041666666667 0.24259259259259258 0.6026041666666667 0.29259259259259257 0.5583333333333333 0.29259259259259257
2 0.5197916666666667 0.7620370370370371 0.5786458333333333 0.7620370370370371 0.5786458333333333 0.8268518518518518 0.5197916666666667 0.8268518518518518
2 0.4739583333333333 0.062037037037037036 0.5364583333333334 0.062037037037037036 0.5364583333333334 0.14074074074074075 0.4739583333333333 0.14074074074074075
2 0.35885416666666664 0.15 0.46770833333333334 0.15 0.46770833333333334 0.23796296296296296 0.35885416666666664 0.23796296296296296
2 0.33645833333333336 0.7972222222222223 0.43333333333333335 0.7972222222222223 0.43333333333333335 0.9046296296296297 0.33645833333333336 0.9046296296296297
2 0.6416666666666667 0.35 0.671875 0.35 0.671875 0.387037037037037 0.6416666666666667 0.387037037037037
2 0.6291666666666667 0.4009259259259259 0.6645833333333333 0.4009259259259259 0.6645833333333333 0.43796296296296294 0.6291666666666667 0.43796296296296294
2 0.69375 0.4601851851851852 0.7130208333333333 0.4601851851851852 0.7130208333333333 0.48518518518518516 0.69375 0.48518518518518516
2 0.6541666666666667 0.6666666666666666 0.6828125 0.6666666666666666 0.6828125 0.7037037037037037 0.6541666666666667 0.7037037037037037
2 0.5864583333333333 0.3425925925925926 0.6296875 0.3425925925925926 0.6296875 0.38796296296296295 0.5864583333333333 0.38796296296296295
2 0.7046875 0.43333333333333335 0.7223958333333333 0.43333333333333335 0.7223958333333333 0.4564814814814815 0.7046875 0.4564814814814815
2 0.6453125 0.27314814814814814 0.671875 0.27314814814814814 0.671875 0.3148148148148148 0.6453125 0.3148148148148148
2 0.64375 0.4361111111111111 0.6755208333333333 0.4361111111111111 0.6755208333333333 0.4666666666666667 0.64375 0.4666666666666667