1 0.42083333333333334 0.25462962962962965 0.48020833333333335 0.25462962962962965 0.48020833333333335 0.3509259259259259 0.42083333333333334 0.3509259259259259
1 0.14895833333333333 0.31666666666666665 0.27239583333333334 0.31666666666666665 0.27239583333333334 0.4925925925925926 0.14895833333333333 0.4925925925925926
1 0.3223958333333333 0.17685185185185184 0.390625 0.17685185185185184 0.390625 0.23981481481481481 0.3223958333333333 0.23981481481481481
2 0.81875 0.4537037037037037 0.8713541666666667 0.4537037037037037 0.8713541666666667 0.5851851851851851 0.81875 0.5851851851851851
2 0.12760416666666666 0.6435185185185185 0.2078125 0.6435185185185185 0.2078125 0.8592592592592593 0.12760416666666666 0.8592592592592593
2 0.40989583333333335 0.22777777777777777 0.43072916666666666 0.22777777777777777 0.43072916666666666 0.2861111111111111 0.40989583333333335 0.2861111111111111
2 0.22291666666666668 0.4564814814814815 0.2708333333333333 0.4564814814814815 0.2708333333333333 0.5972222222222222 0.22291666666666668 0.5972222222222222
2 0.6869791666666667 0.262037037037037 0.7145833333333333 0.262037037037037 0.7145833333333333 0.3435185185185185 0.6869791666666667 0.3435185185185185
2 0.64375 0.2574074074074074 0.6713541666666667 0.2574074074074074 0.6713541666666667 0.3333333333333333 0.64375 0.3333333333333333
2 0.3880208333333333 0.30185185185185187 0.4197916666666667 0.30185185185185187 0.4197916666666667 0.3925925925925926 0.3880208333333333 0.3925925925925926
2 0.3255208333333333 0.5361111111111111 0.384375 0.5361111111111111 0.384375 0.7138888888888889 0.3255208333333333 0.7138888888888889
2 0.45729166666666665 0.16018518518518518 0.4734375 0.16018518518518518 0.4734375 0.2064814814814815 0.45729166666666665 0.2064814814814815
2 0.3421875 0.30462962962962964 0.37135416666666665 0.30462962962962964 0.37135416666666665 0.3787037037037037 0.3421875 0.3787037037037037
2 0.496875 0.17314814814814813 0.5166666666666667 0.17314814814814813 0.5166666666666667 0.23148148148148148 0.496875 0.23148148148148148
2 0.32864583333333336 0.36018518518518516 0.3578125 0.36018518518518516 0.3578125 0.46296296296296297 0.32864583333333336 0.46296296296296297
2 0.26666666666666666 0.37592592592592594 0.30364583333333334 0.37592592592592594 0.30364583333333334 0.4824074074074074 0.26666666666666666 0.4824074074074074
2 0.4786458333333333 0.1425925925925926 0.4921875 0.1425925925925926 0.4921875 0.18518518518518517 0.4786458333333333 0.18518518518518517
2 0.6203125 0.1824074074074074 0.6333333333333333 0.1824074074074074 0.6333333333333333 0.2564814814814815 0.6203125 0.2564814814814815
1 0.5401041666666667 0.14629629629629629 0.6020833333333333 0.14629629629629629 0.6020833333333333 0.2972222222222222 0.5401041666666667 0.2972222222222222
2 0.5729166666666666 0.11018518518518519 0.5880208333333333 0.11018518518518519 0.5880208333333333 0.1425925925925926 0.5729166666666666 0.1425925925925926
2 0.334375 0.35648148148148145 0.3578125 0.35648148148148145 0.3578125 0.42592592592592593 0.334375 0.42592592592592593
2 0.44947916666666665 0.09907407407407408 0.46197916666666666 0.09907407407407408 0.46197916666666666 0.12777777777777777 0.44947916666666665 0.12777777777777777
2 0.6354166666666666 0.18425925925925926 0.6526041666666667 0.18425925925925926 0.6526041666666667 0.24722222222222223 0.6354166666666666 0.24722222222222223