1 0.4859375 0 0.5890625 0 0.5890625 0.07314814814814814 0.4859375 0.07314814814814814
1 0.6359375 0.19166666666666668 0.6713541666666667 0.19166666666666668 0.6713541666666667 0.2953703703703704 0.6359375 0.2953703703703704
1 0.6119791666666666 0.3814814814814815 0.6583333333333333 0.3814814814814815 0.6583333333333333 0.4685185185185185 0.6119791666666666 0.4685185185185185
1 0.6166666666666667 0.5898148148148148 0.6635416666666667 0.5898148148148148 0.6635416666666667 0.6787037037037037 0.6166666666666667 0.6787037037037037
1 0.6807291666666667 0.5472222222222223 0.7026041666666667 0.5472222222222223 0.7026041666666667 0.6 0.6807291666666667 0.6
2 0.3484375 0 0.45 0 0.45 0.05648148148148148 0.3484375 0.05648148148148148
1 0.6755208333333333 0.7666666666666667 0.6989583333333333 0.7666666666666667 0.6989583333333333 0.8490740740740741 0.6755208333333333 0.8490740740740741
2 0.3796875 0.11851851851851852 0.49166666666666664 0.11851851851851852 0.49166666666666664 0.19907407407407407 0.3796875 0.19907407407407407
2 0.21875 0.07222222222222222 0.346875 0.07222222222222222 0.346875 0.2064814814814815 0.21875 0.2064814814814815
2 0.478125 0.08888888888888889 0.5578125 0.08888888888888889 0.5578125 0.1259259259259259 0.478125 0.1259259259259259
2 0.47760416666666666 0.17592592592592593 0.55625 0.17592592592592593 0.55625 0.225 0.47760416666666666 0.225
2 0.525 0.20925925925925926 0.5838541666666667 0.20925925925925926 0.5838541666666667 0.27870370370370373 0.525 0.27870370370370373
2 0.5729166666666666 0.7453703703703703 0.6265625 0.7453703703703703 0.6265625 0.787962962962963 0.5729166666666666 0.787962962962963
2 0.5286458333333334 0.30185185185185187 0.5875 0.30185185185185187 0.5875 0.3490740740740741 0.5286458333333334 0.3490740740740741
2 0.5895833333333333 0.2564814814814815 0.6359375 0.2564814814814815 0.6359375 0.2962962962962963 0.5895833333333333 0.2962962962962963
2 0.6229166666666667 0.2740740740740741 0.6640625 0.2740740740740741 0.6640625 0.30648148148148147 0.6229166666666667 0.30648148148148147
2 0.5989583333333334 0.32222222222222224 0.64375 0.32222222222222224 0.64375 0.3490740740740741 0.5989583333333334 0.3490740740740741
2 0.6536458333333334 0.325 0.6864583333333333 0.325 0.6864583333333333 0.35462962962962963 0.6536458333333334 0.35462962962962963
2 0.6458333333333334 0.36018518518518516 0.6739583333333333 0.36018518518518516 0.6739583333333333 0.37777777777777777 0.6458333333333334 0.37777777777777777
2 0.6640625 0.38333333333333336 0.6911458333333333 0.38333333333333336 0.6911458333333333 0.39814814814814814 0.6640625 0.39814814814814814
2 0.6692708333333334 0.4074074074074074 0.6942708333333333 0.4074074074074074 0.6942708333333333 0.425 0.6692708333333334 0.425
2 0.6682291666666667 0.4351851851851852 0.6953125 0.4351851851851852 0.6953125 0.4601851851851852 0.6682291666666667 0.4601851851851852
2 0.6395833333333333 0.49907407407407406 0.6723958333333333 0.49907407407407406 0.6723958333333333 0.5472222222222223 0.6395833333333333 0.5472222222222223
2 0.6895833333333333 0.4009259259259259 0.7072916666666667 0.4009259259259259 0.7072916666666667 0.41759259259259257 0.6895833333333333 0.41759259259259257
2 0.68125 0.3611111111111111 0.7041666666666667 0.3611111111111111 0.7041666666666667 0.37962962962962965 0.68125 0.37962962962962965
2 0.696875 0.32407407407407407 0.715625 0.32407407407407407 0.715625 0.34629629629629627 0.696875 0.34629629629629627
2 0.696875 0.43796296296296294 0.715625 0.43796296296296294 0.715625 0.45 0.696875 0.45
2 0.6729166666666667 0.6194444444444445 0.6979166666666666 0.6194444444444445 0.6979166666666666 0.6407407407407407 0.6729166666666667 0.6407407407407407
2 0.6734375 0.6527777777777778 0.6994791666666667 0.6527777777777778 0.6994791666666667 0.675 0.6734375 0.675
2 0.6885416666666667 0.6398148148148148 0.7083333333333334 0.6398148148148148 0.7083333333333334 0.6546296296296297 0.6885416666666667 0.6546296296296297