1 0.4041666666666667 0.912962962962963 0.5026041666666666 0.912962962962963 0.5026041666666666 1 0.4041666666666667 1
1 0.31979166666666664 0.6953703703703704 0.35520833333333335 0.6953703703703704 0.35520833333333335 0.799074074074074 0.31979166666666664 0.799074074074074
1 0.29270833333333335 0.13148148148148148 0.31666666666666665 0.13148148148148148 0.31666666666666665 0.22870370370370371 0.29270833333333335 0.22870370370370371
1 0.278125 0.37407407407407406 0.3015625 0.37407407407407406 0.3015625 0.4185185185185185 0.278125 0.4185185185185185
2 0.5010416666666667 0.975925925925926 0.6067708333333334 0.975925925925926 0.6067708333333334 1 0.5010416666666667 1
2 0.5833333333333334 0.9342592592592592 0.71875 0.9342592592592592 0.71875 1 0.5833333333333334 1
2 0.4140625 0.7935185185185185 0.484375 0.7935185185185185 0.484375 0.8453703703703703 0.4140625 0.8453703703703703
2 0.44427083333333334 0.6851851851851852 0.5223958333333333 0.6851851851851852 0.5223958333333333 0.7333333333333333 0.44427083333333334 0.7333333333333333
2 0.396875 0.6814814814814815 0.45416666666666666 0.6814814814814815 0.45416666666666666 0.7333333333333333 0.396875 0.7333333333333333
2 0.35989583333333336 0.7175925925925926 0.41770833333333335 0.7175925925925926 0.41770833333333335 0.7574074074074074 0.35989583333333336 0.7574074074074074
2 0.38333333333333336 0.6 0.4484375 0.6 0.4484375 0.65 0.38333333333333336 0.65
2 0.34479166666666666 0.20185185185185187 0.38177083333333334 0.20185185185185187 0.38177083333333334 0.2324074074074074 0.34479166666666666 0.2324074074074074
2 0.3765625 0.1712962962962963 0.4265625 0.1712962962962963 0.4265625 0.2212962962962963 0.3765625 0.2212962962962963
2 0.3145833333333333 0.3537037037037037 0.3489583333333333 0.3537037037037037 0.3489583333333333 0.39166666666666666 0.3145833333333333 0.39166666666666666
2 0.3171875 0.30462962962962964 0.3489583333333333 0.30462962962962964 0.3489583333333333 0.35462962962962963 0.3171875 0.35462962962962963
2 0.3098958333333333 0.262037037037037 0.34479166666666666 0.262037037037037 0.34479166666666666 0.2824074074074074 0.3098958333333333 0.2824074074074074
2 0.33125 0.6453703703703704 0.37395833333333334 0.6453703703703704 0.37395833333333334 0.6694444444444444 0.33125 0.6694444444444444
2 0.3411458333333333 0.6138888888888889 0.378125 0.6138888888888889 0.378125 0.6314814814814815 0.3411458333333333 0.6314814814814815
2 0.3265625 0.5944444444444444 0.35833333333333334 0.5944444444444444 0.35833333333333334 0.612037037037037 0.3265625 0.612037037037037
2 0.3229166666666667 0.5564814814814815 0.35833333333333334 0.5564814814814815 0.35833333333333334 0.5777777777777777 0.3229166666666667 0.5777777777777777
2 0.3255208333333333 0.524074074074074 0.36354166666666665 0.524074074074074 0.36354166666666665 0.5444444444444444 0.3255208333333333 0.5444444444444444
2 0.30364583333333334 0.5083333333333333 0.3302083333333333 0.5083333333333333 0.3302083333333333 0.5287037037037037 0.30364583333333334 0.5287037037037037
2 0.3026041666666667 0.6537037037037037 0.3223958333333333 0.6537037037037037 0.3223958333333333 0.6675925925925926 0.3026041666666667 0.6675925925925926
2 0.30572916666666666 0.637962962962963 0.3328125 0.637962962962963 0.3328125 0.6546296296296297 0.30572916666666666 0.6546296296296297
2 0.3140625 0.6231481481481481 0.3421875 0.6231481481481481 0.3421875 0.6462962962962963 0.3140625 0.6462962962962963
2 0.29739583333333336 0.600925925925926 0.32135416666666666 0.600925925925926 0.32135416666666666 0.6111111111111112 0.29739583333333336 0.6111111111111112
2 0.3 0.575 0.3307291666666667 0.575 0.3307291666666667 0.5898148148148148 0.3 0.5898148148148148
2 0.3078125 0.562037037037037 0.3338541666666667 0.562037037037037 0.3338541666666667 0.5842592592592593 0.3078125 0.5842592592592593
2 0.290625 0.5305555555555556 0.31197916666666664 0.5305555555555556 0.31197916666666664 0.5435185185185185 0.290625 0.5435185185185185
2 0.29375 0.5537037037037037 0.31302083333333336 0.5537037037037037 0.31302083333333336 0.5685185185185185 0.29375 0.5685185185185185
2 0.2833333333333333 0.5481481481481482 0.3020833333333333 0.5481481481481482 0.3020833333333333 0.5601851851851852 0.2833333333333333 0.5601851851851852