1 0.3963541666666667 0.9064814814814814 0.4921875 0.9064814814814814 0.4921875 1 0.3963541666666667 1
1 0.3203125 0.7064814814814815 0.3536458333333333 0.7064814814814815 0.3536458333333333 0.825 0.3203125 0.825
2 0.36770833333333336 0.5981481481481481 0.4083333333333333 0.5981481481481481 0.4083333333333333 0.6425925925925926 0.36770833333333336 0.6425925925925926
2 0.38229166666666664 0.1259259259259259 0.42916666666666664 0.1259259259259259 0.42916666666666664 0.18055555555555555 0.38229166666666664 0.18055555555555555
2 0.33489583333333334 0.5944444444444444 0.3671875 0.5944444444444444 0.3671875 0.6361111111111111 0.33489583333333334 0.6361111111111111
2 0.35208333333333336 0.6601851851851852 0.3921875 0.6601851851851852 0.3921875 0.7055555555555556 0.35208333333333336 0.7055555555555556
2 0.6453125 0.9175925925925926 0.7682291666666666 0.9175925925925926 0.7682291666666666 1 0.6453125 1
2 0.346875 0.21203703703703702 0.3807291666666667 0.21203703703703702 0.3807291666666667 0.2537037037037037 0.346875 0.2537037037037037
2 0.3333333333333333 0.5509259259259259 0.3697916666666667 0.5509259259259259 0.3697916666666667 0.5925925925925926 0.3333333333333333 0.5925925925925926
2 0.2953125 0.3675925925925926 0.3203125 0.3675925925925926 0.3203125 0.40370370370370373 0.2953125 0.40370370370370373
2 0.38333333333333336 0.19907407407407407 0.4317708333333333 0.19907407407407407 0.4317708333333333 0.24722222222222223 0.38333333333333336 0.24722222222222223
2 0.3234375 0.31574074074074077 0.35 0.31574074074074077 0.35 0.34814814814814815 0.3234375 0.34814814814814815
2 0.30104166666666665 0.5037037037037037 0.32447916666666665 0.5037037037037037 0.32447916666666665 0.5305555555555556 0.30104166666666665 0.5305555555555556
2 0.2984375 0.5953703703703703 0.31979166666666664 0.5953703703703703 0.31979166666666664 0.6212962962962963 0.2984375 0.6212962962962963
2 0.4234375 0.5472222222222223 0.5026041666666666 0.5472222222222223 0.5026041666666666 0.6092592592592593 0.4234375 0.6092592592592593
2 0.4270833333333333 0.6472222222222223 0.5041666666666667 0.6472222222222223 0.5041666666666667 0.7185185185185186 0.4270833333333333 0.7185185185185186
2 0.3067708333333333 0.2972222222222222 0.3333333333333333 0.2972222222222222 0.3333333333333333 0.3333333333333333 0.3067708333333333 0.3333333333333333