1 0.14375 0.31574074074074077 0.2713541666666667 0.31574074074074077 0.2713541666666667 0.48518518518518516 0.14375 0.48518518518518516
1 0.3182291666666667 0.17962962962962964 0.3880208333333333 0.17962962962962964 0.3880208333333333 0.24074074074074073 0.3182291666666667 0.24074074074074073
2 0.15052083333333333 0.8240740740740741 0.2390625 0.8240740740740741 0.2390625 1 0.15052083333333333 1
2 0.7723958333333333 0.4351851851851852 0.8234375 0.4351851851851852 0.8234375 0.5787037037037037 0.7723958333333333 0.5787037037037037
2 0.6375 0.21944444444444444 0.6598958333333333 0.21944444444444444 0.6598958333333333 0.27870370370370373 0.6375 0.27870370370370373
2 0.38125 0.24074074074074073 0.4083333333333333 0.24074074074074073 0.4083333333333333 0.3138888888888889 0.38125 0.3138888888888889
2 0.6729166666666667 0.2861111111111111 0.7015625 0.2861111111111111 0.7015625 0.3675925925925926 0.6729166666666667 0.3675925925925926
2 0.41822916666666665 0.26851851851851855 0.4421875 0.26851851851851855 0.4421875 0.3490740740740741 0.41822916666666665 0.3490740740740741
2 0.5541666666666667 0.13333333333333333 0.575 0.13333333333333333 0.575 0.17592592592592593 0.5541666666666667 0.17592592592592593
2 0.4479166666666667 0.2101851851851852 0.4708333333333333 0.2101851851851852 0.4708333333333333 0.2759259259259259 0.4479166666666667 0.2759259259259259
2 0.3875 0.2101851851851852 0.4140625 0.2101851851851852 0.4140625 0.26851851851851855 0.3875 0.26851851851851855
2 0.45 0.16018518518518518 0.46770833333333334 0.16018518518518518 0.46770833333333334 0.2037037037037037 0.45 0.2037037037037037
2 0.6390625 0.28055555555555556 0.6645833333333333 0.28055555555555556 0.6645833333333333 0.3685185185185185 0.6390625 0.3685185185185185
2 0.43697916666666664 0.3861111111111111 0.47291666666666665 0.3861111111111111 0.47291666666666665 0.5324074074074074 0.43697916666666664 0.5324074074074074
2 0.37864583333333335 0.3731481481481482 0.4114583333333333 0.3731481481481482 0.4114583333333333 0.5277777777777778 0.37864583333333335 0.5277777777777778
2 0.5880208333333333 0.1685185185185185 0.5989583333333334 0.1685185185185185 0.5989583333333334 0.23055555555555557 0.5880208333333333 0.23055555555555557
2 0.521875 0.1574074074074074 0.5583333333333333 0.1574074074074074 0.5583333333333333 0.225 0.521875 0.225