1 0.496875 0 0.596875 0 0.596875 0.08703703703703704 0.496875 0.08703703703703704
1 0.6453125 0.20092592592592592 0.6817708333333333 0.20092592592592592 0.6817708333333333 0.30462962962962964 0.6453125 0.30462962962962964
1 0.6984375 0.45925925925925926 0.7208333333333333 0.45925925925925926 0.7208333333333333 0.5074074074074074 0.6984375 0.5074074074074074
1 0.6807291666666667 0.7435185185185185 0.7140625 0.7435185185185185 0.7140625 0.850925925925926 0.6807291666666667 0.850925925925926
2 0.309375 0.08796296296296297 0.4270833333333333 0.08796296296296297 0.4270833333333333 0.18703703703703703 0.309375 0.18703703703703703
2 0.4609375 0.06018518518518518 0.5338541666666666 0.06018518518518518 0.5338541666666666 0.11018518518518519 0.4609375 0.11018518518518519
2 0.4744791666666667 0.18333333333333332 0.5427083333333333 0.18333333333333332 0.5427083333333333 0.23425925925925925 0.4744791666666667 0.23425925925925925
2 0.5447916666666667 0.19166666666666668 0.6015625 0.19166666666666668 0.6015625 0.23055555555555557 0.5447916666666667 0.23055555555555557
2 0.48072916666666665 0.2916666666666667 0.5536458333333333 0.2916666666666667 0.5536458333333333 0.33611111111111114 0.48072916666666665 0.33611111111111114
2 0.5791666666666667 0.3101851851851852 0.6307291666666667 0.3101851851851852 0.6307291666666667 0.34444444444444444 0.5791666666666667 0.34444444444444444
2 0.6151041666666667 0.30092592592592593 0.6515625 0.30092592592592593 0.6515625 0.3333333333333333 0.6151041666666667 0.3333333333333333
2 0.6036458333333333 0.36666666666666664 0.6536458333333334 0.36666666666666664 0.6536458333333334 0.3962962962962963 0.6036458333333333 0.3962962962962963
2 0.6046875 0.4148148148148148 0.6510416666666666 0.4148148148148148 0.6510416666666666 0.44722222222222224 0.6046875 0.44722222222222224
2 0.6234375 0.4046296296296296 0.65625 0.4046296296296296 0.65625 0.42777777777777776 0.6234375 0.42777777777777776
2 0.6385416666666667 0.33240740740740743 0.6713541666666667 0.33240740740740743 0.6713541666666667 0.35462962962962963 0.6385416666666667 0.35462962962962963
2 0.6557291666666667 0.3212962962962963 0.6817708333333333 0.3212962962962963 0.6817708333333333 0.3398148148148148 0.6557291666666667 0.3398148148148148
2 0.6494791666666667 0.39814814814814814 0.6770833333333334 0.39814814814814814 0.6770833333333334 0.41759259259259257 0.6494791666666667 0.41759259259259257
2 0.6723958333333333 0.4111111111111111 0.6927083333333334 0.4111111111111111 0.6927083333333334 0.42685185185185187 0.6723958333333333 0.42685185185185187
2 0.6484375 0.4675925925925926 0.6796875 0.4675925925925926 0.6796875 0.4861111111111111 0.6484375 0.4861111111111111
2 0.6807291666666667 0.46296296296296297 0.7010416666666667 0.46296296296296297 0.7010416666666667 0.48055555555555557 0.6807291666666667 0.48055555555555557
2 0.6760416666666667 0.4305555555555556 0.7 0.4305555555555556 0.7 0.4462962962962963 0.6760416666666667 0.4462962962962963
2 0.6713541666666667 0.38055555555555554 0.69375 0.38055555555555554 0.69375 0.39351851851851855 0.6713541666666667 0.39351851851851855
2 0.6885416666666667 0.4425925925925926 0.7114583333333333 0.4425925925925926 0.7114583333333333 0.45740740740740743 0.6885416666666667 0.45740740740740743
2 0.6921875 0.40370370370370373 0.7078125 0.40370370370370373 0.7078125 0.4166666666666667 0.6921875 0.4166666666666667
2 0.6609375 0.6407407407407407 0.690625 0.6407407407407407 0.690625 0.6731481481481482 0.6609375 0.6731481481481482
2 0.6604166666666667 0.687037037037037 0.6859375 0.687037037037037 0.6859375 0.7083333333333334 0.6604166666666667 0.7083333333333334
2 0.6791666666666667 0.6981481481481482 0.7015625 0.6981481481481482 0.7015625 0.7175925925925926 0.6791666666666667 0.7175925925925926
2 0.6416666666666667 0.7592592592592593 0.6692708333333334 0.7592592592592593 0.6692708333333334 0.7888888888888889 0.6416666666666667 0.7888888888888889
2 0.6130208333333333 0.7379629629629629 0.6546875 0.7379629629629629 0.6546875 0.7694444444444445 0.6130208333333333 0.7694444444444445