1 0.4510416666666667 0.5601851851851852 0.5630208333333333 0.5601851851851852 0.5630208333333333 0.7444444444444445 0.4510416666666667 0.7444444444444445
1 0.4010416666666667 0.9101851851851852 0.5005208333333333 0.9101851851851852 0.5005208333333333 1 0.4010416666666667 1
1 0.32083333333333336 0.6972222222222222 0.35625 0.6972222222222222 0.35625 0.8009259259259259 0.32083333333333336 0.8009259259259259
1 0.2911458333333333 0.35555555555555557 0.31875 0.35555555555555557 0.31875 0.4148148148148148 0.2911458333333333 0.4148148148148148
2 0.6223958333333334 0.9305555555555556 0.7609375 0.9305555555555556 0.7609375 1 0.6223958333333334 1
2 0.5171875 0.9601851851851851 0.6208333333333333 0.9601851851851851 0.6208333333333333 1 0.5171875 1
2 0.4078125 0.8018518518518518 0.4859375 0.8018518518518518 0.4859375 0.8657407407407407 0.4078125 0.8657407407407407
2 0.41041666666666665 0.7111111111111111 0.48072916666666665 0.7111111111111111 0.48072916666666665 0.7574074074074074 0.41041666666666665 0.7574074074074074
2 0.46041666666666664 0.023148148148148147 0.546875 0.023148148148148147 0.546875 0.08148148148148149 0.46041666666666664 0.08148148148148149
2 0.38697916666666665 0.12129629629629629 0.43020833333333336 0.12129629629629629 0.43020833333333336 0.1527777777777778 0.38697916666666665 0.1527777777777778
2 0.3453125 0.19722222222222222 0.38333333333333336 0.19722222222222222 0.38333333333333336 0.22407407407407406 0.3453125 0.22407407407407406
2 0.3203125 0.35 0.3489583333333333 0.35 0.3489583333333333 0.43148148148148147 0.3203125 0.43148148148148147
2 0.2942708333333333 0.30925925925925923 0.3234375 0.30925925925925923 0.3234375 0.33240740740740743 0.2942708333333333 0.33240740740740743
2 0.36302083333333335 0.5842592592592593 0.41041666666666665 0.5842592592592593 0.41041666666666665 0.6259259259259259 0.36302083333333335 0.6259259259259259
2 0.3385416666666667 0.5796296296296296 0.37083333333333335 0.5796296296296296 0.37083333333333335 0.6138888888888889 0.3385416666666667 0.6138888888888889
2 0.340625 0.6435185185185185 0.384375 0.6435185185185185 0.384375 0.6703703703703704 0.340625 0.6703703703703704
2 0.3234375 0.6546296296296297 0.3567708333333333 0.6546296296296297 0.3567708333333333 0.6805555555555556 0.3234375 0.6805555555555556
2 0.35260416666666666 0.7083333333333334 0.3932291666666667 0.7083333333333334 0.3932291666666667 0.7509259259259259 0.35260416666666666 0.7509259259259259
2 0.29375 0.6481481481481481 0.31927083333333334 0.6481481481481481 0.31927083333333334 0.6694444444444444 0.29375 0.6694444444444444
2 0.3067708333333333 0.6129629629629629 0.3385416666666667 0.6129629629629629 0.3385416666666667 0.6370370370370371 0.3067708333333333 0.6370370370370371
2 0.2947916666666667 0.5935185185185186 0.31666666666666665 0.5935185185185186 0.31666666666666665 0.6111111111111112 0.2947916666666667 0.6111111111111112
2 0.30520833333333336 0.562962962962963 0.34375 0.562962962962963 0.34375 0.5796296296296296 0.30520833333333336 0.5796296296296296
2 0.3 0.5333333333333333 0.32447916666666665 0.5333333333333333 0.32447916666666665 0.5555555555555556 0.3 0.5555555555555556
2 0.3026041666666667 0.49537037037037035 0.3234375 0.49537037037037035 0.3234375 0.5120370370370371 0.3026041666666667 0.5120370370370371
2 0.2833333333333333 0.5037037037037037 0.303125 0.5037037037037037 0.303125 0.5166666666666667 0.2833333333333333 0.5166666666666667
2 0.28802083333333334 0.5583333333333333 0.3104166666666667 0.5583333333333333 0.3104166666666667 0.575925925925926 0.28802083333333334 0.575925925925926
2 0.2864583333333333 0.5805555555555556 0.3046875 0.5805555555555556 0.3046875 0.5990740740740741 0.2864583333333333 0.5990740740740741
2 0.2911458333333333 0.612037037037037 0.3072916666666667 0.612037037037037 0.3072916666666667 0.6203703703703703 0.2911458333333333 0.6203703703703703
2 0.28489583333333335 0.5509259259259259 0.3 0.5509259259259259 0.3 0.562037037037037 0.28489583333333335 0.562037037037037