1 0.14479166666666668 0.32037037037037036 0.2708333333333333 0.32037037037037036 0.2708333333333333 0.49722222222222223 0.14479166666666668 0.49722222222222223
1 0.3229166666666667 0.17407407407407408 0.3932291666666667 0.17407407407407408 0.3932291666666667 0.23796296296296296 0.3229166666666667 0.23796296296296296
2 0.03697916666666667 0.7546296296296297 0.11666666666666667 0.7546296296296297 0.11666666666666667 1 0.03697916666666667 1
2 0.7223958333333333 0.7268518518518519 0.7947916666666667 0.7268518518518519 0.7947916666666667 0.9453703703703704 0.7223958333333333 0.9453703703703704
2 0.20260416666666667 0.5481481481481482 0.24895833333333334 0.5481481481481482 0.24895833333333334 0.7138888888888889 0.20260416666666667 0.7138888888888889
2 0.5364583333333334 0.1824074074074074 0.5729166666666666 0.1824074074074074 0.5729166666666666 0.23055555555555557 0.5364583333333334 0.23055555555555557
2 0.615625 0.4185185185185185 0.6552083333333333 0.4185185185185185 0.6552083333333333 0.5481481481481482 0.615625 0.5481481481481482
2 0.6817708333333333 0.4009259259259259 0.7166666666666667 0.4009259259259259 0.7166666666666667 0.5259259259259259 0.6817708333333333 0.5259259259259259
2 0.8875 0.8388888888888889 0.9588541666666667 0.8388888888888889 0.9588541666666667 0.9953703703703703 0.8875 0.9953703703703703
2 0.35260416666666666 0.3509259259259259 0.38958333333333334 0.3509259259259259 0.38958333333333334 0.44722222222222224 0.35260416666666666 0.44722222222222224
2 0.29583333333333334 0.4601851851851852 0.3390625 0.4601851851851852 0.3390625 0.5935185185185186 0.29583333333333334 0.5935185185185186
2 0.40208333333333335 0.2601851851851852 0.43385416666666665 0.2601851851851852 0.43385416666666665 0.34629629629629627 0.40208333333333335 0.34629629629629627
2 0.5703125 0.26296296296296295 0.596875 0.26296296296296295 0.596875 0.3453703703703704 0.5703125 0.3453703703703704
2 0.603125 0.24537037037037038 0.6276041666666666 0.24537037037037038 0.6276041666666666 0.31851851851851853 0.603125 0.31851851851851853
2 0.28229166666666666 0.5731481481481482 0.33489583333333334 0.5731481481481482 0.33489583333333334 0.7638888888888888 0.28229166666666666 0.7638888888888888
2 0.5854166666666667 0.2101851851851852 0.6223958333333334 0.2101851851851852 0.6223958333333334 0.25555555555555554 0.5854166666666667 0.25555555555555554
2 0.5697916666666667 0.14074074074074075 0.5864583333333333 0.14074074074074075 0.5864583333333333 0.19166666666666668 0.5697916666666667 0.19166666666666668
2 0.43020833333333336 0.2175925925925926 0.45364583333333336 0.2175925925925926 0.45364583333333336 0.29074074074074074 0.43020833333333336 0.29074074074074074
2 0.17604166666666668 0.8861111111111111 0.246875 0.8861111111111111 0.246875 1 0.17604166666666668 1
2 0.4046875 0.20277777777777778 0.4244791666666667 0.20277777777777778 0.4244791666666667 0.25092592592592594 0.4046875 0.25092592592592594