1 0.48854166666666665 0 0.5895833333333333 0 0.5895833333333333 0.07962962962962963 0.48854166666666665 0.07962962962962963
1 0.6265625 0.5916666666666667 0.6713541666666667 0.5916666666666667 0.6713541666666667 0.6759259259259259 0.6265625 0.6759259259259259
1 0.5994791666666667 0.3712962962962963 0.6489583333333333 0.3712962962962963 0.6489583333333333 0.46296296296296297 0.5994791666666667 0.46296296296296297
1 0.6369791666666667 0.18981481481481483 0.6734375 0.18981481481481483 0.6734375 0.287962962962963 0.6369791666666667 0.287962962962963
2 0.31875 0.03333333333333333 0.43072916666666666 0.03333333333333333 0.43072916666666666 0.13796296296296295 0.31875 0.13796296296296295
2 0.4390625 0.012037037037037037 0.5338541666666666 0.012037037037037037 0.5338541666666666 0.09537037037037037 0.4390625 0.09537037037037037
2 0.41770833333333335 0.11388888888888889 0.5114583333333333 0.11388888888888889 0.5114583333333333 0.2 0.41770833333333335 0.2
2 0.48854166666666665 0.19814814814814816 0.5661458333333333 0.19814814814814816 0.5661458333333333 0.24351851851851852 0.48854166666666665 0.24351851851851852
2 0.48802083333333335 0.2564814814814815 0.5598958333333334 0.2564814814814815 0.5598958333333334 0.31851851851851853 0.48802083333333335 0.31851851851851853
2 0.4661458333333333 0.9675925925925926 0.5473958333333333 0.9675925925925926 0.5473958333333333 1 0.4661458333333333 1
2 0.5927083333333333 0.725 0.6442708333333333 0.725 0.6442708333333333 0.7851851851851852 0.5927083333333333 0.7851851851851852
2 0.5765625 0.2222222222222222 0.6239583333333333 0.2222222222222222 0.6239583333333333 0.2759259259259259 0.5765625 0.2759259259259259
2 0.6130208333333333 0.2657407407407407 0.65625 0.2657407407407407 0.65625 0.29907407407407405 0.6130208333333333 0.29907407407407405
2 0.5817708333333333 0.3074074074074074 0.6270833333333333 0.3074074074074074 0.6270833333333333 0.3425925925925926 0.5817708333333333 0.3425925925925926
2 0.6489583333333333 0.3287037037037037 0.6796875 0.3287037037037037 0.6796875 0.3490740740740741 0.6489583333333333 0.3490740740740741
2 0.6947916666666667 0.32314814814814813 0.7151041666666667 0.32314814814814813 0.7151041666666667 0.3435185185185185 0.6947916666666667 0.3435185185185185
2 0.6765625 0.35 0.703125 0.35 0.703125 0.38055555555555554 0.6765625 0.38055555555555554
2 0.6588541666666666 0.3787037037037037 0.6890625 0.3787037037037037 0.6890625 0.3972222222222222 0.6588541666666666 0.3972222222222222
2 0.6651041666666667 0.4009259259259259 0.6927083333333334 0.4009259259259259 0.6927083333333334 0.4222222222222222 0.6651041666666667 0.4222222222222222
2 0.6614583333333334 0.4324074074074074 0.6927083333333334 0.4324074074074074 0.6927083333333334 0.45555555555555555 0.6614583333333334 0.45555555555555555
2 0.6895833333333333 0.39814814814814814 0.7072916666666667 0.39814814814814814 0.7072916666666667 0.412962962962963 0.6895833333333333 0.412962962962963
2 0.6869791666666667 0.41388888888888886 0.7130208333333333 0.41388888888888886 0.7130208333333333 0.42962962962962964 0.6869791666666667 0.42962962962962964
2 0.646875 0.5083333333333333 0.6744791666666666 0.5083333333333333 0.6744791666666666 0.55 0.646875 0.55
2 0.6807291666666667 0.6157407407407407 0.7026041666666667 0.6157407407407407 0.7026041666666667 0.6333333333333333 0.6807291666666667 0.6333333333333333
1 0.6822916666666666 0.5509259259259259 0.7036458333333333 0.5509259259259259 0.7036458333333333 0.5953703703703703 0.6822916666666666 0.5953703703703703
2 0.6828125 0.6462962962962963 0.7026041666666667 0.6462962962962963 0.7026041666666667 0.6768518518518518 0.6828125 0.6768518518518518
2 0.6953125 0.4305555555555556 0.715625 0.4305555555555556 0.715625 0.45092592592592595 0.6953125 0.45092592592592595