1 0.3578125 0.42777777777777776 0.46510416666666665 0.42777777777777776 0.46510416666666665 0.637962962962963 0.3578125 0.637962962962963
1 0.14166666666666666 0.325 0.2682291666666667 0.325 0.2682291666666667 0.5018518518518519 0.14166666666666666 0.5018518518518519
1 0.3307291666666667 0.17962962962962964 0.39010416666666664 0.17962962962962964 0.39010416666666664 0.24351851851851852 0.3307291666666667 0.24351851851851852
1 0.5484375 0.12407407407407407 0.5807291666666666 0.12407407407407407 0.5807291666666666 0.17407407407407408 0.5484375 0.17407407407407408
2 0.7192708333333333 0.40370370370370373 0.7661458333333333 0.40370370370370373 0.7661458333333333 0.5666666666666667 0.7192708333333333 0.5666666666666667
2 0.17083333333333334 0.5583333333333333 0.2296875 0.5583333333333333 0.2296875 0.7166666666666667 0.17083333333333334 0.7166666666666667
2 0.1796875 0.774074074074074 0.2526041666666667 0.774074074074074 0.2526041666666667 1 0.1796875 1
2 0.29739583333333336 0.3537037037037037 0.31927083333333334 0.3537037037037037 0.31927083333333334 0.48148148148148145 0.29739583333333336 0.48148148148148145
2 0.346875 0.3472222222222222 0.3703125 0.3472222222222222 0.3703125 0.4564814814814815 0.346875 0.4564814814814815
2 0.35833333333333334 0.24814814814814815 0.38229166666666664 0.24814814814814815 0.38229166666666664 0.3314814814814815 0.35833333333333334 0.3314814814814815
2 0.4322916666666667 0.2601851851851852 0.4515625 0.2601851851851852 0.4515625 0.3537037037037037 0.4322916666666667 0.3537037037037037
2 0.4088541666666667 0.2324074074074074 0.428125 0.2324074074074074 0.428125 0.30648148148148147 0.4088541666666667 0.30648148148148147
2 0.39739583333333334 0.19722222222222222 0.41302083333333334 0.19722222222222222 0.41302083333333334 0.262037037037037 0.39739583333333334 0.262037037037037
2 0.43125 0.21388888888888888 0.4546875 0.21388888888888888 0.4546875 0.27685185185185185 0.43125 0.27685185185185185
2 0.6916666666666667 0.28055555555555556 0.7140625 0.28055555555555556 0.7140625 0.3648148148148148 0.6916666666666667 0.3648148148148148
2 0.6541666666666667 0.20925925925925926 0.6692708333333334 0.20925925925925926 0.6692708333333334 0.28055555555555556 0.6541666666666667 0.28055555555555556
2 0.5427083333333333 0.17777777777777778 0.5822916666666667 0.17777777777777778 0.5822916666666667 0.2361111111111111 0.5427083333333333 0.2361111111111111
2 0.4265625 0.16296296296296298 0.43802083333333336 0.16296296296296298 0.43802083333333336 0.21944444444444444 0.4265625 0.21944444444444444
2 0.45260416666666664 0.16203703703703703 0.46197916666666666 0.16203703703703703 0.46197916666666666 0.2101851851851852 0.45260416666666664 0.2101851851851852
2 0.46770833333333334 0.14074074074074075 0.47552083333333334 0.14074074074074075 0.47552083333333334 0.18518518518518517 0.46770833333333334 0.18518518518518517
2 0.4901041666666667 0.14351851851851852 0.5015625 0.14351851851851852 0.5015625 0.1925925925925926 0.4901041666666667 0.1925925925925926
2 0.590625 0.1287037037037037 0.6046875 0.1287037037037037 0.6046875 0.1787037037037037 0.590625 0.1787037037037037
2 0.40572916666666664 0.13518518518518519 0.41354166666666664 0.13518518518518519 0.41354166666666664 0.16944444444444445 0.40572916666666664 0.16944444444444445
2 0.43072916666666666 0.12777777777777777 0.43697916666666664 0.12777777777777777 0.43697916666666664 0.15555555555555556 0.43072916666666666 0.15555555555555556
2 0.434375 0.1425925925925926 0.44166666666666665 0.1425925925925926 0.44166666666666665 0.175 0.434375 0.175
2 0.44583333333333336 0.11944444444444445 0.4505208333333333 0.11944444444444445 0.4505208333333333 0.1537037037037037 0.44583333333333336 0.1537037037037037
2 0.459375 0.12129629629629629 0.4661458333333333 0.12129629629629629 0.4661458333333333 0.15833333333333333 0.459375 0.15833333333333333
2 0.47239583333333335 0.11018518518518519 0.48125 0.11018518518518519 0.48125 0.13703703703703704 0.47239583333333335 0.13703703703703704
2 0.465625 0.11574074074074074 0.4713541666666667 0.11574074074074074 0.4713541666666667 0.14351851851851852 0.465625 0.14351851851851852
2 0.48802083333333335 0.11851851851851852 0.4984375 0.11851851851851852 0.4984375 0.14722222222222223 0.48802083333333335 0.14722222222222223
1 0.65625 0.1361111111111111 0.7140625 0.1361111111111111 0.7140625 0.1787037037037037 0.65625 0.1787037037037037