1 0.5010416666666667 0 0.6010416666666667 0 0.6010416666666667 0.08981481481481482 0.5010416666666667 0.08981481481481482
1 0.6796875 0.4425925925925926 0.70625 0.4425925925925926 0.70625 0.49907407407407406 0.6796875 0.49907407407407406
1 0.6442708333333333 0.20555555555555555 0.6822916666666666 0.20555555555555555 0.6822916666666666 0.30648148148148147 0.6442708333333333 0.30648148148148147
2 0.38229166666666664 0.019444444444444445 0.48541666666666666 0.019444444444444445 0.48541666666666666 0.12685185185185185 0.38229166666666664 0.12685185185185185
2 0.38333333333333336 0.2324074074074074 0.484375 0.2324074074074074 0.484375 0.32407407407407407 0.38333333333333336 0.32407407407407407
2 0.5052083333333334 0.14907407407407408 0.5708333333333333 0.14907407407407408 0.5708333333333333 0.20925925925925926 0.5052083333333334 0.20925925925925926
2 0.49322916666666666 0.21481481481481482 0.5578125 0.21481481481481482 0.5578125 0.27314814814814814 0.49322916666666666 0.27314814814814814
2 0.490625 0.31574074074074077 0.5526041666666667 0.31574074074074077 0.5526041666666667 0.36018518518518516 0.490625 0.36018518518518516
2 0.5552083333333333 0.20185185185185187 0.6109375 0.20185185185185187 0.6109375 0.2564814814814815 0.5552083333333333 0.2564814814814815
2 0.59375 0.21296296296296297 0.6395833333333333 0.21296296296296297 0.6395833333333333 0.26296296296296295 0.59375 0.26296296296296295
2 0.5651041666666666 0.30092592592592593 0.6177083333333333 0.30092592592592593 0.6177083333333333 0.34629629629629627 0.5651041666666666 0.34629629629629627
2 0.55 0.4083333333333333 0.6083333333333333 0.4083333333333333 0.6083333333333333 0.45185185185185184 0.55 0.45185185185185184
2 0.6052083333333333 0.3138888888888889 0.6432291666666666 0.3138888888888889 0.6432291666666666 0.3453703703703704 0.6052083333333333 0.3453703703703704
2 0.6151041666666667 0.3453703703703704 0.6557291666666667 0.3453703703703704 0.6557291666666667 0.36574074074074076 0.6151041666666667 0.36574074074074076
2 0.6239583333333333 0.40555555555555556 0.65625 0.40555555555555556 0.65625 0.42962962962962964 0.6239583333333333 0.42962962962962964
2 0.6307291666666667 0.43425925925925923 0.6661458333333333 0.43425925925925923 0.6661458333333333 0.4583333333333333 0.6307291666666667 0.4583333333333333
2 0.6614583333333334 0.3907407407407407 0.6875 0.3907407407407407 0.6875 0.41388888888888886 0.6614583333333334 0.41388888888888886
2 0.659375 0.4305555555555556 0.6848958333333334 0.4305555555555556 0.6848958333333334 0.4527777777777778 0.659375 0.4527777777777778
2 0.6552083333333333 0.35462962962962963 0.6791666666666667 0.35462962962962963 0.6791666666666667 0.3712962962962963 0.6552083333333333 0.3712962962962963
2 0.6671875 0.37222222222222223 0.69375 0.37222222222222223 0.69375 0.3925925925925926 0.6671875 0.3925925925925926
2 0.68125 0.4101851851851852 0.7052083333333333 0.4101851851851852 0.7052083333333333 0.42777777777777776 0.68125 0.42777777777777776
2 0.6911458333333333 0.42685185185185187 0.7140625 0.42685185185185187 0.7140625 0.4398148148148148 0.6911458333333333 0.4398148148148148
2 0.6911458333333333 0.3962962962962963 0.7135416666666666 0.3962962962962963 0.7135416666666666 0.4083333333333333 0.6911458333333333 0.4083333333333333
2 0.7 0.37777777777777777 0.7197916666666667 0.37777777777777777 0.7197916666666667 0.3962962962962963 0.7 0.3962962962962963
2 0.70625 0.4064814814814815 0.721875 0.4064814814814815 0.721875 0.4185185185185185 0.70625 0.4185185185185185
2 0.7005208333333334 0.45092592592592595 0.7192708333333333 0.45092592592592595 0.7192708333333333 0.4648148148148148 0.7005208333333334 0.4648148148148148
2 0.6911458333333333 0.49444444444444446 0.7161458333333334 0.49444444444444446 0.7161458333333334 0.512962962962963 0.6911458333333333 0.512962962962963
2 0.6979166666666666 0.6388888888888888 0.7208333333333333 0.6388888888888888 0.7208333333333333 0.6583333333333333 0.6979166666666666 0.6583333333333333
2 0.6723958333333333 0.6694444444444444 0.6979166666666666 0.6694444444444444 0.6979166666666666 0.6888888888888889 0.6723958333333333 0.6888888888888889
2 0.6515625 0.6861111111111111 0.6885416666666667 0.6861111111111111 0.6885416666666667 0.7037037037037037 0.6515625 0.7037037037037037
2 0.6723958333333333 0.7148148148148148 0.6979166666666666 0.7148148148148148 0.6979166666666666 0.7351851851851852 0.6723958333333333 0.7351851851851852
2 0.6598958333333333 0.7361111111111112 0.6901041666666666 0.7361111111111112 0.6901041666666666 0.7620370370370371 0.6598958333333333 0.7620370370370371
1 0.6942708333333333 0.6824074074074075 0.7140625 0.6824074074074075 0.7140625 0.7592592592592593 0.6942708333333333 0.7592592592592593