1 0.14010416666666667 0.30648148148148147 0.26614583333333336 0.30648148148148147 0.26614583333333336 0.4888888888888889 0.14010416666666667 0.4888888888888889
1 0.6265625 0.2759259259259259 0.7036458333333333 0.2759259259259259 0.7036458333333333 0.38981481481481484 0.6265625 0.38981481481481484
1 0.4479166666666667 0.13703703703703704 0.4895833333333333 0.13703703703703704 0.4895833333333333 0.19722222222222222 0.4479166666666667 0.19722222222222222
0 0.29739583333333336 0.18703703703703703 0.41302083333333334 0.18703703703703703 0.41302083333333334 0.40555555555555556 0.29739583333333336 0.40555555555555556
2 0 0.7305555555555555 0.08489583333333334 0.7305555555555555 0.08489583333333334 0.9787037037037037 0 0.9787037037037037
2 0.41354166666666664 0.375 0.45364583333333336 0.375 0.45364583333333336 0.4981481481481482 0.41354166666666664 0.4981481481481482
2 0.29583333333333334 0.5657407407407408 0.34427083333333336 0.5657407407407408 0.34427083333333336 0.7379629629629629 0.29583333333333334 0.7379629629629629
2 0.68125 0.4148148148148148 0.7244791666666667 0.4148148148148148 0.7244791666666667 0.5416666666666666 0.68125 0.5416666666666666
2 0.7640625 0.41944444444444445 0.803125 0.41944444444444445 0.803125 0.5462962962962963 0.7640625 0.5462962962962963
1 0.528125 0.08611111111111111 0.5541666666666667 0.08611111111111111 0.5541666666666667 0.12129629629629629 0.528125 0.12129629629629629
2 0.32447916666666665 0.41388888888888886 0.3645833333333333 0.41388888888888886 0.3645833333333333 0.5342592592592592 0.32447916666666665 0.5342592592592592
2 0.4427083333333333 0.2611111111111111 0.47604166666666664 0.2611111111111111 0.47604166666666664 0.3472222222222222 0.4427083333333333 0.3472222222222222
2 0.546875 0.11666666666666667 0.5619791666666667 0.11666666666666667 0.5619791666666667 0.15833333333333333 0.546875 0.15833333333333333
2 0.8401041666666667 0.6527777777777778 0.9229166666666667 0.6527777777777778 0.9229166666666667 0.8944444444444445 0.8401041666666667 0.8944444444444445
2 0.871875 0.512962962962963 0.9260416666666667 0.512962962962963 0.9260416666666667 0.6574074074074074 0.871875 0.6574074074074074
2 0.004166666666666667 0.5435185185185185 0.090625 0.5435185185185185 0.090625 0.7037037037037037 0.004166666666666667 0.7037037037037037
2 0.7255208333333333 0.31574074074074077 0.759375 0.31574074074074077 0.759375 0.412962962962963 0.7255208333333333 0.412962962962963
2 0.5802083333333333 0.30277777777777776 0.6145833333333334 0.30277777777777776 0.6145833333333334 0.4064814814814815 0.5802083333333333 0.4064814814814815
2 0.5041666666666667 0.16111111111111112 0.5286458333333334 0.16111111111111112 0.5286458333333334 0.22037037037037038 0.5041666666666667 0.22037037037037038
2 0.603125 0.18611111111111112 0.6234375 0.18611111111111112 0.6234375 0.2518518518518518 0.603125 0.2518518518518518