1 0.37552083333333336 0.2916666666666667 0.43125 0.2916666666666667 0.43125 0.4046296296296296 0.37552083333333336 0.4046296296296296
1 0.41041666666666665 0.9296296296296296 0.5151041666666667 0.9296296296296296 0.5151041666666667 1 0.41041666666666665 1
1 0.33229166666666665 0.7185185185185186 0.36770833333333336 0.7185185185185186 0.36770833333333336 0.8194444444444444 0.33229166666666665 0.8194444444444444
1 0.31302083333333336 0.39351851851851855 0.3411458333333333 0.39351851851851855 0.3411458333333333 0.44814814814814813 0.31302083333333336 0.44814814814814813
1 0.321875 0.5453703703703704 0.35989583333333336 0.5453703703703704 0.35989583333333336 0.6092592592592593 0.321875 0.6092592592592593
1 0.7223958333333333 0.7666666666666667 0.78125 0.7666666666666667 0.78125 1 0.7223958333333333 1
2 0.48020833333333335 0.7324074074074074 0.5291666666666667 0.7324074074074074 0.5291666666666667 0.8 0.48020833333333335 0.8
2 0.6625 0.9740740740740741 0.7338541666666667 0.9740740740740741 0.7338541666666667 1 0.6625 1
2 0.46510416666666665 0.07314814814814814 0.5541666666666667 0.07314814814814814 0.5541666666666667 0.1388888888888889 0.46510416666666665 0.1388888888888889
2 0.45989583333333334 0.5564814814814815 0.5541666666666667 0.5564814814814815 0.5541666666666667 0.6037037037037037 0.45989583333333334 0.6037037037037037
2 0.5213541666666667 0.8629629629629629 0.596875 0.8629629629629629 0.596875 0.9537037037037037 0.5213541666666667 0.9537037037037037
2 0.45989583333333334 0.8814814814814815 0.51875 0.8814814814814815 0.51875 0.9444444444444444 0.45989583333333334 0.9444444444444444
2 0.4328125 0.8138888888888889 0.5 0.8138888888888889 0.5 0.8583333333333333 0.4328125 0.8583333333333333
2 0.38177083333333334 0.8037037037037037 0.4234375 0.8037037037037037 0.4234375 0.8324074074074074 0.38177083333333334 0.8324074074074074
2 0.3890625 0.762962962962963 0.44427083333333334 0.762962962962963 0.44427083333333334 0.8009259259259259 0.3890625 0.8009259259259259
2 0.4125 0.7222222222222222 0.4661458333333333 0.7222222222222222 0.4661458333333333 0.7768518518518519 0.4125 0.7768518518518519
2 0.4005208333333333 0.6907407407407408 0.44583333333333336 0.6907407407407408 0.44583333333333336 0.7240740740740741 0.4005208333333333 0.7240740740740741
2 0.37395833333333334 0.6787037037037037 0.4083333333333333 0.6787037037037037 0.4083333333333333 0.7203703703703703 0.37395833333333334 0.7203703703703703
2 0.36614583333333334 0.6064814814814815 0.4078125 0.6064814814814815 0.4078125 0.6472222222222223 0.36614583333333334 0.6472222222222223
2 0.3229166666666667 0.6685185185185185 0.3484375 0.6685185185185185 0.3484375 0.6898148148148148 0.3229166666666667 0.6898148148148148
2 0.3390625 0.6601851851851852 0.3776041666666667 0.6601851851851852 0.3776041666666667 0.6907407407407408 0.3390625 0.6907407407407408
2 0.33645833333333336 0.6351851851851852 0.35989583333333336 0.6351851851851852 0.35989583333333336 0.6555555555555556 0.33645833333333336 0.6555555555555556
2 0.309375 0.6388888888888888 0.33229166666666665 0.6388888888888888 0.33229166666666665 0.6546296296296297 0.309375 0.6546296296296297
2 0.3145833333333333 0.6129629629629629 0.3359375 0.6129629629629629 0.3359375 0.6296296296296297 0.3145833333333333 0.6296296296296297
2 0.32760416666666664 0.46111111111111114 0.35833333333333334 0.46111111111111114 0.35833333333333334 0.5074074074074074 0.32760416666666664 0.5074074074074074
2 0.328125 0.3425925925925926 0.3536458333333333 0.3425925925925926 0.3536458333333333 0.36574074074074076 0.328125 0.36574074074074076
2 0.325 0.3037037037037037 0.3572916666666667 0.3037037037037037 0.3572916666666667 0.3194444444444444 0.325 0.3194444444444444
2 0.30885416666666665 0.31666666666666665 0.32916666666666666 0.31666666666666665 0.32916666666666666 0.33240740740740743 0.30885416666666665 0.33240740740740743
2 0.3 0.32592592592592595 0.3223958333333333 0.32592592592592595 0.3223958333333333 0.3416666666666667 0.3 0.3416666666666667
2 0.3020833333333333 0.375 0.3229166666666667 0.375 0.3229166666666667 0.4009259259259259 0.3020833333333333 0.4009259259259259
2 0.30052083333333335 0.5907407407407408 0.321875 0.5907407407407408 0.321875 0.6129629629629629 0.30052083333333335 0.6129629629629629
2 0.2994791666666667 0.5444444444444444 0.31875 0.5444444444444444 0.31875 0.5666666666666667 0.2994791666666667 0.5666666666666667