1 0.14114583333333333 0.3351851851851852 0.2640625 0.3351851851851852 0.2640625 0.5166666666666667 0.14114583333333333 0.5166666666666667
1 0.41510416666666666 0.287962962962963 0.47708333333333336 0.287962962962963 0.47708333333333336 0.40925925925925927 0.41510416666666666 0.40925925925925927
1 0.3307291666666667 0.18611111111111112 0.3859375 0.18611111111111112 0.3859375 0.24814814814814815 0.3307291666666667 0.24814814814814815
1 0.5505208333333333 0.16018518518518518 0.5901041666666667 0.16018518518518518 0.5901041666666667 0.2212962962962963 0.5505208333333333 0.2212962962962963
2 0.778125 0.4324074074074074 0.8197916666666667 0.4324074074074074 0.8197916666666667 0.5425925925925926 0.778125 0.5425925925925926
1 0.6598958333333333 0.13796296296296295 0.7041666666666667 0.13796296296296295 0.7041666666666667 0.18055555555555555 0.6598958333333333 0.18055555555555555
1 0.5291666666666667 0.11388888888888889 0.5557291666666667 0.11388888888888889 0.5557291666666667 0.1537037037037037 0.5291666666666667 0.1537037037037037
2 0.34791666666666665 0.2898148148148148 0.3723958333333333 0.2898148148148148 0.3723958333333333 0.35 0.34791666666666665 0.35
2 0.10885416666666667 0.5703703703703704 0.178125 0.5703703703703704 0.178125 0.7333333333333333 0.10885416666666667 0.7333333333333333
2 0.07395833333333333 0.6842592592592592 0.14479166666666668 0.6842592592592592 0.14479166666666668 0.8888888888888888 0.07395833333333333 0.8888888888888888
2 0.12760416666666666 0.7722222222222223 0.20104166666666667 0.7722222222222223 0.20104166666666667 1 0.12760416666666666 1
2 0.2484375 0.5287037037037037 0.2916666666666667 0.5287037037037037 0.2916666666666667 0.737037037037037 0.2484375 0.737037037037037
2 0.28020833333333334 0.5731481481481482 0.34739583333333335 0.5731481481481482 0.34739583333333335 0.7981481481481482 0.28020833333333334 0.7981481481481482
2 0.30104166666666665 0.34814814814814815 0.33229166666666665 0.34814814814814815 0.33229166666666665 0.46574074074074073 0.30104166666666665 0.46574074074074073
2 0.34739583333333335 0.362962962962963 0.3796875 0.362962962962963 0.3796875 0.5194444444444445 0.34739583333333335 0.5194444444444445
2 0.4010416666666667 0.24814814814814815 0.41770833333333335 0.24814814814814815 0.41770833333333335 0.30925925925925923 0.4010416666666667 0.30925925925925923
2 0.3880208333333333 0.20277777777777778 0.4 0.20277777777777778 0.4 0.25925925925925924 0.3880208333333333 0.25925925925925924
2 0.41302083333333334 0.1527777777777778 0.42291666666666666 0.1527777777777778 0.42291666666666666 0.20185185185185187 0.41302083333333334 0.20185185185185187
2 0.40260416666666665 0.12222222222222222 0.4140625 0.12222222222222222 0.4140625 0.1574074074074074 0.40260416666666665 0.1574074074074074
2 0.43697916666666664 0.1388888888888889 0.44375 0.1388888888888889 0.44375 0.18333333333333332 0.43697916666666664 0.18333333333333332
2 0.4234375 0.17962962962962964 0.43697916666666664 0.17962962962962964 0.43697916666666664 0.24537037037037038 0.4234375 0.24537037037037038
2 0.44375 0.1712962962962963 0.45677083333333335 0.1712962962962963 0.45677083333333335 0.23333333333333334 0.44375 0.23333333333333334
2 0.4583333333333333 0.18981481481481483 0.46822916666666664 0.18981481481481483 0.46822916666666664 0.24537037037037038 0.4583333333333333 0.24537037037037038
2 0.45989583333333334 0.1361111111111111 0.4671875 0.1361111111111111 0.4671875 0.18518518518518517 0.45989583333333334 0.18518518518518517
2 0.4744791666666667 0.12222222222222222 0.4822916666666667 0.12222222222222222 0.4822916666666667 0.16111111111111112 0.4744791666666667 0.16111111111111112
2 0.4921875 0.11574074074074074 0.5036458333333333 0.11574074074074074 0.5036458333333333 0.15833333333333333 0.4921875 0.15833333333333333
2 0.5203125 0.18888888888888888 0.5479166666666667 0.18888888888888888 0.5479166666666667 0.24259259259259258 0.5203125 0.24259259259259258
2 0.6140625 0.1814814814814815 0.6333333333333333 0.1814814814814815 0.6333333333333333 0.2351851851851852 0.6140625 0.2351851851851852
2 0.6984375 0.30648148148148147 0.7223958333333333 0.30648148148148147 0.7223958333333333 0.39444444444444443 0.6984375 0.39444444444444443
2 0.44375 0.12222222222222222 0.4552083333333333 0.12222222222222222 0.4552083333333333 0.16296296296296298 0.44375 0.16296296296296298