1 0.14635416666666667 0.325 0.271875 0.325 0.271875 0.49907407407407406 0.14635416666666667 0.49907407407407406
1 0.38177083333333334 0.34814814814814815 0.46770833333333334 0.34814814814814815 0.46770833333333334 0.48518518518518516 0.38177083333333334 0.48518518518518516
2 0 0.8407407407407408 0.0609375 0.8407407407407408 0.0609375 1 0 1
2 0.26666666666666666 0.412962962962963 0.30885416666666665 0.412962962962963 0.30885416666666665 0.5138888888888888 0.26666666666666666 0.5138888888888888
1 0.3203125 0.17685185185185184 0.3859375 0.17685185185185184 0.3859375 0.23981481481481481 0.3203125 0.23981481481481481
2 0.6541666666666667 0.39166666666666666 0.6916666666666667 0.39166666666666666 0.6916666666666667 0.5074074074074074 0.6541666666666667 0.5074074074074074
2 0.3609375 0.3055555555555556 0.39010416666666664 0.3055555555555556 0.39010416666666664 0.3824074074074074 0.3609375 0.3824074074074074
2 0.7333333333333333 0.5083333333333333 0.7833333333333333 0.5083333333333333 0.7833333333333333 0.6518518518518519 0.7333333333333333 0.6518518518518519
2 0.14947916666666666 0.524074074074074 0.20677083333333332 0.524074074074074 0.20677083333333332 0.674074074074074 0.14947916666666666 0.674074074074074
2 0.7078125 0.3074074074074074 0.7427083333333333 0.3074074074074074 0.7427083333333333 0.3907407407407407 0.7078125 0.3907407407407407
2 0.19739583333333333 0.7092592592592593 0.2703125 0.7092592592592593 0.2703125 0.9268518518518518 0.19739583333333333 0.9268518518518518
2 0.6390625 0.18518518518518517 0.6567708333333333 0.18518518518518517 0.6567708333333333 0.23796296296296296 0.6390625 0.23796296296296296
2 0.24375 0.5101851851851852 0.29375 0.5101851851851852 0.29375 0.662962962962963 0.24375 0.662962962962963
2 0.32135416666666666 0.5194444444444445 0.37083333333333335 0.5194444444444445 0.37083333333333335 0.6842592592592592 0.32135416666666666 0.6842592592592592
2 0.4161458333333333 0.25833333333333336 0.44114583333333335 0.25833333333333336 0.44114583333333335 0.33240740740740743 0.4161458333333333 0.33240740740740743
2 0.38177083333333334 0.24722222222222223 0.40572916666666664 0.24722222222222223 0.40572916666666664 0.31666666666666665 0.38177083333333334 0.31666666666666665
2 0.41875 0.19166666666666668 0.4395833333333333 0.19166666666666668 0.4395833333333333 0.24166666666666667 0.41875 0.24166666666666667
2 0.5979166666666667 0.1824074074074074 0.61875 0.1824074074074074 0.61875 0.2361111111111111 0.5979166666666667 0.2361111111111111
2 0.4453125 0.1935185185185185 0.46822916666666664 0.1935185185185185 0.46822916666666664 0.2564814814814815 0.4453125 0.2564814814814815
2 0.478125 0.11944444444444445 0.4921875 0.11944444444444445 0.4921875 0.15092592592592594 0.478125 0.15092592592592594
2 0.6885416666666667 0.7351851851851852 0.7494791666666667 0.7351851851851852 0.7494791666666667 0.912962962962963 0.6885416666666667 0.912962962962963
2 0.37395833333333334 0.1925925925925926 0.3984375 0.1925925925925926 0.3984375 0.24074074074074073 0.37395833333333334 0.24074074074074073