1 0.42083333333333334 0.25555555555555554 0.48020833333333335 0.25555555555555554 0.48020833333333335 0.35185185185185186 0.42083333333333334 0.35185185185185186
1 0.14947916666666666 0.3175925925925926 0.27239583333333334 0.3175925925925926 0.27239583333333334 0.4935185185185185 0.14947916666666666 0.4935185185185185
1 0.3223958333333333 0.17685185185185184 0.390625 0.17685185185185184 0.390625 0.23981481481481481 0.3223958333333333 0.23981481481481481
2 0.8192708333333333 0.4537037037037037 0.871875 0.4537037037037037 0.871875 0.5851851851851851 0.8192708333333333 0.5851851851851851
2 0.12760416666666666 0.6444444444444445 0.2078125 0.6444444444444445 0.2078125 0.8601851851851852 0.12760416666666666 0.8601851851851852
2 0.40989583333333335 0.22777777777777777 0.43125 0.22777777777777777 0.43125 0.28703703703703703 0.40989583333333335 0.28703703703703703
2 0.22291666666666668 0.4564814814814815 0.2708333333333333 0.4564814814814815 0.2708333333333333 0.5972222222222222 0.22291666666666668 0.5972222222222222
2 0.6875 0.262037037037037 0.7151041666666667 0.262037037037037 0.7151041666666667 0.3435185185185185 0.6875 0.3435185185185185
2 0.6442708333333333 0.2574074074074074 0.6713541666666667 0.2574074074074074 0.6713541666666667 0.3333333333333333 0.6442708333333333 0.3333333333333333
2 0.3885416666666667 0.30185185185185187 0.4197916666666667 0.30185185185185187 0.4197916666666667 0.3925925925925926 0.3885416666666667 0.3925925925925926
2 0.3255208333333333 0.5370370370370371 0.384375 0.5370370370370371 0.384375 0.7138888888888889 0.3255208333333333 0.7138888888888889
2 0.45729166666666665 0.16018518518518518 0.4734375 0.16018518518518518 0.4734375 0.2064814814814815 0.45729166666666665 0.2064814814814815
2 0.34270833333333334 0.30462962962962964 0.37135416666666665 0.30462962962962964 0.37135416666666665 0.3787037037037037 0.34270833333333334 0.3787037037037037
2 0.496875 0.17314814814814813 0.5166666666666667 0.17314814814814813 0.5166666666666667 0.23148148148148148 0.496875 0.23148148148148148
2 0.32916666666666666 0.3611111111111111 0.3578125 0.3611111111111111 0.3578125 0.4638888888888889 0.32916666666666666 0.4638888888888889
2 0.26666666666666666 0.37592592592592594 0.30416666666666664 0.37592592592592594 0.30416666666666664 0.48333333333333334 0.26666666666666666 0.48333333333333334
2 0.4786458333333333 0.1425925925925926 0.4921875 0.1425925925925926 0.4921875 0.18518518518518517 0.4786458333333333 0.18518518518518517
2 0.6203125 0.1824074074074074 0.6333333333333333 0.1824074074074074 0.6333333333333333 0.2564814814814815 0.6203125 0.2564814814814815
1 0.540625 0.14629629629629629 0.6026041666666667 0.14629629629629629 0.6026041666666667 0.2972222222222222 0.540625 0.2972222222222222
2 0.5729166666666666 0.11018518518518519 0.5880208333333333 0.11018518518518519 0.5880208333333333 0.1425925925925926 0.5729166666666666 0.1425925925925926
2 0.334375 0.35648148148148145 0.3578125 0.35648148148148145 0.3578125 0.42592592592592593 0.334375 0.42592592592592593
2 0.45 0.1 0.46197916666666666 0.1 0.46197916666666666 0.1287037037037037 0.45 0.1287037037037037
2 0.6354166666666666 0.18425925925925926 0.6526041666666667 0.18425925925925926 0.6526041666666667 0.24814814814814815 0.6354166666666666 0.24814814814814815