1 0.490625 0 0.5927083333333333 0 0.5927083333333333 0.07962962962962963 0.490625 0.07962962962962963
1 0.5557291666666667 0.3509259259259259 0.6223958333333334 0.3509259259259259 0.6223958333333334 0.45925925925925926 0.5557291666666667 0.45925925925925926
1 0.6411458333333333 0.19907407407407407 0.6765625 0.19907407407407407 0.6765625 0.2953703703703704 0.6411458333333333 0.2953703703703704
1 0.65625 0.5907407407407408 0.6911458333333333 0.5907407407407408 0.6911458333333333 0.6601851851851852 0.65625 0.6601851851851852
1 0.6958333333333333 0.5509259259259259 0.715625 0.5509259259259259 0.715625 0.5944444444444444 0.6958333333333333 0.5944444444444444
1 0.6802083333333333 0.7796296296296297 0.7036458333333333 0.7796296296296297 0.7036458333333333 0.8546296296296296 0.6802083333333333 0.8546296296296296
2 0.3932291666666667 0.06296296296296296 0.4921875 0.06296296296296296 0.4921875 0.14351851851851852 0.3932291666666667 0.14351851851851852
2 0.3619791666666667 0.13425925925925927 0.46875 0.13425925925925927 0.46875 0.22314814814814815 0.3619791666666667 0.22314814814814815
2 0.5182291666666666 0.15833333333333333 0.5963541666666666 0.15833333333333333 0.5963541666666666 0.21388888888888888 0.5182291666666666 0.21388888888888888
2 0.49635416666666665 0.24814814814814815 0.5765625 0.24814814814814815 0.5765625 0.27870370370370373 0.49635416666666665 0.27870370370370373
2 0.5864583333333333 0.24166666666666667 0.6328125 0.24166666666666667 0.6328125 0.27314814814814814 0.5864583333333333 0.27314814814814814
2 0.634375 0.3055555555555556 0.6708333333333333 0.3055555555555556 0.6708333333333333 0.33425925925925926 0.634375 0.33425925925925926
2 0.6036458333333333 0.33055555555555555 0.6489583333333333 0.33055555555555555 0.6489583333333333 0.35648148148148145 0.6036458333333333 0.35648148148148145
2 0.6505208333333333 0.36203703703703705 0.6802083333333333 0.36203703703703705 0.6802083333333333 0.3888888888888889 0.6505208333333333 0.3888888888888889
2 0.6588541666666666 0.34629629629629627 0.6942708333333333 0.34629629629629627 0.6942708333333333 0.36944444444444446 0.6588541666666666 0.36944444444444446
2 0.6895833333333333 0.32685185185185184 0.7140625 0.32685185185185184 0.7140625 0.34814814814814815 0.6895833333333333 0.34814814814814815
2 0.6411458333333333 0.42314814814814816 0.6770833333333334 0.42314814814814816 0.6770833333333334 0.45185185185185184 0.6411458333333333 0.45185185185185184
2 0.65625 0.3990740740740741 0.6854166666666667 0.3990740740740741 0.6854166666666667 0.4203703703703704 0.65625 0.4203703703703704
2 0.6776041666666667 0.387037037037037 0.7005208333333334 0.387037037037037 0.7005208333333334 0.40555555555555556 0.6776041666666667 0.40555555555555556
2 0.6828125 0.4305555555555556 0.7078125 0.4305555555555556 0.7078125 0.4462962962962963 0.6828125 0.4462962962962963
2 0.6911458333333333 0.4074074074074074 0.7125 0.4074074074074074 0.7125 0.42314814814814816 0.6911458333333333 0.42314814814814816
2 0.64375 0.5268518518518519 0.6760416666666667 0.5268518518518519 0.6760416666666667 0.5796296296296296 0.64375 0.5796296296296296
2 0.6421875 0.7092592592592593 0.6744791666666666 0.7092592592592593 0.6744791666666666 0.7407407407407407 0.6421875 0.7407407407407407
2 0.55 0.8564814814814815 0.6083333333333333 0.8564814814814815 0.6083333333333333 0.9064814814814814 0.55 0.9064814814814814
2 0.6932291666666667 0.6083333333333333 0.7145833333333333 0.6083333333333333 0.7145833333333333 0.6222222222222222 0.6932291666666667 0.6222222222222222
2 0.6921875 0.6407407407407407 0.7135416666666666 0.6407407407407407 0.7135416666666666 0.6583333333333333 0.6921875 0.6583333333333333
2 0.6885416666666667 0.45185185185185184 0.7109375 0.45185185185185184 0.7109375 0.4703703703703704 0.6885416666666667 0.4703703703703704
2 0.6947916666666667 0.4842592592592593 0.7145833333333333 0.4842592592592593 0.7145833333333333 0.5055555555555555 0.6947916666666667 0.5055555555555555