1 0.40208333333333335 0.9101851851851852 0.5026041666666666 0.9101851851851852 0.5026041666666666 1 0.40208333333333335 1
1 0.31927083333333334 0.6953703703703704 0.35520833333333335 0.6953703703703704 0.35520833333333335 0.7972222222222223 0.31927083333333334 0.7972222222222223
1 0.27447916666666666 0.3768518518518518 0.3 0.3768518518518518 0.3 0.4212962962962963 0.27447916666666666 0.4212962962962963
2 0.521875 0.7620370370370371 0.6229166666666667 0.7620370370370371 0.6229166666666667 0.8481481481481481 0.521875 0.8481481481481481
2 0.446875 0.8462962962962963 0.51875 0.8462962962962963 0.51875 0.9111111111111111 0.446875 0.9111111111111111
2 0.42916666666666664 0.7361111111111112 0.4984375 0.7361111111111112 0.4984375 0.7768518518518519 0.42916666666666664 0.7768518518518519
2 0.3921875 0.7444444444444445 0.440625 0.7444444444444445 0.440625 0.7972222222222223 0.3921875 0.7972222222222223
2 0.421875 0.6324074074074074 0.49583333333333335 0.6324074074074074 0.49583333333333335 0.6824074074074075 0.421875 0.6824074074074075
2 0.35885416666666664 0.637962962962963 0.4078125 0.637962962962963 0.4078125 0.6712962962962963 0.35885416666666664 0.6712962962962963
2 0.3421875 0.6574074074074074 0.3802083333333333 0.6574074074074074 0.3802083333333333 0.6814814814814815 0.3421875 0.6814814814814815
2 0.3390625 0.6037037037037037 0.3796875 0.6037037037037037 0.3796875 0.6231481481481481 0.3390625 0.6231481481481481
2 0.33541666666666664 0.5675925925925925 0.3765625 0.5675925925925925 0.3765625 0.5851851851851851 0.33541666666666664 0.5851851851851851
2 0.3453125 0.5425925925925926 0.39010416666666664 0.5425925925925926 0.39010416666666664 0.5666666666666667 0.3453125 0.5666666666666667
2 0.3151041666666667 0.5037037037037037 0.34479166666666666 0.5037037037037037 0.34479166666666666 0.5342592592592592 0.3151041666666667 0.5342592592592592
2 0.3255208333333333 0.6407407407407407 0.3536458333333333 0.6407407407407407 0.3536458333333333 0.6611111111111111 0.3255208333333333 0.6611111111111111
2 0.3151041666666667 0.649074074074074 0.3375 0.649074074074074 0.3375 0.6712962962962963 0.3151041666666667 0.6712962962962963
2 0.3026041666666667 0.6018518518518519 0.328125 0.6018518518518519 0.328125 0.6185185185185185 0.3026041666666667 0.6185185185185185
2 0.3072916666666667 0.5898148148148148 0.33229166666666665 0.5898148148148148 0.33229166666666665 0.6 0.3072916666666667 0.6
2 0.3026041666666667 0.5722222222222222 0.3234375 0.5722222222222222 0.3234375 0.5842592592592593 0.3026041666666667 0.5842592592592593
2 0.2989583333333333 0.5546296296296296 0.3234375 0.5546296296296296 0.3234375 0.5694444444444444 0.2989583333333333 0.5694444444444444
2 0.29791666666666666 0.5259259259259259 0.3151041666666667 0.5259259259259259 0.3151041666666667 0.5407407407407407 0.29791666666666666 0.5407407407407407
2 0.2864583333333333 0.5444444444444444 0.3072916666666667 0.5444444444444444 0.3072916666666667 0.5574074074074075 0.2864583333333333 0.5574074074074075
2 0.30885416666666665 0.33425925925925926 0.34270833333333334 0.33425925925925926 0.34270833333333334 0.3685185185185185 0.30885416666666665 0.3685185185185185
2 0.3125 0.29907407407407405 0.3463541666666667 0.29907407407407405 0.3463541666666667 0.3212962962962963 0.3125 0.3212962962962963
2 0.30364583333333334 0.2777777777777778 0.3328125 0.2777777777777778 0.3328125 0.29444444444444445 0.30364583333333334 0.29444444444444445
2 0.3338541666666667 0.20925925925925926 0.365625 0.20925925925925926 0.365625 0.2388888888888889 0.3338541666666667 0.2388888888888889
2 0.35885416666666664 0.21296296296296297 0.4046875 0.21296296296296297 0.4046875 0.2574074074074074 0.35885416666666664 0.2574074074074074
1 0.28854166666666664 0.13796296296296295 0.3234375 0.13796296296296295 0.3234375 0.24351851851851852 0.28854166666666664 0.24351851851851852