1 0.5494791666666666 0.325 0.6135416666666667 0.325 0.6135416666666667 0.45 0.5494791666666666 0.45
1 0.5052083333333334 0 0.6026041666666667 0 0.6026041666666667 0.09259259259259259 0.5052083333333334 0.09259259259259259
1 0.6463541666666667 0.1814814814814815 0.6817708333333333 0.1814814814814815 0.6817708333333333 0.30277777777777776 0.6463541666666667 0.30277777777777776
2 0.22083333333333333 0 0.29791666666666666 0 0.29791666666666666 0.12407407407407407 0.22083333333333333 0.12407407407407407
2 0.459375 0 0.5328125 0 0.5328125 0.06018518518518518 0.459375 0.06018518518518518
2 0.5328125 0.15833333333333333 0.5807291666666666 0.15833333333333333 0.5807291666666666 0.2175925925925926 0.5328125 0.2175925925925926
2 0.51875 0.9490740740740741 0.5802083333333333 0.9490740740740741 0.5802083333333333 1 0.51875 1
2 0.4010416666666667 0.13796296296296295 0.4869791666666667 0.13796296296296295 0.4869791666666667 0.23055555555555557 0.4010416666666667 0.23055555555555557
2 0.4875 0.12962962962962962 0.54375 0.12962962962962962 0.54375 0.19814814814814816 0.4875 0.19814814814814816
2 0.490625 0.24722222222222223 0.5604166666666667 0.24722222222222223 0.5604166666666667 0.3212962962962963 0.490625 0.3212962962962963
2 0.59375 0.2962962962962963 0.6291666666666667 0.2962962962962963 0.6291666666666667 0.337037037037037 0.59375 0.337037037037037
2 0.6276041666666666 0.7796296296296297 0.6630208333333333 0.7796296296296297 0.6630208333333333 0.8194444444444444 0.6276041666666666 0.8194444444444444
2 0.628125 0.7101851851851851 0.6635416666666667 0.7101851851851851 0.6635416666666667 0.7481481481481481 0.628125 0.7481481481481481
2 0.64375 0.362962962962963 0.6708333333333333 0.362962962962963 0.6708333333333333 0.3925925925925926 0.64375 0.3925925925925926
2 0.6166666666666667 0.3814814814814815 0.6458333333333334 0.3814814814814815 0.6458333333333334 0.41759259259259257 0.6166666666666667 0.41759259259259257
2 0.703125 0.40370370370370373 0.7229166666666667 0.40370370370370373 0.7229166666666667 0.42592592592592593 0.703125 0.42592592592592593
2 0.6494791666666667 0.4148148148148148 0.6791666666666667 0.4148148148148148 0.6791666666666667 0.44814814814814813 0.6494791666666667 0.44814814814814813
2 0.6640625 0.4527777777777778 0.6916666666666667 0.4527777777777778 0.6916666666666667 0.48333333333333334 0.6640625 0.48333333333333334
2 0.6473958333333333 0.49722222222222223 0.6838541666666667 0.49722222222222223 0.6838541666666667 0.5398148148148149 0.6473958333333333 0.5398148148148149
2 0.61875 0.31574074074074077 0.6458333333333334 0.31574074074074077 0.6458333333333334 0.3537037037037037 0.61875 0.3537037037037037