1 0.14583333333333334 0.31203703703703706 0.2713541666666667 0.31203703703703706 0.2713541666666667 0.487962962962963 0.14583333333333334 0.487962962962963
1 0.3260416666666667 0.1712962962962963 0.39375 0.1712962962962963 0.39375 0.2361111111111111 0.3260416666666667 0.2361111111111111
2 0.7791666666666667 0.6518518518518519 0.8484375 0.6518518518518519 0.8484375 0.8472222222222222 0.7791666666666667 0.8472222222222222
2 0.6880208333333333 0.3731481481481482 0.7239583333333334 0.3731481481481482 0.7239583333333334 0.48055555555555557 0.6880208333333333 0.48055555555555557
2 0.7859375 0.4888888888888889 0.8375 0.4888888888888889 0.8375 0.6111111111111112 0.7859375 0.6111111111111112
2 0.17395833333333333 0.6092592592592593 0.23020833333333332 0.6092592592592593 0.23020833333333332 0.7833333333333333 0.17395833333333333 0.7833333333333333
2 0.6104166666666667 0.16944444444444445 0.6322916666666667 0.16944444444444445 0.6322916666666667 0.21944444444444444 0.6104166666666667 0.21944444444444444
2 0.6276041666666666 0.2462962962962963 0.6526041666666667 0.2462962962962963 0.6526041666666667 0.31666666666666665 0.6276041666666666 0.31666666666666665
2 0.5854166666666667 0.22962962962962963 0.6088541666666667 0.22962962962962963 0.6088541666666667 0.3055555555555556 0.5854166666666667 0.3055555555555556
2 0.39479166666666665 0.3388888888888889 0.43802083333333336 0.3388888888888889 0.43802083333333336 0.46296296296296297 0.39479166666666665 0.46296296296296297
2 0.5520833333333334 0.1824074074074074 0.58125 0.1824074074074074 0.58125 0.25 0.5520833333333334 0.25
2 0.375 0.3055555555555556 0.403125 0.3055555555555556 0.403125 0.39351851851851855 0.375 0.39351851851851855
2 0.43125 0.2 0.45677083333333335 0.2 0.45677083333333335 0.27037037037037037 0.43125 0.27037037037037037
2 0.6505208333333333 0.1824074074074074 0.6744791666666666 0.1824074074074074 0.6744791666666666 0.24166666666666667 0.6505208333333333 0.24166666666666667
2 0.6197916666666666 0.31666666666666665 0.6505208333333333 0.31666666666666665 0.6505208333333333 0.4064814814814815 0.6197916666666666 0.4064814814814815
2 0.315625 0.4425925925925926 0.35885416666666664 0.4425925925925926 0.35885416666666664 0.562962962962963 0.315625 0.562962962962963
2 0.578125 0.12685185185185185 0.5932291666666667 0.12685185185185185 0.5932291666666667 0.1648148148148148 0.578125 0.1648148148148148
2 0.5036458333333333 0.1638888888888889 0.5333333333333333 0.1638888888888889 0.5333333333333333 0.22592592592592592 0.5036458333333333 0.22592592592592592