1 0.50625 0 0.6046875 0 0.6046875 0.09259259259259259 0.50625 0.09259259259259259
1 0.6489583333333333 0.18796296296296297 0.6838541666666667 0.18796296296296297 0.6838541666666667 0.30648148148148147 0.6489583333333333 0.30648148148148147
2 0.584375 0.6555555555555556 0.6307291666666667 0.6555555555555556 0.6307291666666667 0.7101851851851851 0.584375 0.7101851851851851
2 0.6401041666666667 0.7416666666666667 0.675 0.7416666666666667 0.675 0.7898148148148149 0.6401041666666667 0.7898148148148149
2 0.6546875 0.6648148148148149 0.6828125 0.6648148148148149 0.6828125 0.7148148148148148 0.6546875 0.7148148148148148
2 0.4239583333333333 0.06296296296296296 0.5041666666666667 0.06296296296296296 0.5041666666666667 0.15185185185185185 0.4239583333333333 0.15185185185185185
2 0.44635416666666666 0.9018518518518519 0.51875 0.9018518518518519 0.51875 0.9796296296296296 0.44635416666666666 0.9796296296296296
2 0.49947916666666664 0.7407407407407407 0.5619791666666667 0.7407407407407407 0.5619791666666667 0.8055555555555556 0.49947916666666664 0.8055555555555556
2 0.5864583333333333 0.29907407407407405 0.6322916666666667 0.29907407407407405 0.6322916666666667 0.35 0.5864583333333333 0.35
2 0.5744791666666667 0.7462962962962963 0.6208333333333333 0.7462962962962963 0.6208333333333333 0.7944444444444444 0.5744791666666667 0.7944444444444444
2 0.5203125 0.23796296296296296 0.5869791666666667 0.23796296296296296 0.5869791666666667 0.3055555555555556 0.5203125 0.3055555555555556
2 0.5645833333333333 0.3509259259259259 0.6229166666666667 0.3509259259259259 0.6229166666666667 0.4064814814814815 0.5645833333333333 0.4064814814814815
2 0.6546875 0.5009259259259259 0.6921875 0.5009259259259259 0.6921875 0.5546296296296296 0.6546875 0.5546296296296296
2 0.628125 0.6018518518518519 0.6692708333333334 0.6018518518518519 0.6692708333333334 0.6435185185185185 0.628125 0.6435185185185185