1 0.3921875 0.9083333333333333 0.49635416666666665 0.9083333333333333 0.49635416666666665 1 0.3921875 1
2 0.3182291666666667 0.387037037037037 0.34791666666666665 0.387037037037037 0.34791666666666665 0.45092592592592595 0.3182291666666667 0.45092592592592595
2 0.446875 0 0.5140625 0 0.5140625 0.04722222222222222 0.446875 0.04722222222222222
2 0.4635416666666667 0.687037037037037 0.5536458333333333 0.687037037037037 0.5536458333333333 0.7638888888888888 0.4635416666666667 0.7638888888888888
1 0.31979166666666664 0.7101851851851851 0.3578125 0.7101851851851851 0.3578125 0.8268518518518518 0.31979166666666664 0.8268518518518518
2 0.34322916666666664 0.5527777777777778 0.3848958333333333 0.5527777777777778 0.3848958333333333 0.5972222222222222 0.34322916666666664 0.5972222222222222
2 0.36614583333333334 0.21944444444444444 0.41354166666666664 0.21944444444444444 0.41354166666666664 0.26481481481481484 0.36614583333333334 0.26481481481481484
2 0.35885416666666664 0.674074074074074 0.40520833333333334 0.674074074074074 0.40520833333333334 0.7222222222222222 0.35885416666666664 0.7222222222222222
2 0.47708333333333336 0.562962962962963 0.56875 0.562962962962963 0.56875 0.6361111111111111 0.47708333333333336 0.6361111111111111
2 0.30052083333333335 0.6 0.32395833333333335 0.6 0.32395833333333335 0.6259259259259259 0.30052083333333335 0.6259259259259259
2 0.2989583333333333 0.5055555555555555 0.32760416666666664 0.5055555555555555 0.32760416666666664 0.5324074074074074 0.2989583333333333 0.5324074074074074
2 0.33229166666666665 0.22870370370370371 0.3645833333333333 0.22870370370370371 0.3645833333333333 0.26666666666666666 0.33229166666666665 0.26666666666666666
2 0.3640625 0.16574074074074074 0.40729166666666666 0.16574074074074074 0.40729166666666666 0.2101851851851852 0.3640625 0.2101851851851852
2 0.296875 0.5537037037037037 0.31666666666666665 0.5537037037037037 0.31666666666666665 0.5787037037037037 0.296875 0.5787037037037037
2 0.3734375 0.6166666666666667 0.434375 0.6166666666666667 0.434375 0.6546296296296297 0.3734375 0.6546296296296297
2 0.34427083333333336 0.6101851851851852 0.3854166666666667 0.6101851851851852 0.3854166666666667 0.637962962962963 0.34427083333333336 0.637962962962963
2 0.33645833333333336 0.6601851851851852 0.3765625 0.6601851851851852 0.3765625 0.6842592592592592 0.33645833333333336 0.6842592592592592
2 0.3072916666666667 0.6453703703703704 0.34010416666666665 0.6453703703703704 0.34010416666666665 0.6703703703703704 0.3072916666666667 0.6703703703703704
2 0.30520833333333336 0.33240740740740743 0.33489583333333334 0.33240740740740743 0.33489583333333334 0.35462962962962963 0.30520833333333336 0.35462962962962963
2 0.3020833333333333 0.20925925925925926 0.3333333333333333 0.20925925925925926 0.3333333333333333 0.23796296296296296 0.3020833333333333 0.23796296296296296
2 0.29583333333333334 0.24074074074074073 0.32760416666666664 0.24074074074074073 0.32760416666666664 0.26481481481481484 0.29583333333333334 0.26481481481481484