1 0.39739583333333334 0.8925925925925926 0.4947916666666667 0.8925925925925926 0.4947916666666667 1 0.39739583333333334 1
1 0.3145833333333333 0.6916666666666667 0.3494791666666667 0.6916666666666667 0.3494791666666667 0.8101851851851852 0.3145833333333333 0.8101851851851852
2 0.5604166666666667 0.8851851851851852 0.6635416666666667 0.8851851851851852 0.6635416666666667 0.9879629629629629 0.5604166666666667 0.9879629629629629
2 0.3255208333333333 0.6277777777777778 0.3567708333333333 0.6277777777777778 0.3567708333333333 0.6638888888888889 0.3255208333333333 0.6638888888888889
2 0.32864583333333336 0.3111111111111111 0.3625 0.3111111111111111 0.3625 0.3472222222222222 0.32864583333333336 0.3472222222222222
2 0.3255208333333333 0.18611111111111112 0.3489583333333333 0.18611111111111112 0.3489583333333333 0.21574074074074073 0.3255208333333333 0.21574074074074073
2 0.27239583333333334 0.4083333333333333 0.28958333333333336 0.4083333333333333 0.28958333333333336 0.43148148148148147 0.27239583333333334 0.43148148148148147
2 0.4484375 0.000925925925925926 0.5052083333333334 0.000925925925925926 0.5052083333333334 0.07777777777777778 0.4484375 0.07777777777777778
2 0.325 0.5787037037037037 0.3536458333333333 0.5787037037037037 0.3536458333333333 0.612037037037037 0.325 0.612037037037037
2 0.47760416666666666 0.05277777777777778 0.55625 0.05277777777777778 0.55625 0.13703703703703704 0.47760416666666666 0.13703703703703704
2 0.35833333333333334 0.5925925925925926 0.39895833333333336 0.5925925925925926 0.39895833333333336 0.6425925925925926 0.35833333333333334 0.6425925925925926
2 0.3078125 0.5527777777777778 0.33125 0.5527777777777778 0.33125 0.5814814814814815 0.3078125 0.5814814814814815
2 0.4828125 0.6685185185185185 0.5713541666666667 0.6685185185185185 0.5713541666666667 0.7416666666666667 0.4828125 0.7416666666666667
2 0.43645833333333334 0.6898148148148148 0.5078125 0.6898148148148148 0.5078125 0.7657407407407407 0.43645833333333334 0.7657407407407407
2 0.38958333333333334 0.16296296296296298 0.4395833333333333 0.16296296296296298 0.4395833333333333 0.2175925925925926 0.38958333333333334 0.2175925925925926
2 0.3645833333333333 0.2722222222222222 0.40520833333333334 0.2722222222222222 0.40520833333333334 0.31666666666666665 0.3645833333333333 0.31666666666666665
2 0.27708333333333335 0.31851851851851853 0.2942708333333333 0.31851851851851853 0.2942708333333333 0.3425925925925926 0.27708333333333335 0.3425925925925926
2 0.3145833333333333 0.36944444444444446 0.3458333333333333 0.36944444444444446 0.3458333333333333 0.4074074074074074 0.3145833333333333 0.4074074074074074
2 0.34791666666666665 0.5305555555555556 0.3854166666666667 0.5305555555555556 0.3854166666666667 0.5722222222222222 0.34791666666666665 0.5722222222222222
2 0.3098958333333333 0.24814814814814815 0.33489583333333334 0.24814814814814815 0.33489583333333334 0.28425925925925927 0.3098958333333333 0.28425925925925927
2 0.3375 0.2601851851851852 0.37083333333333335 0.2601851851851852 0.37083333333333335 0.3 0.3375 0.3