0 0.20833333333333334 0.23796296296296296 0.38229166666666664 0.23796296296296296 0.38229166666666664 0.5740740740740741 0.20833333333333334 0.5740740740740741
1 0.1328125 0.3074074074074074 0.215625 0.3074074074074074 0.215625 0.48518518518518516 0.1328125 0.48518518518518516
1 0.4348958333333333 0.18611111111111112 0.48333333333333334 0.18611111111111112 0.48333333333333334 0.25833333333333336 0.4348958333333333 0.25833333333333336
2 0.8375 0.8388888888888889 0.9135416666666667 0.8388888888888889 0.9135416666666667 1 0.8375 1
2 0.6447916666666667 0.31296296296296294 0.6786458333333333 0.31296296296296294 0.6786458333333333 0.40185185185185185 0.6447916666666667 0.40185185185185185
2 0.7578125 0.35 0.7973958333333333 0.35 0.7973958333333333 0.45185185185185184 0.7578125 0.45185185185185184
2 0.008333333333333333 0.5416666666666666 0.08958333333333333 0.5416666666666666 0.08958333333333333 0.7203703703703703 0.008333333333333333 0.7203703703703703
2 0.071875 0.9 0.16666666666666666 0.9 0.16666666666666666 1 0.071875 1
2 0.44375 0.3685185185185185 0.48125 0.3685185185185185 0.48125 0.47685185185185186 0.44375 0.47685185185185186
2 0.7463541666666667 0.5074074074074074 0.8010416666666667 0.5074074074074074 0.8010416666666667 0.6703703703703704 0.7463541666666667 0.6703703703703704
2 0.8942708333333333 0.7203703703703703 0.9927083333333333 0.7203703703703703 0.9927083333333333 0.9546296296296296 0.8942708333333333 0.9546296296296296
2 0.390625 0.16944444444444445 0.4109375 0.16944444444444445 0.4109375 0.22037037037037038 0.390625 0.22037037037037038
2 0.45260416666666664 0.275 0.48125 0.275 0.48125 0.36018518518518516 0.45260416666666664 0.36018518518518516
2 0.4114583333333333 0.46944444444444444 0.45364583333333336 0.46944444444444444 0.45364583333333336 0.6037037037037037 0.4114583333333333 0.6037037037037037
2 0.9104166666666667 0.8064814814814815 0.9984375 0.8064814814814815 0.9984375 0.9481481481481482 0.9104166666666667 0.9481481481481482
2 0.5578125 0.1925925925925926 0.5791666666666667 0.1925925925925926 0.5791666666666667 0.262037037037037 0.5578125 0.262037037037037
2 0.5078125 0.16944444444444445 0.5369791666666667 0.16944444444444445 0.5369791666666667 0.2222222222222222 0.5078125 0.2222222222222222
2 0.5848958333333333 0.13055555555555556 0.603125 0.13055555555555556 0.603125 0.17777777777777778 0.5848958333333333 0.17777777777777778
2 0.5895833333333333 0.5018518518518519 0.6338541666666667 0.5018518518518519 0.6338541666666667 0.6333333333333333 0.5895833333333333 0.6333333333333333
2 0.628125 0.25462962962962965 0.653125 0.25462962962962965 0.653125 0.3333333333333333 0.628125 0.3333333333333333
2 0.6817708333333333 0.2601851851851852 0.7083333333333334 0.2601851851851852 0.7083333333333334 0.33611111111111114 0.6817708333333333 0.33611111111111114
2 0.8307291666666666 0.3824074074074074 0.8755208333333333 0.3824074074074074 0.8755208333333333 0.5046296296296297 0.8307291666666666 0.5046296296296297
1 0.6010416666666667 0.19074074074074074 0.6515625 0.19074074074074074 0.6515625 0.2657407407407407 0.6010416666666667 0.2657407407407407