1 0.13333333333333333 0.35 0.25677083333333334 0.35 0.25677083333333334 0.5259259259259259 0.13333333333333333 0.5259259259259259
1 0.5567708333333333 0.30833333333333335 0.628125 0.30833333333333335 0.628125 0.4222222222222222 0.5567708333333333 0.4222222222222222
1 0.321875 0.20277777777777778 0.378125 0.20277777777777778 0.378125 0.26666666666666666 0.321875 0.26666666666666666
1 0.5302083333333333 0.17592592592592593 0.5635416666666667 0.17592592592592593 0.5635416666666667 0.22870370370370371 0.5302083333333333 0.22870370370370371
1 0.4390625 0.175 0.4739583333333333 0.175 0.4739583333333333 0.24166666666666667 0.4390625 0.24166666666666667
1 0.22083333333333333 0.6824074074074075 0.3963541666666667 0.6824074074074075 0.3963541666666667 0.9962962962962963 0.22083333333333333 0.9962962962962963
2 0.0796875 0.8 0.17604166666666668 0.8 0.17604166666666668 1 0.0796875 1
2 0.24479166666666666 0.525 0.28958333333333336 0.525 0.28958333333333336 0.7175925925925926 0.24479166666666666 0.7175925925925926
2 0.21822916666666667 0.475 0.2546875 0.475 0.2546875 0.6194444444444445 0.21822916666666667 0.6194444444444445
2 0.29791666666666666 0.4398148148148148 0.33177083333333335 0.4398148148148148 0.33177083333333335 0.5796296296296296 0.29791666666666666 0.5796296296296296
2 0.44947916666666665 0.3537037037037037 0.4828125 0.3537037037037037 0.4828125 0.49907407407407406 0.44947916666666665 0.49907407407407406
2 0.403125 0.37037037037037035 0.42864583333333334 0.37037037037037035 0.42864583333333334 0.4981481481481482 0.403125 0.4981481481481482
2 0.36041666666666666 0.3648148148148148 0.390625 0.3648148148148148 0.390625 0.4703703703703704 0.36041666666666666 0.4703703703703704
2 0.32135416666666666 0.35555555555555557 0.3463541666666667 0.35555555555555557 0.3463541666666667 0.4398148148148148 0.32135416666666666 0.4398148148148148
2 0.2708333333333333 0.3787037037037037 0.3 0.3787037037037037 0.3 0.4925925925925926 0.2708333333333333 0.4925925925925926
2 0.3260416666666667 0.2712962962962963 0.34479166666666666 0.2712962962962963 0.34479166666666666 0.3416666666666667 0.3260416666666667 0.3416666666666667
2 0.33541666666666664 0.287962962962963 0.3578125 0.287962962962963 0.3578125 0.375 0.33541666666666664 0.375
2 0.3625 0.3074074074074074 0.38229166666666664 0.3074074074074074 0.38229166666666664 0.39166666666666666 0.3625 0.39166666666666666
2 0.3890625 0.287962962962963 0.4 0.287962962962963 0.4 0.37037037037037035 0.3890625 0.37037037037037035
2 0.38333333333333336 0.25925925925925924 0.40677083333333336 0.25925925925925924 0.40677083333333336 0.337037037037037 0.38333333333333336 0.337037037037037
2 0.42083333333333334 0.25462962962962965 0.43802083333333336 0.25462962962962965 0.43802083333333336 0.3277777777777778 0.42083333333333334 0.3277777777777778
2 0.7557291666666667 0.5944444444444444 0.8140625 0.5944444444444444 0.8140625 0.7824074074074074 0.7557291666666667 0.7824074074074074
2 0.5848958333333333 0.2111111111111111 0.6 0.2111111111111111 0.6 0.2861111111111111 0.5848958333333333 0.2861111111111111
2 0.6067708333333334 0.18796296296296297 0.621875 0.18796296296296297 0.621875 0.2564814814814815 0.6067708333333334 0.2564814814814815
2 0.39791666666666664 0.18333333333333332 0.4083333333333333 0.18333333333333332 0.4083333333333333 0.22314814814814815 0.39791666666666664 0.22314814814814815
2 0.4041666666666667 0.20833333333333334 0.41770833333333335 0.20833333333333334 0.41770833333333335 0.2638888888888889 0.4041666666666667 0.2638888888888889
2 0.41875 0.18888888888888888 0.4317708333333333 0.18888888888888888 0.4317708333333333 0.24351851851851852 0.41875 0.24351851851851852
2 0.49375 0.19814814814814816 0.521875 0.19814814814814816 0.521875 0.2574074074074074 0.49375 0.2574074074074074