1 0.39166666666666666 0.9175925925925926 0.49375 0.9175925925925926 0.49375 1 0.39166666666666666 1
1 0.49322916666666666 0 0.6083333333333333 0 0.6083333333333333 0.15 0.49322916666666666 0.15
1 0.28541666666666665 0.3814814814814815 0.309375 0.3814814814814815 0.309375 0.4388888888888889 0.28541666666666665 0.4388888888888889
2 0.31354166666666666 0.3638888888888889 0.3453125 0.3638888888888889 0.3453125 0.4046296296296296 0.31354166666666666 0.4046296296296296
2 0.3567708333333333 0.2064814814814815 0.3963541666666667 0.2064814814814815 0.3963541666666667 0.24722222222222223 0.3567708333333333 0.24722222222222223
2 0.3234375 0.20092592592592592 0.35520833333333335 0.20092592592592592 0.35520833333333335 0.23981481481481481 0.3234375 0.23981481481481481
2 0.5359375 0.625 0.6447916666666667 0.625 0.6447916666666667 0.7240740740740741 0.5359375 0.7240740740740741
2 0.6296875 0 0.7645833333333333 0 0.7645833333333333 0.09907407407407408 0.6296875 0.09907407407407408
2 0.4739583333333333 0.8638888888888889 0.5609375 0.8638888888888889 0.5609375 0.9490740740740741 0.4739583333333333 0.9490740740740741
2 0.38385416666666666 0.6351851851851852 0.4359375 0.6351851851851852 0.4359375 0.687037037037037 0.38385416666666666 0.687037037037037
0 0.29010416666666666 0.6435185185185185 0.38229166666666664 0.6435185185185185 0.38229166666666664 0.7768518518518519 0.29010416666666666 0.7768518518518519
2 0.4630208333333333 0.7222222222222222 0.5546875 0.7222222222222222 0.5546875 0.7870370370370371 0.4630208333333333 0.7870370370370371
2 0.4046875 0.85 0.4635416666666667 0.85 0.4635416666666667 0.9037037037037037 0.4046875 0.9037037037037037
2 0.3223958333333333 0.5453703703703704 0.35208333333333336 0.5453703703703704 0.35208333333333336 0.5814814814814815 0.3223958333333333 0.5814814814814815
2 0.3390625 0.562962962962963 0.371875 0.562962962962963 0.371875 0.5981481481481481 0.3390625 0.5981481481481481
1 0.2947916666666667 0.29074074074074074 0.3260416666666667 0.29074074074074074 0.3260416666666667 0.3638888888888889 0.2947916666666667 0.3638888888888889
2 0.40572916666666664 0.2 0.46510416666666665 0.2 0.46510416666666665 0.2574074074074074 0.40572916666666664 0.2574074074074074
2 0.3515625 0.600925925925926 0.39895833333333336 0.600925925925926 0.39895833333333336 0.6444444444444445 0.3515625 0.6444444444444445