1 0.4171875 0.9361111111111111 0.5182291666666666 0.9361111111111111 0.5182291666666666 1 0.4171875 1
1 0.5432291666666667 0.649074074074074 0.6958333333333333 0.649074074074074 0.6958333333333333 0.9092592592592592 0.5432291666666667 0.9092592592592592
1 0.4114583333333333 0.2574074074074074 0.48072916666666665 0.2574074074074074 0.48072916666666665 0.38981481481481484 0.4114583333333333 0.38981481481481484
1 0.334375 0.7175925925925926 0.3703125 0.7175925925925926 0.3703125 0.8203703703703704 0.334375 0.8203703703703704
1 0.3229166666666667 0.38425925925925924 0.35208333333333336 0.38425925925925924 0.35208333333333336 0.44722222222222224 0.3229166666666667 0.44722222222222224
1 0.3151041666666667 0.5453703703703704 0.34791666666666665 0.5453703703703704 0.34791666666666665 0.6074074074074074 0.3151041666666667 0.6074074074074074
1 0.309375 0.16944444444444445 0.33125 0.16944444444444445 0.33125 0.24537037037037038 0.309375 0.24537037037037038
2 0.4015625 0.5259259259259259 0.459375 0.5259259259259259 0.459375 0.5722222222222222 0.4015625 0.5722222222222222
2 0.4109375 0.6231481481481481 0.46770833333333334 0.6231481481481481 0.46770833333333334 0.6638888888888889 0.4109375 0.6638888888888889
2 0.675 0.6601851851851852 0.78125 0.6601851851851852 0.78125 0.7777777777777778 0.675 0.7777777777777778
2 0.453125 0.8925925925925926 0.5333333333333333 0.8925925925925926 0.5333333333333333 0.9537037037037037 0.453125 0.9537037037037037
2 0.49270833333333336 0.8287037037037037 0.56875 0.8287037037037037 0.56875 0.8935185185185185 0.49270833333333336 0.8935185185185185
2 0.4322916666666667 0.7759259259259259 0.49895833333333334 0.7759259259259259 0.49895833333333334 0.8185185185185185 0.4322916666666667 0.8185185185185185
2 0.4125 0.8305555555555556 0.4703125 0.8305555555555556 0.4703125 0.8833333333333333 0.4125 0.8833333333333333
2 0.39791666666666664 0.7648148148148148 0.4390625 0.7648148148148148 0.4390625 0.8009259259259259 0.39791666666666664 0.8009259259259259
2 0.3572916666666667 0.7564814814814815 0.3953125 0.7564814814814815 0.3953125 0.7907407407407407 0.3572916666666667 0.7907407407407407
2 0.3671875 0.725 0.4119791666666667 0.725 0.4119791666666667 0.7657407407407407 0.3671875 0.7657407407407407
2 0.375 0.7046296296296296 0.4296875 0.7046296296296296 0.4296875 0.7481481481481481 0.375 0.7481481481481481
2 0.39947916666666666 0.6777777777777778 0.4552083333333333 0.6777777777777778 0.4552083333333333 0.7194444444444444 0.39947916666666666 0.7194444444444444
2 0.3734375 0.6555555555555556 0.41041666666666665 0.6555555555555556 0.41041666666666665 0.6944444444444444 0.3734375 0.6944444444444444
2 0.353125 0.6592592592592592 0.3848958333333333 0.6592592592592592 0.3848958333333333 0.6907407407407408 0.353125 0.6907407407407408
2 0.3463541666666667 0.6175925925925926 0.3927083333333333 0.6175925925925926 0.3927083333333333 0.6416666666666667 0.3463541666666667 0.6416666666666667
2 0.3140625 0.6527777777777778 0.33958333333333335 0.6527777777777778 0.33958333333333335 0.6814814814814815 0.3140625 0.6814814814814815
2 0.33125 0.6407407407407407 0.3619791666666667 0.6407407407407407 0.3619791666666667 0.662962962962963 0.33125 0.662962962962963
2 0.32083333333333336 0.6138888888888889 0.346875 0.6138888888888889 0.346875 0.6324074074074074 0.32083333333333336 0.6324074074074074
2 0.33177083333333335 0.4685185185185185 0.3609375 0.4685185185185185 0.3609375 0.512962962962963 0.33177083333333335 0.512962962962963
2 0.346875 0.30648148148148147 0.38177083333333334 0.30648148148148147 0.38177083333333334 0.3435185185185185 0.346875 0.3435185185185185
2 0.334375 0.2740740740740741 0.37083333333333335 0.2740740740740741 0.37083333333333335 0.3 0.334375 0.3
2 0.32083333333333336 0.29907407407407405 0.35 0.29907407407407405 0.35 0.3194444444444444 0.32083333333333336 0.3194444444444444
2 0.3125 0.33240740740740743 0.3375 0.33240740740740743 0.3375 0.35185185185185186 0.3125 0.35185185185185186
2 0.3182291666666667 0.36574074074074076 0.3375 0.36574074074074076 0.3375 0.38796296296296295 0.3182291666666667 0.38796296296296295
2 0.2994791666666667 0.6287037037037037 0.3234375 0.6287037037037037 0.3234375 0.6509259259259259 0.2994791666666667 0.6509259259259259
2 0.3067708333333333 0.6083333333333333 0.33541666666666664 0.6083333333333333 0.33541666666666664 0.625 0.3067708333333333 0.625