1 0.12916666666666668 0.3537037037037037 0.25416666666666665 0.3537037037037037 0.25416666666666665 0.5324074074074074 0.12916666666666668 0.5324074074074074
1 0.5588541666666667 0.3388888888888889 0.640625 0.3388888888888889 0.640625 0.4722222222222222 0.5588541666666667 0.4722222222222222
1 0.2791666666666667 0.5722222222222222 0.4166666666666667 0.5722222222222222 0.4166666666666667 0.8333333333333334 0.2791666666666667 0.8333333333333334
1 0.31979166666666664 0.20555555555555555 0.3770833333333333 0.20555555555555555 0.3770833333333333 0.27037037037037037 0.31979166666666664 0.27037037037037037
1 0.44479166666666664 0.1712962962962963 0.4786458333333333 0.1712962962962963 0.4786458333333333 0.22592592592592592 0.44479166666666664 0.22592592592592592
1 0.5291666666666667 0.18518518518518517 0.5651041666666666 0.18518518518518517 0.5651041666666666 0.24166666666666667 0.5291666666666667 0.24166666666666667
1 0.6453125 0.15833333333333333 0.6911458333333333 0.15833333333333333 0.6911458333333333 0.20092592592592592 0.6453125 0.20092592592592592
2 0 0.8018518518518518 0.07604166666666666 0.8018518518518518 0.07604166666666666 1 0 1
2 0.16041666666666668 0.6537037037037037 0.2171875 0.6537037037037037 0.2171875 0.8870370370370371 0.16041666666666668 0.8870370370370371
2 0.3578125 0.7712962962962963 0.446875 0.7712962962962963 0.446875 0.987037037037037 0.3578125 0.987037037037037
2 0.8286458333333333 0.7509259259259259 0.9125 0.7509259259259259 0.9125 0.9851851851851852 0.8286458333333333 0.9851851851851852
2 0.4140625 0.3398148148148148 0.4421875 0.3398148148148148 0.4421875 0.4527777777777778 0.4140625 0.4527777777777778
2 0.4552083333333333 0.32685185185185184 0.48020833333333335 0.32685185185185184 0.48020833333333335 0.4222222222222222 0.4552083333333333 0.4222222222222222
2 0.325 0.3768518518518518 0.36041666666666666 0.3768518518518518 0.36041666666666666 0.4898148148148148 0.325 0.4898148148148148
2 0.29010416666666666 0.34444444444444444 0.31927083333333334 0.34444444444444444 0.31927083333333334 0.4462962962962963 0.29010416666666666 0.4462962962962963
2 0.2546875 0.41944444444444445 0.28020833333333334 0.41944444444444445 0.28020833333333334 0.5277777777777778 0.2546875 0.5277777777777778
2 0.28125 0.47962962962962963 0.315625 0.47962962962962963 0.315625 0.625 0.28125 0.625
2 0.5880208333333333 0.21481481481481482 0.5989583333333334 0.21481481481481482 0.5989583333333334 0.2898148148148148 0.5880208333333333 0.2898148148148148
2 0.6114583333333333 0.21388888888888888 0.6276041666666666 0.21388888888888888 0.6276041666666666 0.2796296296296296 0.6114583333333333 0.2796296296296296
2 0.6026041666666667 0.18333333333333332 0.6166666666666667 0.18333333333333332 0.6166666666666667 0.24166666666666667 0.6026041666666667 0.24166666666666667
2 0.4192708333333333 0.23333333333333334 0.4390625 0.23333333333333334 0.4390625 0.3055555555555556 0.4192708333333333 0.3055555555555556
2 0.39479166666666665 0.24074074074074073 0.4083333333333333 0.24074074074074073 0.4083333333333333 0.29074074074074074 0.39479166666666665 0.29074074074074074
2 0.3927083333333333 0.27314814814814814 0.41354166666666664 0.27314814814814814 0.41354166666666664 0.3574074074074074 0.3927083333333333 0.3574074074074074
2 0.33489583333333334 0.25833333333333336 0.353125 0.25833333333333336 0.353125 0.31666666666666665 0.33489583333333334 0.31666666666666665
2 0.34791666666666665 0.27314814814814814 0.3703125 0.27314814814814814 0.3703125 0.3416666666666667 0.34791666666666665 0.3416666666666667
2 0.36770833333333336 0.287962962962963 0.39010416666666664 0.287962962962963 0.39010416666666664 0.37222222222222223 0.36770833333333336 0.37222222222222223
2 0.33125 0.3138888888888889 0.3546875 0.3138888888888889 0.3546875 0.38425925925925924 0.33125 0.38425925925925924
2 0.4921875 0.19722222222222222 0.5135416666666667 0.19722222222222222 0.5135416666666667 0.26296296296296295 0.4921875 0.26296296296296295
2 0.4078125 0.2064814814814815 0.425 0.2064814814814815 0.425 0.25462962962962965 0.4078125 0.25462962962962965
2 0.4234375 0.19444444444444445 0.44114583333333335 0.19444444444444445 0.44114583333333335 0.23796296296296296 0.4234375 0.23796296296296296
2 0.40260416666666665 0.1787037037037037 0.4171875 0.1787037037037037 0.4171875 0.22962962962962963 0.40260416666666665 0.22962962962962963