1 0.13229166666666667 0.34814814814814815 0.2552083333333333 0.34814814814814815 0.2552083333333333 0.5268518518518519 0.13229166666666667 0.5268518518518519
1 0.5526041666666667 0.26481481481481484 0.6114583333333333 0.26481481481481484 0.6114583333333333 0.36203703703703705 0.5526041666666667 0.36203703703703705
1 0.43697916666666664 0.18888888888888888 0.47552083333333334 0.18888888888888888 0.47552083333333334 0.25833333333333336 0.43697916666666664 0.25833333333333336
1 0.3223958333333333 0.2 0.378125 0.2 0.378125 0.26481481481481484 0.3223958333333333 0.26481481481481484
1 0.5291666666666667 0.16296296296296298 0.559375 0.16296296296296298 0.559375 0.21203703703703702 0.5291666666666667 0.21203703703703702
2 0.13333333333333333 0.5833333333333334 0.18697916666666667 0.5833333333333334 0.18697916666666667 0.7935185185185185 0.13333333333333333 0.7935185185185185
2 0.69375 0.40925925925925927 0.7203125 0.40925925925925927 0.7203125 0.5361111111111111 0.69375 0.5361111111111111
2 0.421875 0.48148148148148145 0.46197916666666666 0.48148148148148145 0.46197916666666666 0.6481481481481481 0.421875 0.6481481481481481
2 0.12552083333333333 0.8185185185185185 0.19427083333333334 0.8185185185185185 0.19427083333333334 1 0.12552083333333333 1
2 0.21822916666666667 0.5833333333333334 0.2713541666666667 0.5833333333333334 0.2713541666666667 0.7388888888888889 0.21822916666666667 0.7388888888888889
2 0.24166666666666667 0.4398148148148148 0.2713541666666667 0.4398148148148148 0.2713541666666667 0.5564814814814815 0.24166666666666667 0.5564814814814815
2 0.2916666666666667 0.4111111111111111 0.31197916666666664 0.4111111111111111 0.31197916666666664 0.524074074074074 0.2916666666666667 0.524074074074074
2 0.31875 0.45092592592592595 0.35208333333333336 0.45092592592592595 0.35208333333333336 0.587037037037037 0.31875 0.587037037037037
2 0.30833333333333335 0.3 0.325 0.3 0.325 0.3925925925925926 0.30833333333333335 0.3925925925925926
2 0.3098958333333333 0.3138888888888889 0.34739583333333335 0.3138888888888889 0.34739583333333335 0.4361111111111111 0.3098958333333333 0.4361111111111111
2 0.34739583333333335 0.37037037037037035 0.371875 0.37037037037037035 0.371875 0.4787037037037037 0.34739583333333335 0.4787037037037037
2 0.3671875 0.33425925925925926 0.3963541666666667 0.33425925925925926 0.3963541666666667 0.41944444444444445 0.3671875 0.41944444444444445
2 0.371875 0.2851851851851852 0.3875 0.2851851851851852 0.3875 0.35648148148148145 0.371875 0.35648148148148145
2 0.40989583333333335 0.2722222222222222 0.4359375 0.2722222222222222 0.4359375 0.362962962962963 0.40989583333333335 0.362962962962963
2 0.3723958333333333 0.4583333333333333 0.4083333333333333 0.4583333333333333 0.4083333333333333 0.6129629629629629 0.3723958333333333 0.6129629629629629
2 0.38697916666666665 0.21851851851851853 0.403125 0.21851851851851853 0.403125 0.27314814814814814 0.38697916666666665 0.27314814814814814
2 0.39479166666666665 0.19166666666666668 0.40677083333333336 0.19166666666666668 0.40677083333333336 0.24259259259259258 0.39479166666666665 0.24259259259259258
2 0.4088541666666667 0.2074074074074074 0.42916666666666664 0.2074074074074074 0.42916666666666664 0.2537037037037037 0.4088541666666667 0.2537037037037037
2 0.40989583333333335 0.15462962962962962 0.4234375 0.15462962962962962 0.4234375 0.2074074074074074 0.40989583333333335 0.2074074074074074
2 0.4239583333333333 0.1685185185185185 0.4375 0.1685185185185185 0.4375 0.21388888888888888 0.4239583333333333 0.21388888888888888
2 0.4354166666666667 0.1425925925925926 0.446875 0.1425925925925926 0.446875 0.17962962962962964 0.4354166666666667 0.17962962962962964
2 0.44583333333333336 0.1388888888888889 0.45625 0.1388888888888889 0.45625 0.18425925925925926 0.44583333333333336 0.18425925925925926
2 0.4671875 0.1425925925925926 0.4713541666666667 0.1425925925925926 0.4713541666666667 0.17592592592592593 0.4671875 0.17592592592592593
2 0.4973958333333333 0.18888888888888888 0.521875 0.18888888888888888 0.521875 0.2490740740740741 0.4973958333333333 0.2490740740740741
2 0.5744791666666667 0.17685185185185184 0.5932291666666667 0.17685185185185184 0.5932291666666667 0.24537037037037038 0.5744791666666667 0.24537037037037038
2 0.5973958333333333 0.17222222222222222 0.609375 0.17222222222222222 0.609375 0.2212962962962963 0.5973958333333333 0.2212962962962963
2 0.5916666666666667 0.15185185185185185 0.6010416666666667 0.15185185185185185 0.6010416666666667 0.20092592592592592 0.5916666666666667 0.20092592592592592
2 0.5619791666666667 0.14351851851851852 0.5713541666666667 0.14351851851851852 0.5713541666666667 0.18611111111111112 0.5619791666666667 0.18611111111111112
2 0.5859375 0.13796296296296295 0.59375 0.13796296296296295 0.59375 0.17222222222222222 0.5859375 0.17222222222222222