1 0.146875 0.3074074074074074 0.27291666666666664 0.3074074074074074 0.27291666666666664 0.48518518518518516 0.146875 0.48518518518518516
2 0.2609375 0.6796296296296296 0.3296875 0.6796296296296296 0.3296875 0.9435185185185185 0.2609375 0.9435185185185185
1 0.31979166666666664 0.1814814814814815 0.3770833333333333 0.1814814814814815 0.3770833333333333 0.25462962962962965 0.31979166666666664 0.25462962962962965
2 0.33958333333333335 0.8342592592592593 0.41458333333333336 0.8342592592592593 0.41458333333333336 0.9953703703703703 0.33958333333333335 0.9953703703703703
2 0.725 0.34814814814814815 0.7640625 0.34814814814814815 0.7640625 0.45 0.725 0.45
2 0.5447916666666667 0.18055555555555555 0.5828125 0.18055555555555555 0.5828125 0.22407407407407406 0.5447916666666667 0.22407407407407406
2 0.44427083333333334 0.19537037037037036 0.4640625 0.19537037037037036 0.4640625 0.25 0.44427083333333334 0.25
2 0.440625 0.26481481481481484 0.46979166666666666 0.26481481481481484 0.46979166666666666 0.35833333333333334 0.440625 0.35833333333333334
2 0.6171875 0.2212962962962963 0.6401041666666667 0.2212962962962963 0.6401041666666667 0.29259259259259257 0.6171875 0.29259259259259257
2 0.425 0.16111111111111112 0.4401041666666667 0.16111111111111112 0.4401041666666667 0.20833333333333334 0.425 0.20833333333333334
2 0.375 0.36944444444444446 0.4088541666666667 0.36944444444444446 0.4088541666666667 0.4842592592592593 0.375 0.4842592592592593
2 0.35989583333333336 0.2898148148148148 0.39166666666666666 0.2898148148148148 0.39166666666666666 0.38425925925925924 0.35989583333333336 0.38425925925925924
2 0.3921875 0.18796296296296297 0.4109375 0.18796296296296297 0.4109375 0.24166666666666667 0.3921875 0.24166666666666667
2 0.5692708333333333 0.1361111111111111 0.5833333333333334 0.1361111111111111 0.5833333333333334 0.17592592592592593 0.5692708333333333 0.17592592592592593
2 0.3723958333333333 0.24814814814814815 0.4 0.24814814814814815 0.4 0.31574074074074077 0.3723958333333333 0.31574074074074077
2 0.5890625 0.12314814814814815 0.603125 0.12314814814814815 0.603125 0.1648148148148148 0.5890625 0.1648148148148148
2 0.48125 0.14814814814814814 0.496875 0.14814814814814814 0.496875 0.2 0.48125 0.2
2 0.65 0.225 0.6723958333333333 0.225 0.6723958333333333 0.2935185185185185 0.65 0.2935185185185185
2 0.39739583333333334 0.15185185185185185 0.41458333333333336 0.15185185185185185 0.41458333333333336 0.1935185185185185 0.39739583333333334 0.1935185185185185
2 0.4083333333333333 0.2759259259259259 0.43385416666666665 0.2759259259259259 0.43385416666666665 0.36944444444444446 0.4083333333333333 0.36944444444444446
2 0.6182291666666667 0.1574074074074074 0.6317708333333333 0.1574074074074074 0.6317708333333333 0.21666666666666667 0.6182291666666667 0.21666666666666667