1 0.50625 0 0.6046875 0 0.6046875 0.09259259259259259 0.50625 0.09259259259259259
1 0.6489583333333333 0.1824074074074074 0.6838541666666667 0.1824074074074074 0.6838541666666667 0.30648148148148147 0.6489583333333333 0.30648148148148147
2 0.24010416666666667 0 0.384375 0 0.384375 0.0712962962962963 0.24010416666666667 0.0712962962962963
2 0.42916666666666664 0.9203703703703704 0.5005208333333333 0.9203703703703704 0.5005208333333333 1 0.42916666666666664 1
2 0.5729166666666666 0.6583333333333333 0.6208333333333333 0.6583333333333333 0.6208333333333333 0.7148148148148148 0.5729166666666666 0.7148148148148148
2 0.48072916666666665 0.7509259259259259 0.5505208333333333 0.7509259259259259 0.5505208333333333 0.8240740740740741 0.48072916666666665 0.8240740740740741
2 0.5677083333333334 0.7527777777777778 0.6145833333333334 0.7527777777777778 0.6145833333333334 0.8046296296296296 0.5677083333333334 0.8046296296296296
2 0.4453125 0.09351851851851851 0.5197916666666667 0.09351851851851851 0.5197916666666667 0.17407407407407408 0.4453125 0.17407407407407408
2 0.6390625 0.7314814814814815 0.66875 0.7314814814814815 0.66875 0.7888888888888889 0.6390625 0.7888888888888889
2 0.5953125 0.29814814814814816 0.6401041666666667 0.29814814814814816 0.6401041666666667 0.3509259259259259 0.5953125 0.3509259259259259
2 0.6536458333333334 0.5 0.6916666666666667 0.5 0.6916666666666667 0.5555555555555556 0.6536458333333334 0.5555555555555556
2 0.5713541666666667 0.3527777777777778 0.6296875 0.3527777777777778 0.6296875 0.4111111111111111 0.5713541666666667 0.4111111111111111
2 0.5317708333333333 0.25092592592592594 0.59375 0.25092592592592594 0.59375 0.3148148148148148 0.5317708333333333 0.3148148148148148
2 0.6552083333333333 0.6592592592592592 0.684375 0.6592592592592592 0.684375 0.7037037037037037 0.6552083333333333 0.7037037037037037
2 0.6229166666666667 0.6027777777777777 0.6651041666666667 0.6027777777777777 0.6651041666666667 0.6611111111111111 0.6229166666666667 0.6611111111111111