1 0.1359375 0.3416666666666667 0.259375 0.3416666666666667 0.259375 0.525 0.1359375 0.525
1 0.5515625 0.21574074074074073 0.603125 0.21574074074074073 0.603125 0.29259259259259257 0.5515625 0.29259259259259257
1 0.32447916666666665 0.19537037037037036 0.38385416666666666 0.19537037037037036 0.38385416666666666 0.2601851851851852 0.32447916666666665 0.2601851851851852
1 0.43333333333333335 0.21388888888888888 0.4791666666666667 0.21388888888888888 0.4791666666666667 0.2935185185185185 0.43333333333333335 0.2935185185185185
1 0.6484375 0.14722222222222223 0.6989583333333333 0.14722222222222223 0.6989583333333333 0.19444444444444445 0.6484375 0.19444444444444445
1 0.5276041666666667 0.14351851851851852 0.5572916666666666 0.14351851851851852 0.5572916666666666 0.18796296296296297 0.5276041666666667 0.18796296296296297
2 0.1484375 0.5740740740740741 0.19270833333333334 0.5740740740740741 0.19270833333333334 0.7074074074074074 0.1484375 0.7074074074074074
1 0.8697916666666666 0.2222222222222222 0.9479166666666666 0.2222222222222222 0.9479166666666666 0.29814814814814816 0.8697916666666666 0.29814814814814816
2 0.18489583333333334 0.7194444444444444 0.25052083333333336 0.7194444444444444 0.25052083333333336 0.9768518518518519 0.18489583333333334 0.9768518518518519
2 0.27239583333333334 0.7546296296296297 0.32395833333333335 0.7546296296296297 0.32395833333333335 0.9907407407407407 0.27239583333333334 0.9907407407407407
2 0.21979166666666666 0.5768518518518518 0.2604166666666667 0.5768518518518518 0.2604166666666667 0.7212962962962963 0.21979166666666666 0.7212962962962963
2 0.29791666666666666 0.5111111111111111 0.3385416666666667 0.5111111111111111 0.3385416666666667 0.6648148148148149 0.29791666666666666 0.6648148148148149
2 0.278125 0.3962962962962963 0.29791666666666666 0.3962962962962963 0.29791666666666666 0.5101851851851852 0.278125 0.5101851851851852
2 0.31875 0.4027777777777778 0.35208333333333336 0.4027777777777778 0.35208333333333336 0.5092592592592593 0.31875 0.5092592592592593
2 0.3453125 0.3416666666666667 0.3734375 0.3416666666666667 0.3734375 0.43425925925925923 0.3453125 0.43425925925925923
2 0.3963541666666667 0.3351851851851852 0.4276041666666667 0.3351851851851852 0.4276041666666667 0.4425925925925926 0.3963541666666667 0.4425925925925926
2 0.8078125 0.5277777777777778 0.8713541666666667 0.5277777777777778 0.8713541666666667 0.700925925925926 0.8078125 0.700925925925926
2 0.6421875 0.2796296296296296 0.671875 0.2796296296296296 0.671875 0.3907407407407407 0.6421875 0.3907407407407407
2 0.36875 0.262037037037037 0.3854166666666667 0.262037037037037 0.3854166666666667 0.33055555555555555 0.36875 0.33055555555555555
2 0.378125 0.2111111111111111 0.3953125 0.2111111111111111 0.3953125 0.2777777777777778 0.378125 0.2777777777777778
2 0.403125 0.24814814814814815 0.41770833333333335 0.24814814814814815 0.41770833333333335 0.30277777777777776 0.403125 0.30277777777777776
2 0.4203125 0.18703703703703703 0.4296875 0.18703703703703703 0.4296875 0.2388888888888889 0.4203125 0.2388888888888889
2 0.40989583333333335 0.1712962962962963 0.421875 0.1712962962962963 0.421875 0.2222222222222222 0.40989583333333335 0.2222222222222222
2 0.39947916666666666 0.11203703703703703 0.4114583333333333 0.11203703703703703 0.4114583333333333 0.15 0.39947916666666666 0.15
2 0.42239583333333336 0.1388888888888889 0.43020833333333336 0.1388888888888889 0.43020833333333336 0.17314814814814813 0.42239583333333336 0.17314814814814813
2 0.4354166666666667 0.1537037037037037 0.44375 0.1537037037037037 0.44375 0.2064814814814815 0.4354166666666667 0.2064814814814815
2 0.4484375 0.14722222222222223 0.45677083333333335 0.14722222222222223 0.45677083333333335 0.19166666666666668 0.4484375 0.19166666666666668
2 0.46458333333333335 0.15092592592592594 0.4796875 0.15092592592592594 0.4796875 0.1962962962962963 0.46458333333333335 0.1962962962962963
2 0.4973958333333333 0.20462962962962963 0.525 0.20462962962962963 0.525 0.24722222222222223 0.4973958333333333 0.24722222222222223
2 0.5692708333333333 0.15555555555555556 0.5796875 0.15555555555555556 0.5796875 0.19444444444444445 0.5692708333333333 0.19444444444444445
2 0.5890625 0.14444444444444443 0.6015625 0.14444444444444443 0.6015625 0.19166666666666668 0.5890625 0.19166666666666668
2 0.58125 0.13055555555555556 0.5901041666666667 0.13055555555555556 0.5901041666666667 0.16944444444444445 0.58125 0.16944444444444445
2 0.44375 0.12685185185185185 0.45625 0.12685185185185185 0.45625 0.15925925925925927 0.44375 0.15925925925925927