1 0.50625 0.7666666666666667 0.5885416666666666 0.7666666666666667 0.5885416666666666 0.9388888888888889 0.50625 0.9388888888888889
1 0.6875 0.6148148148148148 0.7130208333333333 0.6148148148148148 0.7130208333333333 0.6833333333333333 0.6875 0.6833333333333333
1 0.5052083333333334 0 0.6078125 0 0.6078125 0.08148148148148149 0.5052083333333334 0.08148148148148149
2 0.3411458333333333 0.950925925925926 0.44479166666666664 0.950925925925926 0.44479166666666664 1 0.3411458333333333 1
2 0.425 0 0.503125 0 0.503125 0.019444444444444445 0.425 0.019444444444444445
2 0.6770833333333334 0.5842592592592593 0.7036458333333333 0.5842592592592593 0.7036458333333333 0.6157407407407407 0.6770833333333334 0.6157407407407407
0 0.5859375 0.17777777777777778 0.6947916666666667 0.17777777777777778 0.6947916666666667 0.3490740740740741 0.5859375 0.3490740740740741
1 0.7041666666666667 0.5546296296296296 0.7255208333333333 0.5546296296296296 0.7255208333333333 0.6055555555555555 0.7041666666666667 0.6055555555555555
2 0.553125 0.2759259259259259 0.6057291666666667 0.2759259259259259 0.6057291666666667 0.3333333333333333 0.553125 0.3333333333333333
2 0.4828125 0.23055555555555557 0.5583333333333333 0.23055555555555557 0.5583333333333333 0.3074074074074074 0.4828125 0.3074074074074074
1 0.6828125 0.4287037037037037 0.7114583333333333 0.4287037037037037 0.7114583333333333 0.49444444444444446 0.6828125 0.49444444444444446
2 0.5692708333333333 0.38425925925925924 0.6223958333333334 0.38425925925925924 0.6223958333333334 0.4361111111111111 0.5692708333333333 0.4361111111111111
2 0.22291666666666668 0 0.3703125 0 0.3703125 0.10185185185185185 0.22291666666666668 0.10185185185185185
2 0.6223958333333334 0.40555555555555556 0.6598958333333333 0.40555555555555556 0.6598958333333333 0.44814814814814813 0.6223958333333334 0.44814814814814813
2 0.646875 0.7046296296296296 0.6760416666666667 0.7046296296296296 0.6760416666666667 0.7388888888888889 0.646875 0.7388888888888889
2 0.6041666666666666 0.7138888888888889 0.6458333333333334 0.7138888888888889 0.6458333333333334 0.7574074074074074 0.6041666666666666 0.7574074074074074
1 0.45989583333333334 0.7240740740740741 0.5484375 0.7240740740740741 0.5484375 0.774074074074074 0.45989583333333334 0.774074074074074