1 0.1453125 0.3296296296296296 0.2677083333333333 0.3296296296296296 0.2677083333333333 0.5074074074074074 0.1453125 0.5074074074074074
1 0.33177083333333335 0.18055555555555555 0.39010416666666664 0.18055555555555555 0.39010416666666664 0.24351851851851852 0.33177083333333335 0.24351851851851852
1 0.5421875 0.11666666666666667 0.5760416666666667 0.11666666666666667 0.5760416666666667 0.1648148148148148 0.5421875 0.1648148148148148
1 0.6557291666666667 0.13240740740740742 0.7067708333333333 0.13240740740740742 0.7067708333333333 0.18333333333333332 0.6557291666666667 0.18333333333333332
2 0.56875 0.1814814814814815 0.6026041666666667 0.1814814814814815 0.6026041666666667 0.24166666666666667 0.56875 0.24166666666666667
2 0.5494791666666666 0.17222222222222222 0.5734375 0.17222222222222222 0.5734375 0.22407407407407406 0.5494791666666666 0.22407407407407406
2 0.43697916666666664 0.19444444444444445 0.4510416666666667 0.19444444444444445 0.4510416666666667 0.2564814814814815 0.43697916666666664 0.2564814814814815
2 0.41510416666666666 0.18796296296296297 0.43125 0.18796296296296297 0.43125 0.24537037037037038 0.41510416666666666 0.24537037037037038
2 0.4244791666666667 0.26296296296296295 0.446875 0.26296296296296295 0.446875 0.3527777777777778 0.4244791666666667 0.3527777777777778
2 0.4015625 0.33240740740740743 0.4270833333333333 0.33240740740740743 0.4270833333333333 0.44537037037037036 0.4015625 0.44537037037037036
2 0.240625 0.43148148148148147 0.2734375 0.43148148148148147 0.2734375 0.5731481481481482 0.240625 0.5731481481481482
2 0.28072916666666664 0.4888888888888889 0.3203125 0.4888888888888889 0.3203125 0.6407407407407407 0.28072916666666664 0.6407407407407407
2 0.678125 0.32592592592592595 0.7015625 0.32592592592592595 0.7015625 0.4287037037037037 0.678125 0.4287037037037037
2 0.33541666666666664 0.29907407407407405 0.3567708333333333 0.29907407407407405 0.3567708333333333 0.3972222222222222 0.33541666666666664 0.3972222222222222
2 0.39010416666666664 0.27685185185185185 0.4046875 0.27685185185185185 0.4046875 0.35833333333333334 0.39010416666666664 0.35833333333333334
2 0.375 0.24259259259259258 0.3932291666666667 0.24259259259259258 0.3932291666666667 0.31203703703703706 0.375 0.31203703703703706
2 0.6645833333333333 0.24166666666666667 0.6802083333333333 0.24166666666666667 0.6802083333333333 0.31203703703703706 0.6645833333333333 0.31203703703703706
2 0.6348958333333333 0.18333333333333332 0.6489583333333333 0.18333333333333332 0.6489583333333333 0.23981481481481481 0.6348958333333333 0.23981481481481481
2 0.5833333333333334 0.11388888888888889 0.5927083333333333 0.11388888888888889 0.5927083333333333 0.1527777777777778 0.5833333333333334 0.1527777777777778
2 0.45989583333333334 0.17037037037037037 0.471875 0.17037037037037037 0.471875 0.21666666666666667 0.45989583333333334 0.21666666666666667
2 0.4817708333333333 0.17222222222222222 0.496875 0.17222222222222222 0.496875 0.2222222222222222 0.4817708333333333 0.2222222222222222
2 0.48489583333333336 0.1388888888888889 0.4953125 0.1388888888888889 0.4953125 0.1712962962962963 0.48489583333333336 0.1712962962962963
2 0.40572916666666664 0.14537037037037037 0.415625 0.14537037037037037 0.415625 0.18611111111111112 0.40572916666666664 0.18611111111111112
2 0.4197916666666667 0.14537037037037037 0.42916666666666664 0.14537037037037037 0.42916666666666664 0.18518518518518517 0.4197916666666667 0.18518518518518517
2 0.4276041666666667 0.15092592592592594 0.4401041666666667 0.15092592592592594 0.4401041666666667 0.1925925925925926 0.4276041666666667 0.1925925925925926
2 0.4401041666666667 0.13055555555555556 0.4453125 0.13055555555555556 0.4453125 0.17222222222222222 0.4401041666666667 0.17222222222222222
2 0.4505208333333333 0.13518518518518519 0.4609375 0.13518518518518519 0.4609375 0.17685185185185184 0.4505208333333333 0.17685185185185184
2 0.47552083333333334 0.11944444444444445 0.4859375 0.11944444444444445 0.4859375 0.1527777777777778 0.47552083333333334 0.1527777777777778
2 0.4609375 0.1259259259259259 0.4703125 0.1259259259259259 0.4703125 0.15555555555555556 0.4609375 0.15555555555555556
2 0.44635416666666666 0.11481481481481481 0.453125 0.11481481481481481 0.453125 0.1361111111111111 0.44635416666666666 0.1361111111111111