1 0.390625 0.9398148148148148 0.49322916666666666 0.9398148148148148 0.49322916666666666 1 0.390625 1
0 0.28854166666666664 0.6472222222222223 0.38958333333333334 0.6472222222222223 0.38958333333333334 0.7944444444444444 0.28854166666666664 0.7944444444444444
1 0.4666666666666667 0 0.5703125 0 0.5703125 0.18796296296296297 0.4666666666666667 0.18796296296296297
2 0.59375 0.07314814814814814 0.6776041666666667 0.07314814814814814 0.6776041666666667 0.17592592592592593 0.59375 0.17592592592592593
1 0.28072916666666664 0.3861111111111111 0.30416666666666664 0.3861111111111111 0.30416666666666664 0.44166666666666665 0.28072916666666664 0.44166666666666665
2 0.5010416666666667 0.8962962962962963 0.59375 0.8962962962962963 0.59375 0.9805555555555555 0.5010416666666667 0.9805555555555555
2 0.5958333333333333 0.6564814814814814 0.734375 0.6564814814814814 0.734375 0.7861111111111111 0.5958333333333333 0.7861111111111111
2 0.49375 0.7444444444444445 0.5848958333333333 0.7444444444444445 0.5848958333333333 0.8231481481481482 0.49375 0.8231481481481482
2 0.3078125 0.37222222222222223 0.3385416666666667 0.37222222222222223 0.3385416666666667 0.412962962962963 0.3078125 0.412962962962963
2 0.346875 0.22314814814814815 0.38177083333333334 0.22314814814814815 0.38177083333333334 0.2611111111111111 0.346875 0.2611111111111111
2 0.3953125 0.6546296296296297 0.453125 0.6546296296296297 0.453125 0.7064814814814815 0.3953125 0.7064814814814815
1 0.2916666666666667 0.29907407407407405 0.321875 0.29907407407407405 0.321875 0.37222222222222223 0.2916666666666667 0.37222222222222223
2 0.3875 0.2101851851851852 0.44114583333333335 0.2101851851851852 0.44114583333333335 0.26666666666666666 0.3875 0.26666666666666666
2 0.3255208333333333 0.5472222222222223 0.35833333333333334 0.5472222222222223 0.35833333333333334 0.5851851851851851 0.3255208333333333 0.5851851851851851
2 0.42916666666666664 0.8824074074074074 0.49114583333333334 0.8824074074074074 0.49114583333333334 0.9398148148148148 0.42916666666666664 0.9398148148148148
2 0.3625 0.6138888888888889 0.41302083333333334 0.6138888888888889 0.41302083333333334 0.6574074074074074 0.3625 0.6574074074074074
2 0.340625 0.5611111111111111 0.3921875 0.5611111111111111 0.3921875 0.5990740740740741 0.340625 0.5990740740740741
2 0.31197916666666664 0.21388888888888888 0.34375 0.21388888888888888 0.34375 0.24074074074074073 0.31197916666666664 0.24074074074074073