1 0.14166666666666666 0.31666666666666665 0.2734375 0.31666666666666665 0.2734375 0.4925925925925926 0.14166666666666666 0.4925925925925926
1 0.325 0.17314814814814813 0.3932291666666667 0.17314814814814813 0.3932291666666667 0.23333333333333334 0.325 0.23333333333333334
2 0.0390625 0.8407407407407408 0.1265625 0.8407407407407408 0.1265625 1 0.0390625 1
2 0.4083333333333333 0.18703703703703703 0.428125 0.18703703703703703 0.428125 0.24074074074074073 0.4083333333333333 0.24074074074074073
2 0.5859375 0.20092592592592592 0.6067708333333334 0.20092592592592592 0.6067708333333334 0.2611111111111111 0.5859375 0.2611111111111111
2 0.24322916666666666 0.562962962962963 0.3015625 0.562962962962963 0.3015625 0.7416666666666667 0.24322916666666666 0.7416666666666667
2 0.6588541666666666 0.19074074074074074 0.6760416666666667 0.19074074074074074 0.6760416666666667 0.23333333333333334 0.6588541666666666 0.23333333333333334
2 0.5385416666666667 0.09722222222222222 0.5520833333333334 0.09722222222222222 0.5520833333333334 0.12777777777777777 0.5385416666666667 0.12777777777777777
2 0.42291666666666666 0.2388888888888889 0.4505208333333333 0.2388888888888889 0.4505208333333333 0.3111111111111111 0.42291666666666666 0.3111111111111111
2 0.6609375 0.3101851851851852 0.6927083333333334 0.3101851851851852 0.6927083333333334 0.4046296296296296 0.6609375 0.4046296296296296
2 0.5890625 0.10462962962962963 0.6026041666666667 0.10462962962962963 0.6026041666666667 0.13703703703703704 0.5890625 0.13703703703703704
2 0.7119791666666667 0.48518518518518516 0.7609375 0.48518518518518516 0.7609375 0.6240740740740741 0.7119791666666667 0.6240740740740741
2 0.43854166666666666 0.18333333333333332 0.45677083333333335 0.18333333333333332 0.45677083333333335 0.23148148148148148 0.43854166666666666 0.23148148148148148
2 0.7453125 0.41759259259259257 0.7864583333333334 0.41759259259259257 0.7864583333333334 0.5287037037037037 0.7453125 0.5287037037037037
2 0.6046875 0.26851851851851855 0.63125 0.26851851851851855 0.63125 0.34629629629629627 0.6046875 0.34629629629629627
2 0.91875 0.7055555555555556 1 0.7055555555555556 1 0.9101851851851852 0.91875 0.9101851851851852
2 0.3671875 0.4398148148148148 0.41041666666666665 0.4398148148148148 0.41041666666666665 0.5907407407407408 0.3671875 0.5907407407407408
2 0.5526041666666667 0.1712962962962963 0.5734375 0.1712962962962963 0.5734375 0.22870370370370371 0.5526041666666667 0.22870370370370371
2 0.5572916666666666 0.16111111111111112 0.5838541666666667 0.16111111111111112 0.5838541666666667 0.21851851851851853 0.5572916666666666 0.21851851851851853
2 0.4546875 0.1574074074074074 0.4703125 0.1574074074074074 0.4703125 0.19537037037037036 0.4546875 0.19537037037037036
2 0.6130208333333333 0.21851851851851853 0.6375 0.21851851851851853 0.6375 0.2824074074074074 0.6130208333333333 0.2824074074074074
2 0.5072916666666667 0.17314814814814813 0.5322916666666667 0.17314814814814813 0.5322916666666667 0.225 0.5072916666666667 0.225
2 0.3609375 0.3675925925925926 0.3848958333333333 0.3675925925925926 0.3848958333333333 0.4666666666666667 0.3609375 0.4666666666666667
2 0.46197916666666666 0.20462962962962963 0.48125 0.20462962962962963 0.48125 0.2833333333333333 0.46197916666666666 0.2833333333333333