1 0.14427083333333332 0.32037037037037036 0.26927083333333335 0.32037037037037036 0.26927083333333335 0.49907407407407406 0.14427083333333332 0.49907407407407406
1 0.465625 0.13703703703703704 0.4973958333333333 0.13703703703703704 0.4973958333333333 0.18333333333333332 0.465625 0.18333333333333332
1 0.33229166666666665 0.17592592592592593 0.384375 0.17592592592592593 0.384375 0.23981481481481481 0.33229166666666665 0.23981481481481481
2 0.04739583333333333 0.7435185185185185 0.14322916666666666 0.7435185185185185 0.14322916666666666 0.9925925925925926 0.04739583333333333 0.9925925925925926
2 0.1984375 0.5583333333333333 0.25885416666666666 0.5583333333333333 0.25885416666666666 0.8222222222222222 0.1984375 0.8222222222222222
2 0.33645833333333336 0.575 0.3734375 0.575 0.3734375 0.7981481481481482 0.33645833333333336 0.7981481481481482
2 0.7609375 0.5861111111111111 0.8083333333333333 0.5861111111111111 0.8083333333333333 0.8074074074074075 0.7609375 0.8074074074074075
2 0.2828125 0.39444444444444443 0.32135416666666666 0.39444444444444443 0.32135416666666666 0.5277777777777778 0.2828125 0.5277777777777778
2 0.31927083333333334 0.412962962962963 0.36354166666666665 0.412962962962963 0.36354166666666665 0.5638888888888889 0.31927083333333334 0.5638888888888889
2 0.39166666666666666 0.43703703703703706 0.4109375 0.43703703703703706 0.4109375 0.5879629629629629 0.39166666666666666 0.5879629629629629
2 0.32395833333333335 0.3212962962962963 0.3463541666666667 0.3212962962962963 0.3463541666666667 0.4 0.32395833333333335 0.4
2 0.3359375 0.2564814814814815 0.3619791666666667 0.2564814814814815 0.3619791666666667 0.34074074074074073 0.3359375 0.34074074074074073
2 0.3880208333333333 0.3055555555555556 0.40989583333333335 0.3055555555555556 0.40989583333333335 0.4074074074074074 0.3880208333333333 0.4074074074074074
2 0.4427083333333333 0.32037037037037036 0.47239583333333335 0.32037037037037036 0.47239583333333335 0.44722222222222224 0.4427083333333333 0.44722222222222224
2 0.44427083333333334 0.22685185185185186 0.459375 0.22685185185185186 0.459375 0.2962962962962963 0.44427083333333334 0.2962962962962963
2 0.4583333333333333 0.2101851851851852 0.47552083333333334 0.2101851851851852 0.47552083333333334 0.28703703703703703 0.4583333333333333 0.28703703703703703
2 0.4609375 0.17407407407407408 0.4739583333333333 0.17407407407407408 0.4739583333333333 0.22685185185185186 0.4609375 0.22685185185185186
2 0.43802083333333336 0.175 0.45 0.175 0.45 0.22592592592592592 0.43802083333333336 0.22592592592592592
2 0.4270833333333333 0.15833333333333333 0.43645833333333334 0.15833333333333333 0.43645833333333334 0.20462962962962963 0.4270833333333333 0.20462962962962963
2 0.41302083333333334 0.18425925925925926 0.42864583333333334 0.18425925925925926 0.42864583333333334 0.24351851851851852 0.41302083333333334 0.24351851851851852
2 0.3765625 0.19907407407407407 0.3880208333333333 0.19907407407407407 0.3880208333333333 0.2638888888888889 0.3765625 0.2638888888888889
2 0.40625 0.22685185185185186 0.428125 0.22685185185185186 0.428125 0.31203703703703706 0.40625 0.31203703703703706
2 0.44166666666666665 0.12222222222222222 0.44947916666666665 0.12222222222222222 0.44947916666666665 0.16574074074074074 0.44166666666666665 0.16574074074074074
2 0.45 0.13518518518518519 0.4557291666666667 0.13518518518518519 0.4557291666666667 0.17962962962962964 0.45 0.17962962962962964
2 0.4583333333333333 0.12314814814814815 0.4666666666666667 0.12314814814814815 0.4666666666666667 0.16203703703703703 0.4583333333333333 0.16203703703703703
2 0.4713541666666667 0.11203703703703703 0.4796875 0.11203703703703703 0.4796875 0.14814814814814814 0.4713541666666667 0.14814814814814814
2 0.5 0.12129629629629629 0.5114583333333333 0.12129629629629629 0.5114583333333333 0.16574074074074074 0.5 0.16574074074074074
2 0.43125 0.11296296296296296 0.43645833333333334 0.11296296296296296 0.43645833333333334 0.15462962962962962 0.43125 0.15462962962962962
2 0.44635416666666666 0.10740740740740741 0.4552083333333333 0.10740740740740741 0.4552083333333333 0.13240740740740742 0.44635416666666666 0.13240740740740742
2 0.5963541666666666 0.14537037037037037 0.6088541666666667 0.14537037037037037 0.6088541666666667 0.17962962962962964 0.5963541666666666 0.17962962962962964
2 0.5994791666666667 0.16574074074074074 0.6130208333333333 0.16574074074074074 0.6130208333333333 0.23148148148148148 0.5994791666666667 0.23148148148148148
2 0.6239583333333333 0.15 0.63125 0.15 0.63125 0.18888888888888888 0.6239583333333333 0.18888888888888888
2 0.6359375 0.1638888888888889 0.6427083333333333 0.1638888888888889 0.6427083333333333 0.21666666666666667 0.6359375 0.21666666666666667
1 0.6026041666666667 0.11574074074074074 0.6453125 0.11574074074074074 0.6453125 0.15462962962962962 0.6026041666666667 0.15462962962962962
2 0.5776041666666667 0.10740740740740741 0.5880208333333333 0.10740740740740741 0.5880208333333333 0.14166666666666666 0.5776041666666667 0.14166666666666666