1 0.4942708333333333 0 0.5947916666666667 0 0.5947916666666667 0.08425925925925926 0.4942708333333333 0.08425925925925926
1 0.49583333333333335 0.3101851851851852 0.5838541666666667 0.3101851851851852 0.5838541666666667 0.45 0.49583333333333335 0.45
1 0.64375 0.19814814814814816 0.6791666666666667 0.19814814814814816 0.6791666666666667 0.30092592592592593 0.64375 0.30092592592592593
1 0.6734375 0.587037037037037 0.7036458333333333 0.587037037037037 0.7036458333333333 0.65 0.6734375 0.65
1 0.6822916666666666 0.7805555555555556 0.7067708333333333 0.7805555555555556 0.7067708333333333 0.8601851851851852 0.6822916666666666 0.8601851851851852
2 0.44895833333333335 0.04722222222222222 0.5375 0.04722222222222222 0.5375 0.10277777777777777 0.44895833333333335 0.10277777777777777
2 0.39375 0.1287037037037037 0.48802083333333335 0.1287037037037037 0.48802083333333335 0.19537037037037036 0.39375 0.19537037037037036
2 0.5494791666666666 0.1814814814814815 0.6104166666666667 0.1814814814814815 0.6104166666666667 0.2324074074074074 0.5494791666666666 0.2324074074074074
2 0.5578125 0.287962962962963 0.615625 0.287962962962963 0.615625 0.3194444444444444 0.5578125 0.3194444444444444
2 0.6109375 0.2712962962962963 0.6510416666666666 0.2712962962962963 0.6510416666666666 0.3212962962962963 0.6109375 0.3212962962962963
2 0.5442708333333334 0.8888888888888888 0.5973958333333333 0.8888888888888888 0.5973958333333333 0.9388888888888889 0.5442708333333334 0.9388888888888889
2 0.5963541666666666 0.8064814814814815 0.6390625 0.8064814814814815 0.6390625 0.8453703703703703 0.5963541666666666 0.8453703703703703
2 0.6322916666666667 0.34814814814814815 0.6651041666666667 0.34814814814814815 0.6651041666666667 0.37777777777777777 0.6322916666666667 0.37777777777777777
2 0.6515625 0.325 0.6875 0.325 0.6875 0.3592592592592593 0.6515625 0.3592592592592593
2 0.6473958333333333 0.39814814814814814 0.6734375 0.39814814814814814 0.6734375 0.41388888888888886 0.6473958333333333 0.41388888888888886
2 0.6166666666666667 0.4064814814814815 0.6557291666666667 0.4064814814814815 0.6557291666666667 0.4425925925925926 0.6166666666666667 0.4425925925925926
2 0.6692708333333334 0.37962962962962965 0.6973958333333333 0.37962962962962965 0.6973958333333333 0.39814814814814814 0.6692708333333334 0.39814814814814814
2 0.6890625 0.32685185185185184 0.7088541666666667 0.32685185185185184 0.7088541666666667 0.35185185185185186 0.6890625 0.35185185185185186
2 0.7046875 0.34074074074074073 0.721875 0.34074074074074073 0.721875 0.35648148148148145 0.7046875 0.35648148148148145
2 0.6447916666666667 0.5537037037037037 0.6822916666666666 0.5537037037037037 0.6822916666666666 0.6194444444444445 0.6447916666666667 0.6194444444444445
2 0.6838541666666667 0.487962962962963 0.7078125 0.487962962962963 0.7078125 0.5083333333333333 0.6838541666666667 0.5083333333333333
2 0.68125 0.45185185185185184 0.7052083333333333 0.45185185185185184 0.7052083333333333 0.4648148148148148 0.68125 0.4648148148148148
2 0.6682291666666667 0.4222222222222222 0.7 0.4222222222222222 0.7 0.4425925925925926 0.6682291666666667 0.4425925925925926
2 0.6854166666666667 0.39537037037037037 0.7057291666666666 0.39537037037037037 0.7057291666666666 0.4111111111111111 0.6854166666666667 0.4111111111111111
2 0.6984375 0.42592592592592593 0.7177083333333333 0.42592592592592593 0.7177083333333333 0.4425925925925926 0.6984375 0.4425925925925926
2 0.6671875 0.6861111111111111 0.6973958333333333 0.6861111111111111 0.6973958333333333 0.7055555555555556 0.6671875 0.7055555555555556