1 0.39791666666666664 0.5481481481481482 0.46875 0.5481481481481482 0.46875 0.6907407407407408 0.39791666666666664 0.6907407407407408
1 0.39739583333333334 0.9055555555555556 0.4947916666666667 0.9055555555555556 0.4947916666666667 1 0.39739583333333334 1
1 0.3182291666666667 0.6990740740740741 0.3536458333333333 0.6990740740740741 0.3536458333333333 0.8185185185185185 0.3182291666666667 0.8185185185185185
2 0.5583333333333333 0 0.6557291666666667 0 0.6557291666666667 0.02962962962962963 0.5583333333333333 0.02962962962962963
2 0.40520833333333334 0.02962962962962963 0.4583333333333333 0.02962962962962963 0.4583333333333333 0.09814814814814815 0.40520833333333334 0.09814814814814815
2 0.43854166666666666 0.8092592592592592 0.49166666666666664 0.8092592592592592 0.49166666666666664 0.8740740740740741 0.43854166666666666 0.8740740740740741
2 0.47708333333333336 0.1111111111111111 0.5494791666666666 0.1111111111111111 0.5494791666666666 0.19814814814814816 0.47708333333333336 0.19814814814814816
2 0.5625 0.8296296296296296 0.6625 0.8296296296296296 0.6625 0.9398148148148148 0.5625 0.9398148148148148
2 0.4744791666666667 0.6981481481481482 0.5541666666666667 0.6981481481481482 0.5541666666666667 0.7777777777777778 0.4744791666666667 0.7777777777777778
2 0.3770833333333333 0.6759259259259259 0.4192708333333333 0.6759259259259259 0.4192708333333333 0.7268518518518519 0.3770833333333333 0.7268518518518519
2 0.4786458333333333 0.8351851851851851 0.5536458333333333 0.8351851851851851 0.5536458333333333 0.9101851851851852 0.4786458333333333 0.9101851851851852
2 0.3265625 0.20462962962962963 0.36041666666666666 0.20462962962962963 0.36041666666666666 0.2388888888888889 0.3265625 0.2388888888888889
2 0.2911458333333333 0.48333333333333334 0.3140625 0.48333333333333334 0.3140625 0.5138888888888888 0.2911458333333333 0.5138888888888888
2 0.32708333333333334 0.27037037037037037 0.359375 0.27037037037037037 0.359375 0.3074074074074074 0.32708333333333334 0.3074074074074074
2 0.31302083333333336 0.5212962962962963 0.34375 0.5212962962962963 0.34375 0.5518518518518518 0.31302083333333336 0.5518518518518518
2 0.3515625 0.6583333333333333 0.390625 0.6583333333333333 0.390625 0.700925925925926 0.3515625 0.700925925925926
2 0.35833333333333334 0.5916666666666667 0.396875 0.5916666666666667 0.396875 0.6324074074074074 0.35833333333333334 0.6324074074074074
2 0.3229166666666667 0.5546296296296296 0.3567708333333333 0.5546296296296296 0.3567708333333333 0.5898148148148148 0.3229166666666667 0.5898148148148148
2 0.28125 0.575925925925926 0.3 0.575925925925926 0.3 0.5990740740740741 0.28125 0.5990740740740741