1 0.49166666666666664 0 0.5916666666666667 0 0.5916666666666667 0.07777777777777778 0.49166666666666664 0.07777777777777778
1 0.5776041666666667 0.36018518518518516 0.6385416666666667 0.36018518518518516 0.6385416666666667 0.4583333333333333 0.5776041666666667 0.4583333333333333
1 0.646875 0.5898148148148148 0.6848958333333334 0.5898148148148148 0.6848958333333334 0.6694444444444444 0.646875 0.6694444444444444
1 0.6401041666666667 0.1925925925925926 0.6755208333333333 0.1925925925925926 0.6755208333333333 0.2953703703703704 0.6401041666666667 0.2953703703703704
1 0.6895833333333333 0.5481481481481482 0.7119791666666667 0.5481481481481482 0.7119791666666667 0.5990740740740741 0.6895833333333333 0.5990740740740741
2 0.34479166666666666 0.000925925925925926 0.44635416666666666 0.000925925925925926 0.44635416666666666 0.09074074074074075 0.34479166666666666 0.09074074074074075
2 0.44166666666666665 0.14166666666666666 0.5328125 0.14166666666666666 0.5328125 0.19722222222222222 0.44166666666666665 0.19722222222222222
2 0.42864583333333334 0.2175925925925926 0.515625 0.2175925925925926 0.515625 0.2851851851851852 0.42864583333333334 0.2851851851851852
2 0.5432291666666667 0.19722222222222222 0.6026041666666667 0.19722222222222222 0.6026041666666667 0.23425925925925925 0.5432291666666667 0.23425925925925925
2 0.5442708333333334 0.28425925925925927 0.6078125 0.28425925925925927 0.6078125 0.325 0.5442708333333334 0.325
2 0.6005208333333333 0.24722222222222223 0.6484375 0.24722222222222223 0.6484375 0.2851851851851852 0.6005208333333333 0.2851851851851852
2 0.5166666666666667 0.9018518518518519 0.5807291666666666 0.9018518518518519 0.5807291666666666 0.9490740740740741 0.5166666666666667 0.9490740740740741
2 0.6203125 0.7212962962962963 0.6661458333333333 0.7212962962962963 0.6661458333333333 0.7490740740740741 0.6203125 0.7490740740740741
2 0.6401041666666667 0.3074074074074074 0.6739583333333333 0.3074074074074074 0.6739583333333333 0.3425925925925926 0.6401041666666667 0.3425925925925926
2 0.6177083333333333 0.34074074074074073 0.65625 0.34074074074074073 0.65625 0.362962962962963 0.6177083333333333 0.362962962962963
2 0.6520833333333333 0.3712962962962963 0.684375 0.3712962962962963 0.684375 0.38981481481481484 0.6520833333333333 0.38981481481481484
2 0.671875 0.35 0.6973958333333333 0.35 0.6973958333333333 0.36203703703703705 0.671875 0.36203703703703705
2 0.6911458333333333 0.32407407407407407 0.7151041666666667 0.32407407407407407 0.7151041666666667 0.34444444444444444 0.6911458333333333 0.34444444444444444
2 0.6432291666666666 0.5166666666666667 0.6807291666666667 0.5166666666666667 0.6807291666666667 0.5703703703703704 0.6432291666666666 0.5703703703703704
2 0.6536458333333334 0.4222222222222222 0.6791666666666667 0.4222222222222222 0.6791666666666667 0.4462962962962963 0.6536458333333334 0.4462962962962963
2 0.65625 0.4027777777777778 0.6838541666666667 0.4027777777777778 0.6838541666666667 0.42314814814814816 0.65625 0.42314814814814816
2 0.6786458333333333 0.39444444444444443 0.7015625 0.39444444444444443 0.7015625 0.4046296296296296 0.6786458333333333 0.4046296296296296
2 0.6947916666666667 0.4027777777777778 0.7119791666666667 0.4027777777777778 0.7119791666666667 0.4185185185185185 0.6947916666666667 0.4185185185185185
2 0.6833333333333333 0.42314814814814816 0.7078125 0.42314814814814816 0.7078125 0.4324074074074074 0.6833333333333333 0.4324074074074074
2 0.690625 0.43425925925925923 0.7098958333333333 0.43425925925925923 0.7098958333333333 0.4444444444444444 0.690625 0.4444444444444444
2 0.6932291666666667 0.45555555555555555 0.7135416666666666 0.45555555555555555 0.7135416666666666 0.4740740740740741 0.6932291666666667 0.4740740740740741
2 0.6895833333333333 0.612037037037037 0.7125 0.612037037037037 0.7125 0.6268518518518519 0.6895833333333333 0.6268518518518519
2 0.6890625 0.6435185185185185 0.7135416666666666 0.6435185185185185 0.7135416666666666 0.6638888888888889 0.6890625 0.6638888888888889