1 0.14427083333333332 0.3138888888888889 0.2708333333333333 0.3138888888888889 0.2708333333333333 0.487962962962963 0.14427083333333332 0.487962962962963
1 0.32395833333333335 0.17314814814814813 0.39114583333333336 0.17314814814814813 0.39114583333333336 0.23425925925925925 0.32395833333333335 0.23425925925925925
2 0.828125 0.5564814814814815 0.8895833333333333 0.5564814814814815 0.8895833333333333 0.7175925925925926 0.828125 0.7175925925925926
2 0.5994791666666667 0.17592592592592593 0.6239583333333333 0.17592592592592593 0.6239583333333333 0.22407407407407406 0.5994791666666667 0.22407407407407406
2 0.5869791666666667 0.2537037037037037 0.6151041666666667 0.2537037037037037 0.6151041666666667 0.3351851851851852 0.5869791666666667 0.3351851851851852
2 0.6291666666666667 0.36574074074074076 0.6640625 0.36574074074074076 0.6640625 0.47129629629629627 0.6291666666666667 0.47129629629629627
2 0.7083333333333334 0.4287037037037037 0.7479166666666667 0.4287037037037037 0.7479166666666667 0.5472222222222223 0.7083333333333334 0.5472222222222223
2 0.228125 0.5277777777777778 0.28020833333333334 0.5277777777777778 0.28020833333333334 0.6787037037037037 0.228125 0.6787037037037037
2 0.11197916666666667 0.8601851851851852 0.19739583333333333 0.8601851851851852 0.19739583333333333 0.9981481481481481 0.11197916666666667 0.9981481481481481
2 0.3411458333333333 0.3675925925925926 0.38177083333333334 0.3675925925925926 0.38177083333333334 0.49074074074074076 0.3411458333333333 0.49074074074074076
2 0.4083333333333333 0.30185185185185187 0.4432291666666667 0.30185185185185187 0.4432291666666667 0.4083333333333333 0.4083333333333333 0.4083333333333333
2 0.8520833333333333 0.8212962962962963 0.9270833333333334 0.8212962962962963 0.9270833333333334 0.9953703703703703 0.8520833333333333 0.9953703703703703
2 0.6364583333333333 0.27037037037037037 0.6609375 0.27037037037037037 0.6609375 0.3509259259259259 0.6364583333333333 0.3509259259259259
2 0.6416666666666667 0.19166666666666668 0.6666666666666666 0.19166666666666668 0.6666666666666666 0.24814814814814815 0.6416666666666667 0.24814814814814815
2 0.5015625 0.16111111111111112 0.53125 0.16111111111111112 0.53125 0.22685185185185186 0.5015625 0.22685185185185186
2 0.5552083333333333 0.19074074074074074 0.5838541666666667 0.19074074074074074 0.5838541666666667 0.26481481481481484 0.5552083333333333 0.26481481481481484
2 0.3859375 0.2777777777777778 0.40625 0.2777777777777778 0.40625 0.3731481481481482 0.3859375 0.3731481481481482
2 0.4395833333333333 0.17592592592592593 0.4552083333333333 0.17592592592592593 0.4552083333333333 0.24722222222222223 0.4395833333333333 0.24722222222222223
2 0.4666666666666667 0.15648148148148147 0.47760416666666666 0.15648148148148147 0.47760416666666666 0.225 0.4666666666666667 0.225
2 0.4203125 0.15092592592592594 0.434375 0.15092592592592594 0.434375 0.2074074074074074 0.4203125 0.2074074074074074