1 0.5057291666666667 0 0.6046875 0 0.6046875 0.09259259259259259 0.5057291666666667 0.09259259259259259
1 0.6489583333333333 0.18425925925925926 0.6838541666666667 0.18425925925925926 0.6838541666666667 0.30648148148148147 0.6489583333333333 0.30648148148148147
2 0.4296875 0.9157407407407407 0.50625 0.9157407407407407 0.50625 0.9972222222222222 0.4296875 0.9972222222222222
2 0.23333333333333334 0 0.37604166666666666 0 0.37604166666666666 0.05925925925925926 0.23333333333333334 0.05925925925925926
2 0.4359375 0.08333333333333333 0.5145833333333333 0.08333333333333333 0.5145833333333333 0.16944444444444445 0.4359375 0.16944444444444445
2 0.6390625 0.7342592592592593 0.6703125 0.7342592592592593 0.6703125 0.787962962962963 0.6390625 0.787962962962963
2 0.5744791666666667 0.6583333333333333 0.6234375 0.6583333333333333 0.6234375 0.7129629629629629 0.5744791666666667 0.7129629629629629
2 0.5697916666666667 0.7518518518518519 0.6161458333333333 0.7518518518518519 0.6161458333333333 0.8018518518518518 0.5697916666666667 0.8018518518518518
2 0.5927083333333333 0.29907407407407405 0.6395833333333333 0.29907407407407405 0.6395833333333333 0.35 0.5927083333333333 0.35
2 0.4859375 0.7462962962962963 0.5546875 0.7462962962962963 0.5546875 0.8185185185185185 0.4859375 0.8185185185185185
2 0.5296875 0.2564814814814815 0.5911458333333334 0.2564814814814815 0.5911458333333334 0.31666666666666665 0.5296875 0.31666666666666665
2 0.6552083333333333 0.6583333333333333 0.6828125 0.6583333333333333 0.6828125 0.7074074074074074 0.6552083333333333 0.7074074074074074
2 0.6536458333333334 0.5009259259259259 0.6911458333333333 0.5009259259259259 0.6911458333333333 0.5564814814814815 0.6536458333333334 0.5564814814814815
2 0.5692708333333333 0.3527777777777778 0.6276041666666666 0.3527777777777778 0.6276041666666666 0.4101851851851852 0.5692708333333333 0.4101851851851852
2 0.6307291666666667 0.6037037037037037 0.6682291666666667 0.6037037037037037 0.6682291666666667 0.6601851851851852 0.6307291666666667 0.6601851851851852
2 0.6927083333333334 0.5879629629629629 0.7145833333333333 0.5879629629629629 0.7145833333333333 0.6157407407407407 0.6927083333333334 0.6157407407407407