1 0.14270833333333333 0.32314814814814813 0.271875 0.32314814814814813 0.271875 0.49537037037037035 0.14270833333333333 0.49537037037037035
1 0.321875 0.18055555555555555 0.39010416666666664 0.18055555555555555 0.39010416666666664 0.23703703703703705 0.321875 0.23703703703703705
2 0.8088541666666667 0.4925925925925926 0.8651041666666667 0.4925925925925926 0.8651041666666667 0.65 0.8088541666666667 0.65
2 0.6916666666666667 0.31574074074074077 0.7265625 0.31574074074074077 0.7265625 0.4064814814814815 0.6916666666666667 0.4064814814814815
2 0.4348958333333333 0.13425925925925927 0.44895833333333335 0.13425925925925927 0.44895833333333335 0.17222222222222222 0.4348958333333333 0.17222222222222222
2 0.39166666666666666 0.2222222222222222 0.41510416666666666 0.2222222222222222 0.41510416666666666 0.287962962962963 0.39166666666666666 0.287962962962963
2 0.65 0.32314814814814813 0.6859375 0.32314814814814813 0.6859375 0.4222222222222222 0.65 0.4222222222222222
2 0.25677083333333334 0.6074074074074074 0.31875 0.6074074074074074 0.31875 0.7796296296296297 0.25677083333333334 0.7796296296296297
2 0.5552083333333333 0.14351851851851852 0.5770833333333333 0.14351851851851852 0.5770833333333333 0.18796296296296297 0.5552083333333333 0.18796296296296297
2 0.3963541666666667 0.325 0.4328125 0.325 0.4328125 0.43703703703703706 0.3963541666666667 0.43703703703703706
2 0.6427083333333333 0.24259259259259258 0.6666666666666666 0.24259259259259258 0.6666666666666666 0.30833333333333335 0.6427083333333333 0.30833333333333335
2 0.45 0.18703703703703703 0.4739583333333333 0.18703703703703703 0.4739583333333333 0.24722222222222223 0.45 0.24722222222222223
2 0.42604166666666665 0.24259259259259258 0.44947916666666665 0.24259259259259258 0.44947916666666665 0.30277777777777776 0.42604166666666665 0.30277777777777776
2 0.48333333333333334 0.1388888888888889 0.49895833333333334 0.1388888888888889 0.49895833333333334 0.1824074074074074 0.48333333333333334 0.1824074074074074
2 0.5984375 0.1675925925925926 0.61875 0.1675925925925926 0.61875 0.21574074074074073 0.5984375 0.21574074074074073
2 0.2484375 0.8018518518518518 0.31614583333333335 0.8018518518518518 0.31614583333333335 1 0.2484375 1