1 0.4015625 0.29814814814814816 0.471875 0.29814814814814816 0.471875 0.41203703703703703 0.4015625 0.41203703703703703
1 0.1484375 0.3175925925925926 0.2713541666666667 0.3175925925925926 0.2713541666666667 0.4898148148148148 0.1484375 0.4898148148148148
1 0.32083333333333336 0.17777777777777778 0.3890625 0.17777777777777778 0.3890625 0.24074074074074073 0.32083333333333336 0.24074074074074073
2 0.21354166666666666 0.8592592592592593 0.28854166666666664 0.8592592592592593 0.28854166666666664 0.9962962962962963 0.21354166666666666 0.9962962962962963
2 0.20208333333333334 0.44074074074074077 0.253125 0.44074074074074077 0.253125 0.5722222222222222 0.20208333333333334 0.5722222222222222
2 0.3078125 0.35648148148148145 0.3411458333333333 0.35648148148148145 0.3411458333333333 0.4425925925925926 0.3078125 0.4425925925925926
2 0.11927083333333334 0.6092592592592593 0.18125 0.6092592592592593 0.18125 0.812962962962963 0.11927083333333334 0.812962962962963
2 0.7526041666666666 0.35648148148148145 0.7942708333333334 0.35648148148148145 0.7942708333333334 0.4666666666666667 0.7526041666666666 0.4666666666666667
2 0.29583333333333334 0.5231481481481481 0.3484375 0.5231481481481481 0.3484375 0.6759259259259259 0.29583333333333334 0.6759259259259259
2 0.2916666666666667 0.4222222222222222 0.3302083333333333 0.4222222222222222 0.3302083333333333 0.5222222222222223 0.2916666666666667 0.5222222222222223
2 0.3578125 0.3925925925925926 0.39947916666666666 0.3925925925925926 0.39947916666666666 0.5166666666666667 0.3578125 0.5166666666666667
2 0.3848958333333333 0.27037037037037037 0.4078125 0.27037037037037037 0.4078125 0.3333333333333333 0.3848958333333333 0.3333333333333333
2 0.8203125 0.7333333333333333 0.8979166666666667 0.7333333333333333 0.8979166666666667 0.9675925925925926 0.8203125 0.9675925925925926
2 0.6572916666666667 0.2101851851851852 0.6796875 0.2101851851851852 0.6796875 0.2740740740740741 0.6572916666666667 0.2740740740740741
2 0.6182291666666667 0.20925925925925926 0.6395833333333333 0.20925925925925926 0.6395833333333333 0.27314814814814814 0.6182291666666667 0.27314814814814814
2 0.42291666666666666 0.1962962962962963 0.4395833333333333 0.1962962962962963 0.4395833333333333 0.24444444444444444 0.42291666666666666 0.24444444444444444
2 0.43333333333333335 0.24166666666666667 0.45364583333333336 0.24166666666666667 0.45364583333333336 0.2935185185185185 0.43333333333333335 0.2935185185185185
2 0.4453125 0.10462962962962963 0.4583333333333333 0.10462962962962963 0.4583333333333333 0.1398148148148148 0.4453125 0.1398148148148148
2 0.45208333333333334 0.1814814814814815 0.4708333333333333 0.1814814814814815 0.4708333333333333 0.23425925925925925 0.45208333333333334 0.23425925925925925
2 0.4734375 0.15925925925925927 0.4901041666666667 0.15925925925925927 0.4901041666666667 0.20833333333333334 0.4734375 0.20833333333333334
2 0.4984375 0.17314814814814813 0.5223958333333333 0.17314814814814813 0.5223958333333333 0.23796296296296296 0.4984375 0.23796296296296296
2 0.3958333333333333 0.24074074074074073 0.4171875 0.24074074074074073 0.4171875 0.28888888888888886 0.3958333333333333 0.28888888888888886