1 0.40989583333333335 0.24166666666666667 0.534375 0.24166666666666667 0.534375 0.4305555555555556 0.40989583333333335 0.4305555555555556
1 0.49895833333333334 0 0.5984375 0 0.5984375 0.08888888888888889 0.49895833333333334 0.08888888888888889
1 0.6442708333333333 0.19907407407407407 0.6802083333333333 0.19907407407407407 0.6802083333333333 0.3037037037037037 0.6442708333333333 0.3037037037037037
1 0.6833333333333333 0.587037037037037 0.7114583333333333 0.587037037037037 0.7114583333333333 0.6435185185185185 0.6833333333333333 0.6435185185185185
2 0.47760416666666666 0.8898148148148148 0.5520833333333334 0.8898148148148148 0.5520833333333334 0.9555555555555556 0.47760416666666666 0.9555555555555556
2 0.5119791666666667 0.13333333333333333 0.5822916666666667 0.13333333333333333 0.5822916666666667 0.175 0.5119791666666667 0.175
2 0.5177083333333333 0.2361111111111111 0.5739583333333333 0.2361111111111111 0.5739583333333333 0.26481481481481484 0.5177083333333333 0.26481481481481484
2 0.5932291666666667 0.2518518518518518 0.6427083333333333 0.2518518518518518 0.6427083333333333 0.28055555555555556 0.5932291666666667 0.28055555555555556
2 0.6036458333333333 0.33796296296296297 0.6484375 0.33796296296296297 0.6484375 0.3648148148148148 0.6036458333333333 0.3648148148148148
2 0.5927083333333333 0.37777777777777777 0.6302083333333334 0.37777777777777777 0.6302083333333334 0.4074074074074074 0.5927083333333333 0.4074074074074074
2 0.625 0.38425925925925924 0.659375 0.38425925925925924 0.659375 0.41759259259259257 0.625 0.41759259259259257
2 0.634375 0.3175925925925926 0.6697916666666667 0.3175925925925926 0.6697916666666667 0.33425925925925926 0.634375 0.33425925925925926
2 0.6802083333333333 0.3314814814814815 0.7072916666666667 0.3314814814814815 0.7072916666666667 0.34444444444444444 0.6802083333333333 0.34444444444444444
2 0.6588541666666666 0.3638888888888889 0.6859375 0.3638888888888889 0.6859375 0.3925925925925926 0.6588541666666666 0.3925925925925926
2 0.6838541666666667 0.3861111111111111 0.7 0.3861111111111111 0.7 0.4 0.6838541666666667 0.4
2 0.6854166666666667 0.37592592592592594 0.7036458333333333 0.37592592592592594 0.7036458333333333 0.3907407407407407 0.6854166666666667 0.3907407407407407
2 0.6552083333333333 0.412962962962963 0.6854166666666667 0.412962962962963 0.6854166666666667 0.4361111111111111 0.6552083333333333 0.4361111111111111
2 0.678125 0.41203703703703703 0.6958333333333333 0.41203703703703703 0.6958333333333333 0.42777777777777776 0.678125 0.42777777777777776
2 0.6708333333333333 0.4388888888888889 0.6979166666666666 0.4388888888888889 0.6979166666666666 0.4601851851851852 0.6708333333333333 0.4601851851851852
2 0.6734375 0.4824074074074074 0.6979166666666666 0.4824074074074074 0.6979166666666666 0.5055555555555555 0.6734375 0.5055555555555555
2 0.6984375 0.4842592592592593 0.7182291666666667 0.4842592592592593 0.7182291666666667 0.5 0.6984375 0.5
2 0.7005208333333334 0.44907407407407407 0.7197916666666667 0.44907407407407407 0.7197916666666667 0.4685185185185185 0.7005208333333334 0.4685185185185185
2 0.6942708333333333 0.4203703703703704 0.7130208333333333 0.4203703703703704 0.7130208333333333 0.4351851851851852 0.6942708333333333 0.4351851851851852
2 0.6973958333333333 0.43333333333333335 0.715625 0.43333333333333335 0.715625 0.4527777777777778 0.6973958333333333 0.4527777777777778
2 0.6880208333333333 0.4 0.7114583333333333 0.4 0.7114583333333333 0.4212962962962963 0.6880208333333333 0.4212962962962963
2 0.6916666666666667 0.3712962962962963 0.7098958333333333 0.3712962962962963 0.7098958333333333 0.38333333333333336 0.6916666666666667 0.38333333333333336
2 0.6484375 0.5814814814814815 0.6796875 0.5814814814814815 0.6796875 0.6481481481481481 0.6484375 0.6481481481481481
2 0.6838541666666667 0.6675925925925926 0.7057291666666666 0.6675925925925926 0.7057291666666666 0.6814814814814815 0.6838541666666667 0.6814814814814815
1 0.68125 0.7768518518518519 0.70625 0.7768518518518519 0.70625 0.8712962962962963 0.68125 0.8712962962962963
2 0.6229166666666667 0.762962962962963 0.6609375 0.762962962962963 0.6609375 0.8027777777777778 0.6229166666666667 0.8027777777777778
2 0.5802083333333333 0.8324074074074074 0.625 0.8324074074074074 0.625 0.8833333333333333 0.5802083333333333 0.8833333333333333