1 0.5640625 0.41574074074074074 0.6692708333333334 0.41574074074074074 0.6692708333333334 0.5851851851851851 0.5640625 0.5851851851851851
1 0.12395833333333334 0.35648148148148145 0.25416666666666665 0.35648148148148145 0.25416666666666665 0.5351851851851852 0.12395833333333334 0.5351851851851852
1 0.3411458333333333 0.4425925925925926 0.43697916666666664 0.4425925925925926 0.43697916666666664 0.6148148148148148 0.3411458333333333 0.6148148148148148
1 0.5317708333333333 0.20925925925925926 0.5708333333333333 0.20925925925925926 0.5708333333333333 0.27037037037037037 0.5317708333333333 0.27037037037037037
1 0.3177083333333333 0.20833333333333334 0.3671875 0.20833333333333334 0.3671875 0.2722222222222222 0.3177083333333333 0.2722222222222222
1 0.4479166666666667 0.1685185185185185 0.4791666666666667 0.1685185185185185 0.4791666666666667 0.21388888888888888 0.4479166666666667 0.21388888888888888
1 0.6380208333333334 0.16296296296296298 0.6885416666666667 0.16296296296296298 0.6885416666666667 0.20277777777777778 0.6380208333333334 0.20277777777777778
2 0.23802083333333332 0.5564814814814815 0.2838541666666667 0.5564814814814815 0.2838541666666667 0.6712962962962963 0.23802083333333332 0.6712962962962963
1 0.5088541666666667 0.1259259259259259 0.5333333333333333 0.1259259259259259 0.5333333333333333 0.16111111111111112 0.5088541666666667 0.16111111111111112
2 0.39114583333333336 0.5851851851851851 0.46458333333333335 0.5851851851851851 0.46458333333333335 0.7953703703703704 0.39114583333333336 0.7953703703703704
2 0.06666666666666667 0.575925925925926 0.12552083333333333 0.575925925925926 0.12552083333333333 0.8166666666666667 0.06666666666666667 0.8166666666666667
2 0.12395833333333334 0.6157407407407407 0.1640625 0.6157407407407407 0.1640625 0.8351851851851851 0.12395833333333334 0.8351851851851851
2 0.296875 0.35 0.32395833333333335 0.35 0.32395833333333335 0.46111111111111114 0.296875 0.46111111111111114
2 0.3151041666666667 0.3111111111111111 0.340625 0.3111111111111111 0.340625 0.40925925925925927 0.3151041666666667 0.40925925925925927
2 0.3328125 0.37592592592592594 0.35989583333333336 0.37592592592592594 0.35989583333333336 0.46574074074074073 0.3328125 0.46574074074074073
2 0.35833333333333334 0.3148148148148148 0.375 0.3148148148148148 0.375 0.42407407407407405 0.35833333333333334 0.42407407407407405
2 0.34375 0.2898148148148148 0.3619791666666667 0.2898148148148148 0.3619791666666667 0.3638888888888889 0.34375 0.3638888888888889
2 0.34791666666666665 0.23148148148148148 0.3651041666666667 0.23148148148148148 0.3651041666666667 0.30277777777777776 0.34791666666666665 0.30277777777777776
2 0.35989583333333336 0.23333333333333334 0.38385416666666666 0.23333333333333334 0.38385416666666666 0.32314814814814813 0.35989583333333336 0.32314814814814813
2 0.3734375 0.262037037037037 0.3927083333333333 0.262037037037037 0.3927083333333333 0.34629629629629627 0.3734375 0.34629629629629627
2 0.4041666666666667 0.27314814814814814 0.4192708333333333 0.27314814814814814 0.4192708333333333 0.3537037037037037 0.4041666666666667 0.3537037037037037
2 0.428125 0.2796296296296296 0.4557291666666667 0.2796296296296296 0.4557291666666667 0.3962962962962963 0.428125 0.3962962962962963
2 0.4479166666666667 0.24351851851851852 0.4744791666666667 0.24351851851851852 0.4744791666666667 0.33796296296296297 0.4479166666666667 0.33796296296296297
2 0.40208333333333335 0.25277777777777777 0.41822916666666665 0.25277777777777777 0.41822916666666665 0.30462962962962964 0.40208333333333335 0.30462962962962964
2 0.39791666666666664 0.21851851851851853 0.4166666666666667 0.21851851851851853 0.4166666666666667 0.2638888888888889 0.39791666666666664 0.2638888888888889
2 0.4239583333333333 0.2064814814814815 0.43802083333333336 0.2064814814814815 0.43802083333333336 0.2740740740740741 0.4239583333333333 0.2740740740740741
2 0.40520833333333334 0.1675925925925926 0.41822916666666665 0.1675925925925926 0.41822916666666665 0.21666666666666667 0.40520833333333334 0.21666666666666667
2 0.4125 0.18333333333333332 0.425 0.18333333333333332 0.425 0.23055555555555557 0.4125 0.23055555555555557
2 0.4239583333333333 0.1648148148148148 0.434375 0.1648148148148148 0.434375 0.20833333333333334 0.4239583333333333 0.20833333333333334
2 0.4791666666666667 0.19074074074074074 0.49583333333333335 0.19074074074074074 0.49583333333333335 0.24444444444444444 0.4791666666666667 0.24444444444444444
2 0.490625 0.1935185185185185 0.515625 0.1935185185185185 0.515625 0.26666666666666666 0.490625 0.26666666666666666
2 0.596875 0.25925925925925924 0.6208333333333333 0.25925925925925924 0.6208333333333333 0.3453703703703704 0.596875 0.3453703703703704
2 0.6239583333333333 0.23703703703703705 0.6395833333333333 0.23703703703703705 0.6395833333333333 0.3212962962962963 0.6239583333333333 0.3212962962962963
2 0.6098958333333333 0.2064814814814815 0.6244791666666667 0.2064814814814815 0.6244791666666667 0.262037037037037 0.6098958333333333 0.262037037037037
2 0.5713541666666667 0.17685185185185184 0.5848958333333333 0.17685185185185184 0.5848958333333333 0.2351851851851852 0.5713541666666667 0.2351851851851852
2 0.5875 0.17037037037037037 0.6 0.17037037037037037 0.6 0.23055555555555557 0.5875 0.23055555555555557
2 0.5494791666666666 0.1425925925925926 0.5609375 0.1425925925925926 0.5609375 0.1814814814814815 0.5494791666666666 0.1814814814814815
2 0.54375 0.13518518518518519 0.5505208333333333 0.13518518518518519 0.5505208333333333 0.16944444444444445 0.54375 0.16944444444444445
2 0.5614583333333333 0.13425925925925927 0.571875 0.13425925925925927 0.571875 0.17037037037037037 0.5614583333333333 0.17037037037037037
2 0.5744791666666667 0.13425925925925927 0.5864583333333333 0.13425925925925927 0.5864583333333333 0.1712962962962963 0.5744791666666667 0.1712962962962963