1 0.13645833333333332 0.337037037037037 0.2578125 0.337037037037037 0.2578125 0.524074074074074 0.13645833333333332 0.524074074074074
1 0.43072916666666666 0.22037037037037038 0.4828125 0.22037037037037038 0.4828125 0.30925925925925923 0.43072916666666666 0.30925925925925923
1 0.3234375 0.19166666666666668 0.38229166666666664 0.19166666666666668 0.38229166666666664 0.2574074074074074 0.3234375 0.2574074074074074
1 0.5489583333333333 0.2037037037037037 0.5989583333333334 0.2037037037037037 0.5989583333333334 0.2824074074074074 0.5489583333333333 0.2824074074074074
1 0.5286458333333334 0.1361111111111111 0.5578125 0.1361111111111111 0.5578125 0.17592592592592593 0.5286458333333334 0.17592592592592593
1 0.6515625 0.14629629629629629 0.7 0.14629629629629629 0.7 0.18888888888888888 0.6515625 0.18888888888888888
2 0.18333333333333332 0.6259259259259259 0.23489583333333333 0.6259259259259259 0.23489583333333333 0.8092592592592592 0.18333333333333332 0.8092592592592592
2 0.1171875 0.6175925925925926 0.1640625 0.6175925925925926 0.1640625 0.8342592592592593 0.1171875 0.8342592592592593
2 0.2713541666666667 0.5657407407407408 0.31614583333333335 0.5657407407407408 0.31614583333333335 0.7305555555555555 0.2713541666666667 0.7305555555555555
2 0.2526041666666667 0.4324074074074074 0.2869791666666667 0.4324074074074074 0.2869791666666667 0.5425925925925926 0.2526041666666667 0.5425925925925926
2 0.3026041666666667 0.42777777777777776 0.3515625 0.42777777777777776 0.3515625 0.5638888888888889 0.3026041666666667 0.5638888888888889
2 0.7796875 0.4777777777777778 0.8291666666666667 0.4777777777777778 0.8291666666666667 0.6333333333333333 0.7796875 0.6333333333333333
2 0.33697916666666666 0.35833333333333334 0.3671875 0.35833333333333334 0.3671875 0.4722222222222222 0.33697916666666666 0.4722222222222222
2 0.3770833333333333 0.3611111111111111 0.4140625 0.3611111111111111 0.4140625 0.4777777777777778 0.3770833333333333 0.4777777777777778
2 0.35833333333333334 0.26666666666666666 0.37916666666666665 0.26666666666666666 0.37916666666666665 0.3425925925925926 0.35833333333333334 0.3425925925925926
2 0.3729166666666667 0.2111111111111111 0.39114583333333336 0.2111111111111111 0.39114583333333336 0.2851851851851852 0.3729166666666667 0.2851851851851852
2 0.39947916666666666 0.2601851851851852 0.4161458333333333 0.2601851851851852 0.4161458333333333 0.3314814814814815 0.39947916666666666 0.3314814814814815
2 0.4171875 0.18981481481481483 0.43125 0.18981481481481483 0.43125 0.2537037037037037 0.4171875 0.2537037037037037
2 0.40572916666666664 0.16944444444444445 0.41770833333333335 0.16944444444444445 0.41770833333333335 0.22962962962962963 0.40572916666666664 0.22962962962962963
2 0.4005208333333333 0.11296296296296296 0.4119791666666667 0.11296296296296296 0.4119791666666667 0.15555555555555556 0.4005208333333333 0.15555555555555556
2 0.42239583333333336 0.13518518518518519 0.43333333333333335 0.13518518518518519 0.43333333333333335 0.18333333333333332 0.42239583333333336 0.18333333333333332
2 0.434375 0.1537037037037037 0.44375 0.1537037037037037 0.44375 0.2074074074074074 0.434375 0.2074074074074074
2 0.4453125 0.14907407407407408 0.459375 0.14907407407407408 0.459375 0.2 0.4453125 0.2
2 0.4630208333333333 0.1537037037037037 0.47604166666666664 0.1537037037037037 0.47604166666666664 0.19444444444444445 0.4630208333333333 0.19444444444444445
2 0.49947916666666664 0.18518518518518517 0.5255208333333333 0.18518518518518517 0.5255208333333333 0.2462962962962963 0.49947916666666664 0.2462962962962963
2 0.634375 0.26851851851851855 0.6552083333333333 0.26851851851851855 0.6552083333333333 0.35 0.634375 0.35
2 0.5666666666666667 0.14351851851851852 0.5770833333333333 0.14351851851851852 0.5770833333333333 0.18981481481481483 0.5666666666666667 0.18981481481481483
2 0.5848958333333333 0.14351851851851852 0.6 0.14351851851851852 0.6 0.18703703703703703 0.5848958333333333 0.18703703703703703
2 0.5776041666666667 0.12407407407407407 0.5859375 0.12407407407407407 0.5859375 0.1648148148148148 0.5776041666666667 0.1648148148148148
2 0.4453125 0.13148148148148148 0.4546875 0.13148148148148148 0.4546875 0.15648148148148147 0.4453125 0.15648148148148147
2 0.4630208333333333 0.11388888888888889 0.47239583333333335 0.11388888888888889 0.47239583333333335 0.15648148148148147 0.4630208333333333 0.15648148148148147
2 0.4744791666666667 0.10925925925925926 0.4817708333333333 0.10925925925925926 0.4817708333333333 0.14722222222222223 0.4744791666666667 0.14722222222222223
2 0.48802083333333335 0.10462962962962963 0.49635416666666665 0.10462962962962963 0.49635416666666665 0.1425925925925926 0.48802083333333335 0.1425925925925926