1 0.5072916666666667 0 0.6026041666666667 0 0.6026041666666667 0.09537037037037037 0.5072916666666667 0.09537037037037037
1 0.6473958333333333 0.18425925925925926 0.6807291666666667 0.18425925925925926 0.6807291666666667 0.30092592592592593 0.6473958333333333 0.30092592592592593
2 0.21875 0.004629629629629629 0.2833333333333333 0.004629629629629629 0.2833333333333333 0.1574074074074074 0.21875 0.1574074074074074
2 0.5583333333333333 0.8342592592592593 0.6088541666666667 0.8342592592592593 0.6088541666666667 0.8962962962962963 0.5583333333333333 0.8962962962962963
2 0.3078125 0.02962962962962963 0.4203125 0.02962962962962963 0.4203125 0.1527777777777778 0.3078125 0.1527777777777778
2 0.55 0.7592592592592593 0.603125 0.7592592592592593 0.603125 0.8194444444444444 0.55 0.8194444444444444
2 0.6067708333333334 0.36574074074074076 0.640625 0.36574074074074076 0.640625 0.40555555555555556 0.6067708333333334 0.40555555555555556
2 0.6171875 0.3037037037037037 0.6536458333333334 0.3037037037037037 0.6536458333333334 0.34444444444444444 0.6171875 0.34444444444444444
2 0.6125 0.7509259259259259 0.6494791666666667 0.7509259259259259 0.6494791666666667 0.7925925925925926 0.6125 0.7925925925925926
2 0.6385416666666667 0.4101851851851852 0.6734375 0.4101851851851852 0.6734375 0.4527777777777778 0.6385416666666667 0.4527777777777778
2 0.6552083333333333 0.5416666666666666 0.68125 0.5416666666666666 0.68125 0.6027777777777777 0.6552083333333333 0.6027777777777777
2 0.5270833333333333 0.30925925925925923 0.5911458333333334 0.30925925925925923 0.5911458333333334 0.37777777777777777 0.5270833333333333 0.37777777777777777
2 0.6604166666666667 0.6731481481481482 0.6885416666666667 0.6731481481481482 0.6885416666666667 0.7101851851851851 0.6604166666666667 0.7101851851851851
2 0.6760416666666667 0.5972222222222222 0.7 0.5972222222222222 0.7 0.6305555555555555 0.6760416666666667 0.6305555555555555
2 0.684375 0.3814814814814815 0.7057291666666666 0.3814814814814815 0.7057291666666666 0.4074074074074074 0.684375 0.4074074074074074
2 0.6786458333333333 0.4703703703703704 0.7036458333333333 0.4703703703703704 0.7036458333333333 0.49722222222222223 0.6786458333333333 0.49722222222222223
2 0.5380208333333333 0.412962962962963 0.6036458333333333 0.412962962962963 0.6036458333333333 0.45092592592592595 0.5380208333333333 0.45092592592592595