1 0.14583333333333334 0.3287037037037037 0.2682291666666667 0.3287037037037037 0.2682291666666667 0.5055555555555555 0.14583333333333334 0.5055555555555555
1 0.33229166666666665 0.17962962962962964 0.38958333333333334 0.17962962962962964 0.38958333333333334 0.24166666666666667 0.33229166666666665 0.24166666666666667
1 0.6541666666666667 0.13148148148148148 0.7083333333333334 0.13148148148148148 0.7083333333333334 0.17407407407407408 0.6541666666666667 0.17407407407407408
1 0.5463541666666667 0.11203703703703703 0.5708333333333333 0.11203703703703703 0.5708333333333333 0.15555555555555556 0.5463541666666667 0.15555555555555556
1 0.21614583333333334 0.7509259259259259 0.428125 0.7509259259259259 0.428125 1 0.21614583333333334 1
2 0.19947916666666668 0.46111111111111114 0.24947916666666667 0.46111111111111114 0.24947916666666667 0.6305555555555555 0.19947916666666668 0.6305555555555555
2 0.22864583333333333 0.5703703703703704 0.2838541666666667 0.5703703703703704 0.2838541666666667 0.7481481481481481 0.22864583333333333 0.7481481481481481
2 0.3177083333333333 0.32592592592592595 0.3463541666666667 0.32592592592592595 0.3463541666666667 0.44907407407407407 0.3177083333333333 0.44907407407407407
2 0.378125 0.30277777777777776 0.39427083333333335 0.30277777777777776 0.39427083333333335 0.4074074074074074 0.378125 0.4074074074074074
2 0.3625 0.24444444444444444 0.3859375 0.24444444444444444 0.3859375 0.3509259259259259 0.3625 0.3509259259259259
2 0.375 0.375 0.4114583333333333 0.375 0.4114583333333333 0.5138888888888888 0.375 0.5138888888888888
2 0.4161458333333333 0.28055555555555556 0.4427083333333333 0.28055555555555556 0.4427083333333333 0.3972222222222222 0.4161458333333333 0.3972222222222222
2 0.6609375 0.287962962962963 0.6932291666666667 0.287962962962963 0.6932291666666667 0.4046296296296296 0.6609375 0.4046296296296296
2 0.6572916666666667 0.22037037037037038 0.6765625 0.22037037037037038 0.6765625 0.30648148148148147 0.6572916666666667 0.30648148148148147
2 0.409375 0.1962962962962963 0.421875 0.1962962962962963 0.421875 0.26296296296296295 0.409375 0.26296296296296295
2 0.40520833333333334 0.15 0.41041666666666665 0.15 0.41041666666666665 0.18981481481481483 0.40520833333333334 0.18981481481481483
2 0.4166666666666667 0.1537037037037037 0.425 0.1537037037037037 0.425 0.1962962962962963 0.4166666666666667 0.1962962962962963
2 0.42552083333333335 0.16574074074074074 0.43645833333333334 0.16574074074074074 0.43645833333333334 0.20833333333333334 0.42552083333333335 0.20833333333333334
2 0.4427083333333333 0.18425925925925926 0.4510416666666667 0.18425925925925926 0.4510416666666667 0.23333333333333334 0.4427083333333333 0.23333333333333334
2 0.4317708333333333 0.2037037037037037 0.440625 0.2037037037037037 0.440625 0.2824074074074074 0.4317708333333333 0.2824074074074074
2 0.459375 0.1712962962962963 0.4713541666666667 0.1712962962962963 0.4713541666666667 0.23796296296296296 0.459375 0.23796296296296296
2 0.48072916666666665 0.17592592592592593 0.4890625 0.17592592592592593 0.4890625 0.24074074074074073 0.48072916666666665 0.24074074074074073
2 0.5598958333333334 0.17222222222222222 0.5786458333333333 0.17222222222222222 0.5786458333333333 0.22870370370370371 0.5598958333333334 0.22870370370370371
2 0.5786458333333333 0.17222222222222222 0.6052083333333333 0.17222222222222222 0.6052083333333333 0.23055555555555557 0.5786458333333333 0.23055555555555557
2 0.625 0.1685185185185185 0.6411458333333333 0.1685185185185185 0.6411458333333333 0.2222222222222222 0.625 0.2222222222222222
2 0.484375 0.1398148148148148 0.4947916666666667 0.1398148148148148 0.4947916666666667 0.18703703703703703 0.484375 0.18703703703703703
2 0.4479166666666667 0.14351851851851852 0.4578125 0.14351851851851852 0.4578125 0.18425925925925926 0.4479166666666667 0.18425925925925926
2 0.43802083333333336 0.13796296296296295 0.4453125 0.13796296296296295 0.4453125 0.17222222222222222 0.43802083333333336 0.17222222222222222
2 0.4578125 0.13518518518518519 0.465625 0.13518518518518519 0.465625 0.1712962962962963 0.4578125 0.1712962962962963
2 0.47604166666666664 0.125 0.48385416666666664 0.125 0.48385416666666664 0.1638888888888889 0.47604166666666664 0.1638888888888889
2 0.46510416666666665 0.13148148148148148 0.471875 0.13148148148148148 0.471875 0.16203703703703703 0.46510416666666665 0.16203703703703703