1 0.48541666666666666 0 0.5880208333333333 0 0.5880208333333333 0.0712962962962963 0.48541666666666666 0.0712962962962963
1 0.6067708333333334 0.600925925925926 0.6557291666666667 0.600925925925926 0.6557291666666667 0.6916666666666667 0.6067708333333334 0.6916666666666667
1 0.6348958333333333 0.18796296296296297 0.6708333333333333 0.18796296296296297 0.6708333333333333 0.29444444444444445 0.6348958333333333 0.29444444444444445
1 0.6197916666666666 0.3861111111111111 0.6640625 0.3861111111111111 0.6640625 0.4638888888888889 0.6197916666666666 0.4638888888888889
1 0.6729166666666667 0.549074074074074 0.6994791666666667 0.549074074074074 0.6994791666666667 0.6046296296296296 0.6729166666666667 0.6046296296296296
2 0.22552083333333334 0.18981481481481483 0.3453125 0.18981481481481483 0.3453125 0.29259259259259257 0.22552083333333334 0.29259259259259257
2 0.31145833333333334 0.16296296296296298 0.40989583333333335 0.16296296296296298 0.40989583333333335 0.2740740740740741 0.31145833333333334 0.2740740740740741
2 0.3171875 0.017592592592592594 0.4354166666666667 0.017592592592592594 0.4354166666666667 0.1287037037037037 0.3171875 0.1287037037037037
2 0.4276041666666667 0.044444444444444446 0.48489583333333336 0.044444444444444446 0.48489583333333336 0.10740740740740741 0.4276041666666667 0.10740740740740741
2 0.44635416666666666 0.16666666666666666 0.5307291666666667 0.16666666666666666 0.5307291666666667 0.22777777777777777 0.44635416666666666 0.22777777777777777
2 0.503125 0.125 0.5692708333333333 0.125 0.5692708333333333 0.1787037037037037 0.503125 0.1787037037037037
2 0.5072916666666667 0.2101851851851852 0.5661458333333333 0.2101851851851852 0.5661458333333333 0.2611111111111111 0.5072916666666667 0.2611111111111111
2 0.5541666666666667 0.24259259259259258 0.6 0.24259259259259258 0.6 0.2898148148148148 0.5541666666666667 0.2898148148148148
2 0.5463541666666667 0.3074074074074074 0.6067708333333334 0.3074074074074074 0.6067708333333334 0.37037037037037035 0.5463541666666667 0.37037037037037035
2 0.6046875 0.2777777777777778 0.6432291666666666 0.2777777777777778 0.6432291666666666 0.3101851851851852 0.6046875 0.3101851851851852
2 0.634375 0.2916666666666667 0.6625 0.2916666666666667 0.6625 0.31574074074074077 0.634375 0.31574074074074077
2 0.6177083333333333 0.32314814814814813 0.653125 0.32314814814814813 0.653125 0.35462962962962963 0.6177083333333333 0.35462962962962963
2 0.6432291666666666 0.49537037037037035 0.6708333333333333 0.49537037037037035 0.6708333333333333 0.5407407407407407 0.6432291666666666 0.5407407407407407
2 0.5515625 0.7685185185185185 0.6067708333333334 0.7685185185185185 0.6067708333333334 0.8083333333333333 0.5515625 0.8083333333333333
2 0.6619791666666667 0.33796296296296297 0.6895833333333333 0.33796296296296297 0.6895833333333333 0.3611111111111111 0.6619791666666667 0.3611111111111111
2 0.6515625 0.362962962962963 0.6807291666666667 0.362962962962963 0.6807291666666667 0.3787037037037037 0.6515625 0.3787037037037037
2 0.6703125 0.38425925925925924 0.6953125 0.38425925925925924 0.6953125 0.4027777777777778 0.6703125 0.4027777777777778
2 0.6760416666666667 0.4074074074074074 0.7010416666666667 0.4074074074074074 0.7010416666666667 0.42314814814814816 0.6760416666666667 0.42314814814814816
2 0.671875 0.43333333333333335 0.6973958333333333 0.43333333333333335 0.6973958333333333 0.46111111111111114 0.671875 0.46111111111111114
2 0.6666666666666666 0.625 0.6911458333333333 0.625 0.6911458333333333 0.65 0.6666666666666666 0.65
2 0.6671875 0.6648148148148149 0.69375 0.6648148148148149 0.69375 0.687962962962963 0.6671875 0.687962962962963
2 0.6838541666666667 0.6435185185185185 0.7046875 0.6435185185185185 0.7046875 0.6638888888888889 0.6838541666666667 0.6638888888888889
2 0.6828125 0.36574074074074076 0.7072916666666667 0.36574074074074076 0.7072916666666667 0.38425925925925924 0.6828125 0.38425925925925924
2 0.696875 0.40370370370370373 0.7104166666666667 0.40370370370370373 0.7104166666666667 0.41759259259259257 0.696875 0.41759259259259257