1 0.4036458333333333 0.2935185185185185 0.47291666666666665 0.2935185185185185 0.47291666666666665 0.4046296296296296 0.4036458333333333 0.4046296296296296
1 0.14791666666666667 0.3175925925925926 0.2708333333333333 0.3175925925925926 0.2708333333333333 0.4898148148148148 0.14791666666666667 0.4898148148148148
1 0.32083333333333336 0.17777777777777778 0.3890625 0.17777777777777778 0.3890625 0.24074074074074073 0.32083333333333336 0.24074074074074073
2 0.228125 0.8074074074074075 0.2989583333333333 0.8074074074074075 0.2989583333333333 0.9981481481481481 0.228125 0.9981481481481481
2 0.20885416666666667 0.43796296296296294 0.25833333333333336 0.43796296296296294 0.25833333333333336 0.5666666666666667 0.20885416666666667 0.5666666666666667
2 0.8348958333333333 0.7648148148148148 0.91875 0.7648148148148148 0.91875 0.9972222222222222 0.8348958333333333 0.9972222222222222
2 0.30416666666666664 0.5018518518518519 0.3536458333333333 0.5018518518518519 0.3536458333333333 0.6546296296296297 0.30416666666666664 0.6546296296296297
2 0.7557291666666667 0.3648148148148148 0.7994791666666666 0.3648148148148148 0.7994791666666666 0.47685185185185186 0.7557291666666667 0.47685185185185186
2 0.1296875 0.5898148148148148 0.1890625 0.5898148148148148 0.1890625 0.7833333333333333 0.1296875 0.7833333333333333
2 0.6223958333333334 0.21481481481481482 0.6463541666666667 0.21481481481481482 0.6463541666666667 0.27314814814814814 0.6223958333333334 0.27314814814814814
2 0.36041666666666666 0.38333333333333336 0.39947916666666666 0.38333333333333336 0.39947916666666666 0.5018518518518519 0.36041666666666666 0.5018518518518519
2 0.29791666666666666 0.41574074074074074 0.3338541666666667 0.41574074074074074 0.3338541666666667 0.5074074074074074 0.29791666666666666 0.5074074074074074
2 0.3140625 0.3509259259259259 0.34479166666666666 0.3509259259259259 0.34479166666666666 0.43333333333333335 0.3140625 0.43333333333333335
2 0.659375 0.21481481481481482 0.6828125 0.21481481481481482 0.6828125 0.27870370370370373 0.659375 0.27870370370370373
2 0.7119791666666667 0.5990740740740741 0.7671875 0.5990740740740741 0.7671875 0.7555555555555555 0.7119791666666667 0.7555555555555555
2 0.45208333333333334 0.18055555555555555 0.4708333333333333 0.18055555555555555 0.4708333333333333 0.23333333333333334 0.45208333333333334 0.23333333333333334
2 0.4739583333333333 0.15648148148148147 0.49114583333333334 0.15648148148148147 0.49114583333333334 0.20555555555555555 0.4739583333333333 0.20555555555555555
2 0.434375 0.2212962962962963 0.4557291666666667 0.2212962962962963 0.4557291666666667 0.28888888888888886 0.434375 0.28888888888888886
2 0.44583333333333336 0.10462962962962963 0.4583333333333333 0.10462962962962963 0.4583333333333333 0.1388888888888889 0.44583333333333336 0.1388888888888889
2 0.4984375 0.17407407407407408 0.521875 0.17407407407407408 0.521875 0.2361111111111111 0.4984375 0.2361111111111111
2 0.4239583333333333 0.1925925925925926 0.44166666666666665 0.1925925925925926 0.44166666666666665 0.24259259259259258 0.4239583333333333 0.24259259259259258
2 0.3880208333333333 0.2601851851851852 0.4109375 0.2601851851851852 0.4109375 0.32407407407407407 0.3880208333333333 0.32407407407407407