1 0.4015625 0.9148148148148149 0.4984375 0.9148148148148149 0.4984375 1 0.4015625 1
1 0.31979166666666664 0.6953703703703704 0.3546875 0.6953703703703704 0.3546875 0.7972222222222223 0.31979166666666664 0.7972222222222223
1 0.29270833333333335 0.13055555555555556 0.31666666666666665 0.13055555555555556 0.31666666666666665 0.225 0.29270833333333335 0.225
1 0.28177083333333336 0.37407407407407406 0.30572916666666666 0.37407407407407406 0.30572916666666666 0.4212962962962963 0.28177083333333336 0.4212962962962963
2 0.5640625 0.9416666666666667 0.7114583333333333 0.9416666666666667 0.7114583333333333 1 0.5640625 1
2 0.5015625 0.9453703703703704 0.5833333333333334 0.9453703703703704 0.5833333333333334 1 0.5015625 1
2 0.4088541666666667 0.7851851851851852 0.4791666666666667 0.7851851851851852 0.4791666666666667 0.8333333333333334 0.4088541666666667 0.8333333333333334
2 0.44114583333333335 0.6675925925925926 0.5145833333333333 0.6675925925925926 0.5145833333333333 0.7185185185185186 0.44114583333333335 0.7185185185185186
2 0.39114583333333336 0.6777777777777778 0.45 0.6777777777777778 0.45 0.7287037037037037 0.39114583333333336 0.7287037037037037
2 0.35572916666666665 0.7092592592592593 0.415625 0.7092592592592593 0.415625 0.7509259259259259 0.35572916666666665 0.7509259259259259
2 0.38385416666666666 0.6064814814814815 0.43385416666666665 0.6064814814814815 0.43385416666666665 0.6555555555555556 0.38385416666666666 0.6555555555555556
2 0.340625 0.600925925925926 0.37604166666666666 0.600925925925926 0.37604166666666666 0.6333333333333333 0.340625 0.6333333333333333
2 0.33541666666666664 0.6324074074074074 0.36875 0.6324074074074074 0.36875 0.6685185185185185 0.33541666666666664 0.6685185185185185
2 0.315625 0.35 0.3453125 0.35 0.3453125 0.4009259259259259 0.315625 0.4009259259259259
2 0.31875 0.30092592592592593 0.3541666666666667 0.30092592592592593 0.3541666666666667 0.3527777777777778 0.31875 0.3527777777777778
2 0.3151041666666667 0.2518518518518518 0.35052083333333334 0.2518518518518518 0.35052083333333334 0.28055555555555556 0.3151041666666667 0.28055555555555556
2 0.34427083333333336 0.2 0.384375 0.2 0.384375 0.22962962962962963 0.34427083333333336 0.22962962962962963
2 0.37916666666666665 0.175 0.4354166666666667 0.175 0.4354166666666667 0.22685185185185186 0.37916666666666665 0.22685185185185186
2 0.321875 0.5953703703703703 0.3541666666666667 0.5953703703703703 0.3541666666666667 0.612037037037037 0.321875 0.612037037037037
2 0.32447916666666665 0.5583333333333333 0.353125 0.5583333333333333 0.353125 0.575 0.32447916666666665 0.575
2 0.31614583333333335 0.6194444444444445 0.34427083333333336 0.6194444444444445 0.34427083333333336 0.6407407407407407 0.31614583333333335 0.6407407407407407
2 0.30520833333333336 0.6518518518518519 0.32708333333333334 0.6518518518518519 0.32708333333333334 0.6685185185185185 0.30520833333333336 0.6685185185185185
2 0.3067708333333333 0.6314814814814815 0.3302083333333333 0.6314814814814815 0.3302083333333333 0.6518518518518519 0.3067708333333333 0.6518518518518519
2 0.30625 0.5712962962962963 0.328125 0.5712962962962963 0.328125 0.5787037037037037 0.30625 0.5787037037037037
2 0.30052083333333335 0.5824074074074074 0.32864583333333336 0.5824074074074074 0.32864583333333336 0.5953703703703703 0.30052083333333335 0.5953703703703703
2 0.29739583333333336 0.5990740740740741 0.3203125 0.5990740740740741 0.3203125 0.6092592592592593 0.29739583333333336 0.6092592592592593
2 0.3015625 0.5046296296296297 0.32395833333333335 0.5046296296296297 0.32395833333333335 0.5287037037037037 0.3015625 0.5287037037037037
2 0.325 0.5138888888888888 0.35520833333333335 0.5138888888888888 0.35520833333333335 0.537962962962963 0.325 0.537962962962963
2 0.28958333333333336 0.5314814814814814 0.31302083333333336 0.5314814814814814 0.31302083333333336 0.5435185185185185 0.28958333333333336 0.5435185185185185
2 0.29322916666666665 0.5444444444444444 0.31927083333333334 0.5444444444444444 0.31927083333333334 0.5648148148148148 0.29322916666666665 0.5648148148148148
2 0.2859375 0.5842592592592593 0.30416666666666664 0.5842592592592593 0.30416666666666664 0.5990740740740741 0.2859375 0.5990740740740741