1 0.4036458333333333 0.9138888888888889 0.5041666666666667 0.9138888888888889 0.5041666666666667 1 0.4036458333333333 1
1 0.3203125 0.6962962962962963 0.35572916666666665 0.6962962962962963 0.35572916666666665 0.8 0.3203125 0.8
1 0.29270833333333335 0.13055555555555556 0.31666666666666665 0.13055555555555556 0.31666666666666665 0.22037037037037038 0.29270833333333335 0.22037037037037038
1 0.5588541666666667 0.6351851851851852 0.771875 0.6351851851851852 0.771875 0.8611111111111112 0.5588541666666667 0.8611111111111112
1 0.28541666666666665 0.35648148148148145 0.30885416666666665 0.35648148148148145 0.30885416666666665 0.42592592592592593 0.28541666666666665 0.42592592592592593
2 0.4015625 0.13796296296296295 0.459375 0.13796296296296295 0.459375 0.18703703703703703 0.4015625 0.18703703703703703
2 0.4671875 0.9037037037037037 0.5453125 0.9037037037037037 0.5453125 0.9675925925925926 0.4671875 0.9675925925925926
2 0.496875 0.8314814814814815 0.5791666666666667 0.8314814814814815 0.5791666666666667 0.8935185185185185 0.496875 0.8935185185185185
2 0.3880208333333333 0.7611111111111111 0.44166666666666665 0.7611111111111111 0.44166666666666665 0.7944444444444444 0.3880208333333333 0.7944444444444444
2 0.3776041666666667 0.6657407407407407 0.421875 0.6657407407407407 0.421875 0.700925925925926 0.3776041666666667 0.700925925925926
2 0.4088541666666667 0.6222222222222222 0.46770833333333334 0.6222222222222222 0.46770833333333334 0.6703703703703704 0.4088541666666667 0.6703703703703704
2 0.37083333333333335 0.5962962962962963 0.42291666666666666 0.5962962962962963 0.42291666666666666 0.6342592592592593 0.37083333333333335 0.6342592592592593
2 0.3458333333333333 0.6953703703703704 0.38958333333333334 0.6953703703703704 0.38958333333333334 0.7305555555555555 0.3458333333333333 0.7305555555555555
2 0.325 0.6268518518518519 0.35833333333333334 0.6268518518518519 0.35833333333333334 0.6509259259259259 0.325 0.6509259259259259
2 0.35572916666666665 0.1814814814814815 0.38958333333333334 0.1814814814814815 0.38958333333333334 0.2101851851851852 0.35572916666666665 0.2101851851851852
2 0.3203125 0.2388888888888889 0.3541666666666667 0.2388888888888889 0.3541666666666667 0.2657407407407407 0.3203125 0.2657407407407407
2 0.31875 0.32592592592592595 0.3489583333333333 0.32592592592592595 0.3489583333333333 0.3768518518518518 0.31875 0.3768518518518518
2 0.3140625 0.37407407407407406 0.34479166666666666 0.37407407407407406 0.34479166666666666 0.41574074074074074 0.3140625 0.41574074074074074
2 0.33229166666666665 0.5916666666666667 0.36041666666666666 0.5916666666666667 0.36041666666666666 0.6092592592592593 0.33229166666666665 0.6092592592592593
2 0.3151041666666667 0.5527777777777778 0.3421875 0.5527777777777778 0.3421875 0.5722222222222222 0.3151041666666667 0.5722222222222222
2 0.3145833333333333 0.5138888888888888 0.34322916666666664 0.5138888888888888 0.34322916666666664 0.5398148148148149 0.3145833333333333 0.5398148148148149
2 0.29739583333333336 0.5009259259259259 0.3151041666666667 0.5009259259259259 0.3151041666666667 0.524074074074074 0.29739583333333336 0.524074074074074
2 0.3046875 0.6111111111111112 0.3302083333333333 0.6111111111111112 0.3302083333333333 0.6277777777777778 0.3046875 0.6277777777777778
2 0.3015625 0.6296296296296297 0.3234375 0.6296296296296297 0.3234375 0.637962962962963 0.3015625 0.637962962962963
2 0.3020833333333333 0.6527777777777778 0.32083333333333336 0.6527777777777778 0.32083333333333336 0.6675925925925926 0.3020833333333333 0.6675925925925926
2 0.3151041666666667 0.5851851851851851 0.3333333333333333 0.5851851851851851 0.3333333333333333 0.5990740740740741 0.3151041666666667 0.5990740740740741
2 0.2947916666666667 0.5712962962962963 0.32083333333333336 0.5712962962962963 0.32083333333333336 0.587037037037037 0.2947916666666667 0.587037037037037
2 0.29375 0.5925925925925926 0.3151041666666667 0.5925925925925926 0.3151041666666667 0.6064814814814815 0.29375 0.6064814814814815
2 0.2911458333333333 0.5555555555555556 0.3046875 0.5555555555555556 0.3046875 0.5712962962962963 0.2911458333333333 0.5712962962962963
2 0.2875 0.5287037037037037 0.3067708333333333 0.5287037037037037 0.3067708333333333 0.5453703703703704 0.2875 0.5453703703703704
2 0.2828125 0.5824074074074074 0.2984375 0.5824074074074074 0.2984375 0.5944444444444444 0.2828125 0.5944444444444444
2 0.28177083333333336 0.33611111111111114 0.3046875 0.33611111111111114 0.3046875 0.3490740740740741 0.28177083333333336 0.3490740740740741