1 0.5010416666666667 0 0.6010416666666667 0 0.6010416666666667 0.08981481481481482 0.5010416666666667 0.08981481481481482
1 0.6802083333333333 0.44351851851851853 0.7067708333333333 0.44351851851851853 0.7067708333333333 0.4981481481481482 0.6802083333333333 0.4981481481481482
1 0.6442708333333333 0.20555555555555555 0.6822916666666666 0.20555555555555555 0.6822916666666666 0.3074074074074074 0.6442708333333333 0.3074074074074074
1 0.6927083333333334 0.6861111111111111 0.7197916666666667 0.6861111111111111 0.7197916666666667 0.7722222222222223 0.6927083333333334 0.7722222222222223
2 0.3776041666666667 0.04259259259259259 0.49166666666666664 0.04259259259259259 0.49166666666666664 0.13333333333333333 0.3776041666666667 0.13333333333333333
2 0.4114583333333333 0.24537037037037038 0.4984375 0.24537037037037038 0.4984375 0.3175925925925926 0.4114583333333333 0.3175925925925926
2 0.49270833333333336 0.3277777777777778 0.5604166666666667 0.3277777777777778 0.5604166666666667 0.375 0.49270833333333336 0.375
2 0.49375 0.21851851851851853 0.5645833333333333 0.21851851851851853 0.5645833333333333 0.26666666666666666 0.49375 0.26666666666666666
2 0.5057291666666667 0.16666666666666666 0.5734375 0.16666666666666666 0.5734375 0.22314814814814815 0.5057291666666667 0.22314814814814815
2 0.5651041666666666 0.20185185185185187 0.615625 0.20185185185185187 0.615625 0.24722222222222223 0.5651041666666666 0.24722222222222223
2 0.6015625 0.225 0.6375 0.225 0.6375 0.2638888888888889 0.6015625 0.2638888888888889
2 0.5677083333333334 0.30092592592592593 0.6255208333333333 0.30092592592592593 0.6255208333333333 0.362962962962963 0.5677083333333334 0.362962962962963
2 0.5536458333333333 0.40370370370370373 0.6098958333333333 0.40370370370370373 0.6098958333333333 0.4648148148148148 0.5536458333333333 0.4648148148148148
2 0.6359375 0.28888888888888886 0.6739583333333333 0.28888888888888886 0.6739583333333333 0.3212962962962963 0.6359375 0.3212962962962963
2 0.6567708333333333 0.32314814814814813 0.6802083333333333 0.32314814814814813 0.6802083333333333 0.3398148148148148 0.6567708333333333 0.3398148148148148
2 0.6401041666666667 0.3314814814814815 0.6697916666666667 0.3314814814814815 0.6697916666666667 0.3527777777777778 0.6401041666666667 0.3527777777777778
2 0.625 0.35185185185185186 0.6604166666666667 0.35185185185185186 0.6604166666666667 0.37407407407407406 0.625 0.37407407407407406
2 0.6161458333333333 0.3175925925925926 0.6442708333333333 0.3175925925925926 0.6442708333333333 0.34444444444444444 0.6161458333333333 0.34444444444444444
2 0.6177083333333333 0.4074074074074074 0.6630208333333333 0.4074074074074074 0.6630208333333333 0.4361111111111111 0.6177083333333333 0.4361111111111111
2 0.6307291666666667 0.4351851851851852 0.6713541666666667 0.4351851851851852 0.6713541666666667 0.4564814814814815 0.6307291666666667 0.4564814814814815
2 0.6604166666666667 0.3925925925925926 0.6880208333333333 0.3925925925925926 0.6880208333333333 0.4101851851851852 0.6604166666666667 0.4101851851851852
2 0.6677083333333333 0.37777777777777777 0.6953125 0.37777777777777777 0.6953125 0.39537037037037037 0.6677083333333333 0.39537037037037037
2 0.6651041666666667 0.4287037037037037 0.6890625 0.4287037037037037 0.6890625 0.45185185185185184 0.6651041666666667 0.45185185185185184
2 0.6911458333333333 0.39351851851851855 0.7145833333333333 0.39351851851851855 0.7145833333333333 0.4083333333333333 0.6911458333333333 0.4083333333333333
2 0.6786458333333333 0.41574074074074074 0.709375 0.41574074074074074 0.709375 0.4287037037037037 0.6786458333333333 0.4287037037037037
2 0.6921875 0.425 0.7166666666666667 0.425 0.7166666666666667 0.4425925925925926 0.6921875 0.4425925925925926
2 0.6916666666666667 0.4935185185185185 0.7166666666666667 0.4935185185185185 0.7166666666666667 0.5212962962962963 0.6916666666666667 0.5212962962962963
2 0.6984375 0.3768518518518518 0.7208333333333333 0.3768518518518518 0.7208333333333333 0.39166666666666666 0.6984375 0.39166666666666666
2 0.7057291666666666 0.4064814814814815 0.7223958333333333 0.4064814814814815 0.7223958333333333 0.4185185185185185 0.7057291666666666 0.4185185185185185
2 0.7020833333333333 0.44814814814814813 0.7203125 0.44814814814814813 0.7203125 0.46296296296296297 0.7020833333333333 0.46296296296296297
2 0.7026041666666667 0.6453703703703704 0.7213541666666666 0.6453703703703704 0.7213541666666666 0.662962962962963 0.7026041666666667 0.662962962962963
2 0.6729166666666667 0.6685185185185185 0.6994791666666667 0.6685185185185185 0.6994791666666667 0.6861111111111111 0.6729166666666667 0.6861111111111111
2 0.6557291666666667 0.6861111111111111 0.6864583333333333 0.6861111111111111 0.6864583333333333 0.7055555555555556 0.6557291666666667 0.7055555555555556
2 0.6739583333333333 0.7138888888888889 0.6984375 0.7138888888888889 0.6984375 0.7342592592592593 0.6739583333333333 0.7342592592592593
2 0.6614583333333334 0.7388888888888889 0.6864583333333333 0.7388888888888889 0.6864583333333333 0.762962962962963 0.6614583333333334 0.762962962962963
2 0.6557291666666667 0.3527777777777778 0.6807291666666667 0.3527777777777778 0.6807291666666667 0.3712962962962963 0.6557291666666667 0.3712962962962963