1 0.1390625 0.30648148148148147 0.26614583333333336 0.30648148148148147 0.26614583333333336 0.48703703703703705 0.1390625 0.48703703703703705
1 0.634375 0.30833333333333335 0.7286458333333333 0.30833333333333335 0.7286458333333333 0.4361111111111111 0.634375 0.4361111111111111
0 0.3104166666666667 0.16296296296296298 0.415625 0.16296296296296298 0.415625 0.37222222222222223 0.3104166666666667 0.37222222222222223
2 0.12135416666666667 0.5574074074074075 0.17864583333333334 0.5574074074074075 0.17864583333333334 0.7351851851851852 0.12135416666666667 0.7351851851851852
2 0.0703125 0.775 0.15260416666666668 0.775 0.15260416666666668 0.9972222222222222 0.0703125 0.9972222222222222
2 0.91875 0.5962962962962963 0.9927083333333333 0.5962962962962963 0.9927083333333333 0.775 0.91875 0.775
2 0.359375 0.34814814814814815 0.3953125 0.34814814814814815 0.3953125 0.4527777777777778 0.359375 0.4527777777777778
2 0.8151041666666666 0.5074074074074074 0.8604166666666667 0.5074074074074074 0.8604166666666667 0.6583333333333333 0.8151041666666666 0.6583333333333333
1 0.5302083333333333 0.09351851851851851 0.5567708333333333 0.09351851851851851 0.5567708333333333 0.12962962962962962 0.5302083333333333 0.12962962962962962
1 0.45677083333333335 0.12777777777777777 0.49583333333333335 0.12777777777777777 0.49583333333333335 0.18333333333333332 0.45677083333333335 0.18333333333333332
2 0.009895833333333333 0.537962962962963 0.08125 0.537962962962963 0.08125 0.7203703703703703 0.009895833333333333 0.7203703703703703
2 0.7203125 0.5148148148148148 0.7713541666666667 0.5148148148148148 0.7713541666666667 0.6694444444444444 0.7203125 0.6694444444444444
2 0.5463541666666667 0.1287037037037037 0.5625 0.1287037037037037 0.5625 0.17407407407407408 0.5463541666666667 0.17407407407407408
2 0.42864583333333334 0.31296296296296294 0.46197916666666666 0.31296296296296294 0.46197916666666666 0.4166666666666667 0.42864583333333334 0.4166666666666667
2 0.7578125 0.3851851851851852 0.7921875 0.3851851851851852 0.7921875 0.4898148148148148 0.7578125 0.4898148148148148
2 0.6109375 0.21666666666666667 0.6338541666666667 0.21666666666666667 0.6338541666666667 0.28425925925925927 0.6109375 0.28425925925925927
2 0.3333333333333333 0.4537037037037037 0.37552083333333336 0.4537037037037037 0.37552083333333336 0.5953703703703703 0.3333333333333333 0.5953703703703703
2 0.44583333333333336 0.23703703703703705 0.47239583333333335 0.23703703703703705 0.47239583333333335 0.31203703703703706 0.44583333333333336 0.31203703703703706
2 0.43697916666666664 0.11388888888888889 0.45260416666666664 0.11388888888888889 0.45260416666666664 0.15648148148148147 0.43697916666666664 0.15648148148148147
2 0.59375 0.36574074074074076 0.6291666666666667 0.36574074074074076 0.6291666666666667 0.4842592592592593 0.59375 0.4842592592592593
2 0.5005208333333333 0.15925925925925927 0.5255208333333333 0.15925925925925927 0.5255208333333333 0.2175925925925926 0.5005208333333333 0.2175925925925926
2 0.4515625 0.20092592592592592 0.475 0.20092592592592592 0.475 0.24722222222222223 0.4515625 0.24722222222222223