1 0.14583333333333334 0.32407407407407407 0.27239583333333334 0.32407407407407407 0.27239583333333334 0.5 0.14583333333333334 0.5
1 0.36354166666666665 0.37407407407407406 0.45989583333333334 0.37407407407407406 0.45989583333333334 0.525 0.36354166666666665 0.525
2 0.13229166666666667 0.8435185185185186 0.2125 0.8435185185185186 0.2125 1 0.13229166666666667 1
2 0.11302083333333333 0.5583333333333333 0.17447916666666666 0.5583333333333333 0.17447916666666666 0.7296296296296296 0.11302083333333333 0.7296296296296296
2 0.7046875 0.4444444444444444 0.7473958333333334 0.4444444444444444 0.7473958333333334 0.5675925925925925 0.7046875 0.5675925925925925
2 0.6927083333333334 0.2861111111111111 0.725 0.2861111111111111 0.725 0.36203703703703705 0.6927083333333334 0.36203703703703705
1 0.3203125 0.17685185185185184 0.38229166666666664 0.17685185185185184 0.38229166666666664 0.23981481481481481 0.3203125 0.23981481481481481
2 0.3494791666666667 0.32314814814814813 0.378125 0.32314814814814813 0.378125 0.4064814814814815 0.3494791666666667 0.4064814814814815
2 0.22083333333333333 0.5583333333333333 0.2703125 0.5583333333333333 0.2703125 0.7268518518518519 0.22083333333333333 0.7268518518518519
2 0.24583333333333332 0.44537037037037036 0.28854166666666664 0.44537037037037036 0.28854166666666664 0.5546296296296296 0.24583333333333332 0.5546296296296296
2 0.6447916666666667 0.3435185185185185 0.6765625 0.3435185185185185 0.6765625 0.45185185185185184 0.6447916666666667 0.45185185185185184
2 0.37083333333333335 0.262037037037037 0.3984375 0.262037037037037 0.3984375 0.3388888888888889 0.37083333333333335 0.3388888888888889
2 0.28854166666666664 0.5990740740740741 0.34322916666666664 0.5990740740740741 0.34322916666666664 0.8018518518518518 0.28854166666666664 0.8018518518518518
2 0.46145833333333336 0.10740740740740741 0.4744791666666667 0.10740740740740741 0.4744791666666667 0.1388888888888889 0.46145833333333336 0.1388888888888889
2 0.4625 0.19166666666666668 0.48020833333333335 0.19166666666666668 0.48020833333333335 0.25092592592592594 0.4625 0.25092592592592594
2 0.4083333333333333 0.2722222222222222 0.434375 0.2722222222222222 0.434375 0.3527777777777778 0.4083333333333333 0.3527777777777778
2 0.44166666666666665 0.21203703703703702 0.4625 0.21203703703703702 0.4625 0.2759259259259259 0.44166666666666665 0.2759259259259259
2 0.63125 0.16944444444444445 0.65 0.16944444444444445 0.65 0.22407407407407406 0.63125 0.22407407407407406
2 0.49166666666666664 0.13333333333333333 0.5057291666666667 0.13333333333333333 0.5057291666666667 0.17685185185185184 0.49166666666666664 0.17685185185185184
2 0.65625 0.5675925925925925 0.7197916666666667 0.5675925925925925 0.7197916666666667 0.7296296296296296 0.65625 0.7296296296296296
2 0.5973958333333333 0.1712962962962963 0.6151041666666667 0.1712962962962963 0.6151041666666667 0.21944444444444444 0.5973958333333333 0.21944444444444444
2 0.4140625 0.19814814814814816 0.4354166666666667 0.19814814814814816 0.4354166666666667 0.25462962962962965 0.4140625 0.25462962962962965
2 0.5776041666666667 0.12407407407407407 0.5927083333333333 0.12407407407407407 0.5927083333333333 0.16574074074074074 0.5776041666666667 0.16574074074074074
2 0.5989583333333334 0.15833333333333333 0.6161458333333333 0.15833333333333333 0.6161458333333333 0.19814814814814816 0.5989583333333334 0.19814814814814816