1 0.48125 0 0.5901041666666667 0 0.5901041666666667 0.15648148148148147 0.48125 0.15648148148148147
1 0.390625 0.924074074074074 0.49270833333333336 0.924074074074074 0.49270833333333336 1 0.390625 1
0 0.28541666666666665 0.6407407407407407 0.3848958333333333 0.6407407407407407 0.3848958333333333 0.7814814814814814 0.28541666666666665 0.7814814814814814
2 0.4859375 0.8814814814814815 0.5755208333333334 0.8814814814814815 0.5755208333333334 0.9675925925925926 0.4859375 0.9675925925925926
2 0.565625 0.6462962962962963 0.6796875 0.6462962962962963 0.6796875 0.7537037037037037 0.565625 0.7537037037037037
2 0.6 0.004629629629629629 0.7260416666666667 0.004629629629629629 0.7260416666666667 0.12685185185185185 0.6 0.12685185185185185
1 0.284375 0.3851851851851852 0.30833333333333335 0.3851851851851852 0.30833333333333335 0.4388888888888889 0.284375 0.4388888888888889
2 0.38645833333333335 0.6361111111111111 0.44166666666666665 0.6361111111111111 0.44166666666666665 0.6935185185185185 0.38645833333333335 0.6935185185185185
2 0.31197916666666664 0.3685185185185185 0.3421875 0.3685185185185185 0.3421875 0.4074074074074074 0.31197916666666664 0.4074074074074074
2 0.3229166666666667 0.5472222222222223 0.3546875 0.5472222222222223 0.3546875 0.587037037037037 0.3229166666666667 0.587037037037037
2 0.4734375 0.7342592592592593 0.5661458333333333 0.7342592592592593 0.5661458333333333 0.8092592592592592 0.4734375 0.8092592592592592
1 0.29322916666666665 0.2962962962962963 0.3234375 0.2962962962962963 0.3234375 0.37222222222222223 0.29322916666666665 0.37222222222222223
2 0.31875 0.2037037037037037 0.3515625 0.2037037037037037 0.3515625 0.24259259259259258 0.31875 0.24259259259259258
2 0.34479166666666666 0.5638888888888889 0.37864583333333335 0.5638888888888889 0.37864583333333335 0.5972222222222222 0.34479166666666666 0.5972222222222222
2 0.4083333333333333 0.8611111111111112 0.4828125 0.8611111111111112 0.4828125 0.9231481481481482 0.4083333333333333 0.9231481481481482
2 0.39010416666666664 0.2 0.4630208333333333 0.2 0.4630208333333333 0.262037037037037 0.39010416666666664 0.262037037037037
2 0.35 0.21481481481481482 0.3880208333333333 0.21481481481481482 0.3880208333333333 0.25555555555555554 0.35 0.25555555555555554