1 0.13802083333333334 0.3074074074074074 0.2671875 0.3074074074074074 0.2671875 0.487962962962963 0.13802083333333334 0.487962962962963
1 0.6135416666666667 0.23148148148148148 0.6796875 0.23148148148148148 0.6796875 0.32592592592592595 0.6135416666666667 0.32592592592592595
0 0.26927083333333335 0.19166666666666668 0.40260416666666665 0.19166666666666668 0.40260416666666665 0.4638888888888889 0.26927083333333335 0.4638888888888889
1 0.44166666666666665 0.15185185185185185 0.4859375 0.15185185185185185 0.4859375 0.2175925925925926 0.44166666666666665 0.2175925925925926
2 0.8854166666666666 0.8111111111111111 0.9682291666666667 0.8111111111111111 0.9682291666666667 0.9962962962962963 0.8854166666666666 0.9962962962962963
2 0.7119791666666667 0.4527777777777778 0.7572916666666667 0.4527777777777778 0.7572916666666667 0.5833333333333334 0.7119791666666667 0.5833333333333334
2 0.6557291666666667 0.5944444444444444 0.721875 0.5944444444444444 0.721875 0.7546296296296297 0.6557291666666667 0.7546296296296297
2 0.1875 0.8648148148148148 0.2557291666666667 0.8648148148148148 0.2557291666666667 1 0.1875 1
2 0.9276041666666667 0.5296296296296297 1 0.5296296296296297 1 0.7157407407407408 0.9276041666666667 0.7157407407407408
2 0.3854166666666667 0.5157407407407407 0.4354166666666667 0.5157407407407407 0.4354166666666667 0.687037037037037 0.3854166666666667 0.687037037037037
2 0.2546875 0.5287037037037037 0.31145833333333334 0.5287037037037037 0.31145833333333334 0.7083333333333334 0.2546875 0.7083333333333334
2 0.8182291666666667 0.4361111111111111 0.8645833333333334 0.4361111111111111 0.8645833333333334 0.5648148148148148 0.8182291666666667 0.5648148148148148
2 0.7203125 0.33055555555555555 0.7526041666666666 0.33055555555555555 0.7526041666666666 0.4287037037037037 0.7203125 0.4287037037037037
2 0.010416666666666666 0.5407407407407407 0.08854166666666667 0.5407407407407407 0.08854166666666667 0.7212962962962963 0.010416666666666666 0.7212962962962963
2 0.5635416666666667 0.24722222222222223 0.5895833333333333 0.24722222222222223 0.5895833333333333 0.3314814814814815 0.5635416666666667 0.3314814814814815
2 0.6515625 0.32037037037037036 0.684375 0.32037037037037036 0.684375 0.42685185185185187 0.6515625 0.42685185185185187
2 0.6979166666666666 0.25925925925925924 0.7270833333333333 0.25925925925925924 0.7270833333333333 0.3398148148148148 0.6979166666666666 0.3398148148148148
2 0.43333333333333335 0.32592592592592595 0.4666666666666667 0.32592592592592595 0.4666666666666667 0.42685185185185187 0.43333333333333335 0.42685185185185187
2 0.45677083333333335 0.26481481481481484 0.4859375 0.26481481481481484 0.4859375 0.37592592592592594 0.45677083333333335 0.37592592592592594
2 0.5973958333333333 0.15092592592592594 0.6125 0.15092592592592594 0.6125 0.21574074074074073 0.5973958333333333 0.21574074074074073
2 0.6416666666666667 0.8185185185185185 0.7057291666666666 0.8185185185185185 0.7057291666666666 1 0.6416666666666667 1