1 0.13958333333333334 0.30462962962962964 0.2677083333333333 0.30462962962962964 0.2677083333333333 0.4842592592592593 0.13958333333333334 0.4842592592592593
1 0.38229166666666664 0.33611111111111114 0.46875 0.33611111111111114 0.46875 0.47685185185185186 0.38229166666666664 0.47685185185185186
1 0.6109375 0.4425925925925926 0.7453125 0.4425925925925926 0.7453125 0.6351851851851852 0.6109375 0.6351851851851852
1 0.5432291666666667 0.2462962962962963 0.6010416666666667 0.2462962962962963 0.6010416666666667 0.3453703703703704 0.5432291666666667 0.3453703703703704
2 0.025 0.7379629629629629 0.10989583333333333 0.7379629629629629 0.10989583333333333 0.9981481481481481 0.025 0.9981481481481481
2 0.06458333333333334 0.49074074074074076 0.13854166666666667 0.49074074074074076 0.13854166666666667 0.6462962962962963 0.06458333333333334 0.6462962962962963
2 0.221875 0.4898148148148148 0.275 0.4898148148148148 0.275 0.6527777777777778 0.221875 0.6527777777777778
2 0.3145833333333333 0.24814814814814815 0.3416666666666667 0.24814814814814815 0.3416666666666667 0.33611111111111114 0.3145833333333333 0.33611111111111114
2 0.7151041666666667 0.3509259259259259 0.7479166666666667 0.3509259259259259 0.7479166666666667 0.46296296296296297 0.7151041666666667 0.46296296296296297
2 0.7932291666666667 0.5462962962962963 0.8411458333333334 0.5462962962962963 0.8411458333333334 0.6648148148148149 0.7932291666666667 0.6648148148148149
2 0.2864583333333333 0.2324074074074074 0.30885416666666665 0.2324074074074074 0.30885416666666665 0.2824074074074074 0.2864583333333333 0.2824074074074074
2 0.6161458333333333 0.18611111111111112 0.6411458333333333 0.18611111111111112 0.6411458333333333 0.25555555555555554 0.6161458333333333 0.25555555555555554
2 0.6536458333333334 0.22592592592592592 0.6776041666666667 0.22592592592592592 0.6776041666666667 0.2916666666666667 0.6536458333333334 0.2916666666666667
2 0.6010416666666667 0.16111111111111112 0.61875 0.16111111111111112 0.61875 0.20555555555555555 0.6010416666666667 0.20555555555555555
2 0.415625 0.16203703703703703 0.4317708333333333 0.16203703703703703 0.4317708333333333 0.2111111111111111 0.415625 0.2111111111111111
2 0.6479166666666667 0.17037037037037037 0.6723958333333333 0.17037037037037037 0.6723958333333333 0.2324074074074074 0.6479166666666667 0.2324074074074074
2 0.39739583333333334 0.14074074074074075 0.41510416666666666 0.14074074074074075 0.41510416666666666 0.18425925925925926 0.39739583333333334 0.18425925925925926
0 0.4171875 0.040740740740740744 0.453125 0.040740740740740744 0.453125 0.1175925925925926 0.4171875 0.1175925925925926