1 0.14479166666666668 0.32037037037037036 0.26979166666666665 0.32037037037037036 0.26979166666666665 0.4962962962962963 0.14479166666666668 0.4962962962962963
1 0.32395833333333335 0.17407407407407408 0.3927083333333333 0.17407407407407408 0.3927083333333333 0.23796296296296296 0.32395833333333335 0.23796296296296296
2 0 0.8657407407407407 0.06041666666666667 0.8657407407407407 0.06041666666666667 0.9953703703703703 0 0.9953703703703703
2 0.8333333333333334 0.7240740740740741 0.896875 0.7240740740740741 0.896875 0.937962962962963 0.8333333333333334 0.937962962962963
2 0.6854166666666667 0.5953703703703703 0.74375 0.5953703703703703 0.74375 0.7851851851851852 0.6854166666666667 0.7851851851851852
2 0.6083333333333333 0.20462962962962963 0.6359375 0.20462962962962963 0.6359375 0.2564814814814815 0.6083333333333333 0.2564814814814815
2 0.16041666666666668 0.6111111111111112 0.221875 0.6111111111111112 0.221875 0.8046296296296296 0.16041666666666668 0.8046296296296296
2 0.5484375 0.17777777777777778 0.584375 0.17777777777777778 0.584375 0.23055555555555557 0.5484375 0.23055555555555557
2 0.671875 0.3675925925925926 0.7005208333333334 0.3675925925925926 0.7005208333333334 0.48055555555555557 0.671875 0.48055555555555557
2 0.5932291666666667 0.2324074074074074 0.6151041666666667 0.2324074074074074 0.6151041666666667 0.3037037037037037 0.5932291666666667 0.3037037037037037
2 0.6010416666666667 0.36944444444444446 0.6369791666666667 0.36944444444444446 0.6369791666666667 0.48703703703703705 0.6010416666666667 0.48703703703703705
2 0.3375 0.37592592592592594 0.37083333333333335 0.37592592592592594 0.37083333333333335 0.4824074074074074 0.3375 0.4824074074074074
2 0.27239583333333334 0.5055555555555555 0.3255208333333333 0.5055555555555555 0.3255208333333333 0.6611111111111111 0.27239583333333334 0.6611111111111111
2 0.39375 0.2759259259259259 0.42604166666666665 0.2759259259259259 0.42604166666666665 0.362962962962963 0.39375 0.362962962962963
2 0.5651041666666666 0.24537037037037038 0.590625 0.24537037037037038 0.590625 0.3212962962962963 0.5651041666666666 0.3212962962962963
2 0.42604166666666665 0.23333333333333334 0.453125 0.23333333333333334 0.453125 0.3148148148148148 0.42604166666666665 0.3148148148148148
2 0.575 0.12962962962962962 0.5911458333333334 0.12962962962962962 0.5911458333333334 0.1685185185185185 0.575 0.1685185185185185