1 0.39895833333333336 0.9083333333333333 0.4984375 0.9083333333333333 0.4984375 1 0.39895833333333336 1
1 0.31666666666666665 0.6898148148148148 0.35260416666666666 0.6898148148148148 0.35260416666666666 0.8138888888888889 0.31666666666666665 0.8138888888888889
2 0.5677083333333334 0.03518518518518519 0.6791666666666667 0.03518518518518519 0.6791666666666667 0.14537037037037037 0.5677083333333334 0.14537037037037037
2 0.4328125 0.13425925925925927 0.49635416666666665 0.13425925925925927 0.49635416666666665 0.18981481481481483 0.4328125 0.18981481481481483
2 0.3182291666666667 0.35462962962962963 0.34739583333333335 0.35462962962962963 0.34739583333333335 0.4185185185185185 0.3182291666666667 0.4185185185185185
2 0.4328125 0.2518518518518518 0.49895833333333334 0.2518518518518518 0.49895833333333334 0.3138888888888889 0.4328125 0.3138888888888889
2 0.4953125 0.8027777777777778 0.5828125 0.8027777777777778 0.5828125 0.8916666666666667 0.4953125 0.8916666666666667
2 0.3723958333333333 0.6268518518518519 0.4192708333333333 0.6268518518518519 0.4192708333333333 0.687037037037037 0.3723958333333333 0.687037037037037
2 0.42552083333333335 0.7231481481481481 0.48541666666666666 0.7231481481481481 0.48541666666666666 0.7851851851851852 0.42552083333333335 0.7851851851851852
2 0.3484375 0.5824074074074074 0.3921875 0.5824074074074074 0.3921875 0.6277777777777778 0.3484375 0.6277777777777778
2 0.3609375 0.3351851851851852 0.4041666666666667 0.3351851851851852 0.4041666666666667 0.38425925925925924 0.3609375 0.38425925925925924
2 0.3651041666666667 0.29444444444444445 0.3932291666666667 0.29444444444444445 0.3932291666666667 0.3333333333333333 0.3651041666666667 0.3333333333333333
2 0.3338541666666667 0.26296296296296295 0.3645833333333333 0.26296296296296295 0.3645833333333333 0.31851851851851853 0.3338541666666667 0.31851851851851853
2 0.29270833333333335 0.337037037037037 0.3145833333333333 0.337037037037037 0.3145833333333333 0.3675925925925926 0.29270833333333335 0.3675925925925926