1 0.1421875 0.32037037037037036 0.2713541666666667 0.32037037037037036 0.2713541666666667 0.49722222222222223 0.1421875 0.49722222222222223
1 0.3177083333333333 0.1787037037037037 0.3854166666666667 0.1787037037037037 0.3854166666666667 0.2388888888888889 0.3177083333333333 0.2388888888888889
2 0.790625 0.46574074074074073 0.84375 0.46574074074074073 0.84375 0.6101851851851852 0.790625 0.6101851851851852
2 0.20989583333333334 0.7055555555555556 0.290625 0.7055555555555556 0.290625 0.912962962962963 0.20989583333333334 0.912962962962963
2 0.6822916666666666 0.29907407407407405 0.715625 0.29907407407407405 0.715625 0.3861111111111111 0.6822916666666666 0.3861111111111111
2 0.5953125 0.16111111111111112 0.615625 0.16111111111111112 0.615625 0.20833333333333334 0.5953125 0.20833333333333334
2 0.42239583333333336 0.25833333333333336 0.4453125 0.25833333333333336 0.4453125 0.32222222222222224 0.42239583333333336 0.32222222222222224
2 0.4479166666666667 0.19722222222222222 0.471875 0.19722222222222222 0.471875 0.2638888888888889 0.4479166666666667 0.2638888888888889
2 0.6432291666666666 0.29814814814814816 0.6729166666666667 0.29814814814814816 0.6729166666666667 0.3907407407407407 0.6432291666666666 0.3907407407407407
2 0.5541666666666667 0.14166666666666666 0.5723958333333333 0.14166666666666666 0.5723958333333333 0.18333333333333332 0.5541666666666667 0.18333333333333332
2 0.6395833333333333 0.22777777777777777 0.6640625 0.22777777777777777 0.6640625 0.29074074074074074 0.6395833333333333 0.29074074074074074
2 0.5864583333333333 0.19166666666666668 0.6057291666666667 0.19166666666666668 0.6057291666666667 0.23796296296296296 0.5864583333333333 0.23796296296296296
2 0.38697916666666665 0.23148148148148148 0.4109375 0.23148148148148148 0.4109375 0.29814814814814816 0.38697916666666665 0.29814814814814816
2 0.38177083333333334 0.35185185185185186 0.42135416666666664 0.35185185185185186 0.42135416666666664 0.4824074074074074 0.38177083333333334 0.4824074074074074
2 0.4239583333333333 0.20277777777777778 0.446875 0.20277777777777778 0.446875 0.2601851851851852 0.4239583333333333 0.2601851851851852
2 0.44427083333333334 0.3425925925925926 0.47760416666666666 0.3425925925925926 0.47760416666666666 0.46944444444444444 0.44427083333333334 0.46944444444444444