1 0.134375 0.34814814814814815 0.25677083333333334 0.34814814814814815 0.25677083333333334 0.5259259259259259 0.134375 0.5259259259259259
1 0.5536458333333333 0.25462962962962965 0.6114583333333333 0.25462962962962965 0.6114583333333333 0.34074074074074073 0.5536458333333333 0.34074074074074073
1 0.3223958333333333 0.2 0.3796875 0.2 0.3796875 0.26296296296296295 0.3223958333333333 0.26296296296296295
1 0.4375 0.19444444444444445 0.4744791666666667 0.19444444444444445 0.4744791666666667 0.26666666666666666 0.4375 0.26666666666666666
1 0.5296875 0.1574074074074074 0.5598958333333334 0.1574074074074074 0.5598958333333334 0.20555555555555555 0.5296875 0.20555555555555555
2 0.10520833333333333 0.6194444444444445 0.165625 0.6194444444444445 0.165625 0.8472222222222222 0.10520833333333333 0.8472222222222222
2 0.225 0.4425925925925926 0.2640625 0.4425925925925926 0.2640625 0.5898148148148148 0.225 0.5898148148148148
1 0.6390625 0.15092592592592594 0.6916666666666667 0.15092592592592594 0.6916666666666667 0.20185185185185187 0.6390625 0.20185185185185187
2 0.19427083333333334 0.6027777777777777 0.2520833333333333 0.6027777777777777 0.2520833333333333 0.812962962962963 0.19427083333333334 0.812962962962963
2 0.6744791666666666 0.37407407407407406 0.7083333333333334 0.37407407407407406 0.7083333333333334 0.5101851851851852 0.6744791666666666 0.5101851851851852
2 0.40729166666666666 0.5212962962962963 0.45729166666666665 0.5212962962962963 0.45729166666666665 0.6694444444444444 0.40729166666666666 0.6694444444444444
2 0.2833333333333333 0.43148148148148147 0.3098958333333333 0.43148148148148147 0.3098958333333333 0.5138888888888888 0.2833333333333333 0.5138888888888888
2 0.3072916666666667 0.4722222222222222 0.3333333333333333 0.4722222222222222 0.3333333333333333 0.6 0.3072916666666667 0.6
2 0.3390625 0.39537037037037037 0.3609375 0.39537037037037037 0.3609375 0.49907407407407406 0.3390625 0.49907407407407406
2 0.3229166666666667 0.3388888888888889 0.33229166666666665 0.3388888888888889 0.33229166666666665 0.4166666666666667 0.3229166666666667 0.4166666666666667
2 0.30625 0.3314814814814815 0.321875 0.3314814814814815 0.321875 0.39351851851851855 0.30625 0.39351851851851855
2 0.36041666666666666 0.5 0.396875 0.5 0.396875 0.6509259259259259 0.36041666666666666 0.6509259259259259
2 0.3619791666666667 0.36203703703703705 0.39114583333333336 0.36203703703703705 0.39114583333333336 0.42962962962962964 0.3619791666666667 0.42962962962962964
2 0.37447916666666664 0.2898148148148148 0.39166666666666666 0.2898148148148148 0.39166666666666666 0.3611111111111111 0.37447916666666664 0.3611111111111111
2 0.4088541666666667 0.2851851851851852 0.43645833333333334 0.2851851851851852 0.43645833333333334 0.3648148148148148 0.4088541666666667 0.3648148148148148
2 0.3885416666666667 0.24074074074074073 0.4041666666666667 0.24074074074074073 0.4041666666666667 0.30185185185185187 0.3885416666666667 0.30185185185185187
2 0.390625 0.19537037037037036 0.40729166666666666 0.19537037037037036 0.40729166666666666 0.25 0.390625 0.25
2 0.4046875 0.21296296296296297 0.4276041666666667 0.21296296296296297 0.4276041666666667 0.2740740740740741 0.4046875 0.2740740740740741
2 0.40989583333333335 0.16574074074074074 0.42552083333333335 0.16574074074074074 0.42552083333333335 0.2037037037037037 0.40989583333333335 0.2037037037037037
2 0.42604166666666665 0.1712962962962963 0.4395833333333333 0.1712962962962963 0.4395833333333333 0.21851851851851853 0.42604166666666665 0.21851851851851853
2 0.4953125 0.19444444444444445 0.5140625 0.19444444444444445 0.5140625 0.24722222222222223 0.4953125 0.24722222222222223
2 0.5739583333333333 0.175 0.5921875 0.175 0.5921875 0.23055555555555557 0.5739583333333333 0.23055555555555557
2 0.5973958333333333 0.16111111111111112 0.6114583333333333 0.16111111111111112 0.6114583333333333 0.21851851851851853 0.5973958333333333 0.21851851851851853
2 0.5854166666666667 0.15555555555555556 0.5984375 0.15555555555555556 0.5984375 0.19444444444444445 0.5854166666666667 0.19444444444444445
2 0.5619791666666667 0.13518518518518519 0.5744791666666667 0.13518518518518519 0.5744791666666667 0.17777777777777778 0.5619791666666667 0.17777777777777778
2 0.4348958333333333 0.14537037037037037 0.4484375 0.14537037037037037 0.4484375 0.18796296296296297 0.4348958333333333 0.18796296296296297
2 0.44895833333333335 0.14074074074074075 0.4578125 0.14074074074074075 0.4578125 0.18425925925925926 0.44895833333333335 0.18425925925925926
2 0.4661458333333333 0.1398148148148148 0.47760416666666666 0.1398148148148148 0.47760416666666666 0.18518518518518517 0.4661458333333333 0.18518518518518517
2 0.9458333333333333 0.7814814814814814 1 0.7814814814814814 1 0.9768518518518519 0.9458333333333333 0.9768518518518519