1 0.4010416666666667 0.9064814814814814 0.5005208333333333 0.9064814814814814 0.5005208333333333 1 0.4010416666666667 1
1 0.34479166666666666 0.5277777777777778 0.39010416666666664 0.5277777777777778 0.39010416666666664 0.6157407407407407 0.34479166666666666 0.6157407407407407
1 0.3182291666666667 0.6944444444444444 0.3536458333333333 0.6944444444444444 0.3536458333333333 0.8157407407407408 0.3182291666666667 0.8157407407407408
2 0.5697916666666667 0.9740740740740741 0.6875 0.9740740740740741 0.6875 1 0.5697916666666667 1
2 0.42552083333333335 0.025925925925925925 0.48385416666666664 0.025925925925925925 0.48385416666666664 0.08981481481481482 0.42552083333333335 0.08981481481481482
2 0.478125 0.8685185185185185 0.5578125 0.8685185185185185 0.5578125 0.9583333333333334 0.478125 0.9583333333333334
2 0.4109375 0.13148148148148148 0.4635416666666667 0.13148148148148148 0.4635416666666667 0.19907407407407407 0.4109375 0.19907407407407407
2 0.5484375 0.7185185185185186 0.6510416666666666 0.7185185185185186 0.6510416666666666 0.8037037037037037 0.5484375 0.8037037037037037
2 0.2947916666666667 0.5194444444444445 0.3145833333333333 0.5194444444444445 0.3145833333333333 0.5416666666666666 0.2947916666666667 0.5416666666666666
2 0.35520833333333335 0.15185185185185185 0.4010416666666667 0.15185185185185185 0.4010416666666667 0.21203703703703702 0.35520833333333335 0.21203703703703702
2 0.43697916666666664 0.6138888888888889 0.5036458333333333 0.6138888888888889 0.5036458333333333 0.687962962962963 0.43697916666666664 0.687962962962963
2 0.38958333333333334 0.7055555555555556 0.4395833333333333 0.7055555555555556 0.4395833333333333 0.7555555555555555 0.38958333333333334 0.7555555555555555
2 0.32916666666666666 0.5990740740740741 0.35520833333333335 0.5990740740740741 0.35520833333333335 0.6277777777777778 0.32916666666666666 0.6277777777777778
2 0.421875 0.7981481481481482 0.48489583333333336 0.7981481481481482 0.48489583333333336 0.8555555555555555 0.421875 0.8555555555555555
2 0.3541666666666667 0.6231481481481481 0.3953125 0.6231481481481481 0.3953125 0.6638888888888889 0.3541666666666667 0.6638888888888889
2 0.3640625 0.6907407407407408 0.4010416666666667 0.6907407407407408 0.4010416666666667 0.7296296296296296 0.3640625 0.7296296296296296
2 0.3 0.6212962962962963 0.31979166666666664 0.6212962962962963 0.31979166666666664 0.6472222222222223 0.3 0.6472222222222223
2 0.28854166666666664 0.33425925925925926 0.30833333333333335 0.33425925925925926 0.30833333333333335 0.36574074074074076 0.28854166666666664 0.36574074074074076
2 0.30104166666666665 0.5453703703703704 0.3229166666666667 0.5453703703703704 0.3229166666666667 0.5712962962962963 0.30104166666666665 0.5712962962962963
2 0.31666666666666665 0.48055555555555557 0.3416666666666667 0.48055555555555557 0.3416666666666667 0.5074074074074074 0.31666666666666665 0.5074074074074074
2 0.39479166666666665 0.6361111111111111 0.43020833333333336 0.6361111111111111 0.43020833333333336 0.6814814814814815 0.39479166666666665 0.6814814814814815
2 0.7265625 0.8953703703703704 0.78125 0.8953703703703704 0.78125 1 0.7265625 1
2 0.34322916666666664 0.2462962962962963 0.3885416666666667 0.2462962962962963 0.3885416666666667 0.2740740740740741 0.34322916666666664 0.2740740740740741