1 0.5072916666666667 0 0.6036458333333333 0 0.6036458333333333 0.09259259259259259 0.5072916666666667 0.09259259259259259
1 0.6463541666666667 0.1787037037037037 0.6807291666666667 0.1787037037037037 0.6807291666666667 0.3037037037037037 0.6463541666666667 0.3037037037037037
2 0.571875 0.8175925925925925 0.6192708333333333 0.8175925925925925 0.6192708333333333 0.8703703703703703 0.571875 0.8703703703703703
2 0.5901041666666667 0.35648148148148145 0.6317708333333333 0.35648148148148145 0.6317708333333333 0.4 0.5901041666666667 0.4
2 0.6317708333333333 0.362962962962963 0.6640625 0.362962962962963 0.6640625 0.40370370370370373 0.6317708333333333 0.40370370370370373
2 0.6072916666666667 0.2935185185185185 0.6489583333333333 0.2935185185185185 0.6489583333333333 0.3398148148148148 0.6072916666666667 0.3398148148148148
2 0.6203125 0.7462962962962963 0.6536458333333334 0.7462962962962963 0.6536458333333334 0.787962962962963 0.6203125 0.787962962962963
2 0.6802083333333333 0.5962962962962963 0.7046875 0.5962962962962963 0.7046875 0.6324074074074074 0.6802083333333333 0.6324074074074074
2 0.6291666666666667 0.40925925925925927 0.665625 0.40925925925925927 0.665625 0.44814814814814813 0.6291666666666667 0.44814814814814813
2 0.5697916666666667 0.7527777777777778 0.6177083333333333 0.7527777777777778 0.6177083333333333 0.7981481481481482 0.5697916666666667 0.7981481481481482
2 0.6796875 0.3787037037037037 0.7015625 0.3787037037037037 0.7015625 0.4046296296296296 0.6796875 0.4046296296296296
2 0.4953125 0.38981481481481484 0.5744791666666667 0.38981481481481484 0.5744791666666667 0.4537037037037037 0.4953125 0.4537037037037037
2 0.490625 0.2796296296296296 0.5703125 0.2796296296296296 0.5703125 0.35185185185185186 0.490625 0.35185185185185186
2 0.675 0.46944444444444444 0.6984375 0.46944444444444444 0.6984375 0.4962962962962963 0.675 0.4962962962962963
2 0.21875 0 0.34270833333333334 0 0.34270833333333334 0.07314814814814814 0.21875 0.07314814814814814