1 0.14583333333333334 0.31296296296296294 0.271875 0.31296296296296294 0.271875 0.487962962962963 0.14583333333333334 0.487962962962963
1 0.32447916666666665 0.17222222222222222 0.390625 0.17222222222222222 0.390625 0.2361111111111111 0.32447916666666665 0.2361111111111111
2 0.6838541666666667 0.3592592592592593 0.7197916666666667 0.3592592592592593 0.7197916666666667 0.4601851851851852 0.6838541666666667 0.4601851851851852
2 0.7640625 0.6157407407407407 0.8291666666666667 0.6157407407407407 0.8291666666666667 0.7944444444444444 0.7640625 0.7944444444444444
2 0.15364583333333334 0.6435185185185185 0.21875 0.6435185185185185 0.21875 0.8435185185185186 0.15364583333333334 0.8435185185185186
2 0.5854166666666667 0.21944444444444444 0.6083333333333333 0.21944444444444444 0.6083333333333333 0.29259259259259257 0.5854166666666667 0.29259259259259257
2 0.3046875 0.4638888888888889 0.3484375 0.4638888888888889 0.3484375 0.5805555555555556 0.3046875 0.5805555555555556
2 0.3885416666666667 0.35555555555555557 0.43125 0.35555555555555557 0.43125 0.48148148148148145 0.3885416666666667 0.48148148148148145
2 0.7822916666666667 0.4740740740740741 0.8270833333333333 0.4740740740740741 0.8270833333333333 0.55 0.7822916666666667 0.55
2 0.43072916666666666 0.20185185185185187 0.45625 0.20185185185185187 0.45625 0.275 0.43072916666666666 0.275
2 0.5520833333333334 0.18055555555555555 0.5807291666666666 0.18055555555555555 0.5807291666666666 0.2462962962962963 0.5520833333333334 0.2462962962962963
2 0.6135416666666667 0.16111111111111112 0.6354166666666666 0.16111111111111112 0.6354166666666666 0.21388888888888888 0.6135416666666667 0.21388888888888888
2 0.41458333333333336 0.175 0.4328125 0.175 0.4328125 0.2222222222222222 0.41458333333333336 0.2222222222222222
2 0.6182291666666667 0.30462962962962964 0.6489583333333333 0.30462962962962964 0.6489583333333333 0.39166666666666666 0.6182291666666667 0.39166666666666666
2 0.6260416666666667 0.23703703703703705 0.6489583333333333 0.23703703703703705 0.6489583333333333 0.30277777777777776 0.6260416666666667 0.30277777777777776
2 0.5760416666666667 0.12407407407407407 0.5911458333333334 0.12407407407407407 0.5911458333333334 0.16018518518518518 0.5760416666666667 0.16018518518518518
2 0.6546875 0.18703703703703703 0.6760416666666667 0.18703703703703703 0.6760416666666667 0.24259259259259258 0.6546875 0.24259259259259258