1 0.490625 0 0.5927083333333333 0 0.5927083333333333 0.07314814814814814 0.490625 0.07314814814814814
1 0.5895833333333333 0.3712962962962963 0.6416666666666667 0.3712962962962963 0.6416666666666667 0.46944444444444444 0.5895833333333333 0.46944444444444444
1 0.634375 0.5898148148148148 0.6786458333333333 0.5898148148148148 0.6786458333333333 0.6759259259259259 0.634375 0.6759259259259259
1 0.6380208333333334 0.19537037037037036 0.6755208333333333 0.19537037037037036 0.6755208333333333 0.29259259259259257 0.6380208333333334 0.29259259259259257
1 0.6880208333333333 0.55 0.7104166666666667 0.55 0.7104166666666667 0.5972222222222222 0.6880208333333333 0.5972222222222222
2 0.25052083333333336 0 0.3921875 0 0.3921875 0.09537037037037037 0.25052083333333336 0.09537037037037037
2 0.41510416666666666 0 0.5036458333333333 0 0.5036458333333333 0.03888888888888889 0.41510416666666666 0.03888888888888889
2 0.48125 0.001851851851851852 0.5328125 0.001851851851851852 0.5328125 0.06481481481481481 0.48125 0.06481481481481481
2 0.3776041666666667 0.07037037037037037 0.4947916666666667 0.07037037037037037 0.4947916666666667 0.14814814814814814 0.3776041666666667 0.14814814814814814
2 0.4765625 0.1712962962962963 0.5505208333333333 0.1712962962962963 0.5505208333333333 0.2222222222222222 0.4765625 0.2222222222222222
2 0.46145833333333336 0.25277777777777777 0.5479166666666667 0.25277777777777777 0.5479166666666667 0.3037037037037037 0.46145833333333336 0.3037037037037037
2 0.5651041666666666 0.225 0.6145833333333334 0.225 0.6145833333333334 0.2574074074074074 0.5651041666666666 0.2574074074074074
2 0.6041666666666666 0.2564814814814815 0.65 0.2564814814814815 0.65 0.29074074074074074 0.6041666666666666 0.29074074074074074
2 0.56875 0.3074074074074074 0.6182291666666667 0.3074074074074074 0.6182291666666667 0.3388888888888889 0.56875 0.3388888888888889
2 0.6484375 0.3175925925925926 0.6859375 0.3175925925925926 0.6859375 0.34629629629629627 0.6484375 0.34629629629629627
2 0.6916666666666667 0.3314814814814815 0.7192708333333333 0.3314814814814815 0.7192708333333333 0.34444444444444444 0.6916666666666667 0.34444444444444444
2 0.6260416666666667 0.3416666666666667 0.66875 0.3416666666666667 0.66875 0.37037037037037035 0.6260416666666667 0.37037037037037035
2 0.6729166666666667 0.3537037037037037 0.7015625 0.3537037037037037 0.7015625 0.37222222222222223 0.6729166666666667 0.37222222222222223
2 0.6557291666666667 0.3768518518518518 0.6875 0.3768518518518518 0.6875 0.39166666666666666 0.6557291666666667 0.39166666666666666
2 0.6651041666666667 0.4009259259259259 0.69375 0.4009259259259259 0.69375 0.42314814814814816 0.6651041666666667 0.42314814814814816
2 0.6552083333333333 0.43333333333333335 0.6890625 0.43333333333333335 0.6890625 0.4537037037037037 0.6552083333333333 0.4537037037037037
2 0.6869791666666667 0.39814814814814814 0.7046875 0.39814814814814814 0.7046875 0.4111111111111111 0.6869791666666667 0.4111111111111111
2 0.6875 0.41574074074074074 0.7109375 0.41574074074074074 0.7109375 0.42777777777777776 0.6875 0.42777777777777776
2 0.6932291666666667 0.4351851851851852 0.7135416666666666 0.4351851851851852 0.7135416666666666 0.44814814814814813 0.6932291666666667 0.44814814814814813
2 0.64375 0.5185185185185185 0.6770833333333334 0.5185185185185185 0.6770833333333334 0.5574074074074075 0.64375 0.5574074074074075
2 0.4895833333333333 0.9222222222222223 0.5625 0.9222222222222223 0.5625 0.9981481481481481 0.4895833333333333 0.9981481481481481
2 0.615625 0.7222222222222222 0.65625 0.7222222222222222 0.65625 0.762962962962963 0.615625 0.762962962962963
2 0.6864583333333333 0.6111111111111112 0.709375 0.6111111111111112 0.709375 0.6296296296296297 0.6864583333333333 0.6296296296296297
2 0.6838541666666667 0.649074074074074 0.7088541666666667 0.649074074074074 0.7088541666666667 0.6638888888888889 0.6838541666666667 0.6638888888888889