1 0.49322916666666666 0 0.5942708333333333 0 0.5942708333333333 0.08333333333333333 0.49322916666666666 0.08333333333333333
1 0.521875 0.325 0.6015625 0.325 0.6015625 0.45185185185185184 0.521875 0.45185185185185184
1 0.6411458333333333 0.19907407407407407 0.6770833333333334 0.19907407407407407 0.6770833333333334 0.30185185185185187 0.6411458333333333 0.30185185185185187
1 0.6666666666666666 0.5898148148148148 0.6994791666666667 0.5898148148148148 0.6994791666666667 0.6509259259259259 0.6666666666666666 0.6509259259259259
1 0.6817708333333333 0.7851851851851852 0.7052083333333333 0.7851851851851852 0.7052083333333333 0.862037037037037 0.6817708333333333 0.862037037037037
2 0.4479166666666667 0.17407407407407408 0.5244791666666667 0.17407407407407408 0.5244791666666667 0.22407407407407406 0.4479166666666667 0.22407407407407406
2 0.309375 0 0.4171875 0 0.4171875 0.06296296296296296 0.309375 0.06296296296296296
2 0.2296875 0 0.3625 0 0.3625 0.12129629629629629 0.2296875 0.12129629629629629
2 0.5098958333333333 0.9175925925925926 0.5755208333333334 0.9175925925925926 0.5755208333333334 0.9925925925925926 0.5098958333333333 0.9925925925925926
2 0.48854166666666665 0.09907407407407408 0.5583333333333333 0.09907407407407408 0.5583333333333333 0.15092592592592594 0.48854166666666665 0.15092592592592594
2 0.5651041666666666 0.2101851851851852 0.61875 0.2101851851851852 0.61875 0.2518518518518518 0.5651041666666666 0.2518518518518518
2 0.5921875 0.30185185185185187 0.6322916666666667 0.30185185185185187 0.6322916666666667 0.337037037037037 0.5921875 0.337037037037037
2 0.6260416666666667 0.28888888888888886 0.6671875 0.28888888888888886 0.6671875 0.31574074074074077 0.6260416666666667 0.31574074074074077
2 0.6552083333333333 0.33611111111111114 0.6854166666666667 0.33611111111111114 0.6854166666666667 0.36018518518518516 0.6552083333333333 0.36018518518518516
2 0.6390625 0.3592592592592593 0.6729166666666667 0.3592592592592593 0.6729166666666667 0.37592592592592594 0.6390625 0.37592592592592594
2 0.6901041666666666 0.3287037037037037 0.7119791666666667 0.3287037037037037 0.7119791666666667 0.35 0.6901041666666666 0.35
2 0.6473958333333333 0.55 0.678125 0.55 0.678125 0.6064814814814815 0.6473958333333333 0.6064814814814815
2 0.6609375 0.6925925925925925 0.6890625 0.6925925925925925 0.6890625 0.7166666666666667 0.6609375 0.7166666666666667
2 0.5828125 0.812037037037037 0.6286458333333333 0.812037037037037 0.6286458333333333 0.8574074074074074 0.5828125 0.8574074074074074
2 0.6302083333333334 0.4074074074074074 0.6651041666666667 0.4074074074074074 0.6651041666666667 0.4361111111111111 0.6302083333333334 0.4361111111111111
2 0.6447916666666667 0.4009259259259259 0.6729166666666667 0.4009259259259259 0.6729166666666667 0.4212962962962963 0.6447916666666667 0.4212962962962963
2 0.6708333333333333 0.38425925925925924 0.6947916666666667 0.38425925925925924 0.6947916666666667 0.40370370370370373 0.6708333333333333 0.40370370370370373
2 0.6723958333333333 0.425 0.7020833333333333 0.425 0.7020833333333333 0.4462962962962963 0.6723958333333333 0.4462962962962963
2 0.6875 0.4537037037037037 0.7088541666666667 0.4537037037037037 0.7088541666666667 0.4675925925925926 0.6875 0.4675925925925926
2 0.6875 0.4861111111111111 0.7098958333333333 0.4861111111111111 0.7098958333333333 0.5074074074074074 0.6875 0.5074074074074074