1 0.421875 0.6194444444444445 0.5265625 0.6194444444444445 0.5265625 0.825 0.421875 0.825
1 0.4640625 0.24166666666666667 0.5494791666666666 0.24166666666666667 0.5494791666666666 0.39351851851851855 0.4640625 0.39351851851851855
1 0.48072916666666665 0 0.5817708333333333 0 0.5817708333333333 0.06388888888888888 0.48072916666666665 0.06388888888888888
1 0.6244791666666667 0.5611111111111111 0.6588541666666666 0.5611111111111111 0.6588541666666666 0.6287037037037037 0.6244791666666667 0.6287037037037037
1 0.6270833333333333 0.17407407407407408 0.6635416666666667 0.17407407407407408 0.6635416666666667 0.26296296296296295 0.6270833333333333 0.26296296296296295
1 0.6625 0.4064814814814815 0.6921875 0.4064814814814815 0.6921875 0.4638888888888889 0.6625 0.4638888888888889
1 0.6677083333333333 0.7509259259259259 0.690625 0.7509259259259259 0.690625 0.8342592592592593 0.6677083333333333 0.8342592592592593
2 0.43333333333333335 0.075 0.4953125 0.075 0.4953125 0.15092592592592594 0.43333333333333335 0.15092592592592594
2 0.39947916666666666 0.33240740740740743 0.5036458333333333 0.33240740740740743 0.5036458333333333 0.4212962962962963 0.39947916666666666 0.4212962962962963
2 0.5390625 0.16296296296296298 0.5833333333333334 0.16296296296296298 0.5833333333333334 0.2074074074074074 0.5390625 0.2074074074074074
2 0.5291666666666667 0.23055555555555557 0.5760416666666667 0.23055555555555557 0.5760416666666667 0.2657407407407407 0.5291666666666667 0.2657407407407407
2 0.5671875 0.19444444444444445 0.6119791666666666 0.19444444444444445 0.6119791666666666 0.2361111111111111 0.5671875 0.2361111111111111
2 0.5588541666666667 0.2675925925925926 0.6083333333333333 0.2675925925925926 0.6083333333333333 0.29907407407407405 0.5588541666666667 0.29907407407407405
2 0.5859375 0.22870370370370371 0.621875 0.22870370370370371 0.621875 0.2638888888888889 0.5859375 0.2638888888888889
2 0.5958333333333333 0.2833333333333333 0.6333333333333333 0.2833333333333333 0.6333333333333333 0.31296296296296294 0.5958333333333333 0.31296296296296294
2 0.6151041666666667 0.2564814814814815 0.6473958333333333 0.2564814814814815 0.6473958333333333 0.2916666666666667 0.6151041666666667 0.2916666666666667
2 0.621875 0.24351851851851852 0.6494791666666667 0.24351851851851852 0.6494791666666667 0.27314814814814814 0.621875 0.27314814814814814
2 0.5828125 0.3731481481481482 0.6244791666666667 0.3731481481481482 0.6244791666666667 0.41944444444444445 0.5828125 0.41944444444444445
2 0.596875 0.34074074074074073 0.6369791666666667 0.34074074074074073 0.6369791666666667 0.3712962962962963 0.596875 0.3712962962962963
2 0.5958333333333333 0.4185185185185185 0.6432291666666666 0.4185185185185185 0.6432291666666666 0.44537037037037036 0.5958333333333333 0.44537037037037036
2 0.6104166666666667 0.3277777777777778 0.640625 0.3277777777777778 0.640625 0.35833333333333334 0.6104166666666667 0.35833333333333334
2 0.628125 0.3287037037037037 0.6578125 0.3287037037037037 0.6578125 0.36203703703703705 0.628125 0.36203703703703705
2 0.6338541666666667 0.3611111111111111 0.6630208333333333 0.3611111111111111 0.6630208333333333 0.3861111111111111 0.6338541666666667 0.3861111111111111
2 0.5817708333333333 0.6814814814814815 0.6223958333333334 0.6814814814814815 0.6223958333333334 0.7129629629629629 0.5817708333333333 0.7129629629629629
2 0.5895833333333333 0.7296296296296296 0.640625 0.7296296296296296 0.640625 0.7657407407407407 0.5895833333333333 0.7657407407407407
2 0.6395833333333333 0.4675925925925926 0.6703125 0.4675925925925926 0.6703125 0.49074074074074076 0.6395833333333333 0.49074074074074076
2 0.6354166666666666 0.4740740740740741 0.6645833333333333 0.4740740740740741 0.6645833333333333 0.5157407407407407 0.6354166666666666 0.5157407407407407
2 0.6463541666666667 0.6314814814814815 0.6765625 0.6314814814814815 0.6765625 0.6638888888888889 0.6463541666666667 0.6638888888888889
2 0.65 0.6601851851851852 0.6776041666666667 0.6601851851851852 0.6776041666666667 0.6814814814814815 0.65 0.6814814814814815
2 0.6770833333333334 0.575925925925926 0.7015625 0.575925925925926 0.7015625 0.5962962962962963 0.6770833333333334 0.5962962962962963
2 0.6755208333333333 0.5898148148148148 0.6973958333333333 0.5898148148148148 0.6973958333333333 0.6101851851851852 0.6755208333333333 0.6101851851851852
2 0.6536458333333334 0.3490740740740741 0.6755208333333333 0.3490740740740741 0.6755208333333333 0.3685185185185185 0.6536458333333334 0.3685185185185185