1 0.12864583333333332 0.3537037037037037 0.25416666666666665 0.3537037037037037 0.25416666666666665 0.5314814814814814 0.12864583333333332 0.5314814814814814
1 0.5588541666666667 0.33796296296296297 0.640625 0.33796296296296297 0.640625 0.4722222222222222 0.5588541666666667 0.4722222222222222
1 0.2791666666666667 0.5712962962962963 0.4161458333333333 0.5712962962962963 0.4161458333333333 0.8333333333333334 0.2791666666666667 0.8333333333333334
1 0.31979166666666664 0.20555555555555555 0.3770833333333333 0.20555555555555555 0.3770833333333333 0.26944444444444443 0.31979166666666664 0.26944444444444443
1 0.44479166666666664 0.1712962962962963 0.478125 0.1712962962962963 0.478125 0.22592592592592592 0.44479166666666664 0.22592592592592592
1 0.5291666666666667 0.18518518518518517 0.5651041666666666 0.18518518518518517 0.5651041666666666 0.24166666666666667 0.5291666666666667 0.24166666666666667
1 0.6453125 0.1574074074074074 0.6911458333333333 0.1574074074074074 0.6911458333333333 0.2 0.6453125 0.2
2 0 0.8018518518518518 0.07604166666666666 0.8018518518518518 0.07604166666666666 1 0 1
2 0.16041666666666668 0.6537037037037037 0.2171875 0.6537037037037037 0.2171875 0.8870370370370371 0.16041666666666668 0.8870370370370371
2 0.3578125 0.7712962962962963 0.446875 0.7712962962962963 0.446875 0.987037037037037 0.3578125 0.987037037037037
2 0.8286458333333333 0.75 0.9119791666666667 0.75 0.9119791666666667 0.9851851851851852 0.8286458333333333 0.9851851851851852
2 0.4140625 0.3388888888888889 0.4421875 0.3388888888888889 0.4421875 0.45185185185185184 0.4140625 0.45185185185185184
2 0.4552083333333333 0.32685185185185184 0.4796875 0.32685185185185184 0.4796875 0.4222222222222222 0.4552083333333333 0.4222222222222222
2 0.325 0.3768518518518518 0.36041666666666666 0.3768518518518518 0.36041666666666666 0.4898148148148148 0.325 0.4898148148148148
2 0.29010416666666666 0.3435185185185185 0.31875 0.3435185185185185 0.31875 0.4462962962962963 0.29010416666666666 0.4462962962962963
2 0.2546875 0.4185185185185185 0.28020833333333334 0.4185185185185185 0.28020833333333334 0.5268518518518519 0.2546875 0.5268518518518519
2 0.28072916666666664 0.47962962962962963 0.315625 0.47962962962962963 0.315625 0.625 0.28072916666666664 0.625
2 0.5875 0.21388888888888888 0.5984375 0.21388888888888888 0.5984375 0.28888888888888886 0.5875 0.28888888888888886
2 0.6109375 0.21388888888888888 0.6270833333333333 0.21388888888888888 0.6270833333333333 0.2796296296296296 0.6109375 0.2796296296296296
2 0.6026041666666667 0.18333333333333332 0.6166666666666667 0.18333333333333332 0.6166666666666667 0.24166666666666667 0.6026041666666667 0.24166666666666667
2 0.4192708333333333 0.23333333333333334 0.4390625 0.23333333333333334 0.4390625 0.3055555555555556 0.4192708333333333 0.3055555555555556
2 0.39427083333333335 0.24074074074074073 0.4078125 0.24074074074074073 0.4078125 0.29074074074074074 0.39427083333333335 0.29074074074074074
2 0.3927083333333333 0.2722222222222222 0.41354166666666664 0.2722222222222222 0.41354166666666664 0.35648148148148145 0.3927083333333333 0.35648148148148145
2 0.33489583333333334 0.25833333333333336 0.353125 0.25833333333333336 0.353125 0.31666666666666665 0.33489583333333334 0.31666666666666665
2 0.34739583333333335 0.27314814814814814 0.3697916666666667 0.27314814814814814 0.3697916666666667 0.3416666666666667 0.34739583333333335 0.3416666666666667
2 0.36770833333333336 0.287962962962963 0.39010416666666664 0.287962962962963 0.39010416666666664 0.3712962962962963 0.36770833333333336 0.3712962962962963
2 0.33125 0.3138888888888889 0.3546875 0.3138888888888889 0.3546875 0.38425925925925924 0.33125 0.38425925925925924
2 0.4921875 0.19722222222222222 0.5135416666666667 0.19722222222222222 0.5135416666666667 0.26296296296296295 0.4921875 0.26296296296296295
2 0.4078125 0.2064814814814815 0.425 0.2064814814814815 0.425 0.2537037037037037 0.4078125 0.2537037037037037
2 0.4234375 0.19444444444444445 0.44114583333333335 0.19444444444444445 0.44114583333333335 0.23796296296296296 0.4234375 0.23796296296296296
2 0.40260416666666665 0.1787037037037037 0.4171875 0.1787037037037037 0.4171875 0.22870370370370371 0.40260416666666665 0.22870370370370371