1 0.14479166666666668 0.3296296296296296 0.2671875 0.3296296296296296 0.2671875 0.5083333333333333 0.14479166666666668 0.5083333333333333
1 0.33125 0.18055555555555555 0.38958333333333334 0.18055555555555555 0.38958333333333334 0.24351851851851852 0.33125 0.24351851851851852
1 0.6572916666666667 0.13148148148148148 0.7078125 0.13148148148148148 0.7078125 0.17407407407407408 0.6572916666666667 0.17407407407407408
1 0.29739583333333336 0.6046296296296296 0.4244791666666667 0.6046296296296296 0.4244791666666667 0.9833333333333333 0.29739583333333336 0.9833333333333333
1 0.5421875 0.11851851851851852 0.58125 0.11851851851851852 0.58125 0.16018518518518518 0.5421875 0.16018518518518518
2 0.6760416666666667 0.325 0.7036458333333333 0.325 0.7036458333333333 0.42777777777777776 0.6760416666666667 0.42777777777777776
2 0.23697916666666666 0.44166666666666665 0.27291666666666664 0.44166666666666665 0.27291666666666664 0.5805555555555556 0.23697916666666666 0.5805555555555556
2 0.2786458333333333 0.49444444444444446 0.31354166666666666 0.49444444444444446 0.31354166666666666 0.6407407407407407 0.2786458333333333 0.6407407407407407
2 0.33489583333333334 0.30092592592592593 0.3536458333333333 0.30092592592592593 0.3536458333333333 0.3962962962962963 0.33489583333333334 0.3962962962962963
2 0.38697916666666665 0.2824074074074074 0.40677083333333336 0.2824074074074074 0.40677083333333336 0.3611111111111111 0.38697916666666665 0.3611111111111111
2 0.4046875 0.33796296296296297 0.4317708333333333 0.33796296296296297 0.4317708333333333 0.4425925925925926 0.4046875 0.4425925925925926
2 0.4244791666666667 0.27037037037037037 0.44583333333333336 0.27037037037037037 0.44583333333333336 0.362962962962963 0.4244791666666667 0.362962962962963
2 0.3703125 0.22592592592592592 0.39010416666666664 0.22592592592592592 0.39010416666666664 0.3037037037037037 0.3703125 0.3037037037037037
2 0.41510416666666666 0.18888888888888888 0.42864583333333334 0.18888888888888888 0.42864583333333334 0.24814814814814815 0.41510416666666666 0.24814814814814815
2 0.6635416666666667 0.24351851851851852 0.6796875 0.24351851851851852 0.6796875 0.3037037037037037 0.6635416666666667 0.3037037037037037
2 0.6317708333333333 0.18055555555555555 0.646875 0.18055555555555555 0.646875 0.24074074074074073 0.6317708333333333 0.24074074074074073
2 0.5692708333333333 0.17777777777777778 0.5979166666666667 0.17777777777777778 0.5979166666666667 0.23148148148148148 0.5692708333333333 0.23148148148148148
2 0.5479166666666667 0.16944444444444445 0.5713541666666667 0.16944444444444445 0.5713541666666667 0.22407407407407406 0.5479166666666667 0.22407407407407406
2 0.43854166666666666 0.20185185185185187 0.4484375 0.20185185185185187 0.4484375 0.2518518518518518 0.43854166666666666 0.2518518518518518
2 0.45989583333333334 0.1712962962962963 0.4708333333333333 0.1712962962962963 0.4708333333333333 0.21944444444444444 0.45989583333333334 0.21944444444444444
2 0.478125 0.17037037037037037 0.49270833333333336 0.17037037037037037 0.49270833333333336 0.2212962962962963 0.478125 0.2212962962962963
2 0.4869791666666667 0.1398148148148148 0.5 0.1398148148148148 0.5 0.1712962962962963 0.4869791666666667 0.1712962962962963
2 0.428125 0.1527777777777778 0.4375 0.1527777777777778 0.4375 0.19814814814814816 0.428125 0.19814814814814816
2 0.42239583333333336 0.14722222222222223 0.4270833333333333 0.14722222222222223 0.4270833333333333 0.18611111111111112 0.42239583333333336 0.18611111111111112
2 0.40572916666666664 0.14814814814814814 0.4140625 0.14814814814814814 0.4140625 0.1814814814814815 0.40572916666666664 0.1814814814814815
2 0.44479166666666664 0.1712962962962963 0.45260416666666664 0.1712962962962963 0.45260416666666664 0.2037037037037037 0.44479166666666664 0.2037037037037037
2 0.4515625 0.13518518518518519 0.46041666666666664 0.13518518518518519 0.46041666666666664 0.1814814814814815 0.4515625 0.1814814814814815
2 0.440625 0.13333333333333333 0.4484375 0.13333333333333333 0.4484375 0.1712962962962963 0.440625 0.1712962962962963
2 0.46041666666666664 0.1287037037037037 0.46927083333333336 0.1287037037037037 0.46927083333333336 0.1527777777777778 0.46041666666666664 0.1527777777777778
2 0.475 0.12222222222222222 0.484375 0.12222222222222222 0.484375 0.15648148148148147 0.475 0.15648148148148147
2 0.446875 0.11388888888888889 0.45364583333333336 0.11388888888888889 0.45364583333333336 0.14166666666666666 0.446875 0.14166666666666666
2 0.5848958333333333 0.11203703703703703 0.5921875 0.11203703703703703 0.5921875 0.1527777777777778 0.5848958333333333 0.1527777777777778