1 0.14479166666666668 0.3138888888888889 0.2703125 0.3138888888888889 0.2703125 0.4888888888888889 0.14479166666666668 0.4888888888888889
1 0.32135416666666666 0.17407407407407408 0.39114583333333336 0.17407407407407408 0.39114583333333336 0.2361111111111111 0.32135416666666666 0.2361111111111111
2 0.024479166666666666 0.8064814814814815 0.11041666666666666 0.8064814814814815 0.11041666666666666 0.9962962962962963 0.024479166666666666 0.9962962962962963
2 0.8859375 0.6592592592592592 0.9583333333333334 0.6592592592592592 0.9583333333333334 0.8462962962962963 0.8859375 0.8462962962962963
2 0.64375 0.42314814814814816 0.6890625 0.42314814814814816 0.6890625 0.5574074074074075 0.64375 0.5574074074074075
2 0.1984375 0.6555555555555556 0.27447916666666666 0.6555555555555556 0.27447916666666666 0.899074074074074 0.1984375 0.899074074074074
2 0.7479166666666667 0.5212962962962963 0.7953125 0.5212962962962963 0.7953125 0.6685185185185185 0.7479166666666667 0.6685185185185185
2 0.28854166666666664 0.45185185185185184 0.3296875 0.45185185185185184 0.3296875 0.5740740740740741 0.28854166666666664 0.5740740740740741
2 0.5901041666666667 0.2916666666666667 0.6239583333333333 0.2916666666666667 0.6239583333333333 0.387037037037037 0.5901041666666667 0.387037037037037
2 0.3885416666666667 0.2462962962962963 0.41458333333333336 0.2462962962962963 0.41458333333333336 0.31666666666666665 0.3885416666666667 0.31666666666666665
2 0.6255208333333333 0.1962962962962963 0.6588541666666666 0.1962962962962963 0.6588541666666666 0.2537037037037037 0.6255208333333333 0.2537037037037037
2 0.6479166666666667 0.3 0.675 0.3 0.675 0.39537037037037037 0.6479166666666667 0.39537037037037037
2 0.36770833333333336 0.3212962962962963 0.403125 0.3212962962962963 0.403125 0.425 0.36770833333333336 0.425
2 0.4192708333333333 0.2638888888888889 0.4515625 0.2638888888888889 0.4515625 0.35833333333333334 0.4192708333333333 0.35833333333333334
2 0.49947916666666664 0.16018518518518518 0.5307291666666667 0.16018518518518518 0.5307291666666667 0.22685185185185186 0.49947916666666664 0.22685185185185186
2 0.5515625 0.12685185185185185 0.5671875 0.12685185185185185 0.5671875 0.16666666666666666 0.5515625 0.16666666666666666
2 0.5833333333333334 0.16574074074074074 0.6119791666666666 0.16574074074074074 0.6119791666666666 0.22037037037037038 0.5833333333333334 0.22037037037037038
2 0.4432291666666667 0.1537037037037037 0.46041666666666664 0.1537037037037037 0.46041666666666664 0.2222222222222222 0.4432291666666667 0.2222222222222222
2 0.5604166666666667 0.20462962962962963 0.5776041666666667 0.20462962962962963 0.5776041666666667 0.29074074074074074 0.5604166666666667 0.29074074074074074
2 0.5760416666666667 0.1935185185185185 0.5958333333333333 0.1935185185185185 0.5958333333333333 0.2740740740740741 0.5760416666666667 0.2740740740740741