1 0.38697916666666665 0.33240740740740743 0.4703125 0.33240740740740743 0.4703125 0.4675925925925926 0.38697916666666665 0.4675925925925926
1 0.1484375 0.3175925925925926 0.271875 0.3175925925925926 0.271875 0.4925925925925926 0.1484375 0.4925925925925926
2 0.0015625 0.7842592592592592 0.08541666666666667 0.7842592592592592 0.08541666666666667 0.9981481481481481 0.0015625 0.9981481481481481
2 0.2755208333333333 0.4074074074074074 0.3125 0.4074074074074074 0.3125 0.5037037037037037 0.2755208333333333 0.5037037037037037
2 0.7119791666666667 0.31666666666666665 0.7510416666666667 0.31666666666666665 0.7510416666666667 0.4046296296296296 0.7119791666666667 0.4046296296296296
2 0.7453125 0.5435185185185185 0.7979166666666667 0.5435185185185185 0.7979166666666667 0.6972222222222222 0.7453125 0.6972222222222222
2 0.159375 0.5083333333333333 0.215625 0.5083333333333333 0.215625 0.6537037037037037 0.159375 0.6537037037037037
2 0.21666666666666667 0.6648148148148149 0.28020833333333334 0.6648148148148149 0.28020833333333334 0.8666666666666667 0.21666666666666667 0.8666666666666667
2 0.3260416666666667 0.5018518518518519 0.375 0.5018518518518519 0.375 0.6453703703703704 0.3260416666666667 0.6453703703703704
1 0.3203125 0.17685185185185184 0.3848958333333333 0.17685185185185184 0.3848958333333333 0.23981481481481481 0.3203125 0.23981481481481481
2 0.2609375 0.49166666666666664 0.30520833333333336 0.49166666666666664 0.30520833333333336 0.6342592592592593 0.2609375 0.6342592592592593
2 0.365625 0.2935185185185185 0.39375 0.2935185185185185 0.39375 0.37222222222222223 0.365625 0.37222222222222223
2 0.6046875 0.18518518518518517 0.6244791666666667 0.18518518518518517 0.6244791666666667 0.24074074074074073 0.6046875 0.24074074074074073
2 0.3828125 0.24166666666666667 0.40729166666666666 0.24166666666666667 0.40729166666666666 0.3138888888888889 0.3828125 0.3138888888888889
2 0.446875 0.19074074074074074 0.46822916666666664 0.19074074074074074 0.46822916666666664 0.2537037037037037 0.446875 0.2537037037037037
2 0.6416666666666667 0.18703703703703703 0.6604166666666667 0.18703703703703703 0.6604166666666667 0.24351851851851852 0.6416666666666667 0.24351851851851852
2 0.41822916666666665 0.25 0.44375 0.25 0.44375 0.3212962962962963 0.41822916666666665 0.3212962962962963
2 0.4703125 0.17777777777777778 0.4859375 0.17777777777777778 0.4859375 0.23333333333333334 0.4703125 0.23333333333333334