1 0.6458333333333334 0.20092592592592592 0.6822916666666666 0.20092592592592592 0.6822916666666666 0.30648148148148147 0.6458333333333334 0.30648148148148147
1 0.6489583333333333 0.4148148148148148 0.6859375 0.4148148148148148 0.6859375 0.47962962962962963 0.6489583333333333 0.47962962962962963
1 0.3859375 0.6333333333333333 0.6078125 0.6333333333333333 0.6078125 0.9111111111111111 0.3859375 0.9111111111111111
1 0.5125 0 0.6104166666666667 0 0.6104166666666667 0.05648148148148148 0.5125 0.05648148148148148
2 0.28958333333333336 0.2361111111111111 0.4234375 0.2361111111111111 0.4234375 0.32314814814814813 0.28958333333333336 0.32314814814814813
2 0.42083333333333334 0.11666666666666667 0.5057291666666667 0.11666666666666667 0.5057291666666667 0.18611111111111112 0.42083333333333334 0.18611111111111112
2 0.48854166666666665 0.1648148148148148 0.5588541666666667 0.1648148148148148 0.5588541666666667 0.21666666666666667 0.48854166666666665 0.21666666666666667
2 0.4973958333333333 0.049074074074074076 0.5708333333333333 0.049074074074074076 0.5708333333333333 0.10740740740740741 0.4973958333333333 0.10740740740740741
2 0.5083333333333333 0.32037037037037036 0.578125 0.32037037037037036 0.578125 0.3675925925925926 0.5083333333333333 0.3675925925925926
2 0.5463541666666667 0.3638888888888889 0.6015625 0.3638888888888889 0.6015625 0.4074074074074074 0.5463541666666667 0.4074074074074074
2 0.5395833333333333 0.22777777777777777 0.5921875 0.22777777777777777 0.5921875 0.26944444444444443 0.5395833333333333 0.26944444444444443
2 0.5755208333333334 0.24444444444444444 0.6182291666666667 0.24444444444444444 0.6182291666666667 0.27037037037037037 0.5755208333333334 0.27037037037037037
2 0.609375 0.23055555555555557 0.6385416666666667 0.23055555555555557 0.6385416666666667 0.262037037037037 0.609375 0.262037037037037
2 0.5958333333333333 0.2740740740740741 0.6432291666666666 0.2740740740740741 0.6432291666666666 0.30277777777777776 0.5958333333333333 0.30277777777777776
2 0.6208333333333333 0.32314814814814813 0.653125 0.32314814814814813 0.653125 0.34444444444444444 0.6208333333333333 0.34444444444444444
2 0.6197916666666666 0.36574074074074076 0.6588541666666666 0.36574074074074076 0.6588541666666666 0.387037037037037 0.6197916666666666 0.387037037037037
2 0.6052083333333333 0.4046296296296296 0.6463541666666667 0.4046296296296296 0.6463541666666667 0.42592592592592593 0.6052083333333333 0.42592592592592593
2 0.6484375 0.33240740740740743 0.6713541666666667 0.33240740740740743 0.6713541666666667 0.3537037037037037 0.6484375 0.3537037037037037
2 0.6614583333333334 0.37407407407407406 0.68125 0.37407407407407406 0.68125 0.3907407407407407 0.6614583333333334 0.3907407407407407
2 0.6760416666666667 0.3925925925925926 0.7010416666666667 0.3925925925925926 0.7010416666666667 0.4064814814814815 0.6760416666666667 0.4064814814814815
2 0.6796875 0.4148148148148148 0.6979166666666666 0.4148148148148148 0.6979166666666666 0.42962962962962964 0.6796875 0.42962962962962964
2 0.6869791666666667 0.4388888888888889 0.7052083333333333 0.4388888888888889 0.7052083333333333 0.4537037037037037 0.6869791666666667 0.4537037037037037
2 0.6739583333333333 0.487962962962963 0.7036458333333333 0.487962962962963 0.7036458333333333 0.5064814814814815 0.6739583333333333 0.5064814814814815
2 0.6953125 0.4287037037037037 0.7171875 0.4287037037037037 0.7171875 0.4444444444444444 0.6953125 0.4444444444444444
2 0.6859375 0.3787037037037037 0.709375 0.3787037037037037 0.709375 0.3888888888888889 0.6859375 0.3888888888888889
2 0.6942708333333333 0.3685185185185185 0.7135416666666666 0.3685185185185185 0.7135416666666666 0.3824074074074074 0.6942708333333333 0.3824074074074074
2 0.6755208333333333 0.6620370370370371 0.7026041666666667 0.6620370370370371 0.7026041666666667 0.6759259259259259 0.6755208333333333 0.6759259259259259
2 0.6708333333333333 0.7111111111111111 0.6973958333333333 0.7111111111111111 0.6973958333333333 0.737037037037037 0.6708333333333333 0.737037037037037
1 0.7005208333333334 0.6555555555555556 0.7208333333333333 0.6555555555555556 0.7208333333333333 0.7111111111111111 0.7005208333333334 0.7111111111111111