0 0.403125 0 0.634375 0 0.634375 0.24259259259259258 0.403125 0.24259259259259258
1 0.6234375 0.37777777777777777 0.66875 0.37777777777777777 0.66875 0.47129629629629627 0.6234375 0.47129629629629627
2 0.3380208333333333 0.9629629629629629 0.4317708333333333 0.9629629629629629 0.4317708333333333 1 0.3380208333333333 1
2 0.5536458333333333 0.9120370370370371 0.6041666666666666 0.9120370370370371 0.6041666666666666 0.9768518518518519 0.5536458333333333 0.9768518518518519
2 0.5473958333333333 0.4027777777777778 0.60625 0.4027777777777778 0.60625 0.45925925925925926 0.5473958333333333 0.45925925925925926
2 0.6489583333333333 0.5981481481481481 0.6848958333333334 0.5981481481481481 0.6848958333333334 0.6351851851851852 0.6489583333333333 0.6351851851851852
2 0.49270833333333336 0.6546296296296297 0.5583333333333333 0.6546296296296297 0.5583333333333333 0.7166666666666667 0.49270833333333336 0.7166666666666667
2 0.3328125 0.28425925925925927 0.4395833333333333 0.28425925925925927 0.4395833333333333 0.37777777777777777 0.3328125 0.37777777777777777
2 0.6140625 0.25925925925925924 0.6536458333333334 0.25925925925925924 0.6536458333333334 0.30092592592592593 0.6140625 0.30092592592592593
2 0.6145833333333334 0.799074074074074 0.6526041666666667 0.799074074074074 0.6526041666666667 0.8361111111111111 0.6145833333333334 0.8361111111111111
1 0.6421875 0.662962962962963 0.6833333333333333 0.662962962962963 0.6833333333333333 0.7490740740740741 0.6421875 0.7490740740740741
2 0.5854166666666667 0.7333333333333333 0.6375 0.7333333333333333 0.6375 0.7898148148148149 0.5854166666666667 0.7898148148148149
2 0.4484375 0.387037037037037 0.5291666666666667 0.387037037037037 0.5291666666666667 0.45740740740740743 0.4484375 0.45740740740740743
2 0.4828125 0.8722222222222222 0.5541666666666667 0.8722222222222222 0.5541666666666667 0.9435185185185185 0.4828125 0.9435185185185185
2 0.671875 0.3888888888888889 0.6979166666666666 0.3888888888888889 0.6979166666666666 0.4148148148148148 0.671875 0.4148148148148148
2 0.6708333333333333 0.4546296296296296 0.6953125 0.4546296296296296 0.6953125 0.48148148148148145 0.6708333333333333 0.48148148148148145
2 0.6161458333333333 0.7046296296296296 0.6598958333333333 0.7046296296296296 0.6598958333333333 0.7407407407407407 0.6161458333333333 0.7407407407407407
2 0.5395833333333333 0.7018518518518518 0.6052083333333333 0.7018518518518518 0.6052083333333333 0.7398148148148148 0.5395833333333333 0.7398148148148148