1 0.14947916666666666 0.32407407407407407 0.2713541666666667 0.32407407407407407 0.2713541666666667 0.5 0.14947916666666666 0.5
1 0.43385416666666665 0.225 0.48385416666666664 0.225 0.48385416666666664 0.30648148148148147 0.43385416666666665 0.30648148148148147
2 0 0.5824074074074074 0.09010416666666667 0.5824074074074074 0.09010416666666667 0.7833333333333333 0 0.7833333333333333
2 0.915625 0.5953703703703703 1 0.5953703703703703 1 0.7777777777777778 0.915625 0.7777777777777778
1 0.3229166666666667 0.17685185185185184 0.390625 0.17685185185185184 0.390625 0.23981481481481481 0.3229166666666667 0.23981481481481481
2 0.23072916666666668 0.47314814814814815 0.28802083333333334 0.47314814814814815 0.28802083333333334 0.6185185185185185 0.23072916666666668 0.6185185185185185
2 0.16145833333333334 0.6527777777777778 0.22291666666666668 0.6527777777777778 0.22291666666666668 0.8611111111111112 0.16145833333333334 0.8611111111111112
2 0.29739583333333336 0.362962962962963 0.32864583333333336 0.362962962962963 0.32864583333333336 0.47314814814814815 0.29739583333333336 0.47314814814814815
2 0.6677083333333333 0.32407407407407407 0.7052083333333333 0.32407407407407407 0.7052083333333333 0.4185185185185185 0.6677083333333333 0.4185185185185185
2 0.7234375 0.35462962962962963 0.7578125 0.35462962962962963 0.7578125 0.45925925925925926 0.7234375 0.45925925925925926
2 0.47708333333333336 0.13703703703703704 0.490625 0.13703703703703704 0.490625 0.17314814814814813 0.47708333333333336 0.17314814814814813
2 0.31979166666666664 0.6083333333333333 0.3734375 0.6083333333333333 0.3734375 0.7972222222222223 0.31979166666666664 0.7972222222222223
2 0.3546875 0.31296296296296294 0.3828125 0.31296296296296294 0.3828125 0.39814814814814814 0.3546875 0.39814814814814814
2 0.39010416666666664 0.39444444444444443 0.4296875 0.39444444444444443 0.4296875 0.5120370370370371 0.39010416666666664 0.5120370370370371
2 0.4265625 0.19722222222222222 0.44375 0.19722222222222222 0.44375 0.2462962962962963 0.4265625 0.2462962962962963
2 0.6604166666666667 0.2361111111111111 0.6916666666666667 0.2361111111111111 0.6916666666666667 0.31666666666666665 0.6604166666666667 0.31666666666666665
2 0.4083333333333333 0.25 0.4296875 0.25 0.4296875 0.32592592592592595 0.4083333333333333 0.32592592592592595
2 0.45989583333333334 0.14629629629629629 0.4744791666666667 0.14629629629629629 0.4744791666666667 0.18611111111111112 0.45989583333333334 0.18611111111111112
2 0.49635416666666665 0.17592592592592593 0.5114583333333333 0.17592592592592593 0.5114583333333333 0.22314814814814815 0.49635416666666665 0.22314814814814815
2 0.36822916666666666 0.25925925925925924 0.3921875 0.25925925925925924 0.3921875 0.3277777777777778 0.36822916666666666 0.3277777777777778
2 0.45416666666666666 0.18425925925925926 0.4703125 0.18425925925925926 0.4703125 0.22407407407407406 0.45416666666666666 0.22407407407407406
2 0.6088541666666667 0.13240740740740742 0.6239583333333333 0.13240740740740742 0.6239583333333333 0.17314814814814813 0.6088541666666667 0.17314814814814813
2 0.4171875 0.14444444444444443 0.4317708333333333 0.14444444444444443 0.4317708333333333 0.18055555555555555 0.4171875 0.18055555555555555
2 0.3932291666666667 0.31666666666666665 0.41822916666666665 0.31666666666666665 0.41822916666666665 0.3851851851851852 0.3932291666666667 0.3851851851851852
2 0.575 0.12314814814814815 0.5932291666666667 0.12314814814814815 0.5932291666666667 0.15833333333333333 0.575 0.15833333333333333
2 0.43854166666666666 0.14444444444444443 0.45364583333333336 0.14444444444444443 0.45364583333333336 0.18333333333333332 0.43854166666666666 0.18333333333333332
2 0.625 0.21851851851851853 0.64375 0.21851851851851853 0.64375 0.30277777777777776 0.625 0.30277777777777776