1 0.14479166666666668 0.31296296296296294 0.2713541666666667 0.31296296296296294 0.2713541666666667 0.487962962962963 0.14479166666666668 0.487962962962963
1 0.32395833333333335 0.17314814814814813 0.39114583333333336 0.17314814814814813 0.39114583333333336 0.23425925925925925 0.32395833333333335 0.23425925925925925
2 0.8333333333333334 0.562037037037037 0.8979166666666667 0.562037037037037 0.8979166666666667 0.725925925925926 0.8333333333333334 0.725925925925926
2 0.6302083333333334 0.3648148148148148 0.665625 0.3648148148148148 0.665625 0.475 0.6302083333333334 0.475
2 0.8598958333333333 0.8407407407407408 0.9369791666666667 0.8407407407407408 0.9369791666666667 0.9953703703703703 0.8598958333333333 0.9953703703703703
2 0.5859375 0.25555555555555554 0.6151041666666667 0.25555555555555554 0.6151041666666667 0.33611111111111114 0.5859375 0.33611111111111114
2 0.7098958333333333 0.43796296296296294 0.7526041666666666 0.43796296296296294 0.7526041666666666 0.5601851851851852 0.7098958333333333 0.5601851851851852
2 0.5984375 0.17037037037037037 0.6234375 0.17037037037037037 0.6234375 0.2222222222222222 0.5984375 0.2222222222222222
2 0.23125 0.5231481481481481 0.28541666666666665 0.5231481481481481 0.28541666666666665 0.6777777777777778 0.23125 0.6777777777777778
2 0.11770833333333333 0.8314814814814815 0.209375 0.8314814814814815 0.209375 0.9962962962962963 0.11770833333333333 0.9962962962962963
2 0.34270833333333334 0.362962962962963 0.38333333333333336 0.362962962962963 0.38333333333333336 0.48518518518518516 0.34270833333333334 0.48518518518518516
2 0.4109375 0.29814814814814816 0.4453125 0.29814814814814816 0.4453125 0.40555555555555556 0.4109375 0.40555555555555556
2 0.640625 0.1925925925925926 0.6651041666666667 0.1925925925925926 0.6651041666666667 0.2490740740740741 0.640625 0.2490740740740741
2 0.6375 0.27314814814814814 0.6619791666666667 0.27314814814814814 0.6619791666666667 0.35462962962962963 0.6375 0.35462962962962963
2 0.5015625 0.16018518518518518 0.53125 0.16018518518518518 0.53125 0.22685185185185186 0.5015625 0.22685185185185186
2 0.4375 0.18425925925925926 0.4583333333333333 0.18425925925925926 0.4583333333333333 0.24444444444444444 0.4375 0.24444444444444444
2 0.55625 0.1925925925925926 0.5859375 0.1925925925925926 0.5859375 0.26666666666666666 0.55625 0.26666666666666666
2 0.4666666666666667 0.15185185185185185 0.4822916666666667 0.15185185185185185 0.4822916666666667 0.21944444444444444 0.4666666666666667 0.21944444444444444