1 0.3953125 0.9092592592592592 0.49322916666666666 0.9092592592592592 0.49322916666666666 1 0.3953125 1
1 0.3171875 0.6962962962962963 0.35208333333333336 0.6962962962962963 0.35208333333333336 0.8175925925925925 0.3171875 0.8175925925925925
2 0.5364583333333334 0.850925925925926 0.6421875 0.850925925925926 0.6421875 0.9583333333333334 0.5364583333333334 0.9583333333333334
2 0.503125 0.1175925925925926 0.5958333333333333 0.1175925925925926 0.5958333333333333 0.2101851851851852 0.503125 0.2101851851851852
2 0.40520833333333334 0.2740740740740741 0.4671875 0.2740740740740741 0.4671875 0.33611111111111114 0.40520833333333334 0.33611111111111114
2 0.44375 0.7583333333333333 0.5104166666666666 0.7583333333333333 0.5104166666666666 0.8185185185185185 0.44375 0.8185185185185185
2 0.6505208333333333 0.937962962962963 0.7755208333333333 0.937962962962963 0.7755208333333333 1 0.6505208333333333 1
2 0.33125 0.2324074074074074 0.3625 0.2324074074074074 0.3625 0.29444444444444445 0.33125 0.29444444444444445
2 0.32083333333333336 0.3333333333333333 0.34791666666666665 0.3333333333333333 0.34791666666666665 0.39351851851851855 0.32083333333333336 0.39351851851851855
2 0.409375 0.16944444444444445 0.465625 0.16944444444444445 0.465625 0.21851851851851853 0.409375 0.21851851851851853
2 0.3463541666666667 0.6481481481481481 0.38229166666666664 0.6481481481481481 0.38229166666666664 0.6888888888888889 0.3463541666666667 0.6888888888888889
2 0.3848958333333333 0.6546296296296297 0.43802083333333336 0.6546296296296297 0.43802083333333336 0.7092592592592593 0.3848958333333333 0.7092592592592593
2 0.2921875 0.36666666666666664 0.3171875 0.36666666666666664 0.3171875 0.39814814814814814 0.2921875 0.39814814814814814
2 0.3578125 0.5851851851851851 0.4046875 0.5851851851851851 0.4046875 0.6333333333333333 0.3578125 0.6333333333333333
2 0.3546875 0.3490740740740741 0.3921875 0.3490740740740741 0.3921875 0.38981481481481484 0.3546875 0.38981481481481484
2 0.34375 0.30833333333333335 0.38125 0.30833333333333335 0.38125 0.3425925925925926 0.34375 0.3425925925925926