1 0.4 0.9055555555555556 0.4973958333333333 0.9055555555555556 0.4973958333333333 1 0.4 1
1 0.3203125 0.6990740740740741 0.353125 0.6990740740740741 0.353125 0.8166666666666667 0.3203125 0.8166666666666667
2 0.7041666666666667 0.837037037037037 0.7802083333333333 0.837037037037037 0.7802083333333333 0.9777777777777777 0.7041666666666667 0.9777777777777777
2 0.3932291666666667 0.10277777777777777 0.4432291666666667 0.10277777777777777 0.4432291666666667 0.1638888888888889 0.3932291666666667 0.1638888888888889
2 0.39947916666666666 0.1787037037037037 0.45208333333333334 0.1787037037037037 0.45208333333333334 0.23703703703703705 0.39947916666666666 0.23703703703703705
2 0.346875 0.6537037037037037 0.3828125 0.6537037037037037 0.3828125 0.6962962962962963 0.346875 0.6962962962962963
2 0.3265625 0.5472222222222223 0.3609375 0.5472222222222223 0.3609375 0.5898148148148148 0.3265625 0.5898148148148148
2 0.2994791666666667 0.36666666666666664 0.32395833333333335 0.36666666666666664 0.32395833333333335 0.40370370370370373 0.2994791666666667 0.40370370370370373
2 0.3515625 0.2064814814814815 0.3890625 0.2064814814814815 0.3890625 0.2490740740740741 0.3515625 0.2490740740740741
2 0.3578125 0.5916666666666667 0.39114583333333336 0.5916666666666667 0.39114583333333336 0.6333333333333333 0.3578125 0.6333333333333333
2 0.40729166666666666 0.6268518518518519 0.46927083333333336 0.6268518518518519 0.46927083333333336 0.6925925925925925 0.40729166666666666 0.6925925925925925
2 0.3182291666666667 0.3990740740740741 0.34479166666666666 0.3990740740740741 0.34479166666666666 0.4648148148148148 0.3182291666666667 0.4648148148148148
2 0.5723958333333333 0.8416666666666667 0.6869791666666667 0.8416666666666667 0.6869791666666667 0.9601851851851851 0.5723958333333333 0.9601851851851851
2 0.3125 0.29074074074074074 0.340625 0.29074074074074074 0.340625 0.3277777777777778 0.3125 0.3277777777777778
2 0.2942708333333333 0.5925925925925926 0.315625 0.5925925925925926 0.315625 0.6185185185185185 0.2942708333333333 0.6185185185185185
2 0.4010416666666667 0.5398148148148149 0.4630208333333333 0.5398148148148149 0.4630208333333333 0.5962962962962963 0.4010416666666667 0.5962962962962963
2 0.296875 0.5027777777777778 0.321875 0.5027777777777778 0.321875 0.5305555555555556 0.296875 0.5305555555555556
2 0.29583333333333334 0.34814814814814815 0.32083333333333336 0.34814814814814815 0.32083333333333336 0.39351851851851855 0.29583333333333334 0.39351851851851855