1 0.49895833333333334 0 0.5989583333333334 0 0.5989583333333334 0.08888888888888889 0.49895833333333334 0.08888888888888889
1 0.35052083333333334 0.1925925925925926 0.5020833333333333 0.1925925925925926 0.5020833333333333 0.412962962962963 0.35052083333333334 0.412962962962963
1 0.6447916666666667 0.19814814814814816 0.6796875 0.19814814814814816 0.6796875 0.30277777777777776 0.6447916666666667 0.30277777777777776
1 0.6817708333333333 0.5731481481481482 0.7114583333333333 0.5731481481481482 0.7114583333333333 0.6425925925925926 0.6817708333333333 0.6425925925925926
1 0.684375 0.7731481481481481 0.7067708333333333 0.7731481481481481 0.7067708333333333 0.875 0.684375 0.875
2 0.6359375 0.7462962962962963 0.6677083333333333 0.7462962962962963 0.6677083333333333 0.7888888888888889 0.6359375 0.7888888888888889
2 0.5885416666666666 0.8101851851851852 0.6348958333333333 0.8101851851851852 0.6348958333333333 0.8537037037037037 0.5885416666666666 0.8537037037037037
2 0.5067708333333333 0.8527777777777777 0.5791666666666667 0.8527777777777777 0.5791666666666667 0.9074074074074074 0.5067708333333333 0.9074074074074074
2 0.4942708333333333 0.1037037037037037 0.5671875 0.1037037037037037 0.5671875 0.14166666666666666 0.4942708333333333 0.14166666666666666
2 0.48072916666666665 0.19074074074074074 0.5526041666666667 0.19074074074074074 0.5526041666666667 0.22777777777777777 0.48072916666666665 0.22777777777777777
2 0.58125 0.2361111111111111 0.628125 0.2361111111111111 0.628125 0.2611111111111111 0.58125 0.2611111111111111
2 0.5614583333333333 0.36018518518518516 0.6151041666666667 0.36018518518518516 0.6151041666666667 0.38981481481481484 0.5614583333333333 0.38981481481481484
2 0.5953125 0.3212962962962963 0.6427083333333333 0.3212962962962963 0.6427083333333333 0.34814814814814815 0.5953125 0.34814814814814815
2 0.6197916666666666 0.2953703703703704 0.6640625 0.2953703703703704 0.6640625 0.32407407407407407 0.6197916666666666 0.32407407407407407
2 0.6041666666666666 0.3851851851851852 0.65 0.3851851851851852 0.65 0.4083333333333333 0.6041666666666666 0.4083333333333333
2 0.68125 0.3314814814814815 0.7026041666666667 0.3314814814814815 0.7026041666666667 0.3490740740740741 0.68125 0.3490740740740741
2 0.6770833333333334 0.38055555555555554 0.6984375 0.38055555555555554 0.6984375 0.39166666666666666 0.6770833333333334 0.39166666666666666
2 0.6864583333333333 0.36574074074074076 0.7041666666666667 0.36574074074074076 0.7041666666666667 0.3824074074074074 0.6864583333333333 0.3824074074074074
2 0.6557291666666667 0.3611111111111111 0.6838541666666667 0.3611111111111111 0.6838541666666667 0.37962962962962965 0.6557291666666667 0.37962962962962965
2 0.653125 0.40185185185185185 0.6848958333333334 0.40185185185185185 0.6848958333333334 0.42592592592592593 0.653125 0.42592592592592593
2 0.6703125 0.43703703703703706 0.6963541666666667 0.43703703703703706 0.6963541666666667 0.4546296296296296 0.6703125 0.4546296296296296
2 0.6635416666666667 0.4842592592592593 0.6942708333333333 0.4842592592592593 0.6942708333333333 0.5 0.6635416666666667 0.5
2 0.6890625 0.48055555555555557 0.7109375 0.48055555555555557 0.7109375 0.49444444444444446 0.6890625 0.49444444444444446
2 0.6859375 0.41759259259259257 0.7083333333333334 0.41759259259259257 0.7083333333333334 0.4305555555555556 0.6859375 0.4305555555555556
2 0.6916666666666667 0.39537037037037037 0.7088541666666667 0.39537037037037037 0.7088541666666667 0.41203703703703703 0.6916666666666667 0.41203703703703703
2 0.6973958333333333 0.4546296296296296 0.7166666666666667 0.4546296296296296 0.7166666666666667 0.4685185185185185 0.6973958333333333 0.4685185185185185
2 0.7005208333333334 0.4305555555555556 0.7125 0.4305555555555556 0.7125 0.44351851851851853 0.7005208333333334 0.44351851851851853
2 0.6885416666666667 0.6555555555555556 0.7145833333333333 0.6555555555555556 0.7145833333333333 0.6731481481481482 0.6885416666666667 0.6731481481481482
2 0.646875 0.600925925925926 0.6796875 0.600925925925926 0.6796875 0.6620370370370371 0.646875 0.6620370370370371