1 0.41875 0.2601851851851852 0.48020833333333335 0.2601851851851852 0.48020833333333335 0.3592592592592593 0.41875 0.3592592592592593
1 0.15052083333333333 0.3175925925925926 0.275 0.3175925925925926 0.275 0.4935185185185185 0.15052083333333333 0.4935185185185185
1 0.3223958333333333 0.17592592592592593 0.390625 0.17592592592592593 0.390625 0.23796296296296296 0.3223958333333333 0.23796296296296296
2 0.09947916666666666 0.6731481481481482 0.190625 0.6731481481481482 0.190625 0.9055555555555556 0.09947916666666666 0.9055555555555556
2 0.8083333333333333 0.44074074074074077 0.8619791666666666 0.44074074074074077 0.8619791666666666 0.5694444444444444 0.8083333333333333 0.5694444444444444
2 0.3223958333333333 0.5638888888888889 0.37447916666666664 0.5638888888888889 0.37447916666666664 0.7490740740740741 0.3223958333333333 0.7490740740740741
1 0.5369791666666667 0.14166666666666666 0.5984375 0.14166666666666666 0.5984375 0.29074074074074074 0.5369791666666667 0.29074074074074074
2 0.6833333333333333 0.25 0.7098958333333333 0.25 0.7098958333333333 0.3296296296296296 0.6833333333333333 0.3296296296296296
2 0.3859375 0.3148148148148148 0.41510416666666666 0.3148148148148148 0.41510416666666666 0.4064814814814815 0.3859375 0.4064814814814815
2 0.21302083333333333 0.4648148148148148 0.26197916666666665 0.4648148148148148 0.26197916666666665 0.6194444444444445 0.21302083333333333 0.6194444444444445
2 0.3380208333333333 0.3101851851851852 0.36666666666666664 0.3101851851851852 0.36666666666666664 0.3851851851851852 0.3380208333333333 0.3851851851851852
2 0.6401041666666667 0.24537037037037038 0.6671875 0.24537037037037038 0.6671875 0.32037037037037036 0.6401041666666667 0.32037037037037036
2 0.6161458333333333 0.1814814814814815 0.6322916666666667 0.1814814814814815 0.6322916666666667 0.25462962962962965 0.6161458333333333 0.25462962962962965
2 0.45729166666666665 0.16111111111111112 0.4734375 0.16111111111111112 0.4734375 0.2101851851851852 0.45729166666666665 0.2101851851851852
2 0.40677083333333336 0.22962962962962963 0.42916666666666664 0.22962962962962963 0.42916666666666664 0.29259259259259257 0.40677083333333336 0.29259259259259257
2 0.32395833333333335 0.37222222222222223 0.3536458333333333 0.37222222222222223 0.3536458333333333 0.4722222222222222 0.32395833333333335 0.4722222222222222
2 0.49635416666666665 0.17222222222222222 0.5166666666666667 0.17222222222222222 0.5166666666666667 0.2324074074074074 0.49635416666666665 0.2324074074074074
2 0.4786458333333333 0.14351851851851852 0.4921875 0.14351851851851852 0.4921875 0.18611111111111112 0.4786458333333333 0.18611111111111112
2 0.359375 0.40370370370370373 0.3963541666666667 0.40370370370370373 0.3963541666666667 0.5212962962962963 0.359375 0.5212962962962963
2 0.571875 0.11018518518518519 0.5875 0.11018518518518519 0.5875 0.14351851851851852 0.571875 0.14351851851851852
2 0.2546875 0.3824074074074074 0.2916666666666667 0.3824074074074074 0.2916666666666667 0.4925925925925926 0.2546875 0.4925925925925926
2 0.32708333333333334 0.3638888888888889 0.3536458333333333 0.3638888888888889 0.3536458333333333 0.425 0.32708333333333334 0.425
2 0.6333333333333333 0.17685185185185184 0.6484375 0.17685185185185184 0.6484375 0.24074074074074073 0.6333333333333333 0.24074074074074073