1 0.5083333333333333 0 0.603125 0 0.603125 0.09351851851851851 0.5083333333333333 0.09351851851851851
1 0.6447916666666667 0.18055555555555555 0.6776041666666667 0.18055555555555555 0.6776041666666667 0.2935185185185185 0.6447916666666667 0.2935185185185185
2 0.6270833333333333 0.7416666666666667 0.6572916666666667 0.7416666666666667 0.6572916666666667 0.7842592592592592 0.6270833333333333 0.7842592592592592
2 0.46510416666666665 0.9740740740740741 0.5432291666666667 0.9740740740740741 0.5432291666666667 1 0.46510416666666665 1
2 0.58125 0.8 0.6276041666666666 0.8 0.6276041666666666 0.8527777777777777 0.58125 0.8527777777777777
2 0.61875 0.40555555555555556 0.6583333333333333 0.40555555555555556 0.6583333333333333 0.44814814814814813 0.61875 0.44814814814814813
2 0.6020833333333333 0.28888888888888886 0.6421875 0.28888888888888886 0.6421875 0.3351851851851852 0.6020833333333333 0.3351851851851852
2 0.5786458333333333 0.35 0.6239583333333333 0.35 0.6239583333333333 0.39444444444444443 0.5786458333333333 0.39444444444444443
2 0.6651041666666667 0.4101851851851852 0.6890625 0.4101851851851852 0.6890625 0.44074074074074077 0.6651041666666667 0.44074074074074077
2 0.4640625 0.25833333333333336 0.5515625 0.25833333333333336 0.5515625 0.3398148148148148 0.4640625 0.3398148148148148
2 0.5791666666666667 0.7407407407407407 0.6255208333333333 0.7407407407407407 0.6255208333333333 0.7898148148148149 0.5791666666666667 0.7898148148148149
2 0.6833333333333333 0.5953703703703703 0.7057291666666666 0.5953703703703703 0.7057291666666666 0.6296296296296297 0.6833333333333333 0.6296296296296297
2 0.6541666666666667 0.549074074074074 0.68125 0.549074074074074 0.68125 0.6092592592592593 0.6541666666666667 0.6092592592592593
2 0.46875 0.37962962962962965 0.5552083333333333 0.37962962962962965 0.5552083333333333 0.44166666666666665 0.46875 0.44166666666666665