1 0.13958333333333334 0.34074074074074073 0.2635416666666667 0.34074074074074073 0.2635416666666667 0.5203703703703704 0.13958333333333334 0.5203703703703704
1 0.5515625 0.19537037037037036 0.5989583333333334 0.19537037037037036 0.5989583333333334 0.275 0.5515625 0.275
1 0.4276041666666667 0.2351851851851852 0.4791666666666667 0.2351851851851852 0.4791666666666667 0.32314814814814813 0.4276041666666667 0.32314814814814813
1 0.3255208333333333 0.19166666666666668 0.3807291666666667 0.19166666666666668 0.3807291666666667 0.2574074074074074 0.3255208333333333 0.2574074074074074
2 0.052083333333333336 0.6833333333333333 0.12239583333333333 0.6833333333333333 0.12239583333333333 0.9333333333333333 0.052083333333333336 0.9333333333333333
2 0.13489583333333333 0.6925925925925925 0.196875 0.6925925925925925 0.196875 0.9111111111111111 0.13489583333333333 0.9111111111111111
2 0.23697916666666666 0.6231481481481481 0.29635416666666664 0.6231481481481481 0.29635416666666664 0.8222222222222222 0.23697916666666666 0.8222222222222222
2 0.22552083333333334 0.44074074074074077 0.27239583333333334 0.44074074074074077 0.27239583333333334 0.6092592592592593 0.22552083333333334 0.6092592592592593
2 0.2828125 0.47962962962962963 0.33125 0.47962962962962963 0.33125 0.6462962962962963 0.2828125 0.6462962962962963
2 0.3302083333333333 0.3824074074074074 0.35572916666666665 0.3824074074074074 0.35572916666666665 0.5203703703703704 0.3302083333333333 0.5203703703703704
2 0.36302083333333335 0.39351851851851855 0.39791666666666664 0.39351851851851855 0.39791666666666664 0.5222222222222223 0.36302083333333335 0.5222222222222223
2 0.7635416666666667 0.41574074074074074 0.7994791666666666 0.41574074074074074 0.7994791666666666 0.5601851851851852 0.7635416666666667 0.5601851851851852
2 0.9057291666666667 0.6055555555555555 0.9927083333333333 0.6055555555555555 0.9927083333333333 0.812037037037037 0.9057291666666667 0.812037037037037
2 0.6265625 0.24351851851851852 0.6604166666666667 0.24351851851851852 0.6604166666666667 0.3351851851851852 0.6265625 0.3351851851851852
2 0.34375 0.2796296296296296 0.3734375 0.2796296296296296 0.3734375 0.3638888888888889 0.34375 0.3638888888888889
2 0.36822916666666666 0.22314814814814815 0.38645833333333335 0.22314814814814815 0.38645833333333335 0.3 0.36822916666666666 0.3
2 0.39114583333333336 0.2740740740740741 0.4109375 0.2740740740740741 0.4109375 0.35462962962962963 0.39114583333333336 0.35462962962962963
2 0.403125 0.18055555555555555 0.41510416666666666 0.18055555555555555 0.41510416666666666 0.2351851851851852 0.403125 0.2351851851851852
2 0.4 0.1175925925925926 0.4119791666666667 0.1175925925925926 0.4119791666666667 0.1537037037037037 0.4 0.1537037037037037
2 0.41510416666666666 0.1388888888888889 0.4322916666666667 0.1388888888888889 0.4322916666666667 0.18611111111111112 0.41510416666666666 0.18611111111111112
2 0.4317708333333333 0.1638888888888889 0.44166666666666665 0.1638888888888889 0.44166666666666665 0.2175925925925926 0.4317708333333333 0.2175925925925926
2 0.44427083333333334 0.1574074074074074 0.45625 0.1574074074074074 0.45625 0.2064814814814815 0.44427083333333334 0.2064814814814815
2 0.46197916666666666 0.1574074074074074 0.475 0.1574074074074074 0.475 0.21296296296296297 0.46197916666666666 0.21296296296296297
2 0.4427083333333333 0.13148148148148148 0.4505208333333333 0.13148148148148148 0.4505208333333333 0.16296296296296298 0.4427083333333333 0.16296296296296298
2 0.4515625 0.12129629629629629 0.46041666666666664 0.12129629629629629 0.46041666666666664 0.1685185185185185 0.4515625 0.1685185185185185
2 0.5046875 0.18981481481481483 0.528125 0.18981481481481483 0.528125 0.2388888888888889 0.5046875 0.2388888888888889
2 0.5651041666666666 0.1398148148148148 0.575 0.1398148148148148 0.575 0.17962962962962964 0.5651041666666666 0.17962962962962964
1 0.5286458333333334 0.13796296296296295 0.5536458333333333 0.13796296296296295 0.5536458333333333 0.17592592592592593 0.5286458333333334 0.17592592592592593
2 0.5817708333333333 0.1398148148148148 0.5989583333333334 0.1398148148148148 0.5989583333333334 0.175 0.5817708333333333 0.175
2 0.46041666666666664 0.11666666666666667 0.47239583333333335 0.11666666666666667 0.47239583333333335 0.1527777777777778 0.46041666666666664 0.1527777777777778