1 0.4036458333333333 0.9111111111111111 0.5041666666666667 0.9111111111111111 0.5041666666666667 1 0.4036458333333333 1
1 0.31979166666666664 0.6953703703703704 0.35520833333333335 0.6953703703703704 0.35520833333333335 0.799074074074074 0.31979166666666664 0.799074074074074
1 0.28020833333333334 0.37407407407407406 0.30520833333333336 0.37407407407407406 0.30520833333333336 0.42407407407407405 0.28020833333333334 0.42407407407407405
1 0.2760416666666667 0.49722222222222223 0.29583333333333334 0.49722222222222223 0.29583333333333334 0.5416666666666666 0.2760416666666667 0.5416666666666666
2 0.49166666666666664 0.7231481481481481 0.5921875 0.7231481481481481 0.5921875 0.787962962962963 0.49166666666666664 0.787962962962963
2 0.4348958333333333 0.8490740740740741 0.5151041666666667 0.8490740740740741 0.5151041666666667 0.8842592592592593 0.4348958333333333 0.8842592592592593
2 0.4192708333333333 0.7203703703703703 0.4786458333333333 0.7203703703703703 0.4786458333333333 0.7583333333333333 0.4192708333333333 0.7583333333333333
2 0.38229166666666664 0.7425925925925926 0.4328125 0.7425925925925926 0.4328125 0.7787037037037037 0.38229166666666664 0.7787037037037037
2 0.4109375 0.6277777777777778 0.47552083333333334 0.6277777777777778 0.47552083333333334 0.6722222222222223 0.4109375 0.6722222222222223
2 0.33645833333333336 0.6388888888888888 0.38125 0.6388888888888888 0.38125 0.6796296296296296 0.33645833333333336 0.6796296296296296
2 0.3536458333333333 0.6259259259259259 0.39166666666666666 0.6259259259259259 0.39166666666666666 0.65 0.3536458333333333 0.65
2 0.33541666666666664 0.5972222222222222 0.3703125 0.5972222222222222 0.3703125 0.6185185185185185 0.33541666666666664 0.6185185185185185
2 0.33125 0.5555555555555556 0.36822916666666666 0.5555555555555556 0.36822916666666666 0.5861111111111111 0.33125 0.5861111111111111
2 0.34010416666666665 0.5296296296296297 0.3723958333333333 0.5296296296296297 0.3723958333333333 0.5537037037037037 0.34010416666666665 0.5537037037037037
2 0.30885416666666665 0.5138888888888888 0.34375 0.5138888888888888 0.34375 0.525 0.30885416666666665 0.525
2 0.31145833333333334 0.3453703703703704 0.3489583333333333 0.3453703703703704 0.3489583333333333 0.3731481481481482 0.31145833333333334 0.3731481481481482
2 0.3151041666666667 0.30185185185185187 0.3458333333333333 0.30185185185185187 0.3458333333333333 0.3287037037037037 0.3151041666666667 0.3287037037037037
2 0.30572916666666666 0.26851851851851855 0.3375 0.26851851851851855 0.3375 0.2898148148148148 0.30572916666666666 0.2898148148148148
2 0.33489583333333334 0.2037037037037037 0.371875 0.2037037037037037 0.371875 0.23425925925925925 0.33489583333333334 0.23425925925925925
2 0.36302083333333335 0.20185185185185187 0.41041666666666665 0.20185185185185187 0.41041666666666665 0.23981481481481481 0.36302083333333335 0.23981481481481481
1 0.2921875 0.1398148148148148 0.3171875 0.1398148148148148 0.3171875 0.23425925925925925 0.2921875 0.23425925925925925
2 0.31197916666666664 0.6462962962962963 0.3338541666666667 0.6462962962962963 0.3338541666666667 0.6638888888888889 0.31197916666666664 0.6638888888888889
2 0.3145833333333333 0.5777777777777777 0.34322916666666664 0.5777777777777777 0.34322916666666664 0.5898148148148148 0.3145833333333333 0.5898148148148148
2 0.30104166666666665 0.600925925925926 0.3260416666666667 0.600925925925926 0.3260416666666667 0.6148148148148148 0.30104166666666665 0.6148148148148148
2 0.30885416666666665 0.5879629629629629 0.32916666666666666 0.5879629629629629 0.32916666666666666 0.5953703703703703 0.30885416666666665 0.5953703703703703
2 0.30104166666666665 0.5703703703703704 0.3223958333333333 0.5703703703703704 0.3223958333333333 0.587037037037037 0.30104166666666665 0.587037037037037
2 0.2947916666666667 0.5546296296296296 0.32083333333333336 0.5546296296296296 0.32083333333333336 0.5675925925925925 0.2947916666666667 0.5675925925925925
2 0.29635416666666664 0.5222222222222223 0.31979166666666664 0.5222222222222223 0.31979166666666664 0.5416666666666666 0.29635416666666664 0.5416666666666666
2 0.28541666666666665 0.5453703703703704 0.3026041666666667 0.5453703703703704 0.3026041666666667 0.562962962962963 0.28541666666666665 0.562962962962963
2 0.2911458333333333 0.5824074074074074 0.3067708333333333 0.5824074074074074 0.3067708333333333 0.5990740740740741 0.2911458333333333 0.5990740740740741