1 0.5015625 0 0.6010416666666667 0 0.6010416666666667 0.09259259259259259 0.5015625 0.09259259259259259
1 0.6473958333333333 0.18518518518518517 0.6833333333333333 0.18518518518518517 0.6833333333333333 0.3111111111111111 0.6473958333333333 0.3111111111111111
2 0.24947916666666667 0.8953703703703704 0.371875 0.8953703703703704 0.371875 1 0.24947916666666667 1
2 0.3796875 0 0.47291666666666665 0 0.47291666666666665 0.05277777777777778 0.3796875 0.05277777777777778
2 0.6515625 0.5648148148148148 0.6786458333333333 0.5648148148148148 0.6786458333333333 0.6296296296296297 0.6515625 0.6296296296296297
2 0.4734375 0.7064814814814815 0.5458333333333333 0.7064814814814815 0.5458333333333333 0.7759259259259259 0.4734375 0.7759259259259259
2 0.4859375 0.8240740740740741 0.5557291666666667 0.8240740740740741 0.5557291666666667 0.8861111111111111 0.4859375 0.8861111111111111
2 0.5296875 0.23796296296296296 0.5838541666666667 0.23796296296296296 0.5838541666666667 0.3037037037037037 0.5296875 0.3037037037037037
2 0.4473958333333333 0.13703703703703704 0.5223958333333333 0.13703703703703704 0.5223958333333333 0.21388888888888888 0.4473958333333333 0.21388888888888888
2 0.5864583333333333 0.32592592592592595 0.6348958333333333 0.32592592592592595 0.6348958333333333 0.3824074074074074 0.5864583333333333 0.3824074074074074
2 0.5869791666666667 0.6259259259259259 0.6333333333333333 0.6259259259259259 0.6333333333333333 0.6731481481481482 0.5869791666666667 0.6731481481481482
2 0.6020833333333333 0.6842592592592592 0.6432291666666666 0.6842592592592592 0.6432291666666666 0.7277777777777777 0.6020833333333333 0.7277777777777777
2 0.3515625 0.11296296296296296 0.4588541666666667 0.11296296296296296 0.4588541666666667 0.2064814814814815 0.3515625 0.2064814814814815
2 0.6375 0.6518518518518519 0.6635416666666667 0.6518518518518519 0.6635416666666667 0.7175925925925926 0.6375 0.7175925925925926
2 0.6739583333333333 0.6240740740740741 0.7020833333333333 0.6240740740740741 0.7020833333333333 0.6537037037037037 0.6739583333333333 0.6537037037037037
2 0.6177083333333333 0.37592592592592594 0.659375 0.37592592592592594 0.659375 0.41759259259259257 0.6177083333333333 0.41759259259259257
2 0.21875 0 0.2828125 0 0.2828125 0.05 0.21875 0.05
2 0.6401041666666667 0.33055555555555555 0.6671875 0.33055555555555555 0.6671875 0.36574074074074076 0.6401041666666667 0.36574074074074076