1 0.39895833333333336 0.9064814814814814 0.4984375 0.9064814814814814 0.4984375 1 0.39895833333333336 1
1 0.31666666666666665 0.6898148148148148 0.35260416666666666 0.6898148148148148 0.35260416666666666 0.8148148148148148 0.31666666666666665 0.8148148148148148
2 0.5302083333333333 0.9462962962962963 0.6270833333333333 0.9462962962962963 0.6270833333333333 1 0.5302083333333333 1
2 0.4515625 0.22777777777777777 0.5229166666666667 0.22777777777777777 0.5229166666666667 0.29444444444444445 0.4515625 0.29444444444444445
2 0.4432291666666667 0.11481481481481481 0.5098958333333333 0.11481481481481481 0.5098958333333333 0.17314814814814813 0.4432291666666667 0.17314814814814813
2 0.6119791666666666 0 0.7348958333333333 0 0.7348958333333333 0.10648148148148148 0.6119791666666666 0.10648148148148148
2 0.36770833333333336 0.6212962962962963 0.41302083333333334 0.6212962962962963 0.41302083333333334 0.6768518518518518 0.36770833333333336 0.6768518518518518
2 0.32135416666666666 0.37037037037037035 0.3484375 0.37037037037037035 0.3484375 0.43148148148148147 0.32135416666666666 0.43148148148148147
2 0.41770833333333335 0.6953703703703704 0.47239583333333335 0.6953703703703704 0.47239583333333335 0.7648148148148148 0.41770833333333335 0.7648148148148148
2 0.3567708333333333 0.275 0.396875 0.275 0.396875 0.31666666666666665 0.3567708333333333 0.31666666666666665
2 0.4822916666666667 0.7888888888888889 0.5567708333333333 0.7888888888888889 0.5567708333333333 0.8712962962962963 0.4822916666666667 0.8712962962962963
2 0.365625 0.3287037037037037 0.4109375 0.3287037037037037 0.4109375 0.37777777777777777 0.365625 0.37777777777777777
2 0.5494791666666666 0.8037037037037037 0.6604166666666667 0.8037037037037037 0.6604166666666667 0.8962962962962963 0.5494791666666666 0.8962962962962963
2 0.33541666666666664 0.28055555555555556 0.3619791666666667 0.28055555555555556 0.3619791666666667 0.3453703703703704 0.33541666666666664 0.3453703703703704
2 0.34270833333333334 0.5833333333333334 0.384375 0.5833333333333334 0.384375 0.6268518518518519 0.34270833333333334 0.6268518518518519
2 0.33229166666666665 0.6333333333333333 0.36302083333333335 0.6333333333333333 0.36302083333333335 0.6722222222222223 0.33229166666666665 0.6722222222222223
2 0.29791666666666666 0.33796296296296297 0.32395833333333335 0.33796296296296297 0.32395833333333335 0.375 0.29791666666666666 0.375