1 0.14895833333333333 0.32407407407407407 0.27291666666666664 0.32407407407407407 0.27291666666666664 0.49907407407407406 0.14895833333333333 0.49907407407407406
1 0.43125 0.23425925925925925 0.48333333333333334 0.23425925925925925 0.48333333333333334 0.3194444444444444 0.43125 0.3194444444444444
1 0.3229166666666667 0.1787037037037037 0.39114583333333336 0.1787037037037037 0.39114583333333336 0.24074074074074073 0.3229166666666667 0.24074074074074073
2 0 0.6305555555555555 0.05677083333333333 0.6305555555555555 0.05677083333333333 0.8324074074074074 0 0.8324074074074074
2 0.8828125 0.5462962962962963 0.9520833333333333 0.5462962962962963 0.9520833333333333 0.7166666666666667 0.8828125 0.7166666666666667
2 0.209375 0.5175925925925926 0.2635416666666667 0.5175925925925926 0.2635416666666667 0.674074074074074 0.209375 0.674074074074074
2 0.2796875 0.6972222222222222 0.3567708333333333 0.6972222222222222 0.3567708333333333 0.9175925925925926 0.2796875 0.9175925925925926
2 0.6614583333333334 0.3074074074074074 0.6921875 0.3074074074074074 0.6921875 0.3925925925925926 0.6614583333333334 0.3925925925925926
2 0.0984375 0.7425925925925926 0.17447916666666666 0.7425925925925926 0.17447916666666666 0.9925925925925926 0.0984375 0.9925925925925926
2 0.34375 0.3212962962962963 0.37395833333333334 0.3212962962962963 0.37395833333333334 0.412962962962963 0.34375 0.412962962962963
2 0.7114583333333333 0.3212962962962963 0.7458333333333333 0.3212962962962963 0.7458333333333333 0.42314814814814816 0.7114583333333333 0.42314814814814816
2 0.36302083333333335 0.27037037037037037 0.3885416666666667 0.27037037037037037 0.3885416666666667 0.3416666666666667 0.36302083333333335 0.3416666666666667
2 0.27447916666666666 0.3851851851851852 0.31666666666666665 0.3851851851851852 0.31666666666666665 0.5074074074074074 0.27447916666666666 0.5074074074074074
2 0.6505208333333333 0.2175925925925926 0.6796875 0.2175925925925926 0.6796875 0.2953703703703704 0.6505208333333333 0.2953703703703704
2 0.6203125 0.21203703703703702 0.6432291666666666 0.21203703703703702 0.6432291666666666 0.2861111111111111 0.6203125 0.2861111111111111
2 0.4036458333333333 0.26481481481481484 0.428125 0.26481481481481484 0.428125 0.34444444444444444 0.4036458333333333 0.34444444444444444
2 0.42239583333333336 0.2074074074074074 0.440625 0.2074074074074074 0.440625 0.2537037037037037 0.42239583333333336 0.2537037037037037
2 0.36614583333333334 0.43333333333333335 0.41510416666666666 0.43333333333333335 0.41510416666666666 0.5740740740740741 0.36614583333333334 0.5740740740740741
2 0.478125 0.1361111111111111 0.49114583333333334 0.1361111111111111 0.49114583333333334 0.1787037037037037 0.478125 0.1787037037037037
2 0.4973958333333333 0.17685185185185184 0.5151041666666667 0.17685185185185184 0.5151041666666667 0.22592592592592592 0.4973958333333333 0.22592592592592592
2 0.575 0.12037037037037036 0.5911458333333334 0.12037037037037036 0.5911458333333334 0.15555555555555556 0.575 0.15555555555555556
2 0.4166666666666667 0.14907407407407408 0.43125 0.14907407407407408 0.43125 0.18518518518518517 0.4166666666666667 0.18518518518518517
2 0.453125 0.18888888888888888 0.46927083333333336 0.18888888888888888 0.46927083333333336 0.22685185185185186 0.453125 0.22685185185185186
2 0.459375 0.15092592592592594 0.4744791666666667 0.15092592592592594 0.4744791666666667 0.1935185185185185 0.459375 0.1935185185185185
2 0.6078125 0.13240740740740742 0.6229166666666667 0.13240740740740742 0.6229166666666667 0.17037037037037037 0.6078125 0.17037037037037037
2 0.4375 0.14814814814814814 0.45260416666666664 0.14814814814814814 0.45260416666666664 0.19166666666666668 0.4375 0.19166666666666668
2 0.4270833333333333 0.1787037037037037 0.44375 0.1787037037037037 0.44375 0.21944444444444444 0.4270833333333333 0.21944444444444444
2 0.3880208333333333 0.3175925925925926 0.4125 0.3175925925925926 0.4125 0.43796296296296294 0.3880208333333333 0.43796296296296294