1 0.42291666666666666 0.24722222222222223 0.540625 0.24722222222222223 0.540625 0.4388888888888889 0.42291666666666666 0.4388888888888889
1 0.49895833333333334 0 0.5984375 0 0.5984375 0.08796296296296297 0.49895833333333334 0.08796296296296297
1 0.6442708333333333 0.19907407407407407 0.6802083333333333 0.19907407407407407 0.6802083333333333 0.30462962962962964 0.6442708333333333 0.30462962962962964
1 0.6838541666666667 0.5861111111111111 0.7114583333333333 0.5861111111111111 0.7114583333333333 0.6435185185185185 0.6838541666666667 0.6435185185185185
2 0.4630208333333333 0.8898148148148148 0.5546875 0.8898148148148148 0.5546875 0.9740740740740741 0.4630208333333333 0.9740740740740741
2 0.21875 0 0.3458333333333333 0 0.3458333333333333 0.06018518518518518 0.21875 0.06018518518518518
2 0.5104166666666666 0.1398148148148148 0.5822916666666667 0.1398148148148148 0.5822916666666667 0.1787037037037037 0.5104166666666666 0.1787037037037037
2 0.5244791666666667 0.22777777777777777 0.5859375 0.22777777777777777 0.5859375 0.26944444444444443 0.5244791666666667 0.26944444444444443
2 0.5947916666666667 0.24814814814814815 0.6416666666666667 0.24814814814814815 0.6416666666666667 0.29074074074074074 0.5947916666666667 0.29074074074074074
2 0.5822916666666667 0.37962962962962965 0.6348958333333333 0.37962962962962965 0.6348958333333333 0.41388888888888886 0.5822916666666667 0.41388888888888886
2 0.6088541666666667 0.33796296296296297 0.6505208333333333 0.33796296296296297 0.6505208333333333 0.37222222222222223 0.6088541666666667 0.37222222222222223
2 0.6338541666666667 0.3175925925925926 0.6703125 0.3175925925925926 0.6703125 0.3453703703703704 0.6338541666666667 0.3453703703703704
2 0.6255208333333333 0.3787037037037037 0.6609375 0.3787037037037037 0.6609375 0.41944444444444445 0.6255208333333333 0.41944444444444445
2 0.5760416666666667 0.8416666666666667 0.6234375 0.8416666666666667 0.6234375 0.8805555555555555 0.5760416666666667 0.8805555555555555
2 0.6234375 0.774074074074074 0.6635416666666667 0.774074074074074 0.6635416666666667 0.8009259259259259 0.6234375 0.8009259259259259
2 0.6484375 0.575925925925926 0.68125 0.575925925925926 0.68125 0.6462962962962963 0.6484375 0.6462962962962963
2 0.6578125 0.36944444444444446 0.6895833333333333 0.36944444444444446 0.6895833333333333 0.38981481481481484 0.6578125 0.38981481481481484
2 0.6635416666666667 0.4166666666666667 0.6901041666666666 0.4166666666666667 0.6901041666666666 0.43333333333333335 0.6635416666666667 0.43333333333333335
2 0.6776041666666667 0.4425925925925926 0.7020833333333333 0.4425925925925926 0.7020833333333333 0.4564814814814815 0.6776041666666667 0.4564814814814815
2 0.6734375 0.48333333333333334 0.7010416666666667 0.48333333333333334 0.7010416666666667 0.5027777777777778 0.6734375 0.5027777777777778
2 0.6807291666666667 0.6611111111111111 0.7088541666666667 0.6611111111111111 0.7088541666666667 0.6861111111111111 0.6807291666666667 0.6861111111111111
2 0.6859375 0.33240740740740743 0.7052083333333333 0.33240740740740743 0.7052083333333333 0.34629629629629627 0.6859375 0.34629629629629627
2 0.69375 0.3768518518518518 0.709375 0.3768518518518518 0.709375 0.38796296296296295 0.69375 0.38796296296296295
2 0.6833333333333333 0.38333333333333336 0.7010416666666667 0.38333333333333336 0.7010416666666667 0.3962962962962963 0.6833333333333333 0.3962962962962963
2 0.6947916666666667 0.4046296296296296 0.7145833333333333 0.4046296296296296 0.7145833333333333 0.41203703703703703 0.6947916666666667 0.41203703703703703
2 0.6921875 0.42777777777777776 0.7135416666666666 0.42777777777777776 0.7135416666666666 0.4398148148148148 0.6921875 0.4398148148148148
2 0.7041666666666667 0.45092592592592595 0.7192708333333333 0.45092592592592595 0.7192708333333333 0.4666666666666667 0.7041666666666667 0.4666666666666667
2 0.7005208333333334 0.4388888888888889 0.7161458333333334 0.4388888888888889 0.7161458333333334 0.44907407407407407 0.7005208333333334 0.44907407407407407
2 0.6989583333333333 0.4787037037037037 0.7151041666666667 0.4787037037037037 0.7151041666666667 0.49722222222222223 0.6989583333333333 0.49722222222222223
1 0.6807291666666667 0.7787037037037037 0.7046875 0.7787037037037037 0.7046875 0.8814814814814815 0.6807291666666667 0.8814814814814815