1 0.40260416666666665 0.9111111111111111 0.5041666666666667 0.9111111111111111 0.5041666666666667 1 0.40260416666666665 1
1 0.31979166666666664 0.6953703703703704 0.35520833333333335 0.6953703703703704 0.35520833333333335 0.8 0.31979166666666664 0.8
1 0.28020833333333334 0.375 0.30520833333333336 0.375 0.30520833333333336 0.42314814814814816 0.28020833333333334 0.42314814814814816
2 0.42864583333333334 0.8222222222222222 0.49583333333333335 0.8222222222222222 0.49583333333333335 0.8657407407407407 0.42864583333333334 0.8657407407407407
2 0.47708333333333336 0.7046296296296296 0.571875 0.7046296296296296 0.571875 0.7805555555555556 0.47708333333333336 0.7805555555555556
2 0.41510416666666666 0.7083333333333334 0.47552083333333334 0.7083333333333334 0.47552083333333334 0.7462962962962963 0.41510416666666666 0.7462962962962963
2 0.40677083333333336 0.6157407407407407 0.4739583333333333 0.6157407407407407 0.4739583333333333 0.6638888888888889 0.40677083333333336 0.6638888888888889
2 0.378125 0.7351851851851852 0.434375 0.7351851851851852 0.434375 0.7796296296296297 0.378125 0.7796296296296297
2 0.34791666666666665 0.6240740740740741 0.3875 0.6240740740740741 0.3875 0.6481481481481481 0.34791666666666665 0.6481481481481481
2 0.3385416666666667 0.6435185185185185 0.3776041666666667 0.6435185185185185 0.3776041666666667 0.6722222222222223 0.3385416666666667 0.6722222222222223
2 0.33177083333333335 0.5990740740740741 0.3734375 0.5990740740740741 0.3734375 0.6175925925925926 0.33177083333333335 0.6175925925925926
2 0.30572916666666666 0.6583333333333333 0.33177083333333335 0.6583333333333333 0.33177083333333335 0.6657407407407407 0.30572916666666666 0.6657407407407407
2 0.3098958333333333 0.6481481481481481 0.33958333333333335 0.6481481481481481 0.33958333333333335 0.6574074074074074 0.3098958333333333 0.6574074074074074
2 0.31666666666666665 0.6296296296296297 0.3484375 0.6296296296296297 0.3484375 0.6481481481481481 0.31666666666666665 0.6481481481481481
2 0.32708333333333334 0.562962962962963 0.37083333333333335 0.562962962962963 0.37083333333333335 0.5787037037037037 0.32708333333333334 0.5787037037037037
2 0.334375 0.5259259259259259 0.37395833333333334 0.5259259259259259 0.37395833333333334 0.5509259259259259 0.334375 0.5509259259259259
2 0.36770833333333336 0.20462962962962963 0.4114583333333333 0.20462962962962963 0.4114583333333333 0.24351851851851852 0.36770833333333336 0.24351851851851852
2 0.3385416666666667 0.2101851851851852 0.3692708333333333 0.2101851851851852 0.3692708333333333 0.2324074074074074 0.3385416666666667 0.2324074074074074
2 0.3125 0.3425925925925926 0.3463541666666667 0.3425925925925926 0.3463541666666667 0.38425925925925924 0.3125 0.38425925925925924
2 0.3171875 0.30185185185185187 0.35 0.30185185185185187 0.35 0.33055555555555555 0.3171875 0.33055555555555555
2 0.3104166666666667 0.2675925925925926 0.334375 0.2675925925925926 0.334375 0.29444444444444445 0.3104166666666667 0.29444444444444445
2 0.30833333333333335 0.5074074074074074 0.340625 0.5074074074074074 0.340625 0.5388888888888889 0.30833333333333335 0.5388888888888889
2 0.3015625 0.6027777777777777 0.32135416666666666 0.6027777777777777 0.32135416666666666 0.6194444444444445 0.3015625 0.6194444444444445
2 0.3104166666666667 0.5888888888888889 0.32916666666666666 0.5888888888888889 0.32916666666666666 0.5990740740740741 0.3104166666666667 0.5990740740740741
2 0.31145833333333334 0.5712962962962963 0.33645833333333336 0.5712962962962963 0.33645833333333336 0.587037037037037 0.31145833333333334 0.587037037037037
2 0.28958333333333336 0.5879629629629629 0.30364583333333334 0.5879629629629629 0.30364583333333334 0.5962962962962963 0.28958333333333336 0.5962962962962963
2 0.2947916666666667 0.5259259259259259 0.3145833333333333 0.5259259259259259 0.3145833333333333 0.5407407407407407 0.2947916666666667 0.5407407407407407
2 0.29583333333333334 0.5555555555555556 0.3140625 0.5555555555555556 0.3140625 0.5675925925925925 0.29583333333333334 0.5675925925925925
2 0.2838541666666667 0.5444444444444444 0.30364583333333334 0.5444444444444444 0.30364583333333334 0.5555555555555556 0.2838541666666667 0.5555555555555556
1 0.29322916666666665 0.13425925925925927 0.31927083333333334 0.13425925925925927 0.31927083333333334 0.23148148148148148 0.29322916666666665 0.23148148148148148