1 0.14375 0.32407407407407407 0.271875 0.32407407407407407 0.271875 0.4981481481481482 0.14375 0.4981481481481482
1 0.3223958333333333 0.17407407407407408 0.3932291666666667 0.17407407407407408 0.3932291666666667 0.2351851851851852 0.3223958333333333 0.2351851851851852
2 0.8536458333333333 0.5731481481481482 0.9192708333333334 0.5731481481481482 0.9192708333333334 0.7564814814814815 0.8536458333333333 0.7564814814814815
2 0.584375 0.1787037037037037 0.6036458333333333 0.1787037037037037 0.6036458333333333 0.23148148148148148 0.584375 0.23148148148148148
2 0.5984375 0.23148148148148148 0.61875 0.23148148148148148 0.61875 0.28703703703703703 0.5984375 0.28703703703703703
2 0.4083333333333333 0.1787037037037037 0.43020833333333336 0.1787037037037037 0.43020833333333336 0.22685185185185186 0.4083333333333333 0.22685185185185186
2 0.4322916666666667 0.2101851851851852 0.45260416666666664 0.2101851851851852 0.45260416666666664 0.26666666666666666 0.4322916666666667 0.26666666666666666
2 0.45260416666666664 0.17407407407407408 0.47291666666666665 0.17407407407407408 0.47291666666666665 0.22685185185185186 0.45260416666666664 0.22685185185185186
2 0.5546875 0.1537037037037037 0.5755208333333334 0.1537037037037037 0.5755208333333334 0.2074074074074074 0.5546875 0.2074074074074074
2 0.4375 0.1259259259259259 0.4505208333333333 0.1259259259259259 0.4505208333333333 0.16018518518518518 0.4375 0.16018518518518518
2 0.12604166666666666 0.8083333333333333 0.21302083333333333 0.8083333333333333 0.21302083333333333 1 0.12604166666666666 1
2 0.3984375 0.20092592592592592 0.4203125 0.20092592592592592 0.4203125 0.2601851851851852 0.3984375 0.2601851851851852
2 0.6052083333333333 0.1935185185185185 0.6255208333333333 0.1935185185185185 0.6255208333333333 0.24259259259259258 0.6052083333333333 0.24259259259259258
2 0.4119791666666667 0.2833333333333333 0.4427083333333333 0.2833333333333333 0.4427083333333333 0.36944444444444446 0.4119791666666667 0.36944444444444446
2 0.6484375 0.27314814814814814 0.6760416666666667 0.27314814814814814 0.6760416666666667 0.34814814814814815 0.6484375 0.34814814814814815
2 0.48489583333333336 0.1361111111111111 0.49895833333333334 0.1361111111111111 0.49895833333333334 0.17592592592592593 0.48489583333333336 0.17592592592592593
2 0.6729166666666667 0.3731481481481482 0.7166666666666667 0.3731481481481482 0.7166666666666667 0.49166666666666664 0.6729166666666667 0.49166666666666664
2 0.7135416666666666 0.35 0.75 0.35 0.75 0.4527777777777778 0.7135416666666666 0.4527777777777778
2 0.45729166666666665 0.25925925925925924 0.48333333333333334 0.25925925925925924 0.48333333333333334 0.34814814814814815 0.45729166666666665 0.34814814814814815
2 0.3255208333333333 0.4666666666666667 0.3567708333333333 0.4666666666666667 0.3567708333333333 0.6083333333333333 0.3255208333333333 0.6083333333333333
2 0.32760416666666664 0.5768518518518518 0.37604166666666666 0.5768518518518518 0.37604166666666666 0.8138888888888889 0.32760416666666664 0.8138888888888889