1 0.31875 0.18055555555555555 0.3765625 0.18055555555555555 0.3765625 0.24814814814814815 0.31875 0.24814814814814815
1 0.14583333333333334 0.3148148148148148 0.2703125 0.3148148148148148 0.2703125 0.49537037037037035 0.14583333333333334 0.49537037037037035
2 0.534375 0.1787037037037037 0.5703125 0.1787037037037037 0.5703125 0.22685185185185186 0.534375 0.22685185185185186
2 0.740625 0.38055555555555554 0.7828125 0.38055555555555554 0.7828125 0.4888888888888889 0.740625 0.4888888888888889
2 0.44427083333333334 0.24166666666666667 0.4708333333333333 0.24166666666666667 0.4708333333333333 0.32407407407407407 0.44427083333333334 0.32407407407407407
2 0.315625 0.5259259259259259 0.37447916666666664 0.5259259259259259 0.37447916666666664 0.7166666666666667 0.315625 0.7166666666666667
2 0.36822916666666666 0.26296296296296295 0.40208333333333335 0.26296296296296295 0.40208333333333335 0.3453703703703704 0.36822916666666666 0.3453703703703704
2 0.396875 0.3111111111111111 0.43020833333333336 0.3111111111111111 0.43020833333333336 0.4166666666666667 0.396875 0.4166666666666667
2 0.44583333333333336 0.18425925925925926 0.46197916666666666 0.18425925925925926 0.46197916666666666 0.23333333333333334 0.44583333333333336 0.23333333333333334
2 0.41458333333333336 0.24074074074074073 0.4395833333333333 0.24074074074074073 0.4395833333333333 0.32314814814814813 0.41458333333333336 0.32314814814814813
2 0.4270833333333333 0.15185185185185185 0.44166666666666665 0.15185185185185185 0.44166666666666665 0.1962962962962963 0.4270833333333333 0.1962962962962963
2 0.4005208333333333 0.575925925925926 0.453125 0.575925925925926 0.453125 0.7944444444444444 0.4005208333333333 0.7944444444444444
2 0.47708333333333336 0.1527777777777778 0.49375 0.1527777777777778 0.49375 0.20092592592592592 0.47708333333333336 0.20092592592592592
2 0.5864583333333333 0.13425925925925927 0.603125 0.13425925925925927 0.603125 0.17962962962962964 0.5864583333333333 0.17962962962962964
2 0.5729166666666666 0.14814814814814814 0.5890625 0.14814814814814814 0.5890625 0.1962962962962963 0.5729166666666666 0.1962962962962963
2 0.6244791666666667 0.24444444444444444 0.6505208333333333 0.24444444444444444 0.6505208333333333 0.3212962962962963 0.6244791666666667 0.3212962962962963
2 0.39479166666666665 0.1787037037037037 0.41354166666666664 0.1787037037037037 0.41354166666666664 0.22592592592592592 0.39479166666666665 0.22592592592592592
2 0.6572916666666667 0.2490740740740741 0.6802083333333333 0.2490740740740741 0.6802083333333333 0.32222222222222224 0.6572916666666667 0.32222222222222224
2 0.625 0.17314814814814813 0.640625 0.17314814814814813 0.640625 0.23703703703703705 0.625 0.23703703703703705
2 0.38697916666666665 0.2222222222222222 0.40625 0.2222222222222222 0.40625 0.2953703703703704 0.38697916666666665 0.2953703703703704