1 0.13802083333333334 0.3351851851851852 0.2598958333333333 0.3351851851851852 0.2598958333333333 0.5166666666666667 0.13802083333333334 0.5166666666666667
1 0.4276041666666667 0.24814814814814815 0.4822916666666667 0.24814814814814815 0.4822916666666667 0.34074074074074073 0.4276041666666667 0.34074074074074073
1 0.5505208333333333 0.1824074074074074 0.5989583333333334 0.1824074074074074 0.5989583333333334 0.2611111111111111 0.5505208333333333 0.2611111111111111
1 0.328125 0.18888888888888888 0.3828125 0.18888888888888888 0.3828125 0.25462962962962965 0.328125 0.25462962962962965
1 0.528125 0.1259259259259259 0.5546875 0.1259259259259259 0.5546875 0.16574074074074074 0.528125 0.16574074074074074
2 0.0067708333333333336 0.7555555555555555 0.08229166666666667 0.7555555555555555 0.08229166666666667 1 0.0067708333333333336 1
2 0.0828125 0.7666666666666667 0.17083333333333334 0.7666666666666667 0.17083333333333334 0.9944444444444445 0.0828125 0.9944444444444445
2 0.20260416666666667 0.6916666666666667 0.27239583333333334 0.6916666666666667 0.27239583333333334 0.9425925925925925 0.20260416666666667 0.9425925925925925
2 0.2046875 0.4935185185185185 0.240625 0.4935185185185185 0.240625 0.6509259259259259 0.2046875 0.6509259259259259
2 0.21979166666666666 0.44166666666666665 0.2552083333333333 0.44166666666666665 0.2552083333333333 0.5333333333333333 0.21979166666666666 0.5333333333333333
2 0.2578125 0.5101851851851852 0.3020833333333333 0.5101851851851852 0.3020833333333333 0.7185185185185186 0.2578125 0.7185185185185186
2 0.3145833333333333 0.4101851851851852 0.34375 0.4101851851851852 0.34375 0.5416666666666666 0.3145833333333333 0.5416666666666666
2 0.36041666666666666 0.41574074074074074 0.38958333333333334 0.41574074074074074 0.38958333333333334 0.5694444444444444 0.36041666666666666 0.5694444444444444
2 0.3453125 0.2962962962962963 0.36354166666666665 0.2962962962962963 0.36354166666666665 0.38425925925925924 0.3453125 0.38425925925925924
2 0.36302083333333335 0.23333333333333334 0.38229166666666664 0.23333333333333334 0.38229166666666664 0.3148148148148148 0.36302083333333335 0.3148148148148148
2 0.39166666666666666 0.2898148148148148 0.409375 0.2898148148148148 0.409375 0.37777777777777777 0.39166666666666666 0.37777777777777777
2 0.396875 0.16944444444444445 0.41354166666666664 0.16944444444444445 0.41354166666666664 0.2361111111111111 0.396875 0.2361111111111111
2 0.40520833333333334 0.1111111111111111 0.4125 0.1111111111111111 0.4125 0.16018518518518518 0.40520833333333334 0.16018518518518518
2 0.4109375 0.2 0.4270833333333333 0.2 0.4270833333333333 0.27685185185185185 0.4109375 0.27685185185185185
2 0.41770833333333335 0.14166666666666666 0.428125 0.14166666666666666 0.428125 0.1925925925925926 0.41770833333333335 0.1925925925925926
2 0.43072916666666666 0.1675925925925926 0.4390625 0.1675925925925926 0.4390625 0.22407407407407406 0.43072916666666666 0.22407407407407406
2 0.44427083333333334 0.15648148148148147 0.45677083333333335 0.15648148148148147 0.45677083333333335 0.2064814814814815 0.44427083333333334 0.2064814814814815
2 0.4625 0.1638888888888889 0.4739583333333333 0.1638888888888889 0.4739583333333333 0.22407407407407406 0.4625 0.22407407407407406
2 0.4427083333333333 0.13703703703703704 0.45 0.13703703703703704 0.45 0.1685185185185185 0.4427083333333333 0.1685185185185185
2 0.45260416666666664 0.125 0.459375 0.125 0.459375 0.16666666666666666 0.45260416666666664 0.16666666666666666
2 0.4635416666666667 0.12037037037037036 0.4708333333333333 0.12037037037037036 0.4708333333333333 0.15648148148148147 0.4635416666666667 0.15648148148148147
2 0.5104166666666666 0.18611111111111112 0.5322916666666667 0.18611111111111112 0.5322916666666667 0.24537037037037038 0.5104166666666666 0.24537037037037038
2 0.8671875 0.562962962962963 0.95 0.562962962962963 0.95 0.7148148148148148 0.8671875 0.7148148148148148
2 0.7375 0.3888888888888889 0.7802083333333333 0.3888888888888889 0.7802083333333333 0.5185185185185185 0.7375 0.5185185185185185
2 0.625 0.2222222222222222 0.6479166666666667 0.2222222222222222 0.6479166666666667 0.2953703703703704 0.625 0.2953703703703704
2 0.5625 0.1287037037037037 0.5729166666666666 0.1287037037037037 0.5729166666666666 0.16944444444444445 0.5625 0.16944444444444445
2 0.5833333333333334 0.12962962962962962 0.5921875 0.12962962962962962 0.5921875 0.17407407407407408 0.5833333333333334 0.17407407407407408