1 0.49895833333333334 0 0.5989583333333334 0 0.5989583333333334 0.09074074074074075 0.49895833333333334 0.09074074074074075
1 0.3932291666666667 0.22314814814814815 0.5234375 0.22314814814814815 0.5234375 0.42592592592592593 0.3932291666666667 0.42592592592592593
1 0.6442708333333333 0.19907407407407407 0.6796875 0.19907407407407407 0.6796875 0.30277777777777776 0.6442708333333333 0.30277777777777776
1 0.6875 0.5861111111111111 0.7109375 0.5861111111111111 0.7109375 0.6407407407407407 0.6875 0.6407407407407407
1 0.6802083333333333 0.7861111111111111 0.7119791666666667 0.7861111111111111 0.7119791666666667 0.8731481481481481 0.6802083333333333 0.8731481481481481
2 0.4947916666666667 0.8694444444444445 0.5640625 0.8694444444444445 0.5640625 0.9425925925925925 0.4947916666666667 0.9425925925925925
2 0.5125 0.11388888888888889 0.5776041666666667 0.11388888888888889 0.5776041666666667 0.1824074074074074 0.5125 0.1824074074074074
2 0.5067708333333333 0.2064814814814815 0.5697916666666667 0.2064814814814815 0.5697916666666667 0.25833333333333336 0.5067708333333333 0.25833333333333336
2 0.5890625 0.24444444444444444 0.6338541666666667 0.24444444444444444 0.6338541666666667 0.26944444444444443 0.5890625 0.26944444444444443
2 0.63125 0.31203703703703706 0.6671875 0.31203703703703706 0.6671875 0.3314814814814815 0.63125 0.3314814814814815
2 0.603125 0.32592592592592595 0.6458333333333334 0.32592592592592595 0.6458333333333334 0.3574074074074074 0.603125 0.3574074074074074
2 0.578125 0.3731481481481482 0.6255208333333333 0.3731481481481482 0.6255208333333333 0.4074074074074074 0.578125 0.4074074074074074
2 0.615625 0.38333333333333336 0.6552083333333333 0.38333333333333336 0.6552083333333333 0.4148148148148148 0.615625 0.4148148148148148
2 0.6276041666666666 0.7638888888888888 0.6640625 0.7638888888888888 0.6640625 0.7907407407407407 0.6276041666666666 0.7907407407407407
2 0.5864583333333333 0.8231481481481482 0.628125 0.8231481481481482 0.628125 0.8629629629629629 0.5864583333333333 0.8629629629629629
2 0.6817708333333333 0.33240740740740743 0.7052083333333333 0.33240740740740743 0.7052083333333333 0.34814814814814815 0.6817708333333333 0.34814814814814815
2 0.6552083333333333 0.36944444444444446 0.6864583333333333 0.36944444444444446 0.6864583333333333 0.3824074074074074 0.6552083333333333 0.3824074074074074
2 0.6885416666666667 0.37407407407407406 0.70625 0.37407407407407406 0.70625 0.3851851851851852 0.6885416666666667 0.3851851851851852
2 0.6760416666666667 0.3861111111111111 0.7015625 0.3861111111111111 0.7015625 0.3990740740740741 0.6760416666666667 0.3990740740740741
2 0.6583333333333333 0.41388888888888886 0.6869791666666667 0.41388888888888886 0.6869791666666667 0.4305555555555556 0.6583333333333333 0.4305555555555556
2 0.6713541666666667 0.44074074074074077 0.6979166666666666 0.44074074074074077 0.6979166666666666 0.4564814814814815 0.6713541666666667 0.4564814814814815
2 0.6697916666666667 0.4861111111111111 0.6958333333333333 0.4861111111111111 0.6958333333333333 0.5009259259259259 0.6697916666666667 0.5009259259259259
2 0.69375 0.48055555555555557 0.7135416666666666 0.48055555555555557 0.7135416666666666 0.5 0.69375 0.5
2 0.6979166666666666 0.45185185185185184 0.7197916666666667 0.45185185185185184 0.7197916666666667 0.46574074074074073 0.6979166666666666 0.46574074074074073
2 0.6901041666666666 0.3972222222222222 0.7114583333333333 0.3972222222222222 0.7114583333333333 0.4101851851851852 0.6901041666666666 0.4101851851851852
2 0.6869791666666667 0.4212962962962963 0.7109375 0.4212962962962963 0.7109375 0.4361111111111111 0.6869791666666667 0.4361111111111111
2 0.6942708333333333 0.43333333333333335 0.715625 0.43333333333333335 0.715625 0.44814814814814813 0.6942708333333333 0.44814814814814813
2 0.6473958333333333 0.5805555555555556 0.6791666666666667 0.5805555555555556 0.6791666666666667 0.6546296296296297 0.6473958333333333 0.6546296296296297
2 0.6859375 0.6601851851851852 0.709375 0.6601851851851852 0.709375 0.6805555555555556 0.6859375 0.6805555555555556