1 0.1390625 0.30648148148148147 0.26666666666666666 0.30648148148148147 0.26666666666666666 0.487962962962963 0.1390625 0.487962962962963
2 0.0546875 0.7981481481481482 0.14114583333333333 0.7981481481481482 0.14114583333333333 0.9962962962962963 0.0546875 0.9962962962962963
1 0.6328125 0.29814814814814816 0.721875 0.29814814814814816 0.721875 0.42777777777777776 0.6328125 0.42777777777777776
0 0.30885416666666665 0.17222222222222222 0.41510416666666666 0.17222222222222222 0.41510416666666666 0.3787037037037037 0.30885416666666665 0.3787037037037037
2 0.109375 0.5796296296296296 0.171875 0.5796296296296296 0.171875 0.7620370370370371 0.109375 0.7620370370370371
2 0.7140625 0.4925925925925926 0.765625 0.4925925925925926 0.765625 0.6361111111111111 0.7140625 0.6361111111111111
2 0.35520833333333335 0.35648148148148145 0.39114583333333336 0.35648148148148145 0.39114583333333336 0.4583333333333333 0.35520833333333335 0.4583333333333333
2 0.9041666666666667 0.5768518518518518 0.9697916666666667 0.5768518518518518 0.9697916666666667 0.7546296296296297 0.9041666666666667 0.7546296296296297
1 0.5302083333333333 0.09259259259259259 0.55625 0.09259259259259259 0.55625 0.12777777777777777 0.5302083333333333 0.12777777777777777
2 0.3171875 0.4685185185185185 0.371875 0.4685185185185185 0.371875 0.6194444444444445 0.3171875 0.6194444444444445
2 0.8015625 0.49074074074074076 0.8489583333333334 0.49074074074074076 0.8489583333333334 0.6324074074074074 0.8015625 0.6324074074074074
2 0.5463541666666667 0.12777777777777777 0.5630208333333333 0.12777777777777777 0.5630208333333333 0.17222222222222222 0.5463541666666667 0.17222222222222222
2 0.4276041666666667 0.32222222222222224 0.4625 0.32222222222222224 0.4625 0.42685185185185187 0.4276041666666667 0.42685185185185187
2 0.4453125 0.24166666666666667 0.47291666666666665 0.24166666666666667 0.47291666666666665 0.32222222222222224 0.4453125 0.32222222222222224
2 0.010416666666666666 0.5398148148148149 0.08697916666666666 0.5398148148148149 0.08697916666666666 0.7231481481481481 0.010416666666666666 0.7231481481481481
2 0.7552083333333334 0.3685185185185185 0.7927083333333333 0.3685185185185185 0.7927083333333333 0.47962962962962963 0.7552083333333334 0.47962962962962963
2 0.6104166666666667 0.21203703703703702 0.6328125 0.21203703703703702 0.6328125 0.28055555555555556 0.6104166666666667 0.28055555555555556
1 0.45677083333333335 0.12777777777777777 0.49375 0.12777777777777777 0.49375 0.18518518518518517 0.45677083333333335 0.18518518518518517
2 0.5911458333333334 0.35185185185185186 0.6286458333333333 0.35185185185185186 0.6286458333333333 0.46944444444444444 0.5911458333333334 0.46944444444444444
2 0.5010416666666667 0.15833333333333333 0.525 0.15833333333333333 0.525 0.21666666666666667 0.5010416666666667 0.21666666666666667
2 0.4359375 0.11388888888888889 0.4515625 0.11388888888888889 0.4515625 0.15648148148148147 0.4359375 0.15648148148148147