1 0.3984375 0.9074074074074074 0.49895833333333334 0.9074074074074074 0.49895833333333334 1 0.3984375 1
1 0.3182291666666667 0.6925925925925925 0.3541666666666667 0.6925925925925925 0.3541666666666667 0.7953703703703704 0.3182291666666667 0.7953703703703704
2 0.6265625 0.8851851851851852 0.771875 0.8851851851851852 0.771875 0.9953703703703703 0.6265625 0.9953703703703703
2 0.4859375 0.9305555555555556 0.5760416666666667 0.9305555555555556 0.5760416666666667 0.9925925925925926 0.4859375 0.9925925925925926
2 0.4666666666666667 0.8111111111111111 0.56875 0.8111111111111111 0.56875 0.8472222222222222 0.4666666666666667 0.8472222222222222
2 0.4171875 0.8074074074074075 0.4822916666666667 0.8074074074074075 0.4822916666666667 0.8518518518518519 0.4171875 0.8518518518518519
2 0.46510416666666665 0.687037037037037 0.5447916666666667 0.687037037037037 0.5447916666666667 0.7314814814814815 0.46510416666666665 0.7314814814814815
2 0.3765625 0.6796296296296296 0.43385416666666665 0.6796296296296296 0.43385416666666665 0.7129629629629629 0.3765625 0.7129629629629629
2 0.3567708333333333 0.674074074074074 0.3859375 0.674074074074074 0.3859375 0.7064814814814815 0.3567708333333333 0.7064814814814815
2 0.3567708333333333 0.6240740740740741 0.39791666666666664 0.6240740740740741 0.39791666666666664 0.6518518518518519 0.3567708333333333 0.6518518518518519
2 0.36302083333333335 0.562962962962963 0.4078125 0.562962962962963 0.4078125 0.5962962962962963 0.36302083333333335 0.5962962962962963
2 0.3359375 0.6509259259259259 0.3645833333333333 0.6509259259259259 0.3645833333333333 0.6768518518518518 0.3359375 0.6768518518518518
2 0.32395833333333335 0.6694444444444444 0.346875 0.6694444444444444 0.346875 0.687037037037037 0.32395833333333335 0.687037037037037
2 0.3125 0.6518518518518519 0.33645833333333336 0.6518518518518519 0.33645833333333336 0.6703703703703704 0.3125 0.6703703703703704
2 0.30572916666666666 0.6398148148148148 0.328125 0.6398148148148148 0.328125 0.6546296296296297 0.30572916666666666 0.6546296296296297
2 0.32760416666666664 0.5824074074074074 0.3619791666666667 0.5824074074074074 0.3619791666666667 0.6055555555555555 0.32760416666666664 0.6055555555555555
2 0.3098958333333333 0.5768518518518518 0.3302083333333333 0.5768518518518518 0.3302083333333333 0.5907407407407408 0.3098958333333333 0.5907407407407408
2 0.32447916666666665 0.5111111111111111 0.353125 0.5111111111111111 0.353125 0.5342592592592592 0.32447916666666665 0.5342592592592592
2 0.303125 0.5157407407407407 0.3234375 0.5157407407407407 0.3234375 0.5361111111111111 0.303125 0.5361111111111111
2 0.3067708333333333 0.5527777777777778 0.33125 0.5527777777777778 0.33125 0.5675925925925925 0.3067708333333333 0.5675925925925925
2 0.2916666666666667 0.5425925925925926 0.31197916666666664 0.5425925925925926 0.31197916666666664 0.5583333333333333 0.2916666666666667 0.5583333333333333
2 0.29375 0.5777777777777777 0.31302083333333336 0.5777777777777777 0.31302083333333336 0.5953703703703703 0.29375 0.5953703703703703
2 0.3067708333333333 0.612037037037037 0.328125 0.612037037037037 0.328125 0.6231481481481481 0.3067708333333333 0.6231481481481481
2 0.309375 0.3212962962962963 0.33541666666666664 0.3212962962962963 0.33541666666666664 0.35 0.309375 0.35
2 0.29791666666666666 0.2916666666666667 0.315625 0.2916666666666667 0.315625 0.3138888888888889 0.29791666666666666 0.3138888888888889
2 0.315625 0.2814814814814815 0.3375 0.2814814814814815 0.3375 0.31296296296296294 0.315625 0.31296296296296294
2 0.32708333333333334 0.21944444444444444 0.3572916666666667 0.21944444444444444 0.3572916666666667 0.23796296296296296 0.32708333333333334 0.23796296296296296
2 0.3375 0.24722222222222223 0.3828125 0.24722222222222223 0.3828125 0.26851851851851855 0.3375 0.26851851851851855
1 0.2869791666666667 0.16296296296296298 0.31145833333333334 0.16296296296296298 0.31145833333333334 0.262037037037037 0.2869791666666667 0.262037037037037