1 0.14375 0.32407407407407407 0.27239583333333334 0.32407407407407407 0.27239583333333334 0.49907407407407406 0.14375 0.49907407407407406
1 0.35989583333333336 0.3851851851851852 0.459375 0.3851851851851852 0.459375 0.549074074074074 0.35989583333333336 0.549074074074074
2 0.09427083333333333 0.5824074074074074 0.16458333333333333 0.5824074074074074 0.16458333333333333 0.7611111111111111 0.09427083333333333 0.7611111111111111
2 0.2015625 0.5925925925925926 0.25833333333333336 0.5925925925925926 0.25833333333333336 0.7657407407407407 0.2015625 0.7657407407407407
1 0.3203125 0.17777777777777778 0.38333333333333336 0.17777777777777778 0.38333333333333336 0.24074074074074073 0.3203125 0.24074074074074073
2 0.365625 0.26944444444444443 0.39375 0.26944444444444443 0.39375 0.34629629629629627 0.365625 0.34629629629629627
2 0.6375 0.32222222222222224 0.6682291666666667 0.32222222222222224 0.6682291666666667 0.41759259259259257 0.6375 0.41759259259259257
2 0.6875 0.275 0.7177083333333333 0.275 0.7177083333333333 0.3537037037037037 0.6875 0.3537037037037037
2 0.6927083333333334 0.4148148148148148 0.7348958333333333 0.4148148148148148 0.7348958333333333 0.5324074074074074 0.6927083333333334 0.5324074074074074
2 0.3385416666666667 0.33796296296296297 0.36875 0.33796296296296297 0.36875 0.42314814814814816 0.3385416666666667 0.42314814814814816
2 0.6432291666666666 0.512962962962963 0.6911458333333333 0.512962962962963 0.6911458333333333 0.6685185185185185 0.6432291666666666 0.6685185185185185
2 0.46197916666666666 0.19444444444444445 0.4791666666666667 0.19444444444444445 0.4791666666666667 0.2537037037037037 0.46197916666666666 0.2537037037037037
2 0.2359375 0.46944444444444444 0.2796875 0.46944444444444444 0.2796875 0.5805555555555556 0.2359375 0.5805555555555556
2 0.1 0.9305555555555556 0.1796875 0.9305555555555556 0.1796875 1 0.1 1
2 0.6229166666666667 0.1638888888888889 0.6411458333333333 0.1638888888888889 0.6411458333333333 0.21851851851851853 0.6229166666666667 0.21851851851851853
2 0.49114583333333334 0.13425925925925927 0.5052083333333334 0.13425925925925927 0.5052083333333334 0.17962962962962964 0.49114583333333334 0.17962962962962964
2 0.46041666666666664 0.10833333333333334 0.4739583333333333 0.10833333333333334 0.4739583333333333 0.14166666666666666 0.46041666666666664 0.14166666666666666
2 0.40572916666666664 0.2898148148148148 0.4296875 0.2898148148148148 0.4296875 0.3675925925925926 0.40572916666666664 0.3675925925925926
2 0.5958333333333333 0.17407407407407408 0.6109375 0.17407407407407408 0.6109375 0.21481481481481482 0.5958333333333333 0.21481481481481482
2 0.44114583333333335 0.1287037037037037 0.4552083333333333 0.1287037037037037 0.4552083333333333 0.1638888888888889 0.44114583333333335 0.1638888888888889
2 0.4401041666666667 0.23055555555555557 0.46145833333333336 0.23055555555555557 0.46145833333333336 0.2833333333333333 0.4401041666666667 0.2833333333333333
2 0.028125 0.5777777777777777 0.08489583333333334 0.5777777777777777 0.08489583333333334 0.687962962962963 0.028125 0.687962962962963