1 0.39895833333333336 0.9092592592592592 0.4979166666666667 0.9092592592592592 0.4979166666666667 1 0.39895833333333336 1
1 0.3177083333333333 0.6962962962962963 0.353125 0.6962962962962963 0.353125 0.8194444444444444 0.3177083333333333 0.8194444444444444
2 0.5203125 0.1 0.6109375 0.1 0.6109375 0.20462962962962963 0.5203125 0.20462962962962963
2 0.5229166666666667 0.825925925925926 0.6234375 0.825925925925926 0.6234375 0.9324074074074075 0.5229166666666667 0.9324074074074075
2 0.328125 0.2388888888888889 0.36302083333333335 0.2388888888888889 0.36302083333333335 0.29907407407407405 0.328125 0.29907407407407405
2 0.41458333333333336 0.16111111111111112 0.4703125 0.16111111111111112 0.4703125 0.21388888888888888 0.41458333333333336 0.21388888888888888
2 0.440625 0.7462962962962963 0.5041666666666667 0.7462962962962963 0.5041666666666667 0.812037037037037 0.440625 0.812037037037037
2 0.4119791666666667 0.2675925925925926 0.47291666666666665 0.2675925925925926 0.47291666666666665 0.33240740740740743 0.4119791666666667 0.33240740740740743
2 0.38229166666666664 0.65 0.43385416666666665 0.65 0.43385416666666665 0.7064814814814815 0.38229166666666664 0.7064814814814815
2 0.32083333333333336 0.3388888888888889 0.34791666666666665 0.3388888888888889 0.34791666666666665 0.3990740740740741 0.32083333333333336 0.3990740740740741
2 0.353125 0.3472222222222222 0.39479166666666665 0.3472222222222222 0.39479166666666665 0.3907407407407407 0.353125 0.3907407407407407
2 0.34427083333333336 0.6398148148148148 0.3776041666666667 0.6398148148148148 0.3776041666666667 0.6824074074074075 0.34427083333333336 0.6824074074074075
2 0.3546875 0.5851851851851851 0.4036458333333333 0.5851851851851851 0.4036458333333333 0.6324074074074074 0.3546875 0.6324074074074074
2 0.6348958333333333 0.9083333333333333 0.7333333333333333 0.9083333333333333 0.7333333333333333 1 0.6348958333333333 1
2 0.29375 0.34074074074074073 0.3140625 0.34074074074074073 0.3140625 0.3648148148148148 0.29375 0.3648148148148148