1 0.390625 0.9157407407407407 0.49270833333333336 0.9157407407407407 0.49270833333333336 1 0.390625 1
1 0.3697916666666667 0.14444444444444443 0.43385416666666665 0.14444444444444443 0.43385416666666665 0.2777777777777778 0.3697916666666667 0.2777777777777778
0 0.315625 0.6611111111111111 0.4510416666666667 0.6611111111111111 0.4510416666666667 0.8722222222222222 0.315625 0.8722222222222222
1 0.296875 0.5194444444444445 0.33125 0.5194444444444445 0.33125 0.5944444444444444 0.296875 0.5944444444444444
2 0.446875 0.11296296296296296 0.5130208333333334 0.11296296296296296 0.5130208333333334 0.18611111111111112 0.446875 0.18611111111111112
2 0.45625 0.7509259259259259 0.5296875 0.7509259259259259 0.5296875 0.8240740740740741 0.45625 0.8240740740740741
2 0.44635416666666666 0 0.5125 0 0.5125 0.03796296296296296 0.44635416666666666 0.03796296296296296
2 0.4359375 0.5842592592592593 0.5083333333333333 0.5842592592592593 0.5083333333333333 0.6583333333333333 0.4359375 0.6583333333333333
2 0.5515625 0.7861111111111111 0.6635416666666667 0.7861111111111111 0.6635416666666667 0.8787037037037037 0.5515625 0.8787037037037037
2 0.36822916666666666 0.5425925925925926 0.4171875 0.5425925925925926 0.4171875 0.6037037037037037 0.36822916666666666 0.6037037037037037
2 0.2838541666666667 0.38981481481481484 0.3072916666666667 0.38981481481481484 0.3072916666666667 0.4166666666666667 0.2838541666666667 0.4166666666666667
2 0.3807291666666667 0.30833333333333335 0.4401041666666667 0.30833333333333335 0.4401041666666667 0.36574074074074076 0.3807291666666667 0.36574074074074076
1 0.26666666666666666 0.4009259259259259 0.2864583333333333 0.4009259259259259 0.2864583333333333 0.44907407407407407 0.26666666666666666 0.44907407407407407
2 0.38958333333333334 0.03796296296296296 0.446875 0.03796296296296296 0.446875 0.09444444444444444 0.38958333333333334 0.09444444444444444
2 0.32083333333333336 0.2777777777777778 0.3572916666666667 0.2777777777777778 0.3572916666666667 0.3138888888888889 0.32083333333333336 0.3138888888888889
2 0.31197916666666664 0.44907407407407407 0.34322916666666664 0.44907407407407407 0.34322916666666664 0.49166666666666664 0.31197916666666664 0.49166666666666664