1 0.40677083333333336 0.2898148148148148 0.4739583333333333 0.2898148148148148 0.4739583333333333 0.3990740740740741 0.40677083333333336 0.3990740740740741
1 0.1484375 0.31666666666666665 0.2708333333333333 0.31666666666666665 0.2708333333333333 0.49074074074074076 0.1484375 0.49074074074074076
2 0.24375 0.7694444444444445 0.31197916666666664 0.7694444444444445 0.31197916666666664 0.9962962962962963 0.24375 0.9962962962962963
1 0.321875 0.17777777777777778 0.3885416666666667 0.17777777777777778 0.3885416666666667 0.23981481481481481 0.321875 0.23981481481481481
2 0.21302083333333333 0.43333333333333335 0.2640625 0.43333333333333335 0.2640625 0.5574074074074075 0.21302083333333333 0.5574074074074075
2 0.14635416666666667 0.5694444444444444 0.20572916666666666 0.5694444444444444 0.20572916666666666 0.7564814814814815 0.14635416666666667 0.7564814814814815
2 0.7619791666666667 0.37407407407407406 0.80625 0.37407407407407406 0.80625 0.4861111111111111 0.7619791666666667 0.4861111111111111
2 0.30052083333333335 0.40925925925925927 0.3359375 0.40925925925925927 0.3359375 0.49444444444444446 0.30052083333333335 0.49444444444444446
2 0.31354166666666666 0.4888888888888889 0.35989583333333336 0.4888888888888889 0.35989583333333336 0.6361111111111111 0.31354166666666666 0.6361111111111111
2 0.6255208333333333 0.21574074074074073 0.6489583333333333 0.21574074074074073 0.6489583333333333 0.2777777777777778 0.6255208333333333 0.2777777777777778
2 0.3671875 0.3685185185185185 0.40208333333333335 0.3685185185185185 0.40208333333333335 0.48333333333333334 0.3671875 0.48333333333333334
2 0.31927083333333334 0.34444444444444444 0.346875 0.34444444444444444 0.346875 0.42407407407407405 0.31927083333333334 0.42407407407407405
2 0.8505208333333333 0.8203703703703704 0.9276041666666667 0.8203703703703704 0.9276041666666667 0.9990740740740741 0.8505208333333333 0.9990740740740741
2 0.609375 0.17407407407407408 0.6307291666666667 0.17407407407407408 0.6307291666666667 0.2324074074074074 0.609375 0.2324074074074074
2 0.6614583333333334 0.21574074074074073 0.6864583333333333 0.21574074074074073 0.6864583333333333 0.2851851851851852 0.6614583333333334 0.2851851851851852
2 0.7151041666666667 0.6037037037037037 0.775 0.6037037037037037 0.775 0.8037037037037037 0.7151041666666667 0.8037037037037037
2 0.4979166666666667 0.17407407407407408 0.5197916666666667 0.17407407407407408 0.5197916666666667 0.23703703703703705 0.4979166666666667 0.23703703703703705
2 0.453125 0.17407407407407408 0.47239583333333335 0.17407407407407408 0.47239583333333335 0.22777777777777777 0.453125 0.22777777777777777
2 0.475 0.15462962962962962 0.490625 0.15462962962962962 0.490625 0.20277777777777778 0.475 0.20277777777777778
2 0.44635416666666666 0.10555555555555556 0.4583333333333333 0.10555555555555556 0.4583333333333333 0.13796296296296295 0.44635416666666666 0.13796296296296295
2 0.38958333333333334 0.2537037037037037 0.4114583333333333 0.2537037037037037 0.4114583333333333 0.3212962962962963 0.38958333333333334 0.3212962962962963