1 0.14583333333333334 0.3277777777777778 0.26875 0.3277777777777778 0.26875 0.5074074074074074 0.14583333333333334 0.5074074074074074
1 0.33125 0.17962962962962964 0.39010416666666664 0.17962962962962964 0.39010416666666664 0.24259259259259258 0.33125 0.24259259259259258
1 0.54375 0.10833333333333334 0.5708333333333333 0.10833333333333334 0.5708333333333333 0.1537037037037037 0.54375 0.1537037037037037
2 0.15 0.55 0.20520833333333333 0.55 0.20520833333333333 0.7712962962962963 0.15 0.7712962962962963
2 0.11875 0.7962962962962963 0.19635416666666666 0.7962962962962963 0.19635416666666666 1 0.11875 1
2 0.2942708333333333 0.3731481481481482 0.31875 0.3731481481481482 0.31875 0.4925925925925926 0.2942708333333333 0.4925925925925926
2 0.3421875 0.4583333333333333 0.3854166666666667 0.4583333333333333 0.3854166666666667 0.6277777777777778 0.3421875 0.6277777777777778
2 0.3614583333333333 0.3490740740740741 0.3828125 0.3490740740740741 0.3828125 0.45555555555555555 0.3614583333333333 0.45555555555555555
2 0.4078125 0.33425925925925926 0.4354166666666667 0.33425925925925926 0.4354166666666667 0.4537037037037037 0.4078125 0.4537037037037037
2 0.34322916666666664 0.2833333333333333 0.36822916666666666 0.2833333333333333 0.36822916666666666 0.38333333333333336 0.34322916666666664 0.38333333333333336
2 0.4166666666666667 0.22962962962962963 0.43020833333333336 0.22962962962962963 0.43020833333333336 0.29907407407407405 0.4166666666666667 0.29907407407407405
2 0.403125 0.21203703703703702 0.4197916666666667 0.21203703703703702 0.4197916666666667 0.2824074074074074 0.403125 0.2824074074074074
2 0.43385416666666665 0.20092592592592592 0.44427083333333334 0.20092592592592592 0.44427083333333334 0.275 0.43385416666666665 0.275
2 0.40729166666666666 0.15462962962962962 0.4109375 0.15462962962962962 0.4109375 0.20092592592592592 0.40729166666666666 0.20092592592592592
2 0.4114583333333333 0.16203703703703703 0.4166666666666667 0.16203703703703703 0.4166666666666667 0.21388888888888888 0.4114583333333333 0.21388888888888888
2 0.4171875 0.17314814814814813 0.4270833333333333 0.17314814814814813 0.4270833333333333 0.22962962962962963 0.4171875 0.22962962962962963
2 0.4557291666666667 0.1925925925925926 0.46458333333333335 0.1925925925925926 0.46458333333333335 0.27037037037037037 0.4557291666666667 0.27037037037037037
2 0.4713541666666667 0.20555555555555555 0.48541666666666666 0.20555555555555555 0.48541666666666666 0.2759259259259259 0.4713541666666667 0.2759259259259259
2 0.6442708333333333 0.26481481481481484 0.6661458333333333 0.26481481481481484 0.6661458333333333 0.3416666666666667 0.6442708333333333 0.3416666666666667
2 0.6510416666666666 0.21296296296296297 0.6635416666666667 0.21296296296296297 0.6635416666666667 0.2675925925925926 0.6510416666666666 0.2675925925925926
2 0.565625 0.16574074074074074 0.5885416666666666 0.16574074074074074 0.5885416666666666 0.22592592592592592 0.565625 0.22592592592592592
2 0.5953125 0.17407407407407408 0.6119791666666666 0.17407407407407408 0.6119791666666666 0.2324074074074074 0.5953125 0.2324074074074074
2 0.615625 0.16203703703703703 0.6307291666666667 0.16203703703703703 0.6307291666666667 0.20462962962962963 0.615625 0.20462962962962963
2 0.478125 0.15833333333333333 0.49583333333333335 0.15833333333333333 0.49583333333333335 0.21574074074074073 0.478125 0.21574074074074073
2 0.4328125 0.14722222222222223 0.4421875 0.14722222222222223 0.4421875 0.1824074074074074 0.4328125 0.1824074074074074
2 0.44427083333333334 0.16203703703703703 0.45 0.16203703703703703 0.45 0.19537037037037036 0.44427083333333334 0.19537037037037036
2 0.4515625 0.1648148148148148 0.45989583333333334 0.1648148148148148 0.45989583333333334 0.20925925925925926 0.4515625 0.20925925925925926
2 0.44583333333333336 0.125 0.4510416666666667 0.125 0.4510416666666667 0.15092592592592594 0.44583333333333336 0.15092592592592594
2 0.47760416666666666 0.13425925925925927 0.4859375 0.13425925925925927 0.4859375 0.17037037037037037 0.47760416666666666 0.17037037037037037
2 0.46197916666666666 0.13703703703703704 0.46927083333333336 0.13703703703703704 0.46927083333333336 0.1685185185185185 0.46197916666666666 0.1685185185185185
2 0.46875 0.11574074074074074 0.475 0.11574074074074074 0.475 0.15092592592592594 0.46875 0.15092592592592594
1 0.6510416666666666 0.13240740740740742 0.70625 0.13240740740740742 0.70625 0.1787037037037037 0.6510416666666666 0.1787037037037037