1 0.5046875 0 0.6026041666666667 0 0.6026041666666667 0.09166666666666666 0.5046875 0.09166666666666666
1 0.6473958333333333 0.18611111111111112 0.6828125 0.18611111111111112 0.6828125 0.30833333333333335 0.6473958333333333 0.30833333333333335
1 0.5942708333333333 0.3685185185185185 0.6447916666666667 0.3685185185185185 0.6447916666666667 0.46944444444444444 0.5942708333333333 0.46944444444444444
2 0.2203125 0.06481481481481481 0.3307291666666667 0.06481481481481481 0.3307291666666667 0.1935185185185185 0.2203125 0.1935185185185185
2 0.3619791666666667 0 0.4630208333333333 0 0.4630208333333333 0.04537037037037037 0.3619791666666667 0.04537037037037037
2 0.5786458333333333 0.7731481481481481 0.6213541666666667 0.7731481481481481 0.6213541666666667 0.825 0.5786458333333333 0.825
2 0.5661458333333333 0.850925925925926 0.6192708333333333 0.850925925925926 0.6192708333333333 0.9055555555555556 0.5661458333333333 0.9055555555555556
2 0.5875 0.24259259259259258 0.6244791666666667 0.24259259259259258 0.6244791666666667 0.2916666666666667 0.5875 0.2916666666666667
2 0.5760416666666667 0.3194444444444444 0.6244791666666667 0.3194444444444444 0.6244791666666667 0.37037037037037035 0.5760416666666667 0.37037037037037035
2 0.43385416666666665 0.2490740740740741 0.5151041666666667 0.2490740740740741 0.5151041666666667 0.32314814814814813 0.43385416666666665 0.32314814814814813
2 0.5385416666666667 0.20925925925925926 0.5901041666666667 0.20925925925925926 0.5901041666666667 0.262037037037037 0.5385416666666667 0.262037037037037
1 0.5958333333333333 0.5731481481481482 0.6927083333333334 0.5731481481481482 0.6927083333333334 0.6935185185185185 0.5958333333333333 0.6935185185185185
2 0.6526041666666667 0.4925925925925926 0.684375 0.4925925925925926 0.684375 0.5268518518518519 0.6526041666666667 0.5268518518518519
2 0.47604166666666664 0.06666666666666667 0.55 0.06666666666666667 0.55 0.14074074074074075 0.47604166666666664 0.14074074074074075
2 0.6260416666666667 0.7555555555555555 0.6671875 0.7555555555555555 0.6671875 0.8046296296296296 0.6260416666666667 0.8046296296296296
2 0.5260416666666666 0.2833333333333333 0.5791666666666667 0.2833333333333333 0.5791666666666667 0.34074074074074073 0.5260416666666666 0.34074074074074073
2 0.6791666666666667 0.462037037037037 0.7020833333333333 0.462037037037037 0.7020833333333333 0.4861111111111111 0.6791666666666667 0.4861111111111111
2 0.5369791666666667 0.10740740740740741 0.5854166666666667 0.10740740740740741 0.5854166666666667 0.1675925925925926 0.5369791666666667 0.1675925925925926
2 0.6697916666666667 0.425 0.6932291666666667 0.425 0.6932291666666667 0.4546296296296296 0.6697916666666667 0.4546296296296296
2 0.6322916666666667 0.3527777777777778 0.6625 0.3527777777777778 0.6625 0.38796296296296295 0.6322916666666667 0.38796296296296295
2 0.6770833333333334 0.387037037037037 0.6973958333333333 0.387037037037037 0.6973958333333333 0.41388888888888886 0.6770833333333334 0.41388888888888886
2 0.6557291666666667 0.3648148148148148 0.6796875 0.3648148148148148 0.6796875 0.39537037037037037 0.6557291666666667 0.39537037037037037
2 0.6270833333333333 0.7166666666666667 0.6682291666666667 0.7166666666666667 0.6682291666666667 0.7435185185185185 0.6270833333333333 0.7435185185185185