1 0.14375 0.32407407407407407 0.27291666666666664 0.32407407407407407 0.27291666666666664 0.49907407407407406 0.14375 0.49907407407407406
1 0.36041666666666666 0.3814814814814815 0.45989583333333334 0.3814814814814815 0.45989583333333334 0.5425925925925926 0.36041666666666666 0.5425925925925926
1 0.3203125 0.17777777777777778 0.38333333333333336 0.17777777777777778 0.38333333333333336 0.24074074074074073 0.3203125 0.24074074074074073
2 0.09791666666666667 0.5740740740740741 0.16770833333333332 0.5740740740740741 0.16770833333333332 0.7555555555555555 0.09791666666666667 0.7555555555555555
2 0.6953125 0.4185185185185185 0.7380208333333333 0.4185185185185185 0.7380208333333333 0.5425925925925926 0.6953125 0.5425925925925926
2 0.20833333333333334 0.5833333333333334 0.26458333333333334 0.5833333333333334 0.26458333333333334 0.7574074074074074 0.20833333333333334 0.7574074074074074
2 0.6385416666666667 0.33055555555555555 0.6692708333333334 0.33055555555555555 0.6692708333333334 0.425 0.6385416666666667 0.425
2 0.6885416666666667 0.2777777777777778 0.7203125 0.2777777777777778 0.7203125 0.35555555555555557 0.6885416666666667 0.35555555555555557
2 0.10572916666666667 0.9166666666666666 0.19010416666666666 0.9166666666666666 0.19010416666666666 1 0.10572916666666667 1
2 0.3671875 0.26944444444444443 0.39479166666666665 0.26944444444444443 0.39479166666666665 0.34444444444444444 0.3671875 0.34444444444444444
2 0.33958333333333335 0.32222222222222224 0.37135416666666665 0.32222222222222224 0.37135416666666665 0.41574074074074074 0.33958333333333335 0.41574074074074074
2 0.6453125 0.5259259259259259 0.6973958333333333 0.5259259259259259 0.6973958333333333 0.6787037037037037 0.6453125 0.6787037037037037
2 0.4625 0.19537037037037036 0.4796875 0.19537037037037036 0.4796875 0.25277777777777777 0.4625 0.25277777777777777
2 0.46041666666666664 0.10833333333333334 0.4739583333333333 0.10833333333333334 0.4739583333333333 0.14074074074074075 0.46041666666666664 0.14074074074074075
2 0.49114583333333334 0.13518518518518519 0.5052083333333334 0.13518518518518519 0.5052083333333334 0.17962962962962964 0.49114583333333334 0.17962962962962964
2 0.23802083333333332 0.4601851851851852 0.2833333333333333 0.4601851851851852 0.2833333333333333 0.5814814814814815 0.23802083333333332 0.5814814814814815
2 0.5958333333333333 0.175 0.6119791666666666 0.175 0.6119791666666666 0.21574074074074073 0.5958333333333333 0.21574074074074073
2 0.42916666666666664 0.1787037037037037 0.446875 0.1787037037037037 0.446875 0.22314814814814815 0.42916666666666664 0.22314814814814815
2 0.008854166666666666 0.575 0.08333333333333333 0.575 0.08333333333333333 0.6972222222222222 0.008854166666666666 0.6972222222222222
2 0.440625 0.22407407407407406 0.46145833333333336 0.22407407407407406 0.46145833333333336 0.2833333333333333 0.440625 0.2833333333333333
2 0.6244791666666667 0.1675925925925926 0.6421875 0.1675925925925926 0.6421875 0.22037037037037038 0.6244791666666667 0.22037037037037038