1 0.3046875 0.5472222222222223 0.44583333333333336 0.5472222222222223 0.44583333333333336 0.8601851851851852 0.3046875 0.8601851851851852
1 0.14166666666666666 0.325 0.26666666666666666 0.325 0.26666666666666666 0.5009259259259259 0.14166666666666666 0.5009259259259259
1 0.33229166666666665 0.18333333333333332 0.39010416666666664 0.18333333333333332 0.39010416666666664 0.2462962962962963 0.33229166666666665 0.2462962962962963
1 0.540625 0.11574074074074074 0.5760416666666667 0.11574074074074074 0.5760416666666667 0.16944444444444445 0.540625 0.16944444444444445
1 0.653125 0.12962962962962962 0.70625 0.12962962962962962 0.70625 0.18055555555555555 0.653125 0.18055555555555555
2 0.6885416666666667 0.33796296296296297 0.7244791666666667 0.33796296296296297 0.7244791666666667 0.4527777777777778 0.6885416666666667 0.4527777777777778
2 0.6703125 0.23981481481481481 0.6901041666666666 0.23981481481481481 0.6901041666666666 0.33055555555555555 0.6703125 0.33055555555555555
2 0.6401041666666667 0.18981481481481483 0.6515625 0.18981481481481483 0.6515625 0.2518518518518518 0.6401041666666667 0.2518518518518518
2 0.5572916666666666 0.18333333333333332 0.6 0.18333333333333332 0.6 0.24444444444444444 0.5572916666666666 0.24444444444444444
2 0.4244791666666667 0.24722222222222223 0.44895833333333335 0.24722222222222223 0.44895833333333335 0.3148148148148148 0.4244791666666667 0.3148148148148148
2 0.3932291666666667 0.2574074074074074 0.4125 0.2574074074074074 0.4125 0.34074074074074073 0.3932291666666667 0.34074074074074073
2 0.3796875 0.225 0.39895833333333336 0.225 0.39895833333333336 0.2953703703703704 0.3796875 0.2953703703703704
2 0.33958333333333335 0.28055555555555556 0.36875 0.28055555555555556 0.36875 0.3851851851851852 0.33958333333333335 0.3851851851851852
2 0.4161458333333333 0.30833333333333335 0.4390625 0.30833333333333335 0.4390625 0.4101851851851852 0.4161458333333333 0.4101851851851852
2 0.057291666666666664 0.7703703703703704 0.13020833333333334 0.7703703703703704 0.13020833333333334 1 0.057291666666666664 1
2 0.2520833333333333 0.3972222222222222 0.28802083333333334 0.3972222222222222 0.28802083333333334 0.5388888888888889 0.2520833333333333 0.5388888888888889
2 0.30364583333333334 0.4398148148148148 0.3359375 0.4398148148148148 0.3359375 0.5814814814814815 0.30364583333333334 0.5814814814814815
2 0.4197916666666667 0.17962962962962964 0.4328125 0.17962962962962964 0.4328125 0.2462962962962963 0.4197916666666667 0.2462962962962963
2 0.4432291666666667 0.18981481481481483 0.4515625 0.18981481481481483 0.4515625 0.24074074074074073 0.4432291666666667 0.24074074074074073
2 0.48541666666666666 0.1648148148148148 0.4984375 0.1648148148148148 0.4984375 0.2175925925925926 0.48541666666666666 0.2175925925925926
2 0.48854166666666665 0.12962962962962962 0.4979166666666667 0.12962962962962962 0.4979166666666667 0.17314814814814813 0.48854166666666665 0.17314814814814813
2 0.475 0.11666666666666667 0.4828125 0.11666666666666667 0.4828125 0.1527777777777778 0.475 0.1527777777777778
2 0.45260416666666664 0.13333333333333333 0.4609375 0.13333333333333333 0.4609375 0.175 0.45260416666666664 0.175
2 0.4609375 0.15925925925925927 0.4765625 0.15925925925925927 0.4765625 0.2064814814814815 0.4609375 0.2064814814814815
2 0.43125 0.1537037037037037 0.43697916666666664 0.1537037037037037 0.43697916666666664 0.19166666666666668 0.43125 0.19166666666666668
2 0.40677083333333336 0.1388888888888889 0.4140625 0.1388888888888889 0.4140625 0.17407407407407408 0.40677083333333336 0.17407407407407408
2 0.42239583333333336 0.1425925925925926 0.42916666666666664 0.1425925925925926 0.42916666666666664 0.1712962962962963 0.42239583333333336 0.1712962962962963
2 0.44114583333333335 0.13055555555555556 0.4473958333333333 0.13055555555555556 0.4473958333333333 0.1648148148148148 0.44114583333333335 0.1648148148148148
2 0.4640625 0.12314814814814815 0.4703125 0.12314814814814815 0.4703125 0.15648148148148147 0.4640625 0.15648148148148147
2 0.5833333333333334 0.1175925925925926 0.5979166666666667 0.1175925925925926 0.5979166666666667 0.16111111111111112 0.5833333333333334 0.16111111111111112