1 0.3953125 0.9092592592592592 0.49270833333333336 0.9092592592592592 0.49270833333333336 1 0.3953125 1
1 0.3171875 0.6953703703703704 0.3515625 0.6953703703703704 0.3515625 0.8157407407407408 0.3171875 0.8157407407407408
2 0.6875 0.9740740740740741 0.78125 0.9740740740740741 0.78125 1 0.6875 1
2 0.5567708333333333 0.8685185185185185 0.6671875 0.8685185185185185 0.6671875 0.9824074074074074 0.5567708333333333 0.9824074074074074
2 0.4901041666666667 0.1287037037037037 0.5713541666666667 0.1287037037037037 0.5713541666666667 0.21851851851851853 0.4901041666666667 0.21851851851851853
2 0.39791666666666664 0.275 0.4505208333333333 0.275 0.4505208333333333 0.33425925925925926 0.39791666666666664 0.33425925925925926
2 0.453125 0.7731481481481481 0.515625 0.7731481481481481 0.515625 0.8388888888888889 0.453125 0.8388888888888889
2 0.4036458333333333 0.175 0.45677083333333335 0.175 0.45677083333333335 0.22592592592592592 0.4036458333333333 0.22592592592592592
2 0.30885416666666665 0.2935185185185185 0.3333333333333333 0.2935185185185185 0.3333333333333333 0.32407407407407407 0.30885416666666665 0.32407407407407407
2 0.28958333333333336 0.37037037037037035 0.31354166666666666 0.37037037037037035 0.31354166666666666 0.3990740740740741 0.28958333333333336 0.3990740740740741
2 0.33177083333333335 0.22685185185185186 0.3625 0.22685185185185186 0.3625 0.2898148148148148 0.33177083333333335 0.2898148148148148
2 0.38958333333333334 0.6666666666666666 0.44479166666666664 0.6666666666666666 0.44479166666666664 0.7166666666666667 0.38958333333333334 0.7166666666666667
2 0.3609375 0.5861111111111111 0.40989583333333335 0.5861111111111111 0.40989583333333335 0.6361111111111111 0.3609375 0.6361111111111111
2 0.35 0.6509259259259259 0.3828125 0.6509259259259259 0.3828125 0.6907407407407408 0.35 0.6907407407407408
2 0.35 0.35185185185185186 0.39010416666666664 0.35185185185185186 0.39010416666666664 0.39444444444444443 0.35 0.39444444444444443
2 0.34010416666666665 0.3148148148148148 0.3770833333333333 0.3148148148148148 0.3770833333333333 0.34814814814814815 0.34010416666666665 0.34814814814814815