1 0.4822916666666667 0 0.5828125 0 0.5828125 0.06296296296296296 0.4822916666666667 0.06296296296296296
1 0.5260416666666666 0.6018518518518519 0.5958333333333333 0.6018518518518519 0.5958333333333333 0.7407407407407407 0.5260416666666666 0.7407407407407407
1 0.27447916666666666 0.07222222222222222 0.440625 0.07222222222222222 0.440625 0.34074074074074073 0.27447916666666666 0.34074074074074073
1 0.6302083333333334 0.1814814814814815 0.6666666666666666 0.1814814814814815 0.6666666666666666 0.2851851851851852 0.6302083333333334 0.2851851851851852
1 0.6520833333333333 0.39814814814814814 0.6833333333333333 0.39814814814814814 0.6833333333333333 0.46296296296296297 0.6520833333333333 0.46296296296296297
1 0.66875 0.7481481481481481 0.6911458333333333 0.7481481481481481 0.6911458333333333 0.8342592592592593 0.66875 0.8342592592592593
2 0.21979166666666666 0.24722222222222223 0.3145833333333333 0.24722222222222223 0.3145833333333333 0.3425925925925926 0.21979166666666666 0.3425925925925926
2 0.4713541666666667 0.04259259259259259 0.5390625 0.04259259259259259 0.5390625 0.10277777777777777 0.4713541666666667 0.10277777777777777
2 0.4088541666666667 0.06851851851851852 0.49166666666666664 0.06851851851851852 0.49166666666666664 0.1814814814814815 0.4088541666666667 0.1814814814814815
2 0.4895833333333333 0.1824074074074074 0.5567708333333333 0.1824074074074074 0.5567708333333333 0.2222222222222222 0.4895833333333333 0.2222222222222222
2 0.5223958333333333 0.11851851851851852 0.5833333333333334 0.11851851851851852 0.5833333333333334 0.17222222222222222 0.5223958333333333 0.17222222222222222
2 0.5479166666666667 0.1824074074074074 0.59375 0.1824074074074074 0.59375 0.2212962962962963 0.5479166666666667 0.2212962962962963
2 0.5989583333333334 0.20462962962962963 0.6473958333333333 0.20462962962962963 0.6473958333333333 0.23703703703703705 0.5989583333333334 0.23703703703703705
2 0.5755208333333334 0.2074074074074074 0.6380208333333334 0.2074074074074074 0.6380208333333334 0.2638888888888889 0.5755208333333334 0.2638888888888889
2 0.5697916666666667 0.2537037037037037 0.6171875 0.2537037037037037 0.6171875 0.29444444444444445 0.5697916666666667 0.29444444444444445
2 0.5302083333333333 0.2824074074074074 0.5958333333333333 0.2824074074074074 0.5958333333333333 0.3175925925925926 0.5302083333333333 0.3175925925925926
2 0.5213541666666667 0.35648148148148145 0.5848958333333333 0.35648148148148145 0.5848958333333333 0.38055555555555554 0.5213541666666667 0.38055555555555554
2 0.5390625 0.4111111111111111 0.6078125 0.4111111111111111 0.6078125 0.4583333333333333 0.5390625 0.4583333333333333
2 0.5802083333333333 0.3074074074074074 0.6234375 0.3074074074074074 0.6234375 0.35 0.5802083333333333 0.35
2 0.6140625 0.30833333333333335 0.6427083333333333 0.30833333333333335 0.6427083333333333 0.337037037037037 0.6140625 0.337037037037037
2 0.6026041666666667 0.35648148148148145 0.6489583333333333 0.35648148148148145 0.6489583333333333 0.3861111111111111 0.6026041666666667 0.3861111111111111
2 0.6359375 0.33796296296296297 0.6604166666666667 0.33796296296296297 0.6604166666666667 0.3592592592592593 0.6359375 0.3592592592592593
2 0.653125 0.32222222222222224 0.6838541666666667 0.32222222222222224 0.6838541666666667 0.3453703703703704 0.653125 0.3453703703703704
2 0.6484375 0.3592592592592593 0.678125 0.3592592592592593 0.678125 0.3851851851851852 0.6484375 0.3851851851851852
2 0.6348958333333333 0.48148148148148145 0.6708333333333333 0.48148148148148145 0.6708333333333333 0.5314814814814814 0.6348958333333333 0.5314814814814814
2 0.621875 0.6555555555555556 0.6552083333333333 0.6555555555555556 0.6552083333333333 0.6824074074074075 0.621875 0.6824074074074075
2 0.6291666666666667 0.6981481481481482 0.6682291666666667 0.6981481481481482 0.6682291666666667 0.7129629629629629 0.6291666666666667 0.7129629629629629
2 0.6666666666666666 0.6064814814814815 0.6890625 0.6064814814814815 0.6890625 0.6222222222222222 0.6666666666666666 0.6222222222222222
2 0.6630208333333333 0.6564814814814814 0.6901041666666666 0.6564814814814814 0.6901041666666666 0.6814814814814815 0.6630208333333333 0.6814814814814815
2 0.6567708333333333 0.6805555555555556 0.6817708333333333 0.6805555555555556 0.6817708333333333 0.6962962962962963 0.6567708333333333 0.6962962962962963
1 0.6484375 0.5537037037037037 0.6776041666666667 0.5537037037037037 0.6776041666666667 0.6138888888888889 0.6484375 0.6138888888888889