1 0.146875 0.31851851851851853 0.27395833333333336 0.31851851851851853 0.27395833333333336 0.49722222222222223 0.146875 0.49722222222222223
1 0.33645833333333336 0.17777777777777778 0.39166666666666666 0.17777777777777778 0.39166666666666666 0.24074074074074073 0.33645833333333336 0.24074074074074073
1 0.628125 0.12314814814814815 0.6828125 0.12314814814814815 0.6828125 0.1638888888888889 0.628125 0.1638888888888889
1 0.4765625 0.1111111111111111 0.5052083333333334 0.1111111111111111 0.5052083333333334 0.1574074074074074 0.4765625 0.1574074074074074
2 0.17708333333333334 0.5268518518518519 0.2203125 0.5268518518518519 0.2203125 0.7601851851851852 0.17708333333333334 0.7601851851851852
2 0.2640625 0.5185185185185185 0.3098958333333333 0.5185185185185185 0.3098958333333333 0.7231481481481481 0.2640625 0.7231481481481481
2 0.2786458333333333 0.37592592592592594 0.32135416666666666 0.37592592592592594 0.32135416666666666 0.5148148148148148 0.2786458333333333 0.5148148148148148
2 0.3375 0.48518518518518516 0.39791666666666664 0.48518518518518516 0.39791666666666664 0.7046296296296296 0.3375 0.7046296296296296
2 0.3572916666666667 0.3037037037037037 0.3932291666666667 0.3037037037037037 0.3932291666666667 0.4212962962962963 0.3572916666666667 0.4212962962962963
2 0.4375 0.2833333333333333 0.46458333333333335 0.2833333333333333 0.46458333333333335 0.37407407407407406 0.4375 0.37407407407407406
2 0.40989583333333335 0.2611111111111111 0.4317708333333333 0.2611111111111111 0.4317708333333333 0.3574074074074074 0.40989583333333335 0.3574074074074074
2 0.37395833333333334 0.2601851851851852 0.396875 0.2601851851851852 0.396875 0.33240740740740743 0.37395833333333334 0.33240740740740743
2 0.39427083333333335 0.21851851851851853 0.4109375 0.21851851851851853 0.4109375 0.2759259259259259 0.39427083333333335 0.2759259259259259
2 0.38697916666666665 0.1824074074074074 0.40260416666666665 0.1824074074074074 0.40260416666666665 0.24537037037037038 0.38697916666666665 0.24537037037037038
2 0.4015625 0.15648148148148147 0.41041666666666665 0.15648148148148147 0.41041666666666665 0.21851851851851853 0.4015625 0.21851851851851853
2 0.4119791666666667 0.1537037037037037 0.42239583333333336 0.1537037037037037 0.42239583333333336 0.2074074074074074 0.4119791666666667 0.2074074074074074
2 0.428125 0.16296296296296298 0.4354166666666667 0.16296296296296298 0.4354166666666667 0.20092592592592592 0.428125 0.20092592592592592
2 0.44375 0.1712962962962963 0.4552083333333333 0.1712962962962963 0.4552083333333333 0.21481481481481482 0.44375 0.21481481481481482
2 0.4630208333333333 0.1638888888888889 0.4703125 0.1638888888888889 0.4703125 0.21851851851851853 0.4630208333333333 0.21851851851851853
2 0.4786458333333333 0.20925925925925926 0.4942708333333333 0.20925925925925926 0.4942708333333333 0.2638888888888889 0.4786458333333333 0.2638888888888889
2 0.4322916666666667 0.21388888888888888 0.44635416666666666 0.21388888888888888 0.44635416666666666 0.25555555555555554 0.4322916666666667 0.25555555555555554
2 0.47552083333333334 0.15555555555555556 0.48802083333333335 0.15555555555555556 0.48802083333333335 0.1935185185185185 0.47552083333333334 0.1935185185185185
2 0.4630208333333333 0.13796296296296295 0.47604166666666664 0.13796296296296295 0.47604166666666664 0.17685185185185184 0.4630208333333333 0.17685185185185184
2 0.44427083333333334 0.14074074074074075 0.4588541666666667 0.14074074074074075 0.4588541666666667 0.1787037037037037 0.44427083333333334 0.1787037037037037
2 0.5864583333333333 0.1527777777777778 0.6015625 0.1527777777777778 0.6015625 0.21574074074074073 0.5864583333333333 0.21574074074074073
2 0.6015625 0.13055555555555556 0.6125 0.13055555555555556 0.6125 0.18333333333333332 0.6015625 0.18333333333333332
2 0.6098958333333333 0.1537037037037037 0.6265625 0.1537037037037037 0.6265625 0.2101851851851852 0.6098958333333333 0.2101851851851852
2 0.621875 0.20462962962962963 0.6375 0.20462962962962963 0.6375 0.2759259259259259 0.621875 0.2759259259259259
2 0.6453125 0.18796296296296297 0.6572916666666667 0.18796296296296297 0.6572916666666667 0.24166666666666667 0.6453125 0.24166666666666667