1 0.1375 0.3351851851851852 0.25885416666666666 0.3351851851851852 0.25885416666666666 0.5175925925925926 0.1375 0.5175925925925926
1 0.42864583333333334 0.24351851851851852 0.4822916666666667 0.24351851851851852 0.4822916666666667 0.3398148148148148 0.42864583333333334 0.3398148148148148
1 0.5515625 0.18333333333333332 0.5989583333333334 0.18333333333333332 0.5989583333333334 0.262037037037037 0.5515625 0.262037037037037
1 0.3260416666666667 0.18981481481481483 0.38177083333333334 0.18981481481481483 0.38177083333333334 0.2564814814814815 0.3260416666666667 0.2564814814814815
1 0.5276041666666667 0.12777777777777777 0.5536458333333333 0.12777777777777777 0.5536458333333333 0.1675925925925926 0.5276041666666667 0.1675925925925926
2 0.8869791666666667 0.5611111111111111 0.9515625 0.5611111111111111 0.9515625 0.737037037037037 0.8869791666666667 0.737037037037037
2 0.7427083333333333 0.4009259259259259 0.7864583333333334 0.4009259259259259 0.7864583333333334 0.5092592592592593 0.7427083333333333 0.5092592592592593
2 0.015104166666666667 0.7601851851851852 0.08854166666666667 0.7601851851851852 0.08854166666666667 0.9925925925925926 0.015104166666666667 0.9925925925925926
2 0.09947916666666666 0.7805555555555556 0.1671875 0.7805555555555556 0.1671875 0.975925925925926 0.09947916666666666 0.975925925925926
2 0.19947916666666668 0.6972222222222222 0.2765625 0.6972222222222222 0.2765625 0.937037037037037 0.19947916666666668 0.937037037037037
2 0.20729166666666668 0.4703703703703704 0.24427083333333333 0.4703703703703704 0.24427083333333333 0.6277777777777778 0.20729166666666668 0.6277777777777778
2 0.21979166666666666 0.43148148148148147 0.259375 0.43148148148148147 0.259375 0.524074074074074 0.21979166666666666 0.524074074074074
2 0.2630208333333333 0.5175925925925926 0.30364583333333334 0.5175925925925926 0.30364583333333334 0.6777777777777778 0.2630208333333333 0.6777777777777778
2 0.3177083333333333 0.4 0.34479166666666666 0.4 0.34479166666666666 0.5194444444444445 0.3177083333333333 0.5194444444444445
2 0.3619791666666667 0.40925925925925927 0.4036458333333333 0.40925925925925927 0.4036458333333333 0.5481481481481482 0.3619791666666667 0.5481481481481482
2 0.34427083333333336 0.3 0.36666666666666664 0.3 0.36666666666666664 0.37962962962962965 0.34427083333333336 0.37962962962962965
2 0.36666666666666664 0.2324074074074074 0.3828125 0.2324074074074074 0.3828125 0.29907407407407405 0.36666666666666664 0.29907407407407405
2 0.3885416666666667 0.2833333333333333 0.41354166666666664 0.2833333333333333 0.41354166666666664 0.37407407407407406 0.3885416666666667 0.37407407407407406
2 0.3984375 0.17037037037037037 0.41458333333333336 0.17037037037037037 0.41458333333333336 0.2351851851851852 0.3984375 0.2351851851851852
2 0.4015625 0.10740740740740741 0.4140625 0.10740740740740741 0.4140625 0.15462962962962962 0.4015625 0.15462962962962962
2 0.41354166666666664 0.20555555555555555 0.425 0.20555555555555555 0.425 0.26944444444444443 0.41354166666666664 0.26944444444444443
2 0.4197916666666667 0.14166666666666666 0.42916666666666664 0.14166666666666666 0.42916666666666664 0.18981481481481483 0.4197916666666667 0.18981481481481483
2 0.43020833333333336 0.1638888888888889 0.4432291666666667 0.1638888888888889 0.4432291666666667 0.21574074074074073 0.43020833333333336 0.21574074074074073
2 0.4453125 0.1574074074074074 0.45729166666666665 0.1574074074074074 0.45729166666666665 0.20555555555555555 0.4453125 0.20555555555555555
2 0.45989583333333334 0.16296296296296298 0.47239583333333335 0.16296296296296298 0.47239583333333335 0.21666666666666667 0.45989583333333334 0.21666666666666667
2 0.44114583333333335 0.13240740740740742 0.45 0.13240740740740742 0.45 0.17222222222222222 0.44114583333333335 0.17222222222222222
2 0.45416666666666666 0.12314814814814815 0.46145833333333336 0.12314814814814815 0.46145833333333336 0.16296296296296298 0.45416666666666666 0.16296296296296298
2 0.46041666666666664 0.12129629629629629 0.4708333333333333 0.12129629629629629 0.4708333333333333 0.16111111111111112 0.46041666666666664 0.16111111111111112
2 0.5083333333333333 0.18611111111111112 0.5296875 0.18611111111111112 0.5296875 0.24074074074074073 0.5083333333333333 0.24074074074074073
2 0.6276041666666666 0.22777777777777777 0.6463541666666667 0.22777777777777777 0.6463541666666667 0.30185185185185187 0.6276041666666666 0.30185185185185187
2 0.5630208333333333 0.13333333333333333 0.5723958333333333 0.13333333333333333 0.5723958333333333 0.175 0.5630208333333333 0.175
2 0.5817708333333333 0.13240740740740742 0.5947916666666667 0.13240740740740742 0.5947916666666667 0.17314814814814813 0.5817708333333333 0.17314814814814813