1 0.4 0.899074074074074 0.4984375 0.899074074074074 0.4984375 1 0.4 1
1 0.3171875 0.6898148148148148 0.35104166666666664 0.6898148148148148 0.35104166666666664 0.8064814814814815 0.3171875 0.8064814814814815
2 0.4354166666666667 0.022222222222222223 0.49583333333333335 0.022222222222222223 0.49583333333333335 0.09722222222222222 0.4354166666666667 0.09722222222222222
2 0.4515625 0.7175925925925926 0.5135416666666667 0.7175925925925926 0.5135416666666667 0.7870370370370371 0.4515625 0.7870370370370371
2 0.5932291666666667 0.9166666666666666 0.7114583333333333 0.9166666666666666 0.7114583333333333 1 0.5932291666666667 1
2 0.3229166666666667 0.3138888888888889 0.35572916666666665 0.3138888888888889 0.35572916666666665 0.3490740740740741 0.3229166666666667 0.3490740740740741
2 0.2703125 0.4101851851851852 0.2864583333333333 0.4101851851851852 0.2864583333333333 0.43148148148148147 0.2703125 0.43148148148148147
2 0.32864583333333336 0.5796296296296296 0.35833333333333334 0.5796296296296296 0.35833333333333334 0.6138888888888889 0.32864583333333336 0.6138888888888889
2 0.38229166666666664 0.175 0.42864583333333334 0.175 0.42864583333333334 0.22870370370370371 0.38229166666666664 0.22870370370370371
2 0.36666666666666664 0.5953703703703703 0.409375 0.5953703703703703 0.409375 0.6472222222222223 0.36666666666666664 0.6472222222222223
2 0.328125 0.6314814814814815 0.36041666666666666 0.6314814814814815 0.36041666666666666 0.6685185185185185 0.328125 0.6685185185185185
2 0.309375 0.3675925925925926 0.340625 0.3675925925925926 0.340625 0.4064814814814815 0.309375 0.4064814814814815
2 0.3546875 0.5296296296296297 0.396875 0.5296296296296297 0.396875 0.5731481481481482 0.3546875 0.5731481481481482
2 0.35885416666666664 0.2796296296296296 0.39375 0.2796296296296296 0.39375 0.3194444444444444 0.35885416666666664 0.3194444444444444
2 0.459375 0.08148148148148149 0.5338541666666666 0.08148148148148149 0.5338541666666666 0.16203703703703703 0.459375 0.16203703703703703
2 0.3098958333333333 0.55 0.3359375 0.55 0.3359375 0.5833333333333334 0.3098958333333333 0.5833333333333334
2 0.29322916666666665 0.5027777777777778 0.3151041666666667 0.5027777777777778 0.3151041666666667 0.5277777777777778 0.29322916666666665 0.5277777777777778
2 0.33489583333333334 0.2675925925925926 0.3671875 0.2675925925925926 0.3671875 0.30833333333333335 0.33489583333333334 0.30833333333333335
2 0.5020833333333333 0.6796296296296296 0.6005208333333333 0.6796296296296296 0.6005208333333333 0.7675925925925926 0.5020833333333333 0.7675925925925926
2 0.2875 0.5851851851851851 0.30572916666666666 0.5851851851851851 0.30572916666666666 0.6083333333333333 0.2875 0.6083333333333333