1 0.1453125 0.31203703703703706 0.2713541666666667 0.31203703703703706 0.2713541666666667 0.487962962962963 0.1453125 0.487962962962963
1 0.3260416666666667 0.1712962962962963 0.39375 0.1712962962962963 0.39375 0.2361111111111111 0.3260416666666667 0.2361111111111111
2 0.771875 0.6342592592592593 0.8427083333333333 0.6342592592592593 0.8427083333333333 0.8296296296296296 0.771875 0.8296296296296296
2 0.6875 0.3675925925925926 0.7229166666666667 0.3675925925925926 0.7229166666666667 0.47314814814814815 0.6875 0.47314814814814815
2 0.16875 0.6203703703703703 0.22708333333333333 0.6203703703703703 0.22708333333333333 0.7925925925925926 0.16875 0.7925925925925926
2 0.7864583333333334 0.4842592592592593 0.8369791666666667 0.4842592592592593 0.8369791666666667 0.6027777777777777 0.7864583333333334 0.6027777777777777
2 0.31197916666666664 0.44814814814814813 0.3541666666666667 0.44814814814814813 0.3541666666666667 0.5675925925925925 0.31197916666666664 0.5675925925925925
2 0.6114583333333333 0.16666666666666666 0.6333333333333333 0.16666666666666666 0.6333333333333333 0.2175925925925926 0.6114583333333333 0.2175925925925926
2 0.39010416666666664 0.3472222222222222 0.4359375 0.3472222222222222 0.4359375 0.4703703703703704 0.39010416666666664 0.4703703703703704
2 0.5859375 0.22777777777777777 0.6083333333333333 0.22777777777777777 0.6083333333333333 0.30277777777777776 0.5859375 0.30277777777777776
2 0.43125 0.19907407407407407 0.4578125 0.19907407407407407 0.4578125 0.27037037037037037 0.43125 0.27037037037037037
2 0.41458333333333336 0.17037037037037037 0.43333333333333335 0.17037037037037037 0.43333333333333335 0.22037037037037038 0.41458333333333336 0.22037037037037038
2 0.3734375 0.30833333333333335 0.40260416666666665 0.30833333333333335 0.40260416666666665 0.38055555555555554 0.3734375 0.38055555555555554
2 0.6270833333333333 0.24074074074074073 0.6510416666666666 0.24074074074074073 0.6510416666666666 0.30925925925925923 0.6270833333333333 0.30925925925925923
2 0.6192708333333333 0.30925925925925923 0.65 0.30925925925925923 0.65 0.40185185185185185 0.6192708333333333 0.40185185185185185
2 0.5776041666666667 0.12685185185185185 0.5927083333333333 0.12685185185185185 0.5927083333333333 0.16296296296296298 0.5776041666666667 0.16296296296296298
2 0.5520833333333334 0.18518518518518517 0.5765625 0.18518518518518517 0.5765625 0.24814814814814815 0.5520833333333334 0.24814814814814815
2 0.653125 0.18796296296296297 0.6744791666666666 0.18796296296296297 0.6744791666666666 0.24351851851851852 0.653125 0.24351851851851852