1 0.40677083333333336 0.9212962962962963 0.5104166666666666 0.9212962962962963 0.5104166666666666 1 0.40677083333333336 1
1 0.37135416666666665 0.5388888888888889 0.43333333333333335 0.5388888888888889 0.43333333333333335 0.6444444444444445 0.37135416666666665 0.6444444444444445
1 0.325 0.7018518518518518 0.3609375 0.7018518518518518 0.3609375 0.8074074074074075 0.325 0.8074074074074075
1 0.31197916666666664 0.33240740740740743 0.35260416666666666 0.33240740740740743 0.35260416666666666 0.4101851851851852 0.31197916666666664 0.4101851851851852
2 0.5078125 0.7472222222222222 0.6109375 0.7472222222222222 0.6109375 0.8083333333333333 0.5078125 0.8083333333333333
2 0.3578125 0.7157407407407408 0.40677083333333336 0.7157407407407408 0.40677083333333336 0.7574074074074074 0.3578125 0.7574074074074074
1 0.29739583333333336 0.14629629629629629 0.32083333333333336 0.14629629629629629 0.32083333333333336 0.22962962962962963 0.29739583333333336 0.22962962962962963
1 0.2859375 0.4046296296296296 0.30625 0.4046296296296296 0.30625 0.4527777777777778 0.2859375 0.4527777777777778
2 0.5786458333333333 0.9481481481481482 0.7234375 0.9481481481481482 0.7234375 1 0.5786458333333333 1
2 0.4895833333333333 0.8333333333333334 0.5833333333333334 0.8333333333333334 0.5833333333333334 0.8898148148148148 0.4895833333333333 0.8898148148148148
2 0.40572916666666664 0.7657407407407407 0.4661458333333333 0.7657407407407407 0.4661458333333333 0.8277777777777777 0.40572916666666664 0.8277777777777777
2 0.41302083333333334 0.6935185185185185 0.471875 0.6935185185185185 0.471875 0.7425925925925926 0.41302083333333334 0.7425925925925926
2 0.40989583333333335 0.07314814814814814 0.46979166666666666 0.07314814814814814 0.46979166666666666 0.12407407407407407 0.40989583333333335 0.12407407407407407
2 0.32916666666666666 0.25092592592592594 0.36822916666666666 0.25092592592592594 0.36822916666666666 0.2953703703703704 0.32916666666666666 0.2953703703703704
2 0.32864583333333336 0.41944444444444445 0.35572916666666665 0.41944444444444445 0.35572916666666665 0.47685185185185186 0.32864583333333336 0.47685185185185186
2 0.3255208333333333 0.6685185185185185 0.3614583333333333 0.6685185185185185 0.3614583333333333 0.687037037037037 0.3255208333333333 0.687037037037037
2 0.2859375 0.6574074074074074 0.30364583333333334 0.6574074074074074 0.30364583333333334 0.6712962962962963 0.2859375 0.6712962962962963
2 0.30104166666666665 0.637962962962963 0.3359375 0.637962962962963 0.3359375 0.6527777777777778 0.30104166666666665 0.6527777777777778
2 0.3171875 0.6111111111111112 0.3489583333333333 0.6111111111111112 0.3489583333333333 0.6324074074074074 0.3171875 0.6324074074074074
2 0.3515625 0.637962962962963 0.3859375 0.637962962962963 0.3859375 0.6657407407407407 0.3515625 0.6657407407407407
2 0.31302083333333336 0.5722222222222222 0.340625 0.5722222222222222 0.340625 0.6018518518518519 0.31302083333333336 0.6018518518518519
2 0.32083333333333336 0.5518518518518518 0.35208333333333336 0.5518518518518518 0.35208333333333336 0.575925925925926 0.32083333333333336 0.575925925925926
2 0.29791666666666666 0.5907407407407408 0.32395833333333335 0.5907407407407408 0.32395833333333335 0.6111111111111112 0.29791666666666666 0.6111111111111112
2 0.2942708333333333 0.5601851851851852 0.31666666666666665 0.5601851851851852 0.31666666666666665 0.5768518518518518 0.2942708333333333 0.5768518518518518
2 0.2875 0.5796296296296296 0.3078125 0.5796296296296296 0.3078125 0.5972222222222222 0.2875 0.5972222222222222
2 0.2869791666666667 0.5259259259259259 0.3078125 0.5259259259259259 0.3078125 0.5444444444444444 0.2869791666666667 0.5444444444444444
2 0.28489583333333335 0.49722222222222223 0.30572916666666666 0.49722222222222223 0.30572916666666666 0.5157407407407407 0.28489583333333335 0.5157407407407407
2 0.2864583333333333 0.375 0.30625 0.375 0.30625 0.3925925925925926 0.2864583333333333 0.3925925925925926
2 0.28541666666666665 0.33611111111111114 0.3104166666666667 0.33611111111111114 0.3104166666666667 0.35462962962962963 0.28541666666666665 0.35462962962962963