1 0.28229166666666666 0.25462962962962965 0.303125 0.25462962962962965 0.303125 0.3277777777777778 0.28229166666666666 0.3277777777777778
1 0.3177083333333333 0.7027777777777777 0.353125 0.7027777777777777 0.353125 0.8009259259259259 0.3177083333333333 0.8009259259259259
1 0.30052083333333335 0.5092592592592593 0.3296875 0.5092592592592593 0.3296875 0.5657407407407408 0.30052083333333335 0.5657407407407408
2 0.6510416666666666 0.762962962962963 0.78125 0.762962962962963 0.78125 0.8777777777777778 0.6510416666666666 0.8777777777777778
2 0.49947916666666664 0.030555555555555555 0.5838541666666667 0.030555555555555555 0.5838541666666667 0.12685185185185185 0.49947916666666664 0.12685185185185185
2 0.5067708333333333 0.7018518518518518 0.6067708333333334 0.7018518518518518 0.6067708333333334 0.7712962962962963 0.5067708333333333 0.7712962962962963
2 0.496875 0.8 0.5994791666666667 0.8 0.5994791666666667 0.8712962962962963 0.496875 0.8712962962962963
2 0.4713541666666667 0.8759259259259259 0.5546875 0.8759259259259259 0.5546875 0.937962962962963 0.4713541666666667 0.937962962962963
2 0.42604166666666665 0.8194444444444444 0.48125 0.8194444444444444 0.48125 0.8768518518518519 0.42604166666666665 0.8768518518518519
2 0.384375 0.7870370370370371 0.43802083333333336 0.7870370370370371 0.43802083333333336 0.825925925925926 0.384375 0.825925925925926
2 0.4125 0.6981481481481482 0.4859375 0.6981481481481482 0.4859375 0.7342592592592593 0.4125 0.7342592592592593
2 0.434375 0.5879629629629629 0.5036458333333333 0.5879629629629629 0.5036458333333333 0.6314814814814815 0.434375 0.6314814814814815
2 0.36822916666666666 0.5796296296296296 0.41458333333333336 0.5796296296296296 0.41458333333333336 0.6148148148148148 0.36822916666666666 0.6148148148148148
2 0.3541666666666667 0.5601851851851852 0.3953125 0.5601851851851852 0.3953125 0.5962962962962963 0.3541666666666667 0.5962962962962963
2 0.3640625 0.6592592592592592 0.4083333333333333 0.6592592592592592 0.4083333333333333 0.6861111111111111 0.3640625 0.6861111111111111
2 0.3421875 0.7037037037037037 0.3765625 0.7037037037037037 0.3765625 0.737037037037037 0.3421875 0.737037037037037
2 0.328125 0.6370370370370371 0.35989583333333336 0.6370370370370371 0.35989583333333336 0.6620370370370371 0.328125 0.6620370370370371
2 0.32135416666666666 0.6018518518518519 0.35208333333333336 0.6018518518518519 0.35208333333333336 0.6212962962962963 0.32135416666666666 0.6212962962962963
2 0.3234375 0.5481481481481482 0.3489583333333333 0.5481481481481482 0.3489583333333333 0.5768518518518518 0.3234375 0.5768518518518518
2 0.31302083333333336 0.6259259259259259 0.33697916666666666 0.6259259259259259 0.33697916666666666 0.6407407407407407 0.31302083333333336 0.6407407407407407
2 0.3020833333333333 0.5861111111111111 0.325 0.5861111111111111 0.325 0.600925925925926 0.3020833333333333 0.600925925925926
2 0.29375 0.562037037037037 0.31302083333333336 0.562037037037037 0.31302083333333336 0.575 0.29375 0.575
2 0.2838541666666667 0.5398148148148149 0.30052083333333335 0.5398148148148149 0.30052083333333335 0.5527777777777778 0.2838541666666667 0.5527777777777778
2 0.2869791666666667 0.48518518518518516 0.31875 0.48518518518518516 0.31875 0.5055555555555555 0.2869791666666667 0.5055555555555555
2 0.28489583333333335 0.6055555555555555 0.30364583333333334 0.6055555555555555 0.30364583333333334 0.6240740740740741 0.28489583333333335 0.6240740740740741
2 0.2911458333333333 0.5972222222222222 0.3140625 0.5972222222222222 0.3140625 0.6074074074074074 0.2911458333333333 0.6074074074074074
2 0.2833333333333333 0.5824074074074074 0.2989583333333333 0.5824074074074074 0.2989583333333333 0.5972222222222222 0.2833333333333333 0.5972222222222222
2 0.2786458333333333 0.5564814814814815 0.2947916666666667 0.5564814814814815 0.2947916666666667 0.5694444444444444 0.2786458333333333 0.5694444444444444
2 0.30625 0.3111111111111111 0.33697916666666666 0.3111111111111111 0.33697916666666666 0.3314814814814815 0.30625 0.3314814814814815
2 0.30052083333333335 0.2953703703703704 0.3229166666666667 0.2953703703703704 0.3229166666666667 0.31666666666666665 0.30052083333333335 0.31666666666666665
2 0.3072916666666667 0.24814814814814815 0.334375 0.24814814814814815 0.334375 0.26944444444444443 0.3072916666666667 0.26944444444444443
1 0.4046875 0.9064814814814814 0.5052083333333334 0.9064814814814814 0.5052083333333334 1 0.4046875 1