1 0.1453125 0.3138888888888889 0.2708333333333333 0.3138888888888889 0.2708333333333333 0.4888888888888889 0.1453125 0.4888888888888889
1 0.3223958333333333 0.17407407407407408 0.39114583333333336 0.17407407407407408 0.39114583333333336 0.2351851851851852 0.3223958333333333 0.2351851851851852
2 0 0.8870370370370371 0.0796875 0.8870370370370371 0.0796875 0.9953703703703703 0 0.9953703703703703
2 0.8640625 0.6138888888888889 0.9338541666666667 0.6138888888888889 0.9338541666666667 0.7935185185185185 0.8640625 0.7935185185185185
2 0.7338541666666667 0.4888888888888889 0.7796875 0.4888888888888889 0.7796875 0.625 0.7338541666666667 0.625
2 0.16927083333333334 0.7203703703703703 0.2520833333333333 0.7203703703703703 0.2520833333333333 0.9731481481481481 0.16927083333333334 0.9731481481481481
2 0.265625 0.4740740740740741 0.3140625 0.4740740740740741 0.3140625 0.6138888888888889 0.265625 0.6138888888888889
2 0.6317708333333333 0.19722222222222222 0.6619791666666667 0.19722222222222222 0.6619791666666667 0.25277777777777777 0.6317708333333333 0.25277777777777777
2 0.5885416666666666 0.2814814814814815 0.6192708333333333 0.2814814814814815 0.6192708333333333 0.3675925925925926 0.5885416666666666 0.3675925925925926
2 0.6416666666666667 0.2935185185185185 0.6692708333333334 0.2935185185185185 0.6692708333333334 0.37592592592592594 0.6416666666666667 0.37592592592592594
2 0.38697916666666665 0.2518518518518518 0.415625 0.2518518518518518 0.415625 0.3351851851851852 0.38697916666666665 0.3351851851851852
2 0.6380208333333334 0.4027777777777778 0.6786458333333333 0.4027777777777778 0.6786458333333333 0.525 0.6380208333333334 0.525
2 0.3625 0.3388888888888889 0.396875 0.3388888888888889 0.396875 0.44722222222222224 0.3625 0.44722222222222224
2 0.5885416666666666 0.175 0.6161458333333333 0.175 0.6161458333333333 0.22407407407407406 0.5885416666666666 0.22407407407407406
2 0.5 0.16018518518518518 0.53125 0.16018518518518518 0.53125 0.22685185185185186 0.5 0.22685185185185186
2 0.4171875 0.27314814814814814 0.44895833333333335 0.27314814814814814 0.44895833333333335 0.3768518518518518 0.4171875 0.3768518518518518
2 0.5583333333333333 0.20185185185185187 0.5901041666666667 0.20185185185185187 0.5901041666666667 0.2675925925925926 0.5583333333333333 0.2675925925925926
2 0.5489583333333333 0.11851851851851852 0.5645833333333333 0.11851851851851852 0.5645833333333333 0.1574074074074074 0.5489583333333333 0.1574074074074074