1 0.14427083333333332 0.33240740740740743 0.26666666666666666 0.33240740740740743 0.26666666666666666 0.5101851851851852 0.14427083333333332 0.5101851851851852
1 0.3963541666666667 0.34074074074074073 0.47239583333333335 0.34074074074074073 0.47239583333333335 0.48518518518518516 0.3963541666666667 0.48518518518518516
1 0.3302083333333333 0.1824074074074074 0.3885416666666667 0.1824074074074074 0.3885416666666667 0.24537037037037038 0.3302083333333333 0.24537037037037038
1 0.5484375 0.14166666666666666 0.5859375 0.14166666666666666 0.5859375 0.20092592592592592 0.5484375 0.20092592592592592
2 0 0.7805555555555556 0.0640625 0.7805555555555556 0.0640625 0.9351851851851852 0 0.9351851851851852
2 0.14375 0.6972222222222222 0.21614583333333334 0.6972222222222222 0.21614583333333334 0.9185185185185185 0.14375 0.9185185185185185
2 0.19114583333333332 0.812962962962963 0.259375 0.812962962962963 0.259375 0.9925925925925926 0.19114583333333332 0.9925925925925926
2 0.2984375 0.48148148148148145 0.3411458333333333 0.48148148148148145 0.3411458333333333 0.6592592592592592 0.2984375 0.6592592592592592
2 0.2557291666666667 0.4101851851851852 0.28802083333333334 0.4101851851851852 0.28802083333333334 0.5574074074074075 0.2557291666666667 0.5574074074074075
2 0.790625 0.5796296296296296 0.8723958333333334 0.5796296296296296 0.8723958333333334 0.7925925925925926 0.790625 0.7925925925925926
2 0.31875 0.2796296296296296 0.35520833333333335 0.2796296296296296 0.35520833333333335 0.3962962962962963 0.31875 0.3962962962962963
2 0.3770833333333333 0.21574074074074073 0.3927083333333333 0.21574074074074073 0.3927083333333333 0.2833333333333333 0.3770833333333333 0.2833333333333333
2 0.3854166666666667 0.27870370370370373 0.40989583333333335 0.27870370370370373 0.40989583333333335 0.37777777777777777 0.3854166666666667 0.37777777777777777
2 0.4171875 0.2037037037037037 0.4328125 0.2037037037037037 0.4328125 0.2777777777777778 0.4171875 0.2777777777777778
2 0.40572916666666664 0.17407407407407408 0.42552083333333335 0.17407407407407408 0.42552083333333335 0.23055555555555557 0.40572916666666664 0.23055555555555557
2 0.4036458333333333 0.1175925925925926 0.41822916666666665 0.1175925925925926 0.41822916666666665 0.17222222222222222 0.4036458333333333 0.17222222222222222
2 0.42916666666666664 0.14629629629629629 0.4395833333333333 0.14629629629629629 0.4395833333333333 0.20092592592592592 0.42916666666666664 0.20092592592592592
2 0.446875 0.18703703703703703 0.4552083333333333 0.18703703703703703 0.4552083333333333 0.23703703703703705 0.446875 0.23703703703703705
2 0.4473958333333333 0.2111111111111111 0.465625 0.2111111111111111 0.465625 0.2796296296296296 0.4473958333333333 0.2796296296296296
2 0.6713541666666667 0.2537037037037037 0.6947916666666667 0.2537037037037037 0.6947916666666667 0.3490740740740741 0.6713541666666667 0.3490740740740741
2 0.7291666666666666 0.3388888888888889 0.75625 0.3388888888888889 0.75625 0.45092592592592595 0.7291666666666666 0.45092592592592595
2 0.6052083333333333 0.15092592592592594 0.61875 0.15092592592592594 0.61875 0.21574074074074073 0.6052083333333333 0.21574074074074073
2 0.525 0.17407407407407408 0.565625 0.17407407407407408 0.565625 0.23981481481481481 0.525 0.23981481481481481
2 0.45677083333333335 0.14629629629629629 0.4666666666666667 0.14629629629629629 0.4666666666666667 0.18703703703703703 0.45677083333333335 0.18703703703703703
2 0.4713541666666667 0.1287037037037037 0.4828125 0.1287037037037037 0.4828125 0.17314814814814813 0.4713541666666667 0.17314814814814813
2 0.4401041666666667 0.13148148148148148 0.4515625 0.13148148148148148 0.4515625 0.1675925925925926 0.4401041666666667 0.1675925925925926
2 0.490625 0.13148148148148148 0.5046875 0.13148148148148148 0.5046875 0.17407407407407408 0.490625 0.17407407407407408
2 0.4473958333333333 0.11481481481481481 0.45416666666666666 0.11481481481481481 0.45416666666666666 0.15 0.4473958333333333 0.15