1 0.5536458333333333 0.2833333333333333 0.6182291666666667 0.2833333333333333 0.6182291666666667 0.3814814814814815 0.5536458333333333 0.3814814814814815
1 0.1328125 0.3472222222222222 0.25729166666666664 0.3472222222222222 0.25729166666666664 0.5277777777777778 0.1328125 0.5277777777777778
1 0.3203125 0.20185185185185187 0.3770833333333333 0.20185185185185187 0.3770833333333333 0.2657407407407407 0.3203125 0.2657407407407407
1 0.5291666666666667 0.16944444444444445 0.5598958333333334 0.16944444444444445 0.5598958333333334 0.21851851851851853 0.5291666666666667 0.21851851851851853
1 0.4390625 0.17962962962962964 0.4765625 0.17962962962962964 0.4765625 0.2490740740740741 0.4390625 0.2490740740740741
2 0.16458333333333333 0.525 0.22239583333333332 0.525 0.22239583333333332 0.700925925925926 0.16458333333333333 0.700925925925926
2 0.17708333333333334 0.6759259259259259 0.2520833333333333 0.6759259259259259 0.2520833333333333 0.8953703703703704 0.17708333333333334 0.8953703703703704
2 0.25729166666666664 0.5046296296296297 0.30104166666666665 0.5046296296296297 0.30104166666666665 0.6574074074074074 0.25729166666666664 0.6574074074074074
2 0.25 0.40925925925925927 0.284375 0.40925925925925927 0.284375 0.5175925925925926 0.25 0.5175925925925926
2 0.3026041666666667 0.37592592592592594 0.33177083333333335 0.37592592592592594 0.33177083333333335 0.49722222222222223 0.3026041666666667 0.49722222222222223
2 0.3109375 0.2638888888888889 0.3359375 0.2638888888888889 0.3359375 0.36018518518518516 0.3109375 0.36018518518518516
2 0.328125 0.3 0.35625 0.3 0.35625 0.3888888888888889 0.328125 0.3888888888888889
2 0.3338541666666667 0.40185185185185185 0.3619791666666667 0.40185185185185185 0.3619791666666667 0.5435185185185185 0.3338541666666667 0.5435185185185185
2 0.35 0.34629629629629627 0.37604166666666666 0.34629629629629627 0.37604166666666666 0.44907407407407407 0.35 0.44907407407407407
2 0.390625 0.41574074074074074 0.4197916666666667 0.41574074074074074 0.4197916666666667 0.5342592592592592 0.390625 0.5342592592592592
2 0.4395833333333333 0.4222222222222222 0.4713541666666667 0.4222222222222222 0.4713541666666667 0.5712962962962963 0.4395833333333333 0.5712962962962963
2 0.37083333333333335 0.31574074074074077 0.4010416666666667 0.31574074074074077 0.4010416666666667 0.4064814814814815 0.37083333333333335 0.4064814814814815
2 0.4119791666666667 0.2638888888888889 0.43645833333333334 0.2638888888888889 0.43645833333333334 0.34629629629629627 0.4119791666666667 0.34629629629629627
2 0.375 0.26666666666666666 0.4036458333333333 0.26666666666666666 0.4036458333333333 0.3333333333333333 0.375 0.3333333333333333
2 0.6932291666666667 0.4777777777777778 0.7510416666666667 0.4777777777777778 0.7510416666666667 0.6361111111111111 0.6932291666666667 0.6361111111111111
2 0.578125 0.19444444444444445 0.5963541666666666 0.19444444444444445 0.5963541666666666 0.25833333333333336 0.578125 0.25833333333333336
2 0.5989583333333334 0.1787037037037037 0.6177083333333333 0.1787037037037037 0.6177083333333333 0.24166666666666667 0.5989583333333334 0.24166666666666667
2 0.5958333333333333 0.15462962962962962 0.6052083333333333 0.15462962962962962 0.6052083333333333 0.20277777777777778 0.5958333333333333 0.20277777777777778
2 0.4875 0.17962962962962964 0.5203125 0.17962962962962964 0.5203125 0.262037037037037 0.4875 0.262037037037037
2 0.3932291666666667 0.17962962962962964 0.4109375 0.17962962962962964 0.4109375 0.2351851851851852 0.3932291666666667 0.2351851851851852
2 0.41770833333333335 0.20277777777777778 0.43020833333333336 0.20277777777777778 0.43020833333333336 0.2611111111111111 0.41770833333333335 0.2611111111111111
2 0.396875 0.21851851851851853 0.4119791666666667 0.21851851851851853 0.4119791666666667 0.2796296296296296 0.396875 0.2796296296296296
2 0.4125 0.15185185185185185 0.4270833333333333 0.15185185185185185 0.4270833333333333 0.19722222222222222 0.4125 0.19722222222222222
2 0.42552083333333335 0.1675925925925926 0.4401041666666667 0.1675925925925926 0.4401041666666667 0.2037037037037037 0.42552083333333335 0.2037037037037037
2 0.43697916666666664 0.1398148148148148 0.446875 0.1398148148148148 0.446875 0.17685185185185184 0.43697916666666664 0.17685185185185184
2 0.4625 0.1361111111111111 0.47552083333333334 0.1361111111111111 0.47552083333333334 0.17592592592592593 0.4625 0.17592592592592593