1 0.5067708333333333 0 0.6052083333333333 0 0.6052083333333333 0.09259259259259259 0.5067708333333333 0.09259259259259259
1 0.6484375 0.19166666666666668 0.684375 0.19166666666666668 0.684375 0.31203703703703706 0.6484375 0.31203703703703706
2 0.5015625 0.8416666666666667 0.5635416666666667 0.8416666666666667 0.5635416666666667 0.9074074074074074 0.5015625 0.9074074074074074
2 0.35260416666666666 0 0.4552083333333333 0 0.4552083333333333 0.05185185185185185 0.35260416666666666 0.05185185185185185
2 0.659375 0.6907407407407408 0.6869791666666667 0.6907407407407408 0.6869791666666667 0.7333333333333333 0.659375 0.7333333333333333
2 0.48125 0.18333333333333332 0.5520833333333334 0.18333333333333332 0.5520833333333334 0.2611111111111111 0.48125 0.2611111111111111
2 0.6046875 0.6527777777777778 0.6479166666666667 0.6527777777777778 0.6479166666666667 0.6962962962962963 0.6046875 0.6962962962962963
2 0.6385416666666667 0.5935185185185186 0.6776041666666667 0.5935185185185186 0.6776041666666667 0.6462962962962963 0.6385416666666667 0.6462962962962963
2 0.5963541666666666 0.7351851851851852 0.6380208333333334 0.7351851851851852 0.6380208333333334 0.775 0.5963541666666666 0.775
2 0.5302083333333333 0.32407407407407407 0.6 0.32407407407407407 0.6 0.39444444444444443 0.5302083333333333 0.39444444444444443
2 0.54375 0.7175925925925926 0.5989583333333334 0.7175925925925926 0.5989583333333334 0.7759259259259259 0.54375 0.7759259259259259
2 0.5661458333333333 0.2851851851851852 0.6145833333333334 0.2851851851851852 0.6145833333333334 0.33796296296296297 0.5661458333333333 0.33796296296296297
2 0.6541666666666667 0.5055555555555555 0.690625 0.5055555555555555 0.690625 0.5583333333333333 0.6541666666666667 0.5583333333333333
2 0.6848958333333334 0.6481481481481481 0.70625 0.6481481481481481 0.70625 0.674074074074074 0.6848958333333334 0.674074074074074
2 0.6432291666666666 0.7648148148148148 0.6796875 0.7648148148148148 0.6796875 0.8064814814814815 0.6432291666666666 0.8064814814814815
2 0.634375 0.3814814814814815 0.671875 0.3814814814814815 0.671875 0.4222222222222222 0.634375 0.4222222222222222
2 0.6473958333333333 0.43425925925925923 0.6895833333333333 0.43425925925925923 0.6895833333333333 0.46574074074074073 0.6473958333333333 0.46574074074074073
2 0.6598958333333333 0.34814814814814815 0.6947916666666667 0.34814814814814815 0.6947916666666667 0.37962962962962965 0.6598958333333333 0.37962962962962965