0 0.23072916666666668 0.29259259259259257 0.3921875 0.29259259259259257 0.3921875 0.5296296296296297 0.23072916666666668 0.5296296296296297
1 0.13802083333333334 0.30833333333333335 0.25052083333333336 0.30833333333333335 0.25052083333333336 0.4888888888888889 0.13802083333333334 0.4888888888888889
2 0.15 0.7203703703703703 0.23333333333333334 0.7203703703703703 0.23333333333333334 0.9574074074074074 0.15 0.9574074074074074
2 0.7880208333333333 0.5796296296296296 0.8546875 0.5796296296296296 0.8546875 0.7722222222222223 0.7880208333333333 0.7722222222222223
2 0.6604166666666667 0.35555555555555557 0.6942708333333333 0.35555555555555557 0.6942708333333333 0.4537037037037037 0.6604166666666667 0.4537037037037037
2 0.0109375 0.5435185185185185 0.09010416666666667 0.5435185185185185 0.09010416666666667 0.7083333333333334 0.0109375 0.7083333333333334
2 0.775 0.38425925925925924 0.8151041666666666 0.38425925925925924 0.8151041666666666 0.49074074074074076 0.775 0.49074074074074076
1 0.4375 0.175 0.48385416666666664 0.175 0.48385416666666664 0.24351851851851852 0.4375 0.24351851851851852
2 0.5598958333333334 0.21203703703703702 0.5833333333333334 0.21203703703703702 0.5833333333333334 0.2861111111111111 0.5598958333333334 0.2861111111111111
2 0.45416666666666666 0.2564814814814815 0.48072916666666665 0.2564814814814815 0.48072916666666665 0.3314814814814815 0.45416666666666666 0.3314814814814815
2 0.6916666666666667 0.2777777777777778 0.7208333333333333 0.2777777777777778 0.7208333333333333 0.36944444444444446 0.6916666666666667 0.36944444444444446
2 0.42135416666666664 0.4046296296296296 0.45729166666666665 0.4046296296296296 0.45729166666666665 0.5305555555555556 0.42135416666666664 0.5305555555555556
2 0.3953125 0.16574074074074074 0.4140625 0.16574074074074074 0.4140625 0.21388888888888888 0.3953125 0.21388888888888888
2 0.6739583333333333 0.2101851851851852 0.7 0.2101851851851852 0.7 0.2833333333333333 0.6739583333333333 0.2833333333333333
2 0.44895833333333335 0.325 0.48125 0.325 0.48125 0.42962962962962964 0.44895833333333335 0.42962962962962964
2 0.31197916666666664 0.7537037037037037 0.3880208333333333 0.7537037037037037 0.3880208333333333 0.9935185185185185 0.31197916666666664 0.9935185185185185
2 0.5901041666666667 0.13796296296296295 0.60625 0.13796296296296295 0.60625 0.18981481481481483 0.5901041666666667 0.18981481481481483
2 0.6291666666666667 0.44722222222222224 0.675 0.44722222222222224 0.675 0.5685185185185185 0.6291666666666667 0.5685185185185185
2 0.8583333333333333 0.42962962962962964 0.9151041666666667 0.42962962962962964 0.9151041666666667 0.5675925925925925 0.8583333333333333 0.5675925925925925
2 0.6375 0.26851851851851855 0.65625 0.26851851851851855 0.65625 0.36018518518518516 0.6375 0.36018518518518516
1 0.60625 0.20277777777777778 0.6557291666666667 0.20277777777777778 0.6557291666666667 0.2898148148148148 0.60625 0.2898148148148148