1 0.5 0 0.5989583333333334 0 0.5989583333333334 0.08981481481481482 0.5 0.08981481481481482
1 0.45989583333333334 0.2851851851851852 0.5619791666666667 0.2851851851851852 0.5619791666666667 0.45 0.45989583333333334 0.45
1 0.6447916666666667 0.19907407407407407 0.6791666666666667 0.19907407407407407 0.6791666666666667 0.30185185185185187 0.6447916666666667 0.30185185185185187
1 0.6802083333333333 0.5879629629629629 0.7083333333333334 0.5879629629629629 0.7083333333333334 0.6453703703703704 0.6802083333333333 0.6453703703703704
2 0.428125 0.937962962962963 0.521875 0.937962962962963 0.521875 1 0.428125 1
2 0.5515625 0.8574074074074074 0.609375 0.8574074074074074 0.609375 0.9111111111111111 0.5515625 0.9111111111111111
2 0.6057291666666667 0.7759259259259259 0.6546875 0.7759259259259259 0.6546875 0.8175925925925925 0.6057291666666667 0.8175925925925925
2 0.30052083333333335 0.019444444444444445 0.4166666666666667 0.019444444444444445 0.4166666666666667 0.12314814814814815 0.30052083333333335 0.12314814814814815
2 0.41041666666666665 0 0.50625 0 0.50625 0.06296296296296296 0.41041666666666665 0.06296296296296296
2 0.5234375 0.1537037037037037 0.6041666666666666 0.1537037037037037 0.6041666666666666 0.2101851851851852 0.5234375 0.2101851851851852
2 0.5401041666666667 0.2601851851851852 0.5973958333333333 0.2601851851851852 0.5973958333333333 0.2972222222222222 0.5401041666666667 0.2972222222222222
2 0.609375 0.2564814814814815 0.6458333333333334 0.2564814814814815 0.6458333333333334 0.2962962962962963 0.609375 0.2962962962962963
2 0.6145833333333334 0.3416666666666667 0.65625 0.3416666666666667 0.65625 0.3731481481481482 0.6145833333333334 0.3731481481481482
2 0.6401041666666667 0.39537037037037037 0.6640625 0.39537037037037037 0.6640625 0.41574074074074074 0.6401041666666667 0.41574074074074074
2 0.6 0.3907407407407407 0.6416666666666667 0.3907407407407407 0.6416666666666667 0.44166666666666665 0.6 0.44166666666666665
2 0.6458333333333334 0.31666666666666665 0.6786458333333333 0.31666666666666665 0.6786458333333333 0.35185185185185186 0.6458333333333334 0.35185185185185186
2 0.6854166666666667 0.3351851851851852 0.7083333333333334 0.3351851851851852 0.7083333333333334 0.3490740740740741 0.6854166666666667 0.3490740740740741
2 0.6651041666666667 0.3768518518518518 0.6921875 0.3768518518518518 0.6921875 0.39444444444444443 0.6651041666666667 0.39444444444444443
2 0.6651041666666667 0.41388888888888886 0.6958333333333333 0.41388888888888886 0.6958333333333333 0.4398148148148148 0.6651041666666667 0.4398148148148148
2 0.6817708333333333 0.44351851851851853 0.7041666666666667 0.44351851851851853 0.7041666666666667 0.4666666666666667 0.6817708333333333 0.4666666666666667
2 0.6791666666666667 0.48333333333333334 0.7046875 0.48333333333333334 0.7046875 0.5111111111111111 0.6791666666666667 0.5111111111111111
2 0.6484375 0.5657407407407408 0.678125 0.5657407407407408 0.678125 0.6287037037037037 0.6484375 0.6287037037037037
2 0.6744791666666666 0.6768518518518518 0.7041666666666667 0.6768518518518518 0.7041666666666667 0.6944444444444444 0.6744791666666666 0.6944444444444444
2 0.6994791666666667 0.48333333333333334 0.7177083333333333 0.48333333333333334 0.7177083333333333 0.5 0.6994791666666667 0.5
2 0.6958333333333333 0.42592592592592593 0.7135416666666666 0.42592592592592593 0.7135416666666666 0.4425925925925926 0.6958333333333333 0.4425925925925926
2 0.6963541666666667 0.4046296296296296 0.7151041666666667 0.4046296296296296 0.7151041666666667 0.42314814814814816 0.6963541666666667 0.42314814814814816
2 0.6828125 0.3907407407407407 0.7041666666666667 0.3907407407407407 0.7041666666666667 0.4101851851851852 0.6828125 0.4101851851851852
1 0.6828125 0.7833333333333333 0.7036458333333333 0.7833333333333333 0.7036458333333333 0.8768518518518519 0.6828125 0.8768518518518519