1 0.14791666666666667 0.3175925925925926 0.2713541666666667 0.3175925925925926 0.2713541666666667 0.4925925925925926 0.14791666666666667 0.4925925925925926
1 0.384375 0.33796296296296297 0.46770833333333334 0.33796296296296297 0.46770833333333334 0.4740740740740741 0.384375 0.4740740740740741
2 0 0.825 0.06979166666666667 0.825 0.06979166666666667 1 0 1
2 0.7369791666666666 0.525 0.7890625 0.525 0.7890625 0.6675925925925926 0.7369791666666666 0.6675925925925926
1 0.3203125 0.17685185185185184 0.38645833333333335 0.17685185185185184 0.38645833333333335 0.23981481481481481 0.3203125 0.23981481481481481
2 0.2671875 0.4101851851851852 0.3109375 0.4101851851851852 0.3109375 0.512962962962963 0.2671875 0.512962962962963
2 0.709375 0.30833333333333335 0.7463541666666667 0.30833333333333335 0.7463541666666667 0.3925925925925926 0.709375 0.3925925925925926
2 0.14947916666666666 0.5194444444444445 0.209375 0.5194444444444445 0.209375 0.6666666666666666 0.14947916666666666 0.6666666666666666
2 0.6552083333333333 0.39814814814814814 0.6947916666666667 0.39814814814814814 0.6947916666666667 0.5194444444444445 0.6552083333333333 0.5194444444444445
2 0.3619791666666667 0.30092592592592593 0.390625 0.30092592592592593 0.390625 0.3787037037037037 0.3619791666666667 0.3787037037037037
2 0.2520833333333333 0.5037037037037037 0.29739583333333336 0.5037037037037037 0.29739583333333336 0.649074074074074 0.2520833333333333 0.649074074074074
2 0.32447916666666665 0.5092592592592593 0.36875 0.5092592592592593 0.36875 0.6759259259259259 0.32447916666666665 0.6759259259259259
2 0.20416666666666666 0.6907407407407408 0.27395833333333336 0.6907407407407408 0.27395833333333336 0.9074074074074074 0.20416666666666666 0.9074074074074074
2 0.640625 0.18518518518518517 0.6583333333333333 0.18518518518518517 0.6583333333333333 0.2388888888888889 0.640625 0.2388888888888889
2 0.3828125 0.24537037037037038 0.40625 0.24537037037037038 0.40625 0.3148148148148148 0.3828125 0.3148148148148148
2 0.446875 0.1925925925925926 0.46770833333333334 0.1925925925925926 0.46770833333333334 0.25555555555555554 0.446875 0.25555555555555554
2 0.4171875 0.2564814814814815 0.4421875 0.2564814814814815 0.4421875 0.33055555555555555 0.4171875 0.33055555555555555
2 0.6026041666666667 0.18796296296296297 0.621875 0.18796296296296297 0.621875 0.23703703703703705 0.6026041666666667 0.23703703703703705
2 0.46979166666666666 0.17777777777777778 0.4859375 0.17777777777777778 0.4859375 0.23425925925925925 0.46979166666666666 0.23425925925925925
2 0.5890625 0.13796296296296295 0.6052083333333333 0.13796296296296295 0.6052083333333333 0.1814814814814815 0.5890625 0.1814814814814815
2 0.41822916666666665 0.18981481481481483 0.4395833333333333 0.18981481481481483 0.4395833333333333 0.23981481481481481 0.41822916666666665 0.23981481481481481
2 0.7072916666666667 0.7898148148148149 0.7671875 0.7898148148148149 0.7671875 0.9398148148148148 0.7072916666666667 0.9398148148148148
2 0.478125 0.11944444444444445 0.4921875 0.11944444444444445 0.4921875 0.15 0.478125 0.15