1 0.5583333333333333 0.5962962962962963 0.6171875 0.5962962962962963 0.6171875 0.7203703703703703 0.5583333333333333 0.7203703703703703
1 0.48541666666666666 0 0.584375 0 0.584375 0.06944444444444445 0.48541666666666666 0.06944444444444445
1 0.63125 0.18425925925925926 0.6671875 0.18425925925925926 0.6671875 0.28703703703703703 0.63125 0.28703703703703703
1 0.6578125 0.5509259259259259 0.684375 0.5509259259259259 0.684375 0.6064814814814815 0.6578125 0.6064814814814815
1 0.6447916666666667 0.3907407407407407 0.6807291666666667 0.3907407407407407 0.6807291666666667 0.45555555555555555 0.6447916666666667 0.45555555555555555
1 0.6692708333333334 0.7555555555555555 0.6958333333333333 0.7555555555555555 0.6958333333333333 0.8462962962962963 0.6692708333333334 0.8462962962962963
2 0.3104166666666667 0 0.4192708333333333 0 0.4192708333333333 0.08518518518518518 0.3104166666666667 0.08518518518518518
2 0.4140625 0 0.5010416666666667 0 0.5010416666666667 0.03611111111111111 0.4140625 0.03611111111111111
2 0.428125 0.09722222222222222 0.5213541666666667 0.09722222222222222 0.5213541666666667 0.17222222222222222 0.428125 0.17222222222222222
2 0.5041666666666667 0.08703703703703704 0.5588541666666667 0.08703703703703704 0.5588541666666667 0.1398148148148148 0.5041666666666667 0.1398148148148148
2 0.51875 0.1574074074074074 0.5682291666666667 0.1574074074074074 0.5682291666666667 0.22407407407407406 0.51875 0.22407407407407406
2 0.5036458333333333 0.21481481481481482 0.5645833333333333 0.21481481481481482 0.5645833333333333 0.2962962962962963 0.5036458333333333 0.2962962962962963
2 0.49166666666666664 0.32222222222222224 0.5588541666666667 0.32222222222222224 0.5588541666666667 0.3888888888888889 0.49166666666666664 0.3888888888888889
2 0.4901041666666667 0.3851851851851852 0.5552083333333333 0.3851851851851852 0.5552083333333333 0.4703703703703704 0.4901041666666667 0.4703703703703704
2 0.58125 0.18796296296296297 0.6239583333333333 0.18796296296296297 0.6239583333333333 0.21388888888888888 0.58125 0.21388888888888888
2 0.5703125 0.2101851851851852 0.6171875 0.2101851851851852 0.6171875 0.23703703703703705 0.5703125 0.23703703703703705
2 0.5614583333333333 0.24259259259259258 0.5979166666666667 0.24259259259259258 0.5979166666666667 0.29259259259259257 0.5614583333333333 0.29259259259259257
2 0.5619791666666667 0.2814814814814815 0.60625 0.2814814814814815 0.60625 0.3212962962962963 0.5619791666666667 0.3212962962962963
2 0.6015625 0.28703703703703703 0.634375 0.28703703703703703 0.634375 0.31851851851851853 0.6015625 0.31851851851851853
2 0.5947916666666667 0.3490740740740741 0.6380208333333334 0.3490740740740741 0.6380208333333334 0.37777777777777777 0.5947916666666667 0.37777777777777777
2 0.6229166666666667 0.325 0.6630208333333333 0.325 0.6630208333333333 0.3398148148148148 0.6229166666666667 0.3398148148148148
2 0.6447916666666667 0.3148148148148148 0.6848958333333334 0.3148148148148148 0.6848958333333334 0.34074074074074073 0.6447916666666667 0.34074074074074073
2 0.6458333333333334 0.3509259259259259 0.678125 0.3509259259259259 0.678125 0.37777777777777777 0.6458333333333334 0.37777777777777777
2 0.6359375 0.4962962962962963 0.6666666666666666 0.4962962962962963 0.6666666666666666 0.5333333333333333 0.6359375 0.5333333333333333
2 0.4083333333333333 0.9009259259259259 0.496875 0.9009259259259259 0.496875 0.9935185185185185 0.4083333333333333 0.9935185185185185
1 0.21875 0 0.3328125 0 0.3328125 0.2861111111111111 0.21875 0.2861111111111111
2 0.6286458333333333 0.6388888888888888 0.6734375 0.6388888888888888 0.6734375 0.6712962962962963 0.6286458333333333 0.6712962962962963
2 0.6427083333333333 0.6842592592592592 0.6760416666666667 0.6842592592592592 0.6760416666666667 0.7111111111111111 0.6427083333333333 0.7111111111111111