1 0.3229166666666667 0.175 0.3927083333333333 0.175 0.3927083333333333 0.23796296296296296 0.3229166666666667 0.23796296296296296
1 0.14947916666666666 0.31666666666666665 0.271875 0.31666666666666665 0.271875 0.4925925925925926 0.14947916666666666 0.4925925925925926
1 0.421875 0.25092592592592594 0.48072916666666665 0.25092592592592594 0.48072916666666665 0.34629629629629627 0.421875 0.34629629629629627
2 0.1453125 0.6259259259259259 0.2171875 0.6259259259259259 0.2171875 0.8157407407407408 0.1453125 0.8157407407407408
2 0.83125 0.4675925925925926 0.884375 0.4675925925925926 0.884375 0.6064814814814815 0.83125 0.6064814814814815
2 0.33229166666666665 0.5166666666666667 0.3890625 0.5166666666666667 0.3890625 0.6953703703703704 0.33229166666666665 0.6953703703703704
2 0.2296875 0.4444444444444444 0.278125 0.4444444444444444 0.278125 0.5824074074074074 0.2296875 0.5824074074074074
2 0.6901041666666666 0.2675925925925926 0.7177083333333333 0.2675925925925926 0.7177083333333333 0.35185185185185186 0.6901041666666666 0.35185185185185186
2 0.49583333333333335 0.17314814814814813 0.5161458333333333 0.17314814814814813 0.5161458333333333 0.23148148148148148 0.49583333333333335 0.23148148148148148
2 0.6479166666666667 0.26666666666666666 0.6744791666666666 0.26666666666666666 0.6744791666666666 0.3425925925925926 0.6479166666666667 0.3425925925925926
2 0.4125 0.22592592592592592 0.43333333333333335 0.22592592592592592 0.43333333333333335 0.2833333333333333 0.4125 0.2833333333333333
2 0.39375 0.29907407407407405 0.4234375 0.29907407407407405 0.4234375 0.3861111111111111 0.39375 0.3861111111111111
2 0.6182291666666667 0.19074074074074074 0.6359375 0.19074074074074074 0.6359375 0.26296296296296295 0.6182291666666667 0.26296296296296295
2 0.4578125 0.16018518518518518 0.4739583333333333 0.16018518518518518 0.4739583333333333 0.2064814814814815 0.4578125 0.2064814814814815
2 0.2713541666666667 0.3768518518518518 0.30364583333333334 0.3768518518518518 0.30364583333333334 0.4777777777777778 0.2713541666666667 0.4777777777777778
1 0.5411458333333333 0.14722222222222223 0.6041666666666666 0.14722222222222223 0.6041666666666666 0.29907407407407405 0.5411458333333333 0.29907407407407405
2 0.478125 0.14166666666666666 0.4921875 0.14166666666666666 0.4921875 0.18333333333333332 0.478125 0.18333333333333332
2 0.3307291666666667 0.35462962962962963 0.35833333333333334 0.35462962962962963 0.35833333333333334 0.45 0.3307291666666667 0.45
2 0.36302083333333335 0.3851851851851852 0.3953125 0.3851851851851852 0.3953125 0.4861111111111111 0.36302083333333335 0.4861111111111111
2 0.34427083333333336 0.29907407407407405 0.37395833333333334 0.29907407407407405 0.37395833333333334 0.3768518518518518 0.34427083333333336 0.3768518518518518
2 0.5729166666666666 0.11203703703703703 0.5880208333333333 0.11203703703703703 0.5880208333333333 0.14351851851851852 0.5729166666666666 0.14351851851851852
2 0.640625 0.18796296296296297 0.6526041666666667 0.18796296296296297 0.6526041666666667 0.262037037037037 0.640625 0.262037037037037