1 0.146875 0.3277777777777778 0.2677083333333333 0.3277777777777778 0.2677083333333333 0.5027777777777778 0.146875 0.5027777777777778
1 0.4635416666666667 0.1425925925925926 0.4953125 0.1425925925925926 0.4953125 0.1935185185185185 0.4635416666666667 0.1935185185185185
1 0.33177083333333335 0.17592592592592593 0.38333333333333336 0.17592592592592593 0.38333333333333336 0.2388888888888889 0.33177083333333335 0.2388888888888889
1 0.5984375 0.11388888888888889 0.6395833333333333 0.11388888888888889 0.6395833333333333 0.15185185185185185 0.5984375 0.15185185185185185
2 0.13333333333333333 0.6666666666666666 0.225 0.6666666666666666 0.225 0.937962962962963 0.13333333333333333 0.937962962962963
2 0.2911458333333333 0.7027777777777777 0.3692708333333333 0.7027777777777777 0.3692708333333333 0.975925925925926 0.2911458333333333 0.975925925925926
2 0.2630208333333333 0.4361111111111111 0.2994791666666667 0.4361111111111111 0.2994791666666667 0.5657407407407408 0.2630208333333333 0.5657407407407408
2 0.30052083333333335 0.48148148148148145 0.346875 0.48148148148148145 0.346875 0.6583333333333333 0.30052083333333335 0.6583333333333333
2 0.36354166666666665 0.49722222222222223 0.39895833333333336 0.49722222222222223 0.39895833333333336 0.649074074074074 0.36354166666666665 0.649074074074074
2 0.7276041666666667 0.512962962962963 0.765625 0.512962962962963 0.765625 0.6722222222222223 0.7276041666666667 0.6722222222222223
2 0.4296875 0.3648148148148148 0.4546875 0.3648148148148148 0.4546875 0.5027777777777778 0.4296875 0.5027777777777778
2 0.3776041666666667 0.33611111111111114 0.39791666666666664 0.33611111111111114 0.39791666666666664 0.44814814814814813 0.3776041666666667 0.44814814814814813
2 0.29791666666666666 0.35185185185185186 0.3333333333333333 0.35185185185185186 0.3333333333333333 0.46296296296296297 0.29791666666666666 0.46296296296296297
2 0.32708333333333334 0.2898148148148148 0.35 0.2898148148148148 0.35 0.37777777777777777 0.32708333333333334 0.37777777777777777
2 0.3958333333333333 0.2537037037037037 0.4078125 0.2537037037037037 0.4078125 0.3333333333333333 0.3958333333333333 0.3333333333333333
2 0.43854166666666666 0.25925925925925924 0.45677083333333335 0.25925925925925924 0.45677083333333335 0.3277777777777778 0.43854166666666666 0.3277777777777778
2 0.44947916666666665 0.22870370370370371 0.465625 0.22870370370370371 0.465625 0.2953703703703704 0.44947916666666665 0.2953703703703704
2 0.3734375 0.21296296296296297 0.384375 0.21296296296296297 0.384375 0.275 0.3734375 0.275
2 0.4109375 0.19074074074074074 0.4239583333333333 0.19074074074074074 0.4239583333333333 0.24537037037037038 0.4109375 0.24537037037037038
2 0.4328125 0.175 0.4453125 0.175 0.4453125 0.23333333333333334 0.4328125 0.23333333333333334
2 0.4578125 0.1814814814814815 0.46979166666666666 0.1814814814814815 0.46979166666666666 0.2351851851851852 0.4578125 0.2351851851851852
2 0.5973958333333333 0.16666666666666666 0.6098958333333333 0.16666666666666666 0.6098958333333333 0.21388888888888888 0.5973958333333333 0.21388888888888888
2 0.5994791666666667 0.14444444444444443 0.6145833333333334 0.14444444444444443 0.6145833333333334 0.17962962962962964 0.5994791666666667 0.17962962962962964
2 0.6296875 0.16666666666666666 0.6442708333333333 0.16666666666666666 0.6442708333333333 0.2175925925925926 0.6296875 0.2175925925925926
2 0.4953125 0.12222222222222222 0.5072916666666667 0.12222222222222222 0.5072916666666667 0.16296296296296298 0.4953125 0.16296296296296298
2 0.44427083333333334 0.1425925925925926 0.453125 0.1425925925925926 0.453125 0.18796296296296297 0.44427083333333334 0.18796296296296297
2 0.4234375 0.1648148148148148 0.4317708333333333 0.1648148148148148 0.4317708333333333 0.2074074074074074 0.4234375 0.2074074074074074
2 0.43125 0.1175925925925926 0.43802083333333336 0.1175925925925926 0.43802083333333336 0.1527777777777778 0.43125 0.1527777777777778
2 0.43802083333333336 0.12314814814814815 0.4479166666666667 0.12314814814814815 0.4479166666666667 0.16574074074074074 0.43802083333333336 0.16574074074074074
2 0.44427083333333334 0.11574074074074074 0.45416666666666666 0.11574074074074074 0.45416666666666666 0.14351851851851852 0.44427083333333334 0.14351851851851852
2 0.4578125 0.12777777777777777 0.4661458333333333 0.12777777777777777 0.4661458333333333 0.1675925925925926 0.4578125 0.1675925925925926
2 0.46979166666666666 0.11666666666666667 0.47708333333333336 0.11666666666666667 0.47708333333333336 0.14907407407407408 0.46979166666666666 0.14907407407407408
2 0.4609375 0.10277777777777777 0.46875 0.10277777777777777 0.46875 0.13796296296296295 0.4609375 0.13796296296296295