1 0.4890625 0 0.5895833333333333 0 0.5895833333333333 0.07685185185185185 0.4890625 0.07685185185185185
1 0.6302083333333334 0.5898148148148148 0.6723958333333333 0.5898148148148148 0.6723958333333333 0.6759259259259259 0.6302083333333334 0.6759259259259259
1 0.6005208333333333 0.375 0.6505208333333333 0.375 0.6505208333333333 0.47314814814814815 0.6005208333333333 0.47314814814814815
1 0.6364583333333333 0.18981481481481483 0.6734375 0.18981481481481483 0.6734375 0.29074074074074074 0.6364583333333333 0.29074074074074074
2 0.29739583333333336 0.012037037037037037 0.4322916666666667 0.012037037037037037 0.4322916666666667 0.12685185185185185 0.29739583333333336 0.12685185185185185
2 0.44166666666666665 0 0.5182291666666666 0 0.5182291666666666 0.09444444444444444 0.44166666666666665 0.09444444444444444
2 0.4234375 0.11481481481481481 0.5177083333333333 0.11481481481481481 0.5177083333333333 0.17592592592592593 0.4234375 0.17592592592592593
2 0.4947916666666667 0.18796296296296297 0.5682291666666667 0.18796296296296297 0.5682291666666667 0.25092592592592594 0.4947916666666667 0.25092592592592594
2 0.4817708333333333 0.2740740740740741 0.5661458333333333 0.2740740740740741 0.5661458333333333 0.33055555555555555 0.4817708333333333 0.33055555555555555
2 0.565625 0.2351851851851852 0.6255208333333333 0.2351851851851852 0.6255208333333333 0.2712962962962963 0.565625 0.2712962962962963
2 0.6140625 0.2657407407407407 0.6520833333333333 0.2657407407407407 0.6520833333333333 0.30277777777777776 0.6140625 0.30277777777777776
2 0.5828125 0.3037037037037037 0.6255208333333333 0.3037037037037037 0.6255208333333333 0.35 0.5828125 0.35
2 0.646875 0.32037037037037036 0.6869791666666667 0.32037037037037036 0.6869791666666667 0.3425925925925926 0.646875 0.3425925925925926
2 0.6307291666666667 0.3425925925925926 0.6703125 0.3425925925925926 0.6703125 0.3685185185185185 0.6307291666666667 0.3685185185185185
2 0.640625 0.5157407407407407 0.6744791666666666 0.5157407407407407 0.6744791666666666 0.5509259259259259 0.640625 0.5509259259259259
2 0.46822916666666664 0.9675925925925926 0.5510416666666667 0.9675925925925926 0.5510416666666667 1 0.46822916666666664 1
2 0.6015625 0.7379629629629629 0.6458333333333334 0.7379629629629629 0.6458333333333334 0.7620370370370371 0.6015625 0.7620370370370371
2 0.6942708333333333 0.32685185185185184 0.7130208333333333 0.32685185185185184 0.7130208333333333 0.3416666666666667 0.6942708333333333 0.3416666666666667
2 0.6770833333333334 0.3537037037037037 0.7020833333333333 0.3537037037037037 0.7020833333333333 0.3731481481481482 0.6770833333333334 0.3731481481481482
2 0.6609375 0.37962962962962965 0.6911458333333333 0.37962962962962965 0.6911458333333333 0.4 0.6609375 0.4
2 0.6677083333333333 0.40555555555555556 0.69375 0.40555555555555556 0.69375 0.42777777777777776 0.6677083333333333 0.42777777777777776
2 0.6619791666666667 0.43148148148148147 0.6911458333333333 0.43148148148148147 0.6911458333333333 0.4527777777777778 0.6619791666666667 0.4527777777777778
2 0.6859375 0.4 0.709375 0.4 0.709375 0.40925925925925927 0.6859375 0.40925925925925927
2 0.6916666666666667 0.4148148148148148 0.7109375 0.4148148148148148 0.7109375 0.42685185185185187 0.6916666666666667 0.42685185185185187
2 0.6921875 0.43148148148148147 0.7140625 0.43148148148148147 0.7140625 0.4462962962962963 0.6921875 0.4462962962962963
1 0.6854166666666667 0.5472222222222223 0.7067708333333333 0.5472222222222223 0.7067708333333333 0.5935185185185186 0.6854166666666667 0.5935185185185186
2 0.6828125 0.6138888888888889 0.7052083333333333 0.6138888888888889 0.7052083333333333 0.6361111111111111 0.6828125 0.6361111111111111
2 0.6786458333333333 0.6509259259259259 0.7036458333333333 0.6509259259259259 0.7036458333333333 0.6685185185185185 0.6786458333333333 0.6685185185185185