1 0.13697916666666668 0.337037037037037 0.2598958333333333 0.337037037037037 0.2598958333333333 0.5157407407407407 0.13697916666666668 0.5157407407407407
1 0.4239583333333333 0.2518518518518518 0.4791666666666667 0.2518518518518518 0.4791666666666667 0.3490740740740741 0.4239583333333333 0.3490740740740741
1 0.5484375 0.17685185185185184 0.59375 0.17685185185185184 0.59375 0.2564814814814815 0.5484375 0.2564814814814815
1 0.3265625 0.18888888888888888 0.38333333333333336 0.18888888888888888 0.38333333333333336 0.25277777777777777 0.3265625 0.25277777777777777
1 0.528125 0.12314814814814815 0.5546875 0.12314814814814815 0.5546875 0.16203703703703703 0.528125 0.16203703703703703
2 0.8588541666666667 0.5203703703703704 0.9177083333333333 0.5203703703703704 0.9177083333333333 0.6814814814814815 0.8588541666666667 0.6814814814814815
2 0.16197916666666667 0.7388888888888889 0.2630208333333333 0.7388888888888889 0.2630208333333333 1 0.16197916666666667 1
2 0.19322916666666667 0.5027777777777778 0.22552083333333334 0.5027777777777778 0.22552083333333334 0.662962962962963 0.19322916666666667 0.662962962962963
2 0.20364583333333333 0.44537037037037036 0.2453125 0.44537037037037036 0.2453125 0.5814814814814815 0.20364583333333333 0.5814814814814815
2 0.2390625 0.5444444444444444 0.290625 0.5444444444444444 0.290625 0.7296296296296296 0.2390625 0.7296296296296296
2 0.3078125 0.4101851851851852 0.34322916666666664 0.4101851851851852 0.34322916666666664 0.55 0.3078125 0.55
2 0.3567708333333333 0.4361111111111111 0.38697916666666665 0.4361111111111111 0.38697916666666665 0.5944444444444444 0.3567708333333333 0.5944444444444444
2 0.3375 0.29907407407407405 0.35885416666666664 0.29907407407407405 0.35885416666666664 0.3925925925925926 0.3375 0.3925925925925926
2 0.3614583333333333 0.2351851851851852 0.3807291666666667 0.2351851851851852 0.3807291666666667 0.31666666666666665 0.3614583333333333 0.31666666666666665
2 0.3828125 0.30185185185185187 0.4046875 0.30185185185185187 0.4046875 0.3972222222222222 0.3828125 0.3972222222222222
2 0.3984375 0.18703703703703703 0.4114583333333333 0.18703703703703703 0.4114583333333333 0.24537037037037038 0.3984375 0.24537037037037038
2 0.4125 0.20833333333333334 0.4234375 0.20833333333333334 0.4234375 0.287962962962963 0.4125 0.287962962962963
2 0.43072916666666666 0.1638888888888889 0.440625 0.1638888888888889 0.440625 0.225 0.43072916666666666 0.225
2 0.4161458333333333 0.1425925925925926 0.4265625 0.1425925925925926 0.4265625 0.18518518518518517 0.4161458333333333 0.18518518518518517
2 0.4036458333333333 0.11851851851851852 0.41354166666666664 0.11851851851851852 0.41354166666666664 0.16574074074074074 0.4036458333333333 0.16574074074074074
2 0.44427083333333334 0.15648148148148147 0.459375 0.15648148148148147 0.459375 0.21851851851851853 0.44427083333333334 0.21851851851851853
2 0.4557291666666667 0.1675925925925926 0.4739583333333333 0.1675925925925926 0.4739583333333333 0.225 0.4557291666666667 0.225
2 0.5067708333333333 0.17685185185185184 0.534375 0.17685185185185184 0.534375 0.2490740740740741 0.5067708333333333 0.2490740740740741
2 0.6286458333333333 0.21574074074074073 0.6395833333333333 0.21574074074074073 0.6395833333333333 0.2962962962962963 0.6286458333333333 0.2962962962962963
2 0.7354166666666667 0.36666666666666664 0.7614583333333333 0.36666666666666664 0.7614583333333333 0.4925925925925926 0.7354166666666667 0.4925925925925926
2 0.4390625 0.13333333333333333 0.45 0.13333333333333333 0.45 0.17592592592592593 0.4390625 0.17592592592592593
2 0.45260416666666664 0.125 0.46197916666666666 0.125 0.46197916666666666 0.17037037037037037 0.45260416666666664 0.17037037037037037
2 0.46197916666666666 0.12222222222222222 0.46822916666666664 0.12222222222222222 0.46822916666666664 0.16203703703703703 0.46197916666666666 0.16203703703703703
2 0.5630208333333333 0.1287037037037037 0.5744791666666667 0.1287037037037037 0.5744791666666667 0.1685185185185185 0.5630208333333333 0.1685185185185185
2 0.5822916666666667 0.12407407407407407 0.59375 0.12407407407407407 0.59375 0.16944444444444445 0.5822916666666667 0.16944444444444445