1 0.14114583333333333 0.31851851851851853 0.27291666666666664 0.31851851851851853 0.27291666666666664 0.4925925925925926 0.14114583333333333 0.4925925925925926
1 0.3255208333333333 0.1685185185185185 0.3927083333333333 0.1685185185185185 0.3927083333333333 0.23148148148148148 0.3255208333333333 0.23148148148148148
2 0.2671875 0.5194444444444445 0.3234375 0.5194444444444445 0.3234375 0.674074074074074 0.2671875 0.674074074074074
2 0.4109375 0.17962962962962964 0.43020833333333336 0.17962962962962964 0.43020833333333336 0.23055555555555557 0.4109375 0.23055555555555557
2 0.65625 0.18981481481481483 0.6744791666666666 0.18981481481481483 0.6744791666666666 0.2361111111111111 0.65625 0.2361111111111111
2 0.6182291666666667 0.16574074074074074 0.6380208333333334 0.16574074074074074 0.6380208333333334 0.2101851851851852 0.6182291666666667 0.2101851851851852
2 0.5401041666666667 0.10092592592592593 0.553125 0.10092592592592593 0.553125 0.13240740740740742 0.5401041666666667 0.13240740740740742
2 0.08020833333333334 0.7435185185185185 0.165625 0.7435185185185185 0.165625 0.9472222222222222 0.08020833333333334 0.9472222222222222
2 0.5859375 0.21203703703703702 0.6078125 0.21203703703703702 0.6078125 0.27685185185185185 0.5859375 0.27685185185185185
2 0.6098958333333333 0.2833333333333333 0.6369791666666667 0.2833333333333333 0.6369791666666667 0.36018518518518516 0.6098958333333333 0.36018518518518516
2 0.66875 0.3333333333333333 0.7015625 0.3333333333333333 0.7015625 0.42777777777777776 0.66875 0.42777777777777776
2 0.4265625 0.22685185185185186 0.45208333333333334 0.22685185185185186 0.45208333333333334 0.2962962962962963 0.4265625 0.2962962962962963
2 0.6171875 0.2324074074074074 0.6421875 0.2324074074074074 0.6421875 0.2935185185185185 0.6171875 0.2935185185185185
2 0.7333333333333333 0.5212962962962963 0.7875 0.5212962962962963 0.7875 0.6935185185185185 0.7333333333333333 0.6935185185185185
2 0.590625 0.10648148148148148 0.6046875 0.10648148148148148 0.6046875 0.14074074074074075 0.590625 0.14074074074074075
2 0.4552083333333333 0.1527777777777778 0.4703125 0.1527777777777778 0.4703125 0.18888888888888888 0.4552083333333333 0.18888888888888888
2 0.55625 0.16666666666666666 0.5838541666666667 0.16666666666666666 0.5838541666666667 0.22407407407407406 0.55625 0.22407407407407406
2 0.46197916666666666 0.20555555555555555 0.4822916666666667 0.20555555555555555 0.4822916666666667 0.2675925925925926 0.46197916666666666 0.2675925925925926
2 0.5723958333333333 0.11851851851851852 0.5869791666666667 0.11851851851851852 0.5869791666666667 0.15555555555555556 0.5723958333333333 0.15555555555555556
2 0.37447916666666664 0.3990740740740741 0.4166666666666667 0.3990740740740741 0.4166666666666667 0.5407407407407407 0.37447916666666664 0.5407407407407407
2 0.7604166666666666 0.43148148148148147 0.7984375 0.43148148148148147 0.7984375 0.549074074074074 0.7604166666666666 0.549074074074074
2 0.3723958333333333 0.3416666666666667 0.3932291666666667 0.3416666666666667 0.3932291666666667 0.4564814814814815 0.3723958333333333 0.4564814814814815