1 0.40677083333333336 0.9203703703703704 0.5088541666666667 0.9203703703703704 0.5088541666666667 1 0.40677083333333336 1
1 0.378125 0.5407407407407407 0.44479166666666664 0.5407407407407407 0.44479166666666664 0.649074074074074 0.378125 0.649074074074074
1 0.3234375 0.7055555555555556 0.35885416666666664 0.7055555555555556 0.35885416666666664 0.8018518518518518 0.3234375 0.8018518518518518
1 0.309375 0.3398148148148148 0.34427083333333336 0.3398148148148148 0.34427083333333336 0.40925925925925927 0.309375 0.40925925925925927
1 0.284375 0.40555555555555556 0.30416666666666664 0.40555555555555556 0.30416666666666664 0.44907407407407407 0.284375 0.44907407407407407
1 0.29635416666666664 0.14629629629629629 0.31979166666666664 0.14629629629629629 0.31979166666666664 0.2212962962962963 0.29635416666666664 0.2212962962962963
2 0.5083333333333333 0.8564814814814815 0.6072916666666667 0.8564814814814815 0.6072916666666667 0.937037037037037 0.5083333333333333 0.937037037037037
2 0.5317708333333333 0.7777777777777778 0.6385416666666667 0.7777777777777778 0.6385416666666667 0.8666666666666667 0.5317708333333333 0.8666666666666667
2 0.4041666666666667 0.7870370370370371 0.4822916666666667 0.7870370370370371 0.4822916666666667 0.8425925925925926 0.4041666666666667 0.8425925925925926
2 0.4234375 0.7212962962962963 0.5036458333333333 0.7212962962962963 0.5036458333333333 0.7518518518518519 0.4234375 0.7518518518518519
2 0.36770833333333336 0.7277777777777777 0.4140625 0.7277777777777777 0.4140625 0.7592592592592593 0.36770833333333336 0.7592592592592593
2 0.32916666666666666 0.6666666666666666 0.365625 0.6666666666666666 0.365625 0.6953703703703704 0.32916666666666666 0.6953703703703704
2 0.35104166666666664 0.6435185185185185 0.3963541666666667 0.6435185185185185 0.3963541666666667 0.6694444444444444 0.35104166666666664 0.6694444444444444
2 0.3203125 0.6111111111111112 0.35 0.6111111111111112 0.35 0.637962962962963 0.3203125 0.637962962962963
2 0.30625 0.6314814814814815 0.3416666666666667 0.6314814814814815 0.3416666666666667 0.6546296296296297 0.30625 0.6546296296296297
2 0.2864583333333333 0.6518518518518519 0.3109375 0.6518518518518519 0.3109375 0.6731481481481482 0.2864583333333333 0.6731481481481482
2 0.3234375 0.549074074074074 0.359375 0.549074074074074 0.359375 0.5777777777777777 0.3234375 0.5777777777777777
2 0.3145833333333333 0.5796296296296296 0.34375 0.5796296296296296 0.34375 0.600925925925926 0.3145833333333333 0.600925925925926
2 0.3 0.5944444444444444 0.3229166666666667 0.5944444444444444 0.3229166666666667 0.6129629629629629 0.3 0.6129629629629629
2 0.2921875 0.5546296296296296 0.3171875 0.5546296296296296 0.3171875 0.5703703703703704 0.2921875 0.5703703703703704
2 0.2875 0.5768518518518518 0.30885416666666665 0.5768518518518518 0.30885416666666665 0.5925925925925926 0.2875 0.5925925925925926
2 0.32447916666666665 0.4203703703703704 0.3567708333333333 0.4203703703703704 0.3567708333333333 0.47314814814814815 0.32447916666666665 0.47314814814814815
2 0.3260416666666667 0.25925925925925924 0.35833333333333334 0.25925925925925924 0.35833333333333334 0.29074074074074074 0.3260416666666667 0.29074074074074074
2 0.3921875 0.09444444444444444 0.4505208333333333 0.09444444444444444 0.4505208333333333 0.14444444444444443 0.3921875 0.14444444444444443
2 0.2859375 0.3787037037037037 0.3072916666666667 0.3787037037037037 0.3072916666666667 0.3925925925925926 0.2859375 0.3925925925925926
2 0.2864583333333333 0.3416666666666667 0.3078125 0.3416666666666667 0.3078125 0.3592592592592593 0.2864583333333333 0.3592592592592593
2 0.2890625 0.5296296296296297 0.31145833333333334 0.5296296296296297 0.31145833333333334 0.5481481481481482 0.2890625 0.5481481481481482
2 0.2859375 0.49444444444444446 0.30572916666666666 0.49444444444444446 0.30572916666666666 0.5157407407407407 0.2859375 0.5157407407407407