1 0.5682291666666667 0.42592592592592593 0.6744791666666666 0.42592592592592593 0.6744791666666666 0.5972222222222222 0.5682291666666667 0.5972222222222222
1 0.12395833333333334 0.35648148148148145 0.25364583333333335 0.35648148148148145 0.25364583333333335 0.5351851851851852 0.12395833333333334 0.5351851851851852
1 0.34427083333333336 0.4305555555555556 0.43802083333333336 0.4305555555555556 0.43802083333333336 0.5962962962962963 0.34427083333333336 0.5962962962962963
1 0.3171875 0.20833333333333334 0.365625 0.20833333333333334 0.365625 0.2722222222222222 0.3171875 0.2722222222222222
1 0.5317708333333333 0.21296296296296297 0.5703125 0.21296296296296297 0.5703125 0.2722222222222222 0.5317708333333333 0.2722222222222222
1 0.6395833333333333 0.16203703703703703 0.6895833333333333 0.16203703703703703 0.6895833333333333 0.20185185185185187 0.6395833333333333 0.20185185185185187
1 0.44427083333333334 0.16111111111111112 0.4765625 0.16111111111111112 0.4765625 0.21296296296296297 0.44427083333333334 0.21296296296296297
2 0.2421875 0.5416666666666666 0.28854166666666664 0.5416666666666666 0.28854166666666664 0.6435185185185185 0.2421875 0.6435185185185185
1 0.5109375 0.13240740740740742 0.5354166666666667 0.13240740740740742 0.5354166666666667 0.16574074074074074 0.5109375 0.16574074074074074
2 0.078125 0.5722222222222222 0.140625 0.5722222222222222 0.140625 0.7657407407407407 0.078125 0.7657407407407407
2 0.1328125 0.587037037037037 0.19375 0.587037037037037 0.19375 0.8037037037037037 0.1328125 0.8037037037037037
2 0.3963541666666667 0.5435185185185185 0.4427083333333333 0.5435185185185185 0.4427083333333333 0.7546296296296297 0.3963541666666667 0.7546296296296297
2 0.30572916666666666 0.3398148148148148 0.32447916666666665 0.3398148148148148 0.32447916666666665 0.4444444444444444 0.30572916666666666 0.4444444444444444
2 0.334375 0.37407407407407406 0.3609375 0.37407407407407406 0.3609375 0.4925925925925926 0.334375 0.4925925925925926
2 0.32395833333333335 0.31296296296296294 0.3484375 0.31296296296296294 0.3484375 0.4064814814814815 0.32395833333333335 0.4064814814814815
2 0.35989583333333336 0.31851851851851853 0.3828125 0.31851851851851853 0.3828125 0.4101851851851852 0.35989583333333336 0.4101851851851852
2 0.4239583333333333 0.2759259259259259 0.4473958333333333 0.2759259259259259 0.4473958333333333 0.37407407407407406 0.4239583333333333 0.37407407407407406
2 0.45208333333333334 0.262037037037037 0.4744791666666667 0.262037037037037 0.4744791666666667 0.3398148148148148 0.45208333333333334 0.3398148148148148
2 0.37135416666666665 0.2564814814814815 0.396875 0.2564814814814815 0.396875 0.33611111111111114 0.37135416666666665 0.33611111111111114
2 0.4015625 0.26481481481481484 0.4197916666666667 0.26481481481481484 0.4197916666666667 0.34629629629629627 0.4015625 0.34629629629629627
2 0.3453125 0.2833333333333333 0.3651041666666667 0.2833333333333333 0.3651041666666667 0.35 0.3453125 0.35
2 0.3536458333333333 0.24074074074074073 0.365625 0.24074074074074073 0.365625 0.2916666666666667 0.3536458333333333 0.2916666666666667
2 0.3651041666666667 0.2490740740740741 0.378125 0.2490740740740741 0.378125 0.3138888888888889 0.3651041666666667 0.3138888888888889
2 0.396875 0.21481481481481482 0.415625 0.21481481481481482 0.415625 0.27037037037037037 0.396875 0.27037037037037037
2 0.42552083333333335 0.2111111111111111 0.4421875 0.2111111111111111 0.4421875 0.2657407407407407 0.42552083333333335 0.2657407407407407
2 0.40520833333333334 0.15925925925925927 0.4171875 0.15925925925925927 0.4171875 0.2111111111111111 0.40520833333333334 0.2111111111111111
2 0.4140625 0.18888888888888888 0.42552083333333335 0.18888888888888888 0.42552083333333335 0.23796296296296296 0.4140625 0.23796296296296296
2 0.42291666666666666 0.16574074074074074 0.43333333333333335 0.16574074074074074 0.43333333333333335 0.2111111111111111 0.42291666666666666 0.2111111111111111
2 0.5989583333333334 0.2657407407407407 0.6223958333333334 0.2657407407407407 0.6223958333333334 0.35 0.5989583333333334 0.35
2 0.6197916666666666 0.23981481481481481 0.6453125 0.23981481481481481 0.6453125 0.31574074074074077 0.6197916666666666 0.31574074074074077
2 0.6083333333333333 0.20462962962962963 0.625 0.20462962962962963 0.625 0.27037037037037037 0.6083333333333333 0.27037037037037037
2 0.5875 0.17314814814814813 0.60625 0.17314814814814813 0.60625 0.2324074074074074 0.5875 0.2324074074074074
2 0.571875 0.18055555555555555 0.5916666666666667 0.18055555555555555 0.5916666666666667 0.24259259259259258 0.571875 0.24259259259259258
2 0.4791666666666667 0.19166666666666668 0.49166666666666664 0.19166666666666668 0.49166666666666664 0.24259259259259258 0.4791666666666667 0.24259259259259258
2 0.49322916666666666 0.20092592592592592 0.5171875 0.20092592592592592 0.5171875 0.2722222222222222 0.49322916666666666 0.2722222222222222
2 0.5802083333333333 0.14166666666666666 0.5885416666666666 0.14166666666666666 0.5885416666666666 0.1814814814814815 0.5802083333333333 0.1814814814814815
2 0.5640625 0.13518518518518519 0.5729166666666666 0.13518518518518519 0.5729166666666666 0.17685185185185184 0.5640625 0.17685185185185184
2 0.55 0.14074074074074075 0.5645833333333333 0.14074074074074075 0.5645833333333333 0.1814814814814815 0.55 0.1814814814814815
2 0.5421875 0.1361111111111111 0.5526041666666667 0.1361111111111111 0.5526041666666667 0.1787037037037037 0.5421875 0.1787037037037037
2 0.446875 0.2212962962962963 0.5125 0.2212962962962963 0.5125 0.23148148148148148 0.446875 0.23148148148148148