1 0.4864583333333333 0 0.5890625 0 0.5890625 0.07222222222222222 0.4864583333333333 0.07222222222222222
1 0.6151041666666667 0.5888888888888889 0.6625 0.5888888888888889 0.6625 0.6796296296296296 0.6151041666666667 0.6796296296296296
1 0.6359375 0.19074074074074074 0.671875 0.19074074074074074 0.671875 0.2962962962962963 0.6359375 0.2962962962962963
1 0.6151041666666667 0.3814814814814815 0.6588541666666666 0.3814814814814815 0.6588541666666666 0.47129629629629627 0.6151041666666667 0.47129629629629627
1 0.678125 0.55 0.7015625 0.55 0.7015625 0.600925925925926 0.678125 0.600925925925926
1 0.6744791666666666 0.7648148148148148 0.6984375 0.7648148148148148 0.6984375 0.850925925925926 0.6744791666666666 0.850925925925926
2 0.3619791666666667 0 0.4661458333333333 0 0.4661458333333333 0.06759259259259259 0.3619791666666667 0.06759259259259259
2 0.2359375 0.09166666666666666 0.35052083333333334 0.09166666666666666 0.35052083333333334 0.21296296296296297 0.2359375 0.21296296296296297
2 0.4119791666666667 0.125 0.49635416666666665 0.125 0.49635416666666665 0.2074074074074074 0.4119791666666667 0.2074074074074074
2 0.4890625 0.09259259259259259 0.553125 0.09259259259259259 0.553125 0.13703703703703704 0.4890625 0.13703703703703704
2 0.4869791666666667 0.1685185185185185 0.5494791666666666 0.1685185185185185 0.5494791666666666 0.2361111111111111 0.4869791666666667 0.2361111111111111
2 0.5375 0.2175925925925926 0.5854166666666667 0.2175925925925926 0.5854166666666667 0.2796296296296296 0.5375 0.2796296296296296
2 0.5255208333333333 0.30833333333333335 0.5796875 0.30833333333333335 0.5796875 0.3537037037037037 0.5255208333333333 0.3537037037037037
2 0.5932291666666667 0.2601851851851852 0.6291666666666667 0.2601851851851852 0.6291666666666667 0.30092592592592593 0.5932291666666667 0.30092592592592593
2 0.6270833333333333 0.2777777777777778 0.6557291666666667 0.2777777777777778 0.6557291666666667 0.31203703703703706 0.6270833333333333 0.31203703703703706
2 0.6041666666666666 0.3175925925925926 0.6380208333333334 0.3175925925925926 0.6380208333333334 0.35833333333333334 0.6041666666666666 0.35833333333333334
2 0.6557291666666667 0.33055555555555555 0.6802083333333333 0.33055555555555555 0.6802083333333333 0.3592592592592593 0.6557291666666667 0.3592592592592593
2 0.6463541666666667 0.3592592592592593 0.6734375 0.3592592592592593 0.6734375 0.37962962962962965 0.6463541666666667 0.37962962962962965
2 0.6661458333333333 0.3824074074074074 0.6890625 0.3824074074074074 0.6890625 0.4009259259259259 0.6661458333333333 0.4009259259259259
2 0.5703125 0.7518518518518519 0.6119791666666666 0.7518518518518519 0.6119791666666666 0.7935185185185185 0.5703125 0.7935185185185185
2 0.6432291666666666 0.5046296296296297 0.6708333333333333 0.5046296296296297 0.6708333333333333 0.5481481481481482 0.6432291666666666 0.5481481481481482
2 0.6682291666666667 0.43425925925925923 0.6921875 0.43425925925925923 0.6921875 0.4546296296296296 0.6682291666666667 0.4546296296296296
2 0.671875 0.4046296296296296 0.69375 0.4046296296296296 0.69375 0.42314814814814816 0.671875 0.42314814814814816
2 0.6932291666666667 0.32685185185185184 0.7114583333333333 0.32685185185185184 0.7114583333333333 0.34814814814814815 0.6932291666666667 0.34814814814814815
2 0.6833333333333333 0.362962962962963 0.7005208333333334 0.362962962962963 0.7005208333333334 0.3787037037037037 0.6833333333333333 0.3787037037037037
2 0.696875 0.4046296296296296 0.7098958333333333 0.4046296296296296 0.7098958333333333 0.4166666666666667 0.696875 0.4166666666666667
2 0.696875 0.43703703703703706 0.7145833333333333 0.43703703703703706 0.7145833333333333 0.45092592592592595 0.696875 0.45092592592592595
2 0.6734375 0.6240740740740741 0.6979166666666666 0.6240740740740741 0.6979166666666666 0.6425925925925926 0.6734375 0.6425925925925926
2 0.6875 0.6416666666666667 0.7078125 0.6416666666666667 0.7078125 0.6574074074074074 0.6875 0.6574074074074074
2 0.6744791666666666 0.6527777777777778 0.6979166666666666 0.6527777777777778 0.6979166666666666 0.6768518518518518 0.6744791666666666 0.6768518518518518