1 0.37083333333333335 0.4009259259259259 0.4713541666666667 0.4009259259259259 0.4713541666666667 0.5972222222222222 0.37083333333333335 0.5972222222222222
1 0.14166666666666666 0.32407407407407407 0.26979166666666665 0.32407407407407407 0.26979166666666665 0.5009259259259259 0.14166666666666666 0.5009259259259259
1 0.3307291666666667 0.18055555555555555 0.3885416666666667 0.18055555555555555 0.3885416666666667 0.24351851851851852 0.3307291666666667 0.24351851851851852
1 0.5479166666666667 0.1287037037037037 0.5807291666666666 0.1287037037037037 0.5807291666666666 0.17685185185185184 0.5479166666666667 0.17685185185185184
2 0.20729166666666668 0.7046296296296296 0.27239583333333334 0.7046296296296296 0.27239583333333334 0.9425925925925925 0.20729166666666668 0.9425925925925925
2 0.19270833333333334 0.5148148148148148 0.24114583333333334 0.5148148148148148 0.24114583333333334 0.6796296296296296 0.19270833333333334 0.6796296296296296
2 0.7317708333333334 0.4324074074074074 0.778125 0.4324074074074074 0.778125 0.600925925925926 0.7317708333333334 0.600925925925926
2 0.30052083333333335 0.32314814814814813 0.33177083333333335 0.32314814814814813 0.33177083333333335 0.43796296296296294 0.30052083333333335 0.43796296296296294
2 0.35885416666666664 0.33425925925925926 0.37916666666666665 0.33425925925925926 0.37916666666666665 0.45925925925925926 0.35885416666666664 0.45925925925925926
2 0.36302083333333335 0.24444444444444444 0.384375 0.24444444444444444 0.384375 0.3277777777777778 0.36302083333333335 0.3277777777777778
2 0.39947916666666666 0.1935185185185185 0.41302083333333334 0.1935185185185185 0.41302083333333334 0.2462962962962963 0.39947916666666666 0.2462962962962963
2 0.4078125 0.13148148148148148 0.4171875 0.13148148148148148 0.4171875 0.17314814814814813 0.4078125 0.17314814814814813
2 0.425 0.15833333333333333 0.4395833333333333 0.15833333333333333 0.4395833333333333 0.2101851851851852 0.425 0.2101851851851852
2 0.4119791666666667 0.21851851851851853 0.425 0.21851851851851853 0.425 0.2898148148148148 0.4119791666666667 0.2898148148148148
2 0.43854166666666666 0.2074074074074074 0.44947916666666665 0.2074074074074074 0.44947916666666665 0.262037037037037 0.43854166666666666 0.262037037037037
2 0.4395833333333333 0.2601851851851852 0.46041666666666664 0.2601851851851852 0.46041666666666664 0.325 0.4395833333333333 0.325
2 0.44947916666666665 0.16666666666666666 0.4671875 0.16666666666666666 0.4671875 0.2175925925925926 0.44947916666666665 0.2175925925925926
2 0.6973958333333333 0.29444444444444445 0.7177083333333333 0.29444444444444445 0.7177083333333333 0.37777777777777777 0.6973958333333333 0.37777777777777777
2 0.65625 0.225 0.6744791666666666 0.225 0.6744791666666666 0.28425925925925927 0.65625 0.28425925925925927
2 0.5385416666666667 0.18055555555555555 0.5807291666666666 0.18055555555555555 0.5807291666666666 0.24444444444444444 0.5385416666666667 0.24444444444444444
2 0.596875 0.1361111111111111 0.6052083333333333 0.1361111111111111 0.6052083333333333 0.18333333333333332 0.596875 0.18333333333333332
2 0.46770833333333334 0.14537037037037037 0.47708333333333336 0.14537037037037037 0.47708333333333336 0.18796296296296297 0.46770833333333334 0.18796296296296297
2 0.48854166666666665 0.1425925925925926 0.5010416666666667 0.1425925925925926 0.5010416666666667 0.1814814814814815 0.48854166666666665 0.1814814814814815
2 0.4359375 0.1398148148148148 0.4473958333333333 0.1398148148148148 0.4473958333333333 0.17962962962962964 0.4359375 0.17962962962962964
2 0.434375 0.12685185185185185 0.44166666666666665 0.12685185185185185 0.44166666666666665 0.1574074074074074 0.434375 0.1574074074074074
2 0.44583333333333336 0.12129629629629629 0.45364583333333336 0.12129629629629629 0.45364583333333336 0.15833333333333333 0.44583333333333336 0.15833333333333333
2 0.45729166666666665 0.11944444444444445 0.46770833333333334 0.11944444444444445 0.46770833333333334 0.15185185185185185 0.45729166666666665 0.15185185185185185
2 0.4895833333333333 0.11574074074074074 0.5005208333333333 0.11574074074074074 0.5005208333333333 0.15092592592592594 0.4895833333333333 0.15092592592592594
1 0.6552083333333333 0.13240740740740742 0.715625 0.13240740740740742 0.715625 0.17962962962962964 0.6552083333333333 0.17962962962962964