1 0.321875 0.20277777777777778 0.3796875 0.20277777777777778 0.3796875 0.26666666666666666 0.321875 0.26666666666666666
1 0.5286458333333334 0.16944444444444445 0.5619791666666667 0.16944444444444445 0.5619791666666667 0.22407407407407406 0.5286458333333334 0.22407407407407406
1 0.4390625 0.1814814814814815 0.475 0.1814814814814815 0.475 0.2462962962962963 0.4390625 0.2462962962962963
1 0.6442708333333333 0.1537037037037037 0.6947916666666667 0.1537037037037037 0.6947916666666667 0.19907407407407407 0.6442708333333333 0.19907407407407407
2 0.7265625 0.5787037037037037 0.7640625 0.5787037037037037 0.7640625 0.6583333333333333 0.7265625 0.6583333333333333
2 0.3421875 0.4185185185185185 0.3796875 0.4185185185185185 0.3796875 0.5166666666666667 0.3421875 0.5166666666666667
2 0.18802083333333333 0.5666666666666667 0.2296875 0.5666666666666667 0.2296875 0.6777777777777778 0.18802083333333333 0.6777777777777778
1 0.18333333333333332 0.7898148148148149 0.3770833333333333 0.7898148148148149 0.3770833333333333 1 0.18333333333333332 1
2 0.18958333333333333 0.6592592592592592 0.2484375 0.6592592592592592 0.2484375 0.8379629629629629 0.18958333333333333 0.8379629629629629
2 0.27291666666666664 0.48148148148148145 0.3067708333333333 0.48148148148148145 0.3067708333333333 0.637962962962963 0.27291666666666664 0.637962962962963
2 0.2578125 0.39814814814814814 0.29270833333333335 0.39814814814814814 0.29270833333333335 0.5157407407407407 0.2578125 0.5157407407407407
2 0.30416666666666664 0.3851851851851852 0.33125 0.3851851851851852 0.33125 0.4861111111111111 0.30416666666666664 0.4861111111111111
2 0.4484375 0.41203703703703703 0.47291666666666665 0.41203703703703703 0.47291666666666665 0.5305555555555556 0.4484375 0.5305555555555556
2 0.3859375 0.4027777777777778 0.4239583333333333 0.4027777777777778 0.4239583333333333 0.5203703703703704 0.3859375 0.5203703703703704
2 0.35572916666666665 0.3453703703703704 0.3802083333333333 0.3453703703703704 0.3802083333333333 0.4388888888888889 0.35572916666666665 0.4388888888888889
2 0.3171875 0.29074074074074074 0.3359375 0.29074074074074074 0.3359375 0.36018518518518516 0.3171875 0.36018518518518516
2 0.3338541666666667 0.30092592592592593 0.35260416666666666 0.30092592592592593 0.35260416666666666 0.38981481481481484 0.3338541666666667 0.38981481481481484
2 0.3807291666666667 0.30462962962962964 0.3963541666666667 0.30462962962962964 0.3963541666666667 0.3768518518518518 0.3807291666666667 0.3768518518518518
2 0.3765625 0.26666666666666666 0.4005208333333333 0.26666666666666666 0.4005208333333333 0.337037037037037 0.3765625 0.337037037037037
2 0.415625 0.2564814814814815 0.43802083333333336 0.2564814814814815 0.43802083333333336 0.3314814814814815 0.415625 0.3314814814814815
2 0.396875 0.2222222222222222 0.415625 0.2222222222222222 0.415625 0.27314814814814814 0.396875 0.27314814814814814
2 0.3932291666666667 0.1925925925925926 0.4083333333333333 0.1925925925925926 0.4083333333333333 0.2324074074074074 0.3932291666666667 0.2324074074074074
2 0.41510416666666666 0.19537037037037036 0.428125 0.19537037037037036 0.428125 0.24259259259259258 0.41510416666666666 0.24259259259259258
2 0.41822916666666665 0.15185185185185185 0.4265625 0.15185185185185185 0.4265625 0.19444444444444445 0.41822916666666665 0.19444444444444445
2 0.425 0.15833333333333333 0.43645833333333334 0.15833333333333333 0.43645833333333334 0.20185185185185187 0.425 0.20185185185185187
2 0.43854166666666666 0.14537037037037037 0.4479166666666667 0.14537037037037037 0.4479166666666667 0.17962962962962964 0.43854166666666666 0.17962962962962964
2 0.4973958333333333 0.20277777777777778 0.5203125 0.20277777777777778 0.5203125 0.25277777777777777 0.4973958333333333 0.25277777777777777
2 0.5776041666666667 0.2 0.5932291666666667 0.2 0.5932291666666667 0.25 0.5776041666666667 0.25
2 0.6005208333333333 0.1824074074074074 0.6171875 0.1824074074074074 0.6171875 0.2351851851851852 0.6005208333333333 0.2351851851851852
2 0.5614583333333333 0.15185185185185185 0.5723958333333333 0.15185185185185185 0.5723958333333333 0.18796296296296297 0.5614583333333333 0.18796296296296297
2 0.575 0.14722222222222223 0.5802083333333333 0.14722222222222223 0.5802083333333333 0.17962962962962964 0.575 0.17962962962962964
2 0.5848958333333333 0.14907407407407408 0.5947916666666667 0.14907407407407408 0.5947916666666667 0.17777777777777778 0.5848958333333333 0.17777777777777778
2 0.5932291666666667 0.15925925925925927 0.6067708333333334 0.15925925925925927 0.6067708333333334 0.20555555555555555 0.5932291666666667 0.20555555555555555
1 0.1140625 0.34074074074074073 0.25104166666666666 0.34074074074074073 0.25104166666666666 0.5231481481481481 0.1140625 0.5231481481481481