1 0.48072916666666665 0 0.5822916666666667 0 0.5822916666666667 0.06296296296296296 0.48072916666666665 0.06296296296296296
1 0.5036458333333333 0.6111111111111112 0.578125 0.6111111111111112 0.578125 0.7592592592592593 0.5036458333333333 0.7592592592592593
1 0.3541666666666667 0.14166666666666666 0.4875 0.14166666666666666 0.4875 0.3675925925925926 0.3541666666666667 0.3675925925925926
1 0.6296875 0.1787037037037037 0.665625 0.1787037037037037 0.665625 0.2759259259259259 0.6296875 0.2759259259259259
1 0.6557291666666667 0.40185185185185185 0.6864583333333333 0.40185185185185185 0.6864583333333333 0.462037037037037 0.6557291666666667 0.462037037037037
1 0.6416666666666667 0.5537037037037037 0.6744791666666666 0.5537037037037037 0.6744791666666666 0.6185185185185185 0.6416666666666667 0.6185185185185185
1 0.6682291666666667 0.75 0.6916666666666667 0.75 0.6916666666666667 0.8379629629629629 0.6682291666666667 0.8379629629629629
2 0.45364583333333336 0.14166666666666666 0.5078125 0.14166666666666666 0.5078125 0.20092592592592592 0.45364583333333336 0.20092592592592592
2 0.35104166666666664 0 0.43697916666666664 0 0.43697916666666664 0.019444444444444445 0.35104166666666664 0.019444444444444445
2 0.22135416666666666 0.26944444444444443 0.40260416666666665 0.26944444444444443 0.40260416666666665 0.3907407407407407 0.22135416666666666 0.3907407407407407
2 0.5 0.08796296296296297 0.559375 0.08796296296296297 0.559375 0.14074074074074075 0.5 0.14074074074074075
2 0.5348958333333333 0.14722222222222223 0.5958333333333333 0.14722222222222223 0.5958333333333333 0.19074074074074074 0.5348958333333333 0.19074074074074074
2 0.509375 0.21666666666666667 0.5786458333333333 0.21666666666666667 0.5786458333333333 0.24722222222222223 0.509375 0.24722222222222223
2 0.5697916666666667 0.20277777777777778 0.6046875 0.20277777777777778 0.6046875 0.23981481481481481 0.5697916666666667 0.23981481481481481
2 0.6041666666666666 0.21944444444444444 0.6322916666666667 0.21944444444444444 0.6322916666666667 0.24259259259259258 0.6041666666666666 0.24259259259259258
2 0.5927083333333333 0.22962962962962963 0.6364583333333333 0.22962962962962963 0.6364583333333333 0.2833333333333333 0.5927083333333333 0.2833333333333333
2 0.5697916666666667 0.2638888888888889 0.6223958333333334 0.2638888888888889 0.6223958333333334 0.3 0.5697916666666667 0.3
2 0.5541666666666667 0.30277777777777776 0.6140625 0.30277777777777776 0.6140625 0.33796296296296297 0.5541666666666667 0.33796296296296297
2 0.5432291666666667 0.3592592592592593 0.6010416666666667 0.3592592592592593 0.6010416666666667 0.39351851851851855 0.5432291666666667 0.39351851851851855
2 0.5651041666666666 0.41203703703703703 0.6192708333333333 0.41203703703703703 0.6192708333333333 0.4583333333333333 0.5651041666666666 0.4583333333333333
2 0.5984375 0.3175925925925926 0.6333333333333333 0.3175925925925926 0.6333333333333333 0.34629629629629627 0.5984375 0.34629629629629627
2 0.6234375 0.3074074074074074 0.6557291666666667 0.3074074074074074 0.6557291666666667 0.3453703703703704 0.6234375 0.3453703703703704
2 0.6109375 0.36018518518518516 0.65625 0.36018518518518516 0.65625 0.3851851851851852 0.6109375 0.3851851851851852
2 0.6411458333333333 0.3388888888888889 0.66875 0.3388888888888889 0.66875 0.36574074074074076 0.6411458333333333 0.36574074074074076
2 0.6552083333333333 0.33055555555555555 0.6807291666666667 0.33055555555555555 0.6807291666666667 0.35185185185185186 0.6552083333333333 0.35185185185185186
2 0.6578125 0.3611111111111111 0.6838541666666667 0.3611111111111111 0.6838541666666667 0.38055555555555554 0.6578125 0.38055555555555554
2 0.6390625 0.4888888888888889 0.6697916666666667 0.4888888888888889 0.6697916666666667 0.5314814814814814 0.6390625 0.5314814814814814
2 0.6135416666666667 0.6583333333333333 0.6458333333333334 0.6583333333333333 0.6458333333333334 0.6898148148148148 0.6135416666666667 0.6898148148148148
2 0.6177083333333333 0.7046296296296296 0.6604166666666667 0.7046296296296296 0.6604166666666667 0.7388888888888889 0.6177083333333333 0.7388888888888889
2 0.6494791666666667 0.687962962962963 0.6744791666666666 0.687962962962963 0.6744791666666666 0.7074074074074074 0.6494791666666667 0.7074074074074074
2 0.6625 0.6546296296296297 0.6895833333333333 0.6546296296296297 0.6895833333333333 0.6796296296296296 0.6625 0.6796296296296296
2 0.659375 0.6148148148148148 0.6864583333333333 0.6148148148148148 0.6864583333333333 0.6416666666666667 0.659375 0.6416666666666667