1 0.3203125 0.7203703703703703 0.35885416666666664 0.7203703703703703 0.35885416666666664 0.8222222222222222 0.3203125 0.8222222222222222
1 0.3927083333333333 0.9074074074074074 0.49375 0.9074074074074074 0.49375 1 0.3927083333333333 1
2 0.4270833333333333 0.002777777777777778 0.490625 0.002777777777777778 0.490625 0.0824074074074074 0.4270833333333333 0.0824074074074074
2 0.3182291666666667 0.3712962962962963 0.346875 0.3712962962962963 0.346875 0.43703703703703706 0.3182291666666667 0.43703703703703706
2 0.5260416666666666 0.7333333333333333 0.6411458333333333 0.7333333333333333 0.6411458333333333 0.8324074074074074 0.5260416666666666 0.8324074074074074
2 0.3567708333333333 0.5527777777777778 0.4046875 0.5527777777777778 0.4046875 0.5990740740740741 0.3567708333333333 0.5990740740740741
2 0.37083333333333335 0.6861111111111111 0.4203125 0.6861111111111111 0.4203125 0.7444444444444445 0.37083333333333335 0.7444444444444445
2 0.3223958333333333 0.5675925925925925 0.35104166666666664 0.5675925925925925 0.35104166666666664 0.5972222222222222 0.3223958333333333 0.5972222222222222
2 0.35260416666666666 0.2351851851851852 0.3958333333333333 0.2351851851851852 0.3958333333333333 0.28055555555555556 0.35260416666666666 0.28055555555555556
2 0.39895833333333336 0.6268518518518519 0.45989583333333334 0.6268518518518519 0.45989583333333334 0.6824074074074075 0.39895833333333336 0.6824074074074075
2 0.3203125 0.6546296296296297 0.3463541666666667 0.6546296296296297 0.3463541666666667 0.687037037037037 0.3203125 0.687037037037037
2 0.30052083333333335 0.3425925925925926 0.32760416666666664 0.3425925925925926 0.32760416666666664 0.3712962962962963 0.30052083333333335 0.3712962962962963
2 0.30520833333333336 0.6046296296296296 0.3307291666666667 0.6046296296296296 0.3307291666666667 0.6305555555555555 0.30520833333333336 0.6305555555555555
2 0.3567708333333333 0.1814814814814815 0.3963541666666667 0.1814814814814815 0.3963541666666667 0.22314814814814815 0.3567708333333333 0.22314814814814815
2 0.3046875 0.5111111111111111 0.33177083333333335 0.5111111111111111 0.33177083333333335 0.5407407407407407 0.3046875 0.5407407407407407
2 0.29270833333333335 0.3175925925925926 0.3177083333333333 0.3175925925925926 0.3177083333333333 0.34629629629629627 0.29270833333333335 0.34629629629629627
2 0.5588541666666667 0.5935185185185186 0.6880208333333333 0.5935185185185186 0.6880208333333333 0.6907407407407408 0.5588541666666667 0.6907407407407408
2 0.35885416666666664 0.6175925925925926 0.40572916666666664 0.6175925925925926 0.40572916666666664 0.6509259259259259 0.35885416666666664 0.6509259259259259
2 0.3484375 0.6685185185185185 0.3880208333333333 0.6685185185185185 0.3880208333333333 0.7 0.3484375 0.7
2 0.31875 0.25 0.3536458333333333 0.25 0.3536458333333333 0.2814814814814815 0.31875 0.2814814814814815
2 0.2916666666666667 0.21574074074074073 0.3302083333333333 0.21574074074074073 0.3302083333333333 0.2462962962962963 0.2916666666666667 0.2462962962962963