1 0.4 0.9055555555555556 0.49895833333333334 0.9055555555555556 0.49895833333333334 1 0.4 1
1 0.3171875 0.6907407407407408 0.35052083333333334 0.6907407407407408 0.35052083333333334 0.8111111111111111 0.3171875 0.8111111111111111
2 0.46927083333333336 0.7296296296296296 0.5270833333333333 0.7296296296296296 0.5270833333333333 0.8027777777777778 0.46927083333333336 0.8027777777777778
2 0.3203125 0.31296296296296294 0.35104166666666664 0.31296296296296294 0.35104166666666664 0.34814814814814815 0.3203125 0.34814814814814815
2 0.36770833333333336 0.5972222222222222 0.4166666666666667 0.5972222222222222 0.4166666666666667 0.6537037037037037 0.36770833333333336 0.6537037037037037
2 0.31302083333333336 0.55 0.340625 0.55 0.340625 0.5833333333333334 0.31302083333333336 0.5833333333333334
2 0.43854166666666666 0.09444444444444444 0.509375 0.09444444444444444 0.509375 0.17777777777777778 0.43854166666666666 0.17777777777777778
2 0.334375 0.5833333333333334 0.3645833333333333 0.5833333333333334 0.3645833333333333 0.6194444444444445 0.334375 0.6194444444444445
2 0.5317708333333333 0.7027777777777777 0.6307291666666667 0.7027777777777777 0.6307291666666667 0.7925925925925926 0.5317708333333333 0.7925925925925926
2 0.378125 0.17962962962962964 0.42083333333333334 0.17962962962962964 0.42083333333333334 0.23148148148148148 0.378125 0.23148148148148148
2 0.28854166666666664 0.587037037037037 0.3072916666666667 0.587037037037037 0.3072916666666667 0.6101851851851852 0.28854166666666664 0.6101851851851852
2 0.3307291666666667 0.2712962962962963 0.3619791666666667 0.2712962962962963 0.3619791666666667 0.3101851851851852 0.3307291666666667 0.3101851851851852
2 0.2942708333333333 0.5027777777777778 0.31614583333333335 0.5027777777777778 0.31614583333333335 0.5277777777777778 0.2942708333333333 0.5277777777777778
2 0.3572916666666667 0.5287037037037037 0.4046875 0.5287037037037037 0.4046875 0.575925925925926 0.3572916666666667 0.575925925925926
2 0.4276041666666667 0.03518518518518519 0.48489583333333336 0.03518518518518519 0.48489583333333336 0.11388888888888889 0.4276041666666667 0.11388888888888889
2 0.3302083333333333 0.6314814814814815 0.36302083333333335 0.6314814814814815 0.36302083333333335 0.6712962962962963 0.3302083333333333 0.6712962962962963
2 0.3078125 0.3675925925925926 0.3380208333333333 0.3675925925925926 0.3380208333333333 0.4046296296296296 0.3078125 0.4046296296296296
2 0.26875 0.41203703703703703 0.28489583333333335 0.41203703703703703 0.28489583333333335 0.43333333333333335 0.26875 0.43333333333333335
2 0.3536458333333333 0.2824074074074074 0.3880208333333333 0.2824074074074074 0.3880208333333333 0.32314814814814813 0.3536458333333333 0.32314814814814813
2 0.30833333333333335 0.24722222222222223 0.3333333333333333 0.24722222222222223 0.3333333333333333 0.28055555555555556 0.30833333333333335 0.28055555555555556
2 0.303125 0.34444444444444444 0.328125 0.34444444444444444 0.328125 0.3851851851851852 0.303125 0.3851851851851852