1 0.38958333333333334 0.32592592592592595 0.46979166666666666 0.32592592592592595 0.46979166666666666 0.4527777777777778 0.38958333333333334 0.4527777777777778
1 0.1484375 0.3175925925925926 0.271875 0.3175925925925926 0.271875 0.4898148148148148 0.1484375 0.4898148148148148
2 0.03802083333333333 0.7342592592592593 0.11822916666666666 0.7342592592592593 0.11822916666666666 0.9824074074074074 0.03802083333333333 0.9824074074074074
2 0.2453125 0.6203703703703703 0.30833333333333335 0.6203703703703703 0.30833333333333335 0.8046296296296296 0.2453125 0.8046296296296296
1 0.32083333333333336 0.17685185185185184 0.3885416666666667 0.17685185185185184 0.3885416666666667 0.23981481481481481 0.32083333333333336 0.23981481481481481
2 0.7208333333333333 0.325 0.7604166666666666 0.325 0.7604166666666666 0.41944444444444445 0.7208333333333333 0.41944444444444445
2 0.6697916666666667 0.45185185185185184 0.7151041666666667 0.45185185185185184 0.7151041666666667 0.5814814814814815 0.6697916666666667 0.5814814814814815
2 0.759375 0.587037037037037 0.8197916666666667 0.587037037037037 0.8197916666666667 0.7592592592592593 0.759375 0.7592592592592593
2 0.2828125 0.3925925925925926 0.32135416666666666 0.3925925925925926 0.32135416666666666 0.48518518518518516 0.2828125 0.48518518518518516
2 0.2713541666666667 0.4722222222222222 0.3145833333333333 0.4722222222222222 0.3145833333333333 0.6064814814814815 0.2713541666666667 0.6064814814814815
2 0.17447916666666666 0.4787037037037037 0.22708333333333333 0.4787037037037037 0.22708333333333333 0.6277777777777778 0.17447916666666666 0.6277777777777778
2 0.3416666666666667 0.46111111111111114 0.38645833333333335 0.46111111111111114 0.38645833333333335 0.6018518518518519 0.3416666666666667 0.6018518518518519
2 0.6463541666666667 0.19074074074074074 0.665625 0.19074074074074074 0.665625 0.25 0.6463541666666667 0.25
2 0.37135416666666665 0.2861111111111111 0.39947916666666666 0.2861111111111111 0.39947916666666666 0.3574074074074074 0.37135416666666665 0.3574074074074074
2 0.6083333333333333 0.18981481481481483 0.6286458333333333 0.18981481481481483 0.6286458333333333 0.24722222222222223 0.6083333333333333 0.24722222222222223
2 0.4921875 0.1287037037037037 0.509375 0.1287037037037037 0.509375 0.16944444444444445 0.4921875 0.16944444444444445
2 0.4234375 0.2518518518518518 0.446875 0.2518518518518518 0.446875 0.31574074074074077 0.4234375 0.31574074074074077
2 0.4713541666666667 0.16944444444444445 0.48802083333333335 0.16944444444444445 0.48802083333333335 0.22314814814814815 0.4713541666666667 0.22314814814814815
2 0.44895833333333335 0.18611111111111112 0.4703125 0.18611111111111112 0.4703125 0.24722222222222223 0.44895833333333335 0.24722222222222223
2 0.3880208333333333 0.24166666666666667 0.41041666666666665 0.24166666666666667 0.41041666666666665 0.30648148148148147 0.3880208333333333 0.30648148148148147
2 0.3765625 0.1962962962962963 0.403125 0.1962962962962963 0.403125 0.2537037037037037 0.3765625 0.2537037037037037
2 0.5958333333333333 0.14629629629629629 0.6177083333333333 0.14629629629629629 0.6177083333333333 0.19074074074074074 0.5958333333333333 0.19074074074074074