1 0.49947916666666664 0 0.6005208333333333 0 0.6005208333333333 0.08981481481481482 0.49947916666666664 0.08981481481481482
1 0.7026041666666667 0.5805555555555556 0.7276041666666667 0.5805555555555556 0.7276041666666667 0.6268518518518519 0.7026041666666667 0.6268518518518519
1 0.6458333333333334 0.20277777777777778 0.6817708333333333 0.20277777777777778 0.6817708333333333 0.30462962962962964 0.6458333333333334 0.30462962962962964
1 0.6979166666666666 0.45925925925925926 0.7208333333333333 0.45925925925925926 0.7208333333333333 0.5074074074074074 0.6979166666666666 0.5074074074074074
2 0.30052083333333335 0.07777777777777778 0.42552083333333335 0.07777777777777778 0.42552083333333335 0.1685185185185185 0.30052083333333335 0.1685185185185185
2 0.44635416666666666 0.04722222222222222 0.5354166666666667 0.04722222222222222 0.5354166666666667 0.10555555555555556 0.44635416666666666 0.10555555555555556
2 0.46875 0.18055555555555555 0.5453125 0.18055555555555555 0.5453125 0.2324074074074074 0.46875 0.2324074074074074
2 0.5359375 0.17037037037037037 0.5942708333333333 0.17037037037037037 0.5942708333333333 0.22962962962962963 0.5359375 0.22962962962962963
2 0.471875 0.2740740740740741 0.55625 0.2740740740740741 0.55625 0.3537037037037037 0.471875 0.3537037037037037
2 0.5776041666666667 0.30925925925925923 0.6265625 0.30925925925925923 0.6265625 0.3416666666666667 0.5776041666666667 0.3416666666666667
2 0.6067708333333334 0.362962962962963 0.6520833333333333 0.362962962962963 0.6520833333333333 0.3907407407407407 0.6067708333333334 0.3907407407407407
2 0.6036458333333333 0.4203703703703704 0.6432291666666666 0.4203703703703704 0.6432291666666666 0.45 0.6036458333333333 0.45
2 0.6255208333333333 0.4074074074074074 0.6552083333333333 0.4074074074074074 0.6552083333333333 0.4287037037037037 0.6255208333333333 0.4287037037037037
2 0.6380208333333334 0.3314814814814815 0.66875 0.3314814814814815 0.66875 0.3537037037037037 0.6380208333333334 0.3537037037037037
2 0.6536458333333334 0.32222222222222224 0.6822916666666666 0.32222222222222224 0.6822916666666666 0.34074074074074073 0.6536458333333334 0.34074074074074073
2 0.64375 0.4009259259259259 0.6755208333333333 0.4009259259259259 0.6755208333333333 0.41574074074074074 0.64375 0.41574074074074074
2 0.6463541666666667 0.4638888888888889 0.6796875 0.4638888888888889 0.6796875 0.49166666666666664 0.6463541666666667 0.49166666666666664
2 0.6770833333333334 0.45925925925925926 0.6979166666666666 0.45925925925925926 0.6979166666666666 0.4777777777777778 0.6770833333333334 0.4777777777777778
2 0.6744791666666666 0.4287037037037037 0.6979166666666666 0.4287037037037037 0.6979166666666666 0.4462962962962963 0.6744791666666666 0.4462962962962963
2 0.6901041666666666 0.43796296296296294 0.7078125 0.43796296296296294 0.7078125 0.45555555555555555 0.6901041666666666 0.45555555555555555
2 0.66875 0.4083333333333333 0.6916666666666667 0.4083333333333333 0.6916666666666667 0.42592592592592593 0.66875 0.42592592592592593
2 0.6885416666666667 0.40370370370370373 0.70625 0.40370370370370373 0.70625 0.41759259259259257 0.6885416666666667 0.41759259259259257
2 0.6713541666666667 0.37407407407407406 0.6963541666666667 0.37407407407407406 0.6963541666666667 0.3972222222222222 0.6713541666666667 0.3972222222222222
2 0.6140625 0.7398148148148148 0.6541666666666667 0.7398148148148148 0.6541666666666667 0.7648148148148148 0.6140625 0.7648148148148148
2 0.6401041666666667 0.762962962962963 0.6703125 0.762962962962963 0.6703125 0.787962962962963 0.6401041666666667 0.787962962962963
2 0.6614583333333334 0.6907407407407408 0.6869791666666667 0.6907407407407408 0.6869791666666667 0.7129629629629629 0.6614583333333334 0.7129629629629629
2 0.6619791666666667 0.6398148148148148 0.6895833333333333 0.6398148148148148 0.6895833333333333 0.6712962962962963 0.6619791666666667 0.6712962962962963
2 0.6817708333333333 0.6916666666666667 0.7010416666666667 0.6916666666666667 0.7010416666666667 0.7111111111111111 0.6817708333333333 0.7111111111111111
1 0.6807291666666667 0.7453703703703703 0.7088541666666667 0.7453703703703703 0.7088541666666667 0.8416666666666667 0.6807291666666667 0.8416666666666667