1 0.14375 0.3138888888888889 0.2708333333333333 0.3138888888888889 0.2708333333333333 0.48703703703703705 0.14375 0.48703703703703705
1 0.32395833333333335 0.17314814814814813 0.390625 0.17314814814814813 0.390625 0.2351851851851852 0.32395833333333335 0.2351851851851852
2 0.8432291666666667 0.7768518518518519 0.9197916666666667 0.7768518518518519 0.9197916666666667 0.9981481481481481 0.8432291666666667 0.9981481481481481
2 0.8239583333333333 0.5462962962962963 0.88125 0.5462962962962963 0.88125 0.6981481481481482 0.8239583333333333 0.6981481481481482
2 0.7057291666666666 0.42407407407407405 0.7442708333333333 0.42407407407407405 0.7442708333333333 0.537962962962963 0.7057291666666666 0.537962962962963
2 0.5864583333333333 0.2518518518518518 0.6130208333333333 0.2518518518518518 0.6130208333333333 0.3333333333333333 0.5864583333333333 0.3333333333333333
2 0.40625 0.30648148148148147 0.4421875 0.30648148148148147 0.4421875 0.412962962962963 0.40625 0.412962962962963
2 0.6005208333333333 0.17407407407407408 0.625 0.17407407407407408 0.625 0.22314814814814815 0.6005208333333333 0.22314814814814815
2 0.10885416666666667 0.8814814814814815 0.19114583333333332 0.8814814814814815 0.19114583333333332 1 0.10885416666666667 1
2 0.3385416666666667 0.3712962962962963 0.37864583333333335 0.3712962962962963 0.37864583333333335 0.4935185185185185 0.3385416666666667 0.4935185185185185
2 0.2296875 0.5324074074074074 0.28072916666666664 0.5324074074074074 0.28072916666666664 0.6898148148148148 0.2296875 0.6898148148148148
2 0.628125 0.36018518518518516 0.6645833333333333 0.36018518518518516 0.6645833333333333 0.46574074074074073 0.628125 0.46574074074074073
2 0.6427083333333333 0.18796296296296297 0.6661458333333333 0.18796296296296297 0.6661458333333333 0.24814814814814815 0.6427083333333333 0.24814814814814815
2 0.5015625 0.16111111111111112 0.5307291666666667 0.16111111111111112 0.5307291666666667 0.22685185185185186 0.5015625 0.22685185185185186
2 0.6359375 0.26666666666666666 0.659375 0.26666666666666666 0.659375 0.3453703703703704 0.6359375 0.3453703703703704
2 0.5557291666666667 0.19074074074074074 0.584375 0.19074074074074074 0.584375 0.26296296296296295 0.5557291666666667 0.26296296296296295
2 0.4395833333333333 0.17037037037037037 0.4588541666666667 0.17037037037037037 0.4588541666666667 0.23981481481481481 0.4395833333333333 0.23981481481481481
2 0.465625 0.15092592592592594 0.4796875 0.15092592592592594 0.4796875 0.22592592592592592 0.465625 0.22592592592592592
2 0.41822916666666665 0.14537037037037037 0.43697916666666664 0.14537037037037037 0.43697916666666664 0.21203703703703702 0.41822916666666665 0.21203703703703702
2 0.3854166666666667 0.27685185185185185 0.409375 0.27685185185185185 0.409375 0.3648148148148148 0.3854166666666667 0.3648148148148148