1 0.14270833333333333 0.33425925925925926 0.26614583333333336 0.33425925925925926 0.26614583333333336 0.5120370370370371 0.14270833333333333 0.5120370370370371
1 0.40208333333333335 0.3194444444444444 0.4739583333333333 0.3194444444444444 0.4739583333333333 0.45555555555555555 0.40208333333333335 0.45555555555555555
1 0.3302083333333333 0.18611111111111112 0.3885416666666667 0.18611111111111112 0.3885416666666667 0.25 0.3302083333333333 0.25
1 0.5494791666666666 0.14537037037037037 0.5859375 0.14537037037037037 0.5859375 0.20185185185185187 0.5494791666666666 0.20185185185185187
1 0.659375 0.13518518518518519 0.703125 0.13518518518518519 0.703125 0.17592592592592593 0.659375 0.17592592592592593
2 0.3307291666666667 0.2796296296296296 0.3645833333333333 0.2796296296296296 0.3645833333333333 0.38055555555555554 0.3307291666666667 0.38055555555555554
2 0.9583333333333334 0.2972222222222222 1 0.2972222222222222 1 0.3648148148148148 0.9583333333333334 0.3648148148148148
2 0.846875 0.687037037037037 0.9286458333333333 0.687037037037037 0.9286458333333333 0.9074074074074074 0.846875 0.9074074074074074
2 0.2328125 0.7407407407407407 0.2796875 0.7407407407407407 0.2796875 0.9787037037037037 0.2328125 0.9787037037037037
2 0.17604166666666668 0.6277777777777778 0.24791666666666667 0.6277777777777778 0.24791666666666667 0.8546296296296296 0.17604166666666668 0.8546296296296296
2 0.03958333333333333 0.6824074074074075 0.11510416666666666 0.6824074074074075 0.11510416666666666 0.8787037037037037 0.03958333333333333 0.8787037037037037
2 0.3177083333333333 0.4685185185185185 0.3463541666666667 0.4685185185185185 0.3463541666666667 0.600925925925926 0.3177083333333333 0.600925925925926
2 0.2755208333333333 0.41388888888888886 0.30104166666666665 0.41388888888888886 0.30104166666666665 0.5157407407407407 0.2755208333333333 0.5157407407407407
2 0.3921875 0.28055555555555556 0.41041666666666665 0.28055555555555556 0.41041666666666665 0.3527777777777778 0.3921875 0.3527777777777778
2 0.3796875 0.2175925925925926 0.39791666666666664 0.2175925925925926 0.39791666666666664 0.275 0.3796875 0.275
2 0.42083333333333334 0.18611111111111112 0.4296875 0.18611111111111112 0.4296875 0.2564814814814815 0.42083333333333334 0.2564814814814815
2 0.4427083333333333 0.18425925925925926 0.45625 0.18425925925925926 0.45625 0.23981481481481481 0.4427083333333333 0.23981481481481481
2 0.45208333333333334 0.19907407407407407 0.46979166666666666 0.19907407407407407 0.46979166666666666 0.2796296296296296 0.45208333333333334 0.2796296296296296
2 0.6765625 0.26666666666666666 0.7052083333333333 0.26666666666666666 0.7052083333333333 0.3574074074074074 0.6765625 0.3574074074074074
2 0.734375 0.3490740740740741 0.775 0.3490740740740741 0.775 0.48055555555555557 0.734375 0.48055555555555557
2 0.5265625 0.18425925925925926 0.5630208333333333 0.18425925925925926 0.5630208333333333 0.24351851851851852 0.5265625 0.24351851851851852
2 0.60625 0.16296296296296298 0.6223958333333334 0.16296296296296298 0.6223958333333334 0.2175925925925926 0.60625 0.2175925925925926
2 0.4078125 0.1638888888888889 0.4239583333333333 0.1638888888888889 0.4239583333333333 0.21851851851851853 0.4078125 0.21851851851851853
2 0.40520833333333334 0.1259259259259259 0.41458333333333336 0.1259259259259259 0.41458333333333336 0.16296296296296298 0.40520833333333334 0.16296296296296298
2 0.4328125 0.14722222222222223 0.44375 0.14722222222222223 0.44375 0.19166666666666668 0.4328125 0.19166666666666668
2 0.459375 0.1388888888888889 0.4671875 0.1388888888888889 0.4671875 0.18981481481481483 0.459375 0.18981481481481483
2 0.4427083333333333 0.1287037037037037 0.45208333333333334 0.1287037037037037 0.45208333333333334 0.16666666666666666 0.4427083333333333 0.16666666666666666
2 0.471875 0.1287037037037037 0.4817708333333333 0.1287037037037037 0.4817708333333333 0.17222222222222222 0.471875 0.17222222222222222
2 0.4942708333333333 0.12314814814814815 0.50625 0.12314814814814815 0.50625 0.1675925925925926 0.4942708333333333 0.1675925925925926