1 0.14375 0.32222222222222224 0.27239583333333334 0.32222222222222224 0.27239583333333334 0.4962962962962963 0.14375 0.4962962962962963
1 0.321875 0.17777777777777778 0.3921875 0.17777777777777778 0.3921875 0.2361111111111111 0.321875 0.2361111111111111
2 0.8296875 0.5333333333333333 0.8916666666666667 0.5333333333333333 0.8916666666666667 0.7027777777777777 0.8296875 0.7027777777777777
2 0.7026041666666667 0.33611111111111114 0.7421875 0.33611111111111114 0.7421875 0.43425925925925923 0.7026041666666667 0.43425925925925923
2 0.6588541666666666 0.3435185185185185 0.6994791666666667 0.3435185185185185 0.6994791666666667 0.4583333333333333 0.6588541666666666 0.4583333333333333
2 0.5942708333333333 0.21944444444444444 0.6140625 0.21944444444444444 0.6140625 0.2722222222222222 0.5942708333333333 0.2722222222222222
2 0.6458333333333334 0.24814814814814815 0.6729166666666667 0.24814814814814815 0.6729166666666667 0.32685185185185184 0.6458333333333334 0.32685185185185184
2 0.40677083333333336 0.3074074074074074 0.4395833333333333 0.3074074074074074 0.4395833333333333 0.39814814814814814 0.40677083333333336 0.39814814814814814
2 0.3953125 0.2074074074074074 0.41822916666666665 0.2074074074074074 0.41822916666666665 0.2712962962962963 0.3953125 0.2712962962962963
2 0.45208333333333334 0.1814814814814815 0.4734375 0.1814814814814815 0.4734375 0.23703703703703705 0.45208333333333334 0.23703703703703705
2 0.48385416666666664 0.13796296296296295 0.49895833333333334 0.13796296296296295 0.49895833333333334 0.18055555555555555 0.48385416666666664 0.18055555555555555
2 0.4348958333333333 0.1287037037037037 0.44895833333333335 0.1287037037037037 0.44895833333333335 0.1638888888888889 0.4348958333333333 0.1638888888888889
2 0.4046875 0.18888888888888888 0.4276041666666667 0.18888888888888888 0.4276041666666667 0.24259259259259258 0.4046875 0.24259259259259258
2 0.4552083333333333 0.28888888888888886 0.4817708333333333 0.28888888888888886 0.4817708333333333 0.37592592592592594 0.4552083333333333 0.37592592592592594
2 0.43020833333333336 0.225 0.4510416666666667 0.225 0.4510416666666667 0.2833333333333333 0.43020833333333336 0.2833333333333333
2 0.5552083333333333 0.15 0.5760416666666667 0.15 0.5760416666666667 0.19907407407407407 0.5552083333333333 0.19907407407407407
2 0.5838541666666667 0.1638888888888889 0.6010416666666667 0.1638888888888889 0.6010416666666667 0.2111111111111111 0.5838541666666667 0.2111111111111111
2 0.29322916666666665 0.6731481481481482 0.3536458333333333 0.6731481481481482 0.3536458333333333 0.937962962962963 0.29322916666666665 0.937962962962963
2 0.2947916666666667 0.5185185185185185 0.35 0.5185185185185185 0.35 0.6944444444444444 0.2947916666666667 0.6944444444444444