1 0.14166666666666666 0.325 0.26875 0.325 0.26875 0.5018518518518519 0.14166666666666666 0.5018518518518519
1 0.3807291666666667 0.3787037037037037 0.46927083333333336 0.3787037037037037 0.46927083333333336 0.5537037037037037 0.3807291666666667 0.5537037037037037
1 0.3302083333333333 0.1814814814814815 0.3885416666666667 0.1814814814814815 0.3885416666666667 0.24351851851851852 0.3302083333333333 0.24351851851851852
1 0.55 0.13333333333333333 0.5822916666666667 0.13333333333333333 0.5822916666666667 0.1824074074074074 0.55 0.1824074074074074
1 0.6578125 0.12777777777777777 0.7171875 0.12777777777777777 0.7171875 0.17314814814814813 0.6578125 0.17314814814814813
2 0.7557291666666667 0.46574074074074073 0.8083333333333333 0.46574074074074073 0.8083333333333333 0.6648148148148149 0.7557291666666667 0.6648148148148149
2 0.24010416666666667 0.6138888888888889 0.29635416666666664 0.6138888888888889 0.29635416666666664 0.8185185185185185 0.24010416666666667 0.8185185185185185
2 0.22708333333333333 0.4777777777777778 0.26197916666666665 0.4777777777777778 0.26197916666666665 0.6611111111111111 0.22708333333333333 0.6611111111111111
2 0.31145833333333334 0.32592592592592595 0.3385416666666667 0.32592592592592595 0.3385416666666667 0.42777777777777776 0.31145833333333334 0.42777777777777776
2 0.3697916666666667 0.31203703703703706 0.38385416666666666 0.31203703703703706 0.38385416666666666 0.4222222222222222 0.3697916666666667 0.4222222222222222
2 0.3697916666666667 0.23425925925925925 0.3890625 0.23425925925925925 0.3890625 0.30462962962962964 0.3697916666666667 0.30462962962962964
2 0.4109375 0.2101851851851852 0.42083333333333334 0.2101851851851852 0.42083333333333334 0.28888888888888886 0.4109375 0.28888888888888886
2 0.44375 0.23703703703703705 0.4552083333333333 0.23703703703703705 0.4552083333333333 0.30092592592592593 0.44375 0.30092592592592593
2 0.4427083333333333 0.2064814814814815 0.4578125 0.2064814814814815 0.4578125 0.2638888888888889 0.4427083333333333 0.2638888888888889
2 0.4036458333333333 0.1824074074074074 0.4192708333333333 0.1824074074074074 0.4192708333333333 0.2490740740740741 0.4036458333333333 0.2490740740740741
2 0.5359375 0.17037037037037037 0.5776041666666667 0.17037037037037037 0.5776041666666667 0.2462962962962963 0.5359375 0.2462962962962963
2 0.45625 0.1527777777777778 0.465625 0.1527777777777778 0.465625 0.2111111111111111 0.45625 0.2111111111111111
2 0.428125 0.1574074074074074 0.4401041666666667 0.1574074074074074 0.4401041666666667 0.20462962962962963 0.428125 0.20462962962962963
2 0.40677083333333336 0.12962962962962962 0.41770833333333335 0.12962962962962962 0.41770833333333335 0.175 0.40677083333333336 0.175
2 0.440625 0.13425925925925927 0.44895833333333335 0.13425925925925927 0.44895833333333335 0.17222222222222222 0.440625 0.17222222222222222
2 0.4322916666666667 0.125 0.44166666666666665 0.125 0.44166666666666665 0.16111111111111112 0.4322916666666667 0.16111111111111112
2 0.49322916666666666 0.1398148148148148 0.5036458333333333 0.1398148148148148 0.5036458333333333 0.1814814814814815 0.49322916666666666 0.1814814814814815
2 0.46927083333333336 0.13796296296296295 0.48072916666666665 0.13796296296296295 0.48072916666666665 0.1814814814814815 0.46927083333333336 0.1814814814814815
2 0.4583333333333333 0.11851851851851852 0.46770833333333334 0.11851851851851852 0.46770833333333334 0.1537037037037037 0.4583333333333333 0.1537037037037037
2 0.44635416666666666 0.1175925925925926 0.4557291666666667 0.1175925925925926 0.4557291666666667 0.14907407407407408 0.44635416666666666 0.14907407407407408