1 0.5041666666666667 0 0.6026041666666667 0 0.6026041666666667 0.09722222222222222 0.5041666666666667 0.09722222222222222
1 0.6510416666666666 0.18888888888888888 0.6864583333333333 0.18888888888888888 0.6864583333333333 0.30925925925925923 0.6510416666666666 0.30925925925925923
2 0.6510416666666666 0.3398148148148148 0.6791666666666667 0.3398148148148148 0.6791666666666667 0.375 0.6510416666666666 0.375
2 0.3885416666666667 0.07407407407407407 0.4786458333333333 0.07407407407407407 0.4786458333333333 0.1675925925925926 0.3885416666666667 0.1675925925925926
2 0.6494791666666667 0.7796296296296297 0.6734375 0.7796296296296297 0.6734375 0.8111111111111111 0.6494791666666667 0.8111111111111111
2 0.628125 0.6546296296296297 0.6625 0.6546296296296297 0.6625 0.6916666666666667 0.628125 0.6916666666666667
2 0.5453125 0.7907407407407407 0.5994791666666667 0.7907407407407407 0.5994791666666667 0.8518518518518519 0.5453125 0.8518518518518519
2 0.6119791666666666 0.36574074074074076 0.6520833333333333 0.36574074074074076 0.6520833333333333 0.412962962962963 0.6119791666666666 0.412962962962963
2 0.5833333333333334 0.6907407407407408 0.6255208333333333 0.6907407407407408 0.6255208333333333 0.7379629629629629 0.5833333333333334 0.7379629629629629
2 0.7083333333333334 0.5703703703703704 0.7260416666666667 0.5703703703703704 0.7260416666666667 0.5935185185185186 0.7083333333333334 0.5935185185185186
2 0.6635416666666667 0.7111111111111111 0.6890625 0.7111111111111111 0.6890625 0.7453703703703703 0.6635416666666667 0.7453703703703703
2 0.7041666666666667 0.6611111111111111 0.7223958333333333 0.6611111111111111 0.7223958333333333 0.6851851851851852 0.7041666666666667 0.6851851851851852
2 0.6203125 0.7064814814814815 0.6546875 0.7064814814814815 0.6546875 0.75 0.6203125 0.75
2 0.40677083333333336 0.8944444444444445 0.49583333333333335 0.8944444444444445 0.49583333333333335 0.9861111111111112 0.40677083333333336 0.9861111111111112
2 0.6994791666666667 0.6287037037037037 0.71875 0.6287037037037037 0.71875 0.6527777777777778 0.6994791666666667 0.6527777777777778
2 0.6265625 0.42962962962962964 0.6635416666666667 0.42962962962962964 0.6635416666666667 0.4685185185185185 0.6265625 0.4685185185185185
2 0.46822916666666664 0.275 0.55 0.275 0.55 0.34629629629629627 0.46822916666666664 0.34629629629629627
2 0.6505208333333333 0.5935185185185186 0.6838541666666667 0.5935185185185186 0.6838541666666667 0.6324074074074074 0.6505208333333333 0.6324074074074074
2 0.6552083333333333 0.6296296296296297 0.6880208333333333 0.6296296296296297 0.6880208333333333 0.6481481481481481 0.6552083333333333 0.6481481481481481
2 0.6734375 0.4203703703703704 0.6947916666666667 0.4203703703703704 0.6947916666666667 0.4462962962962963 0.6734375 0.4462962962962963
2 0.48333333333333334 0.9574074074074074 0.5494791666666666 0.9574074074074074 0.5494791666666666 1 0.48333333333333334 1
2 0.5244791666666667 0.25833333333333336 0.5848958333333333 0.25833333333333336 0.5848958333333333 0.30833333333333335 0.5244791666666667 0.30833333333333335