2 0.5291666666666667 0.6361111111111111 0.6375 0.6361111111111111 0.6375 0.7398148148148148 0.5291666666666667 0.7398148148148148
2 0.6625 0.8518518518518519 0.7786458333333334 0.8518518518518519 0.7786458333333334 0.9685185185185186 0.6625 0.9685185185185186
2 0.48854166666666665 0.95 0.5671875 0.95 0.5671875 1 0.48854166666666665 1
1 0.3177083333333333 0.6935185185185185 0.3536458333333333 0.6935185185185185 0.3536458333333333 0.8046296296296296 0.3177083333333333 0.8046296296296296
1 0.3109375 0.5157407407407407 0.34375 0.5157407407407407 0.34375 0.5833333333333334 0.3109375 0.5833333333333334
1 0.2786458333333333 0.27870370370370373 0.3 0.27870370370370373 0.3 0.33611111111111114 0.2786458333333333 0.33611111111111114
2 0.42239583333333336 0.8675925925925926 0.4822916666666667 0.8675925925925926 0.4822916666666667 0.912962962962963 0.42239583333333336 0.912962962962963
2 0.41822916666666665 0.7638888888888888 0.49270833333333336 0.7638888888888888 0.49270833333333336 0.8083333333333333 0.41822916666666665 0.8083333333333333
2 0.48125 0.7861111111111111 0.55625 0.7861111111111111 0.55625 0.8527777777777777 0.48125 0.8527777777777777
2 0.4041666666666667 0.6083333333333333 0.475 0.6083333333333333 0.475 0.6592592592592592 0.4041666666666667 0.6592592592592592
2 0.37864583333333335 0.5944444444444444 0.42916666666666664 0.5944444444444444 0.42916666666666664 0.6231481481481481 0.37864583333333335 0.6231481481481481
2 0.3963541666666667 0.7037037037037037 0.4510416666666667 0.7037037037037037 0.4510416666666667 0.75 0.3963541666666667 0.75
2 0.34739583333333335 0.5638888888888889 0.3854166666666667 0.5638888888888889 0.3854166666666667 0.5925925925925926 0.34739583333333335 0.5925925925925926
2 0.34010416666666665 0.6101851851851852 0.37447916666666664 0.6101851851851852 0.37447916666666664 0.6324074074074074 0.34010416666666665 0.6324074074074074
2 0.3416666666666667 0.6509259259259259 0.37864583333333335 0.6509259259259259 0.37864583333333335 0.6703703703703704 0.3416666666666667 0.6703703703703704
2 0.3567708333333333 0.6833333333333333 0.39114583333333336 0.6833333333333333 0.39114583333333336 0.7092592592592593 0.3567708333333333 0.7092592592592593
2 0.353125 0.7287037037037037 0.38385416666666666 0.7287037037037037 0.38385416666666666 0.7592592592592593 0.353125 0.7592592592592593
2 0.3692708333333333 0.7101851851851851 0.4041666666666667 0.7101851851851851 0.4041666666666667 0.7425925925925926 0.3692708333333333 0.7425925925925926
2 0.3229166666666667 0.6370370370370371 0.3515625 0.6370370370370371 0.3515625 0.6555555555555556 0.3229166666666667 0.6555555555555556
2 0.309375 0.6064814814814815 0.3380208333333333 0.6064814814814815 0.3380208333333333 0.6194444444444445 0.309375 0.6194444444444445
2 0.2953125 0.5916666666666667 0.31666666666666665 0.5916666666666667 0.31666666666666665 0.6083333333333333 0.2953125 0.6083333333333333
2 0.29791666666666666 0.5685185185185185 0.3203125 0.5685185185185185 0.3203125 0.5805555555555556 0.29791666666666666 0.5805555555555556
2 0.29322916666666665 0.5407407407407407 0.3109375 0.5407407407407407 0.3109375 0.5583333333333333 0.29322916666666665 0.5583333333333333
2 0.296875 0.4861111111111111 0.3223958333333333 0.4861111111111111 0.3223958333333333 0.5092592592592593 0.296875 0.5092592592592593
2 0.2869791666666667 0.5851851851851851 0.303125 0.5851851851851851 0.303125 0.5972222222222222 0.2869791666666667 0.5972222222222222
2 0.2869791666666667 0.6111111111111112 0.3098958333333333 0.6111111111111112 0.3098958333333333 0.6259259259259259 0.2869791666666667 0.6259259259259259
2 0.27291666666666664 0.5407407407407407 0.2942708333333333 0.5407407407407407 0.2942708333333333 0.5546296296296296 0.27291666666666664 0.5546296296296296
2 0.28177083333333336 0.5509259259259259 0.3072916666666667 0.5509259259259259 0.3072916666666667 0.5731481481481482 0.28177083333333336 0.5731481481481482
2 0.303125 0.32407407407407407 0.32708333333333334 0.32407407407407407 0.32708333333333334 0.34629629629629627 0.303125 0.34629629629629627
2 0.29791666666666666 0.2740740740740741 0.3177083333333333 0.2740740740740741 0.3177083333333333 0.29259259259259257 0.29791666666666666 0.29259259259259257
2 0.3072916666666667 0.2564814814814815 0.3328125 0.2564814814814815 0.3328125 0.2777777777777778 0.3072916666666667 0.2777777777777778
1 0.43125 0.03796296296296296 0.696875 0.03796296296296296 0.696875 0.34629629629629627 0.43125 0.34629629629629627
1 0.4041666666666667 0.9444444444444444 0.5005208333333333 0.9444444444444444 0.5005208333333333 1 0.4041666666666667 1