1 0.315625 0.6953703703703704 0.3515625 0.6953703703703704 0.3515625 0.812037037037037 0.315625 0.812037037037037
1 0.39791666666666664 0.9074074074074074 0.496875 0.9074074074074074 0.496875 1 0.39791666666666664 1
2 0.5432291666666667 0 0.640625 0 0.640625 0.05648148148148148 0.5432291666666667 0.05648148148148148
2 0.4119791666666667 0.12129629629629629 0.46927083333333336 0.12129629629629629 0.46927083333333336 0.18425925925925926 0.4119791666666667 0.18425925925925926
2 0.4828125 0.7787037037037037 0.5604166666666667 0.7787037037037037 0.5604166666666667 0.8666666666666667 0.4828125 0.8666666666666667
2 0.31875 0.6212962962962963 0.346875 0.6212962962962963 0.346875 0.6537037037037037 0.31875 0.6537037037037037
2 0.428125 0.6305555555555555 0.5005208333333333 0.6305555555555555 0.5005208333333333 0.6981481481481482 0.428125 0.6981481481481482
2 0.33489583333333334 0.5796296296296296 0.375 0.5796296296296296 0.375 0.6222222222222222 0.33489583333333334 0.6222222222222222
2 0.33958333333333335 0.3101851851851852 0.37916666666666665 0.3101851851851852 0.37916666666666665 0.34814814814814815 0.33958333333333335 0.34814814814814815
2 0.31875 0.3675925925925926 0.3541666666666667 0.3675925925925926 0.3541666666666667 0.4074074074074074 0.31875 0.4074074074074074
2 0.4046875 0.6759259259259259 0.4505208333333333 0.6759259259259259 0.4505208333333333 0.7305555555555555 0.4046875 0.7305555555555555
2 0.2864583333333333 0.34074074074074073 0.30625 0.34074074074074073 0.30625 0.36574074074074076 0.2864583333333333 0.36574074074074076
2 0.3307291666666667 0.5324074074074074 0.3619791666666667 0.5324074074074074 0.3619791666666667 0.5666666666666667 0.3307291666666667 0.5666666666666667
2 0.3765625 0.2518518518518518 0.43333333333333335 0.2518518518518518 0.43333333333333335 0.30462962962962964 0.3765625 0.30462962962962964
2 0.34479166666666666 0.23796296296296296 0.38958333333333334 0.23796296296296296 0.38958333333333334 0.28055555555555556 0.34479166666666666 0.28055555555555556