1 0.3984375 0.9092592592592592 0.49895833333333334 0.9092592592592592 0.49895833333333334 1 0.3984375 1
1 0.31875 0.6953703703703704 0.3541666666666667 0.6953703703703704 0.3541666666666667 0.7916666666666666 0.31875 0.7916666666666666
1 0.28854166666666664 0.5 0.3140625 0.5 0.3140625 0.5509259259259259 0.28854166666666664 0.5509259259259259
1 0.2864583333333333 0.21944444444444444 0.3072916666666667 0.21944444444444444 0.3072916666666667 0.3055555555555556 0.2864583333333333 0.3055555555555556
2 0.6682291666666667 0.7935185185185185 0.78125 0.7935185185185185 0.78125 0.9601851851851851 0.6682291666666667 0.9601851851851851
2 0.5244791666666667 0.9574074074074074 0.6291666666666667 0.9574074074074074 0.6291666666666667 1 0.5244791666666667 1
2 0.46197916666666666 0.8 0.5432291666666667 0.8 0.5432291666666667 0.8703703703703703 0.46197916666666666 0.8703703703703703
2 0.4015625 0.7361111111111112 0.45260416666666664 0.7361111111111112 0.45260416666666664 0.7935185185185185 0.4015625 0.7935185185185185
2 0.4078125 0.6833333333333333 0.4640625 0.6833333333333333 0.4640625 0.7305555555555555 0.4078125 0.7305555555555555
2 0.4432291666666667 0.6287037037037037 0.5151041666666667 0.6287037037037037 0.5151041666666667 0.6944444444444444 0.4432291666666667 0.6944444444444444
2 0.40677083333333336 0.6037037037037037 0.459375 0.6037037037037037 0.459375 0.6388888888888888 0.40677083333333336 0.6388888888888888
2 0.3640625 0.5305555555555556 0.41302083333333334 0.5305555555555556 0.41302083333333334 0.5555555555555556 0.3640625 0.5555555555555556
2 0.36041666666666666 0.6212962962962963 0.40260416666666665 0.6212962962962963 0.40260416666666665 0.6537037037037037 0.36041666666666666 0.6537037037037037
2 0.36770833333333336 0.7092592592592593 0.4083333333333333 0.7092592592592593 0.4083333333333333 0.7518518518518519 0.36770833333333336 0.7518518518518519
2 0.3494791666666667 0.7175925925925926 0.3802083333333333 0.7175925925925926 0.3802083333333333 0.7398148148148148 0.3494791666666667 0.7398148148148148
2 0.325 0.6759259259259259 0.353125 0.6759259259259259 0.353125 0.7018518518518518 0.325 0.7018518518518518
2 0.3177083333333333 0.65 0.3453125 0.65 0.3453125 0.6675925925925926 0.3177083333333333 0.6675925925925926
2 0.3234375 0.6333333333333333 0.3453125 0.6333333333333333 0.3453125 0.649074074074074 0.3234375 0.649074074074074
2 0.33125 0.6111111111111112 0.3625 0.6111111111111112 0.3625 0.6305555555555555 0.33125 0.6305555555555555
2 0.3416666666666667 0.6370370370370371 0.375 0.6370370370370371 0.375 0.6638888888888889 0.3416666666666667 0.6638888888888889
2 0.32760416666666664 0.5555555555555556 0.3609375 0.5555555555555556 0.3609375 0.5824074074074074 0.32760416666666664 0.5824074074074074
2 0.3265625 0.5305555555555556 0.35520833333333335 0.5305555555555556 0.35520833333333335 0.5546296296296296 0.3265625 0.5546296296296296
2 0.3078125 0.587037037037037 0.33229166666666665 0.587037037037037 0.33229166666666665 0.6018518518518519 0.3078125 0.6018518518518519
2 0.3020833333333333 0.5981481481481481 0.328125 0.5981481481481481 0.328125 0.6148148148148148 0.3020833333333333 0.6148148148148148
2 0.3067708333333333 0.549074074074074 0.3265625 0.549074074074074 0.3265625 0.5685185185185185 0.3067708333333333 0.5685185185185185
2 0.28854166666666664 0.5638888888888889 0.3125 0.5638888888888889 0.3125 0.5814814814814815 0.28854166666666664 0.5814814814814815
2 0.284375 0.5861111111111111 0.30364583333333334 0.5861111111111111 0.30364583333333334 0.6027777777777777 0.284375 0.6027777777777777
2 0.28177083333333336 0.48518518518518516 0.30572916666666666 0.48518518518518516 0.30572916666666666 0.5009259259259259 0.28177083333333336 0.5009259259259259
2 0.27760416666666665 0.6037037037037037 0.296875 0.6037037037037037 0.296875 0.6222222222222222 0.27760416666666665 0.6222222222222222
2 0.2859375 0.3296296296296296 0.3015625 0.3296296296296296 0.3015625 0.34444444444444444 0.2859375 0.34444444444444444
2 0.3046875 0.31851851851851853 0.334375 0.31851851851851853 0.334375 0.34444444444444444 0.3046875 0.34444444444444444
2 0.3171875 0.28703703703703703 0.3536458333333333 0.28703703703703703 0.3536458333333333 0.30925925925925923 0.3171875 0.30925925925925923
2 0.30364583333333334 0.2657407407407407 0.3296875 0.2657407407407407 0.3296875 0.2898148148148148 0.30364583333333334 0.2898148148148148
2 0.3171875 0.22870370370370371 0.3453125 0.22870370370370371 0.3453125 0.2564814814814815 0.3171875 0.2564814814814815