1 0.5182291666666666 0.29907407407407405 0.5942708333333333 0.29907407407407405 0.5942708333333333 0.44722222222222224 0.5182291666666666 0.44722222222222224
1 0.5041666666666667 0 0.6026041666666667 0 0.6026041666666667 0.09351851851851851 0.5041666666666667 0.09351851851851851
2 0.4984375 0.10092592592592593 0.5526041666666667 0.10092592592592593 0.5526041666666667 0.16666666666666666 0.4984375 0.16666666666666666
2 0.5541666666666667 0.8768518518518519 0.6036458333333333 0.8768518518518519 0.6036458333333333 0.9462962962962963 0.5541666666666667 0.9462962962962963
2 0.3890625 0.9351851851851852 0.47552083333333334 0.9351851851851852 0.47552083333333334 1 0.3890625 1
2 0.29375 0 0.40729166666666666 0 0.40729166666666666 0.10833333333333334 0.29375 0.10833333333333334
2 0.41822916666666665 0.19074074074074074 0.49895833333333334 0.19074074074074074 0.49895833333333334 0.2777777777777778 0.41822916666666665 0.2777777777777778
1 0.6463541666666667 0.18055555555555555 0.6817708333333333 0.18055555555555555 0.6817708333333333 0.2953703703703704 0.6463541666666667 0.2953703703703704
2 0.425 0.075 0.5052083333333334 0.075 0.5052083333333334 0.1537037037037037 0.425 0.1537037037037037
2 0.571875 0.2611111111111111 0.6161458333333333 0.2611111111111111 0.6161458333333333 0.3111111111111111 0.571875 0.3111111111111111
2 0.6458333333333334 0.6861111111111111 0.6770833333333334 0.6861111111111111 0.6770833333333334 0.7212962962962963 0.6458333333333334 0.7212962962962963
2 0.6052083333333333 0.2916666666666667 0.6458333333333334 0.2916666666666667 0.6458333333333334 0.3351851851851852 0.6052083333333333 0.3351851851851852
2 0.6385416666666667 0.40555555555555556 0.6739583333333333 0.40555555555555556 0.6739583333333333 0.44351851851851853 0.6385416666666667 0.44351851851851853
2 0.6442708333333333 0.7518518518518519 0.6760416666666667 0.7518518518518519 0.6760416666666667 0.7851851851851852 0.6442708333333333 0.7851851851851852
2 0.6005208333333333 0.35462962962962963 0.640625 0.35462962962962963 0.640625 0.4 0.6005208333333333 0.4
2 0.6505208333333333 0.44722222222222224 0.6817708333333333 0.44722222222222224 0.6817708333333333 0.475 0.6505208333333333 0.475