1 0.14322916666666666 0.31666666666666665 0.271875 0.31666666666666665 0.271875 0.4861111111111111 0.14322916666666666 0.4861111111111111
1 0.31979166666666664 0.17777777777777778 0.3880208333333333 0.17777777777777778 0.3880208333333333 0.23796296296296296 0.31979166666666664 0.23796296296296296
2 0.7979166666666667 0.47314814814814815 0.8520833333333333 0.47314814814814815 0.8520833333333333 0.6314814814814815 0.7979166666666667 0.6314814814814815
2 0.6875 0.3055555555555556 0.7197916666666667 0.3055555555555556 0.7197916666666667 0.39444444444444443 0.6875 0.39444444444444443
2 0.23229166666666667 0.6583333333333333 0.2994791666666667 0.6583333333333333 0.2994791666666667 0.8611111111111112 0.23229166666666667 0.8611111111111112
2 0.4479166666666667 0.1935185185185185 0.47291666666666665 0.1935185185185185 0.47291666666666665 0.25833333333333336 0.4479166666666667 0.25833333333333336
2 0.4239583333333333 0.25092592592592594 0.446875 0.25092592592592594 0.446875 0.31296296296296294 0.4239583333333333 0.31296296296296294
2 0.6401041666666667 0.23055555555555557 0.6635416666666667 0.23055555555555557 0.6635416666666667 0.2972222222222222 0.6401041666666667 0.2972222222222222
2 0.3890625 0.22777777777777777 0.4125 0.22777777777777777 0.4125 0.29259259259259257 0.3890625 0.29259259259259257
2 0.5973958333333333 0.1638888888888889 0.6171875 0.1638888888888889 0.6171875 0.2111111111111111 0.5973958333333333 0.2111111111111111
2 0.6463541666666667 0.3148148148148148 0.6770833333333334 0.3148148148148148 0.6770833333333334 0.40925925925925927 0.6463541666666667 0.40925925925925927
2 0.43333333333333335 0.13518518518518519 0.4473958333333333 0.13518518518518519 0.4473958333333333 0.17407407407407408 0.43333333333333335 0.17407407407407408
2 0.3880208333333333 0.34074074074074073 0.425 0.34074074074074073 0.425 0.4583333333333333 0.3880208333333333 0.4583333333333333
2 0.5541666666666667 0.14444444444444443 0.5723958333333333 0.14444444444444443 0.5723958333333333 0.18611111111111112 0.5541666666666667 0.18611111111111112
2 0.5223958333333333 0.17685185185185184 0.5583333333333333 0.17685185185185184 0.5583333333333333 0.225 0.5223958333333333 0.225
2 0.4822916666666667 0.1388888888888889 0.4979166666666667 0.1388888888888889 0.4979166666666667 0.18333333333333332 0.4822916666666667 0.18333333333333332
2 0.44947916666666665 0.32407407407407407 0.47239583333333335 0.32407407407407407 0.47239583333333335 0.4388888888888889 0.44947916666666665 0.4388888888888889