1 0.50625 0 0.6083333333333333 0 0.6083333333333333 0.08425925925925926 0.50625 0.08425925925925926
1 0.559375 0.7231481481481481 0.6255208333333333 0.7231481481481481 0.6255208333333333 0.8712962962962963 0.559375 0.8712962962962963
0 0.5546875 0.13703703703703704 0.6854166666666667 0.13703703703703704 0.6854166666666667 0.3416666666666667 0.5546875 0.3416666666666667
2 0.46875 0.825925925925926 0.540625 0.825925925925926 0.540625 0.9046296296296297 0.46875 0.9046296296296297
1 0.6713541666666667 0.41759259259259257 0.7046875 0.41759259259259257 0.7046875 0.4888888888888889 0.6713541666666667 0.4888888888888889
2 0.690625 0.5833333333333334 0.7140625 0.5833333333333334 0.7140625 0.6092592592592593 0.690625 0.6092592592592593
1 0.7125 0.5509259259259259 0.7322916666666667 0.5509259259259259 0.7322916666666667 0.5972222222222222 0.7125 0.5972222222222222
2 0.46979166666666666 0.9805555555555555 0.5421875 0.9805555555555555 0.5421875 1 0.46979166666666666 1
2 0.5885416666666666 0.3990740740740741 0.6359375 0.3990740740740741 0.6359375 0.4564814814814815 0.5885416666666666 0.4564814814814815
2 0.4895833333333333 0.19537037037037036 0.55625 0.19537037037037036 0.55625 0.262037037037037 0.4895833333333333 0.262037037037037
2 0.5078125 0.3509259259259259 0.5734375 0.3509259259259259 0.5734375 0.4166666666666667 0.5078125 0.4166666666666667
2 0.3765625 0.14629629629629629 0.4739583333333333 0.14629629629629629 0.4739583333333333 0.2351851851851852 0.3765625 0.2351851851851852
2 0.5505208333333333 0.6481481481481481 0.60625 0.6481481481481481 0.60625 0.7046296296296296 0.5505208333333333 0.7046296296296296
2 0.6375 0.6842592592592592 0.6744791666666666 0.6842592592592592 0.6744791666666666 0.7194444444444444 0.6375 0.7194444444444444
1 0.6989583333333333 0.6064814814814815 0.7223958333333333 0.6064814814814815 0.7223958333333333 0.6675925925925926 0.6989583333333333 0.6675925925925926
2 0.5411458333333333 0.9185185185185185 0.5984375 0.9185185185185185 0.5984375 0.9740740740740741 0.5411458333333333 0.9740740740740741