1 0.39479166666666665 0.9074074074074074 0.49322916666666666 0.9074074074074074 0.49322916666666666 1 0.39479166666666665 1
1 0.31614583333333335 0.6944444444444444 0.35104166666666664 0.6944444444444444 0.35104166666666664 0.8138888888888889 0.31614583333333335 0.8138888888888889
2 0.5307291666666667 0.9175925925925926 0.625 0.9175925925925926 0.625 1 0.5307291666666667 1
2 0.4453125 0.08148148148148149 0.5114583333333333 0.08148148148148149 0.5114583333333333 0.15092592592592594 0.4453125 0.15092592592592594
2 0.35625 0.30092592592592593 0.4005208333333333 0.30092592592592593 0.4005208333333333 0.34814814814814815 0.35625 0.34814814814814815
2 0.4114583333333333 0.21388888888888888 0.4703125 0.21388888888888888 0.4703125 0.27685185185185185 0.4114583333333333 0.27685185185185185
2 0.3151041666666667 0.2740740740740741 0.34375 0.2740740740740741 0.34375 0.31574074074074077 0.3151041666666667 0.31574074074074077
2 0.43645833333333334 0.7287037037037037 0.5083333333333333 0.7287037037037037 0.5083333333333333 0.8018518518518518 0.43645833333333334 0.8018518518518518
2 0.3953125 0.6074074074074074 0.4583333333333333 0.6074074074074074 0.4583333333333333 0.6731481481481482 0.3953125 0.6731481481481482
2 0.309375 0.44351851851851853 0.3458333333333333 0.44351851851851853 0.3458333333333333 0.4962962962962963 0.309375 0.4962962962962963
2 0.32760416666666664 0.35648148148148145 0.3640625 0.35648148148148145 0.3640625 0.40555555555555556 0.32760416666666664 0.40555555555555556
2 0.3255208333333333 0.20092592592592592 0.3567708333333333 0.20092592592592592 0.3567708333333333 0.2388888888888889 0.3255208333333333 0.2388888888888889
2 0.3671875 0.2212962962962963 0.40989583333333335 0.2212962962962963 0.40989583333333335 0.2601851851851852 0.3671875 0.2601851851851852
2 0.2947916666666667 0.32314814814814813 0.315625 0.32314814814814813 0.315625 0.34814814814814815 0.2947916666666667 0.34814814814814815
2 0.3223958333333333 0.5796296296296296 0.36041666666666666 0.5796296296296296 0.36041666666666666 0.6138888888888889 0.3223958333333333 0.6138888888888889
2 0.31197916666666664 0.5314814814814814 0.35 0.5314814814814814 0.35 0.5648148148148148 0.31197916666666664 0.5648148148148148
2 0.3020833333333333 0.6166666666666667 0.340625 0.6166666666666667 0.340625 0.6509259259259259 0.3020833333333333 0.6509259259259259
2 0.37604166666666666 0.662962962962963 0.43854166666666666 0.662962962962963 0.43854166666666666 0.7092592592592593 0.37604166666666666 0.7092592592592593