1 0.5 0 0.5984375 0 0.5984375 0.0962962962962963 0.5 0.0962962962962963
1 0.6 0.375 0.6489583333333333 0.375 0.6489583333333333 0.46944444444444444 0.6 0.46944444444444444
1 0.646875 0.18518518518518517 0.6822916666666666 0.18518518518518517 0.6822916666666666 0.3055555555555556 0.646875 0.3055555555555556
2 0.55 0.8703703703703703 0.6046875 0.8703703703703703 0.6046875 0.9305555555555556 0.55 0.9305555555555556
2 0.39427083333333335 0 0.48541666666666666 0 0.48541666666666666 0.07407407407407407 0.39427083333333335 0.07407407407407407
2 0.25416666666666665 0.11018518518518519 0.38333333333333336 0.11018518518518519 0.38333333333333336 0.2361111111111111 0.25416666666666665 0.2361111111111111
2 0.565625 0.7833333333333333 0.6140625 0.7833333333333333 0.6140625 0.8407407407407408 0.565625 0.8407407407407408
2 0.5859375 0.325 0.6328125 0.325 0.6328125 0.37222222222222223 0.5859375 0.37222222222222223
2 0.490625 0.09074074074074075 0.5630208333333333 0.09074074074074075 0.5630208333333333 0.16203703703703703 0.490625 0.16203703703703703
2 0.4552083333333333 0.2564814814814815 0.5338541666666666 0.2564814814814815 0.5338541666666666 0.34629629629629627 0.4552083333333333 0.34629629629629627
2 0.546875 0.22037037037037038 0.5994791666666667 0.22037037037037038 0.5994791666666667 0.2722222222222222 0.546875 0.2722222222222222
2 0.6369791666666667 0.3611111111111111 0.6640625 0.3611111111111111 0.6640625 0.39537037037037037 0.6369791666666667 0.39537037037037037
2 0.5869791666666667 0.25277777777777777 0.6291666666666667 0.25277777777777777 0.6291666666666667 0.29907407407407405 0.5869791666666667 0.29907407407407405
2 0.6177083333333333 0.7675925925925926 0.6609375 0.7675925925925926 0.6609375 0.8166666666666667 0.6177083333333333 0.8166666666666667
2 0.6223958333333334 0.7129629629629629 0.6630208333333333 0.7129629629629629 0.6630208333333333 0.7546296296296297 0.6223958333333334 0.7546296296296297
2 0.6807291666666667 0.46111111111111114 0.7041666666666667 0.46111111111111114 0.7041666666666667 0.48518518518518516 0.6807291666666667 0.48518518518518516
2 0.6536458333333334 0.49444444444444446 0.6828125 0.49444444444444446 0.6828125 0.5268518518518519 0.6536458333333334 0.5268518518518519
2 0.6770833333333334 0.35185185185185186 0.6973958333333333 0.35185185185185186 0.6973958333333333 0.3787037037037037 0.6770833333333334 0.3787037037037037
2 0.6942708333333333 0.6333333333333333 0.7135416666666666 0.6333333333333333 0.7135416666666666 0.6611111111111111 0.6942708333333333 0.6611111111111111
2 0.6583333333333333 0.36944444444444446 0.6817708333333333 0.36944444444444446 0.6817708333333333 0.3990740740740741 0.6583333333333333 0.3990740740740741
2 0.671875 0.42777777777777776 0.6942708333333333 0.42777777777777776 0.6942708333333333 0.45555555555555555 0.671875 0.45555555555555555
2 0.5385416666666667 0.29259259259259257 0.5869791666666667 0.29259259259259257 0.5869791666666667 0.3453703703703704 0.5385416666666667 0.3453703703703704
2 0.6854166666666667 0.6907407407407408 0.7078125 0.6907407407407408 0.7078125 0.7175925925925926 0.6854166666666667 0.7175925925925926
2 0.6526041666666667 0.41574074074074074 0.6760416666666667 0.41574074074074074 0.6760416666666667 0.44537037037037036 0.6526041666666667 0.44537037037037036
2 0.6734375 0.38796296296296295 0.6979166666666666 0.38796296296296295 0.6979166666666666 0.41574074074074074 0.6734375 0.41574074074074074
2 0.7130208333333333 0.41388888888888886 0.7286458333333333 0.41388888888888886 0.7286458333333333 0.43425925925925923 0.7130208333333333 0.43425925925925923