1 0.45260416666666664 0.6138888888888889 0.5479166666666667 0.6138888888888889 0.5479166666666667 0.8009259259259259 0.45260416666666664 0.8009259259259259
1 0.4796875 0 0.5807291666666666 0 0.5807291666666666 0.06296296296296296 0.4796875 0.06296296296296296
1 0.4359375 0.2175925925925926 0.5322916666666667 0.2175925925925926 0.5322916666666667 0.38796296296296295 0.4359375 0.38796296296296295
1 0.6296875 0.5564814814814815 0.6635416666666667 0.5564814814814815 0.6635416666666667 0.6259259259259259 0.6296875 0.6259259259259259
1 0.628125 0.17592592592592593 0.6640625 0.17592592592592593 0.6640625 0.26481481481481484 0.628125 0.26481481481481484
1 0.6609375 0.4074074074074074 0.6864583333333333 0.4074074074074074 0.6864583333333333 0.46296296296296297 0.6609375 0.46296296296296297
1 0.6671875 0.7453703703703703 0.6901041666666666 0.7453703703703703 0.6901041666666666 0.8351851851851851 0.6671875 0.8351851851851851
2 0.4041666666666667 0.03425925925925926 0.46875 0.03425925925925926 0.46875 0.11574074074074074 0.4041666666666667 0.11574074074074074
1 0.690625 0.5157407407407407 0.7104166666666667 0.5157407407407407 0.7104166666666667 0.5601851851851852 0.690625 0.5601851851851852
2 0.3338541666666667 0.30648148148148147 0.45208333333333334 0.30648148148148147 0.45208333333333334 0.43703703703703706 0.3338541666666667 0.43703703703703706
2 0.521875 0.1388888888888889 0.584375 0.1388888888888889 0.584375 0.18703703703703703 0.521875 0.18703703703703703
2 0.5510416666666667 0.1712962962962963 0.60625 0.1712962962962963 0.60625 0.21666666666666667 0.5510416666666667 0.21666666666666667
2 0.5192708333333333 0.20277777777777778 0.5697916666666667 0.20277777777777778 0.5697916666666667 0.25092592592592594 0.5192708333333333 0.25092592592592594
2 0.5427083333333333 0.24814814814814815 0.6041666666666666 0.24814814814814815 0.6041666666666666 0.2777777777777778 0.5427083333333333 0.2777777777777778
2 0.5765625 0.2222222222222222 0.61875 0.2222222222222222 0.61875 0.25462962962962965 0.5765625 0.25462962962962965
2 0.6109375 0.23055555555555557 0.6510416666666666 0.23055555555555557 0.6510416666666666 0.2601851851851852 0.6109375 0.2601851851851852
2 0.5994791666666667 0.25092592592592594 0.65 0.25092592592592594 0.65 0.2935185185185185 0.5994791666666667 0.2935185185185185
2 0.5869791666666667 0.275 0.6338541666666667 0.275 0.6338541666666667 0.30925925925925923 0.5869791666666667 0.30925925925925923
2 0.5822916666666667 0.33055555555555555 0.6276041666666666 0.33055555555555555 0.6276041666666666 0.3574074074074074 0.5822916666666667 0.3574074074074074
2 0.5583333333333333 0.37222222222222223 0.6239583333333333 0.37222222222222223 0.6239583333333333 0.4212962962962963 0.5583333333333333 0.4212962962962963
2 0.5916666666666667 0.4074074074074074 0.6442708333333333 0.4074074074074074 0.6442708333333333 0.45555555555555555 0.5916666666666667 0.45555555555555555
2 0.6098958333333333 0.32592592592592595 0.6390625 0.32592592592592595 0.6390625 0.35462962962962963 0.6098958333333333 0.35462962962962963
2 0.6333333333333333 0.3194444444444444 0.6588541666666666 0.3194444444444444 0.6588541666666666 0.35185185185185186 0.6333333333333333 0.35185185185185186
2 0.6270833333333333 0.3648148148148148 0.6651041666666667 0.3648148148148148 0.6651041666666667 0.38981481481481484 0.6270833333333333 0.38981481481481484
2 0.659375 0.3314814814814815 0.6869791666666667 0.3314814814814815 0.6869791666666667 0.35462962962962963 0.659375 0.35462962962962963
2 0.6515625 0.34444444444444444 0.678125 0.34444444444444444 0.678125 0.3675925925925926 0.6515625 0.3675925925925926
2 0.6640625 0.3648148148148148 0.6885416666666667 0.3648148148148148 0.6885416666666667 0.38333333333333336 0.6640625 0.38333333333333336
2 0.64375 0.4638888888888889 0.6739583333333333 0.4638888888888889 0.6739583333333333 0.4935185185185185 0.64375 0.4935185185185185
2 0.63125 0.48333333333333334 0.6723958333333333 0.48333333333333334 0.6723958333333333 0.5287037037037037 0.63125 0.5287037037037037
2 0.5869791666666667 0.6722222222222223 0.6354166666666666 0.6722222222222223 0.6354166666666666 0.7148148148148148 0.5869791666666667 0.7148148148148148
2 0.6005208333333333 0.7203703703703703 0.6479166666666667 0.7203703703703703 0.6479166666666667 0.7490740740740741 0.6005208333333333 0.7490740740740741
2 0.6338541666666667 0.6953703703703704 0.6651041666666667 0.6953703703703704 0.6651041666666667 0.7212962962962963 0.6338541666666667 0.7212962962962963
2 0.6489583333333333 0.6268518518518519 0.6817708333333333 0.6268518518518519 0.6817708333333333 0.6509259259259259 0.6489583333333333 0.6509259259259259
2 0.6520833333333333 0.6564814814814814 0.6859375 0.6564814814814814 0.6859375 0.6787037037037037 0.6520833333333333 0.6787037037037037
2 0.6796875 0.5879629629629629 0.7010416666666667 0.5879629629629629 0.7010416666666667 0.6083333333333333 0.6796875 0.6083333333333333
2 0.6859375 0.5787037037037037 0.7052083333333333 0.5787037037037037 0.7052083333333333 0.5907407407407408 0.6859375 0.5907407407407408
2 0.6854166666666667 0.6092592592592593 0.70625 0.6092592592592593 0.70625 0.6277777777777778 0.6854166666666667 0.6277777777777778
2 0.6854166666666667 0.6324074074074074 0.70625 0.6324074074074074 0.70625 0.6537037037037037 0.6854166666666667 0.6537037037037037