1 0.3776041666666667 0.2898148148148148 0.4322916666666667 0.2898148148148148 0.4322916666666667 0.40555555555555556 0.3776041666666667 0.40555555555555556
1 0.4119791666666667 0.9305555555555556 0.5135416666666667 0.9305555555555556 0.5135416666666667 1 0.4119791666666667 1
1 0.33229166666666665 0.7185185185185186 0.36770833333333336 0.7185185185185186 0.36770833333333336 0.8194444444444444 0.33229166666666665 0.8194444444444444
1 0.31354166666666666 0.3925925925925926 0.3416666666666667 0.3925925925925926 0.3416666666666667 0.44907407407407407 0.31354166666666666 0.44907407407407407
1 0.32135416666666666 0.5453703703703704 0.35885416666666664 0.5453703703703704 0.35885416666666664 0.6083333333333333 0.32135416666666666 0.6083333333333333
2 0.4822916666666667 0.062037037037037036 0.5635416666666667 0.062037037037037036 0.5635416666666667 0.1388888888888889 0.4822916666666667 0.1388888888888889
2 0.6276041666666666 0.9787037037037037 0.7338541666666667 0.9787037037037037 0.7338541666666667 1 0.6276041666666666 1
2 0.5057291666666667 0.8583333333333333 0.5885416666666666 0.8583333333333333 0.5885416666666666 0.9416666666666667 0.5057291666666667 0.9416666666666667
2 0.4546875 0.8796296296296297 0.509375 0.8796296296296297 0.509375 0.9305555555555556 0.4546875 0.9305555555555556
2 0.44427083333333334 0.8101851851851852 0.4953125 0.8101851851851852 0.4953125 0.8490740740740741 0.44427083333333334 0.8490740740740741
2 0.446875 0.7287037037037037 0.5270833333333333 0.7287037037037037 0.5270833333333333 0.7861111111111111 0.446875 0.7861111111111111
2 0.4588541666666667 0.65 0.53125 0.65 0.53125 0.7027777777777777 0.4588541666666667 0.7027777777777777
2 0.45989583333333334 0.5481481481481482 0.5447916666666667 0.5481481481481482 0.5447916666666667 0.6157407407407407 0.45989583333333334 0.6157407407407407
2 0.3807291666666667 0.7888888888888889 0.42916666666666664 0.7888888888888889 0.42916666666666664 0.8287037037037037 0.3807291666666667 0.8287037037037037
2 0.38697916666666665 0.7657407407407407 0.4359375 0.7657407407407407 0.4359375 0.8101851851851852 0.38697916666666665 0.8101851851851852
2 0.415625 0.7129629629629629 0.45989583333333334 0.7129629629629629 0.45989583333333334 0.7648148148148148 0.415625 0.7648148148148148
2 0.4015625 0.6851851851851852 0.44166666666666665 0.6851851851851852 0.44166666666666665 0.7203703703703703 0.4015625 0.7203703703703703
2 0.3765625 0.6777777777777778 0.40677083333333336 0.6777777777777778 0.40677083333333336 0.7194444444444444 0.3765625 0.7194444444444444
2 0.3703125 0.6018518518518519 0.41875 0.6018518518518519 0.41875 0.6611111111111111 0.3703125 0.6611111111111111
2 0.3229166666666667 0.6731481481481482 0.35052083333333334 0.6731481481481482 0.35052083333333334 0.6851851851851852 0.3229166666666667 0.6851851851851852
2 0.34375 0.6583333333333333 0.37447916666666664 0.6583333333333333 0.37447916666666664 0.687037037037037 0.34375 0.687037037037037
2 0.334375 0.6277777777777778 0.3609375 0.6277777777777778 0.3609375 0.6509259259259259 0.334375 0.6509259259259259
2 0.30885416666666665 0.6111111111111112 0.3375 0.6111111111111112 0.3375 0.6324074074074074 0.30885416666666665 0.6324074074074074
2 0.3046875 0.6314814814814815 0.32864583333333336 0.6314814814814815 0.32864583333333336 0.6583333333333333 0.3046875 0.6583333333333333
2 0.3296875 0.46574074074074073 0.3578125 0.46574074074074073 0.3578125 0.512962962962963 0.3296875 0.512962962962963
2 0.2989583333333333 0.5981481481481481 0.3182291666666667 0.5981481481481481 0.3182291666666667 0.6129629629629629 0.2989583333333333 0.6129629629629629
2 0.2989583333333333 0.5731481481481482 0.3182291666666667 0.5731481481481482 0.3182291666666667 0.5925925925925926 0.2989583333333333 0.5925925925925926
2 0.2989583333333333 0.5435185185185185 0.31875 0.5435185185185185 0.31875 0.562962962962963 0.2989583333333333 0.562962962962963
2 0.325 0.33240740740740743 0.3614583333333333 0.33240740740740743 0.3614583333333333 0.3685185185185185 0.325 0.3685185185185185
2 0.3223958333333333 0.2916666666666667 0.35052083333333334 0.2916666666666667 0.35052083333333334 0.3212962962962963 0.3223958333333333 0.3212962962962963
2 0.3109375 0.3148148148148148 0.3307291666666667 0.3148148148148148 0.3307291666666667 0.3314814814814815 0.3109375 0.3314814814814815
2 0.30416666666666664 0.37407407407407406 0.3223958333333333 0.37407407407407406 0.3223958333333333 0.39351851851851855 0.30416666666666664 0.39351851851851855