1 0.4859375 0 0.5885416666666666 0 0.5885416666666666 0.0712962962962963 0.4859375 0.0712962962962963
1 0.6104166666666667 0.5990740740740741 0.6572916666666667 0.5990740740740741 0.6572916666666667 0.6898148148148148 0.6104166666666667 0.6898148148148148
1 0.6359375 0.18888888888888888 0.6713541666666667 0.18888888888888888 0.6713541666666667 0.29444444444444445 0.6359375 0.29444444444444445
1 0.6182291666666667 0.38425925925925924 0.6619791666666667 0.38425925925925924 0.6619791666666667 0.4638888888888889 0.6182291666666667 0.4638888888888889
1 0.6734375 0.549074074074074 0.7005208333333334 0.549074074074074 0.7005208333333334 0.6037037037037037 0.6734375 0.6037037037037037
2 0.28177083333333336 0 0.4119791666666667 0 0.4119791666666667 0.08055555555555556 0.28177083333333336 0.08055555555555556
2 0.2557291666666667 0.14907407407407408 0.3885416666666667 0.14907407407407408 0.3885416666666667 0.2037037037037037 0.2557291666666667 0.2037037037037037
2 0.390625 0.026851851851851852 0.478125 0.026851851851851852 0.478125 0.09907407407407408 0.390625 0.09907407407407408
2 0.4328125 0.1425925925925926 0.5166666666666667 0.1425925925925926 0.5166666666666667 0.22037037037037038 0.4328125 0.22037037037037038
2 0.5088541666666667 0.10462962962962963 0.56875 0.10462962962962963 0.56875 0.1638888888888889 0.5088541666666667 0.1638888888888889
2 0.5041666666666667 0.1962962962962963 0.5609375 0.1962962962962963 0.5609375 0.25092592592592594 0.5041666666666667 0.25092592592592594
2 0.5515625 0.23796296296296296 0.5953125 0.23796296296296296 0.5953125 0.27685185185185185 0.5515625 0.27685185185185185
2 0.5369791666666667 0.3111111111111111 0.5953125 0.3111111111111111 0.5953125 0.36666666666666664 0.5369791666666667 0.36666666666666664
2 0.5994791666666667 0.275 0.6401041666666667 0.275 0.6401041666666667 0.30277777777777776 0.5994791666666667 0.30277777777777776
2 0.6359375 0.2814814814814815 0.6640625 0.2814814814814815 0.6640625 0.3138888888888889 0.6359375 0.3138888888888889
2 0.6166666666666667 0.3287037037037037 0.65 0.3287037037037037 0.65 0.36203703703703705 0.6166666666666667 0.36203703703703705
2 0.6536458333333334 0.3296296296296296 0.6895833333333333 0.3296296296296296 0.6895833333333333 0.3611111111111111 0.6536458333333334 0.3611111111111111
2 0.6473958333333333 0.3611111111111111 0.675 0.3611111111111111 0.675 0.38055555555555554 0.6473958333333333 0.38055555555555554
2 0.671875 0.43796296296296294 0.6984375 0.43796296296296294 0.6984375 0.4583333333333333 0.671875 0.4583333333333333
2 0.6729166666666667 0.4064814814814815 0.6973958333333333 0.4064814814814815 0.6973958333333333 0.42685185185185187 0.6729166666666667 0.42685185185185187
2 0.671875 0.3814814814814815 0.6973958333333333 0.3814814814814815 0.6973958333333333 0.4046296296296296 0.671875 0.4046296296296296
2 0.6854166666666667 0.36666666666666664 0.7072916666666667 0.36666666666666664 0.7072916666666667 0.38333333333333336 0.6854166666666667 0.38333333333333336
2 0.6953125 0.32685185185185184 0.7125 0.32685185185185184 0.7125 0.3453703703703704 0.6953125 0.3453703703703704
2 0.6651041666666667 0.6203703703703703 0.6942708333333333 0.6203703703703703 0.6942708333333333 0.6481481481481481 0.6651041666666667 0.6481481481481481
2 0.6421875 0.48055555555555557 0.6739583333333333 0.48055555555555557 0.6739583333333333 0.5481481481481482 0.6421875 0.5481481481481482
2 0.6708333333333333 0.6601851851851852 0.6947916666666667 0.6601851851851852 0.6947916666666667 0.6768518518518518 0.6708333333333333 0.6768518518518518
2 0.5588541666666667 0.7601851851851852 0.6057291666666667 0.7601851851851852 0.6057291666666667 0.8037037037037037 0.5588541666666667 0.8037037037037037
2 0.6953125 0.3990740740740741 0.7083333333333334 0.3990740740740741 0.7083333333333334 0.4212962962962963 0.6953125 0.4212962962962963
2 0.684375 0.6435185185185185 0.70625 0.6435185185185185 0.70625 0.6620370370370371 0.684375 0.6620370370370371