1 0.5057291666666667 0 0.6078125 0 0.6078125 0.0824074074074074 0.5057291666666667 0.0824074074074074
1 0.3609375 0.8527777777777777 0.4875 0.8527777777777777 0.4875 1 0.3609375 1
1 0.6875 0.562037037037037 0.7135416666666666 0.562037037037037 0.7135416666666666 0.6194444444444445 0.6875 0.6194444444444445
2 0.3890625 0.3055555555555556 0.4895833333333333 0.3055555555555556 0.4895833333333333 0.3990740740740741 0.3890625 0.3990740740740741
2 0.45625 0.08425925925925926 0.5359375 0.08425925925925926 0.5359375 0.16203703703703703 0.45625 0.16203703703703703
2 0.5963541666666666 0.7611111111111111 0.6380208333333334 0.7611111111111111 0.6380208333333334 0.8 0.5963541666666666 0.8
2 0.5729166666666666 0.31574074074074077 0.6270833333333333 0.31574074074074077 0.6270833333333333 0.375 0.5729166666666666 0.375
2 0.21927083333333333 0.95 0.3260416666666667 0.95 0.3260416666666667 1 0.21927083333333333 1
2 0.46979166666666666 0.22592592592592592 0.5515625 0.22592592592592592 0.5515625 0.2935185185185185 0.46979166666666666 0.2935185185185185
2 0.6494791666666667 0.600925925925926 0.6833333333333333 0.600925925925926 0.6833333333333333 0.6388888888888888 0.6494791666666667 0.6388888888888888
0 0.621875 0.22592592592592592 0.7114583333333333 0.22592592592592592 0.7114583333333333 0.3611111111111111 0.621875 0.3611111111111111
2 0.6515625 0.42314814814814816 0.6807291666666667 0.42314814814814816 0.6807291666666667 0.45555555555555555 0.6515625 0.45555555555555555
2 0.60625 0.3592592592592593 0.6515625 0.3592592592592593 0.6515625 0.412962962962963 0.60625 0.412962962962963
2 0.6395833333333333 0.7694444444444445 0.6703125 0.7694444444444445 0.6703125 0.8101851851851852 0.6395833333333333 0.8101851851851852
2 0.6411458333333333 0.40370370370370373 0.6651041666666667 0.40370370370370373 0.6651041666666667 0.43703703703703706 0.6411458333333333 0.43703703703703706
2 0.5375 0.10648148148148148 0.6072916666666667 0.10648148148148148 0.6072916666666667 0.1537037037037037 0.5375 0.1537037037037037
2 0.5192708333333333 0.75 0.5953125 0.75 0.5953125 0.8083333333333333 0.5192708333333333 0.8083333333333333
1 0.6703125 0.6407407407407407 0.703125 0.6407407407407407 0.703125 0.7203703703703703 0.6703125 0.7203703703703703