1 0.5 0 0.5989583333333334 0 0.5989583333333334 0.09444444444444444 0.5 0.09444444444444444
1 0.49270833333333336 0.2740740740740741 0.5760416666666667 0.2740740740740741 0.5760416666666667 0.43703703703703706 0.49270833333333336 0.43703703703703706
2 0.45 0.875 0.5229166666666667 0.875 0.5229166666666667 0.9537037037037037 0.45 0.9537037037037037
2 0.3796875 0.021296296296296296 0.47604166666666664 0.021296296296296296 0.47604166666666664 0.09907407407407408 0.3796875 0.09907407407407408
1 0.6463541666666667 0.18055555555555555 0.6817708333333333 0.18055555555555555 0.6817708333333333 0.29259259259259257 0.6463541666666667 0.29259259259259257
2 0.5703125 0.85 0.6166666666666667 0.85 0.6166666666666667 0.9083333333333333 0.5703125 0.9083333333333333
2 0.34791666666666665 0.7888888888888889 0.44427083333333334 0.7888888888888889 0.44427083333333334 0.9037037037037037 0.34791666666666665 0.9037037037037037
2 0.46979166666666666 0.058333333333333334 0.5354166666666667 0.058333333333333334 0.5354166666666667 0.13518518518518519 0.46979166666666666 0.13518518518518519
2 0.59375 0.2740740740740741 0.6354166666666666 0.2740740740740741 0.6354166666666666 0.32222222222222224 0.59375 0.32222222222222224
2 0.5567708333333333 0.23981481481481481 0.6020833333333333 0.23981481481481481 0.6020833333333333 0.29074074074074074 0.5567708333333333 0.29074074074074074
2 0.5244791666666667 0.7620370370370371 0.5848958333333333 0.7620370370370371 0.5848958333333333 0.8203703703703704 0.5244791666666667 0.8203703703703704
2 0.34791666666666665 0.14444444444444443 0.45677083333333335 0.14444444444444443 0.45677083333333335 0.23055555555555557 0.34791666666666665 0.23055555555555557
2 0.5848958333333333 0.3425925925925926 0.6296875 0.3425925925925926 0.6296875 0.387037037037037 0.5848958333333333 0.387037037037037
2 0.6390625 0.34629629629629627 0.6713541666666667 0.34629629629629627 0.6713541666666667 0.387037037037037 0.6390625 0.387037037037037
2 0.64375 0.4351851851851852 0.671875 0.4351851851851852 0.671875 0.46574074074074073 0.64375 0.46574074074074073
2 0.7036458333333333 0.43333333333333335 0.7213541666666666 0.43333333333333335 0.7213541666666666 0.45555555555555555 0.7036458333333333 0.45555555555555555
2 0.6296875 0.4 0.665625 0.4 0.665625 0.43703703703703706 0.6296875 0.43703703703703706
2 0.69375 0.45925925925925926 0.7125 0.45925925925925926 0.7125 0.4842592592592593 0.69375 0.4842592592592593
2 0.6567708333333333 0.675 0.6828125 0.675 0.6828125 0.7064814814814815 0.6567708333333333 0.7064814814814815
2 0.6822916666666666 0.48518518518518516 0.7072916666666667 0.48518518518518516 0.7072916666666667 0.5111111111111111 0.6822916666666666 0.5111111111111111
2 0.6864583333333333 0.6416666666666667 0.7109375 0.6416666666666667 0.7109375 0.6694444444444444 0.6864583333333333 0.6694444444444444