1 0.13854166666666667 0.3074074074074074 0.25677083333333334 0.3074074074074074 0.25677083333333334 0.4888888888888889 0.13854166666666667 0.4888888888888889
0 0.2296875 0.2962962962962963 0.3932291666666667 0.2962962962962963 0.3932291666666667 0.524074074074074 0.2296875 0.524074074074074
1 0.43854166666666666 0.17314814814814813 0.48489583333333336 0.17314814814814813 0.48489583333333336 0.24259259259259258 0.43854166666666666 0.24259259259259258
2 0.165625 0.6907407407407408 0.24947916666666667 0.6907407407407408 0.24947916666666667 0.9351851851851852 0.165625 0.9351851851851852
2 0.7994791666666666 0.6055555555555555 0.86875 0.6055555555555555 0.86875 0.8092592592592592 0.7994791666666666 0.8092592592592592
2 0.6635416666666667 0.36203703703703705 0.7005208333333334 0.36203703703703705 0.7005208333333334 0.4648148148148148 0.6635416666666667 0.4648148148148148
2 0.78125 0.387037037037037 0.821875 0.387037037037037 0.821875 0.49907407407407406 0.78125 0.49907407407407406
2 0.0109375 0.5444444444444444 0.090625 0.5444444444444444 0.090625 0.7111111111111111 0.0109375 0.7111111111111111
2 0.63125 0.4601851851851852 0.6791666666666667 0.4601851851851852 0.6791666666666667 0.587037037037037 0.63125 0.587037037037037
2 0.5604166666666667 0.21388888888888888 0.5838541666666667 0.21388888888888888 0.5838541666666667 0.287962962962963 0.5604166666666667 0.287962962962963
2 0.45364583333333336 0.2537037037037037 0.4786458333333333 0.2537037037037037 0.4786458333333333 0.325 0.45364583333333336 0.325
2 0.4234375 0.3925925925925926 0.459375 0.3925925925925926 0.459375 0.5101851851851852 0.4234375 0.5101851851851852
2 0.39739583333333334 0.1675925925925926 0.4140625 0.1675925925925926 0.4140625 0.21203703703703702 0.39739583333333334 0.21203703703703702
2 0.6994791666666667 0.28703703703703703 0.728125 0.28703703703703703 0.728125 0.375 0.6994791666666667 0.375
2 0.6802083333333333 0.21851851851851853 0.7052083333333333 0.21851851851851853 0.7052083333333333 0.2935185185185185 0.6802083333333333 0.2935185185185185
2 0.5911458333333334 0.14351851851851852 0.6072916666666667 0.14351851851851852 0.6072916666666667 0.1925925925925926 0.5911458333333334 0.1925925925925926
2 0.4510416666666667 0.3175925925925926 0.48072916666666665 0.3175925925925926 0.48072916666666665 0.4185185185185185 0.4510416666666667 0.4185185185185185
1 0.6057291666666667 0.20092592592592592 0.6614583333333334 0.20092592592592592 0.6614583333333334 0.2935185185185185 0.6057291666666667 0.2935185185185185
2 0.8645833333333334 0.4305555555555556 0.9171875 0.4305555555555556 0.9171875 0.5879629629629629 0.8645833333333334 0.5879629629629629
2 0.6067708333333334 0.5907407407407408 0.6520833333333333 0.5907407407407408 0.6520833333333333 0.8046296296296296 0.6067708333333334 0.8046296296296296
2 0.3385416666666667 0.7074074074074074 0.39427083333333335 0.7074074074074074 0.39427083333333335 0.9722222222222222 0.3385416666666667 0.9722222222222222
2 0.3828125 0.19166666666666668 0.4005208333333333 0.19166666666666668 0.4005208333333333 0.26296296296296295 0.3828125 0.26296296296296295