1 0.37395833333333334 0.5425925925925926 0.43125 0.5425925925925926 0.43125 0.6537037037037037 0.37395833333333334 0.6537037037037037
1 0.396875 0.9064814814814814 0.49635416666666665 0.9064814814814814 0.49635416666666665 1 0.396875 1
1 0.3177083333333333 0.6972222222222222 0.353125 0.6972222222222222 0.353125 0.8157407407407408 0.3177083333333333 0.8157407407407408
2 0.5140625 0.9685185185185186 0.6026041666666667 0.9685185185185186 0.6026041666666667 1 0.5140625 1
2 0.4 0.7518518518518519 0.4453125 0.7518518518518519 0.4453125 0.8064814814814815 0.4 0.8064814814814815
2 0.43854166666666666 0.7777777777777778 0.48489583333333336 0.7777777777777778 0.48489583333333336 0.8333333333333334 0.43854166666666666 0.8333333333333334
2 0.5838541666666667 0.762962962962963 0.7223958333333333 0.762962962962963 0.7223958333333333 0.8907407407407407 0.5838541666666667 0.8907407407407407
2 0.3546875 0.6481481481481481 0.38958333333333334 0.6481481481481481 0.38958333333333334 0.6833333333333333 0.3546875 0.6833333333333333
2 0.31979166666666664 0.25833333333333336 0.35520833333333335 0.25833333333333336 0.35520833333333335 0.30092592592592593 0.31979166666666664 0.30092592592592593
2 0.4078125 0.6601851851851852 0.46458333333333335 0.6601851851851852 0.46458333333333335 0.7231481481481481 0.4078125 0.7231481481481481
1 0.2942708333333333 0.3314814814814815 0.3729166666666667 0.3314814814814815 0.3729166666666667 0.43148148148148147 0.2942708333333333 0.43148148148148147
2 0.35208333333333336 0.15462962962962962 0.3921875 0.15462962962962962 0.3921875 0.19722222222222222 0.35208333333333336 0.19722222222222222
2 0.31666666666666665 0.4685185185185185 0.3515625 0.4685185185185185 0.3515625 0.5055555555555555 0.31666666666666665 0.5055555555555555
2 0.31197916666666664 0.55 0.3411458333333333 0.55 0.3411458333333333 0.5805555555555556 0.31197916666666664 0.5805555555555556
2 0.46822916666666664 0.7166666666666667 0.5411458333333333 0.7166666666666667 0.5411458333333333 0.7953703703703704 0.46822916666666664 0.7953703703703704
2 0.34739583333333335 0.22037037037037038 0.3875 0.22037037037037038 0.3875 0.26296296296296295 0.34739583333333335 0.26296296296296295
2 0.4473958333333333 0.9 0.5130208333333334 0.9 0.5130208333333334 0.9675925925925926 0.4473958333333333 0.9675925925925926
2 0.3026041666666667 0.5157407407407407 0.32864583333333336 0.5157407407407407 0.32864583333333336 0.5416666666666666 0.3026041666666667 0.5416666666666666
2 0.6369791666666667 0 0.778125 0 0.778125 0.06111111111111111 0.6369791666666667 0.06111111111111111
2 0.32447916666666665 0.6027777777777777 0.3494791666666667 0.6027777777777777 0.3494791666666667 0.6287037037037037 0.32447916666666665 0.6287037037037037
2 0.3104166666666667 0.5898148148148148 0.3333333333333333 0.5898148148148148 0.3333333333333333 0.6166666666666667 0.3104166666666667 0.6166666666666667
2 0.33125 0.5685185185185185 0.37135416666666665 0.5685185185185185 0.37135416666666665 0.6083333333333333 0.33125 0.6083333333333333