1 0.3984375 0.9074074074074074 0.49947916666666664 0.9074074074074074 0.49947916666666664 1 0.3984375 1
1 0.3171875 0.6990740740740741 0.35260416666666666 0.6990740740740741 0.35260416666666666 0.7944444444444444 0.3171875 0.7944444444444444
1 0.2875 0.5 0.3104166666666667 0.5 0.3104166666666667 0.5481481481481482 0.2875 0.5481481481481482
2 0.5885416666666666 0.9564814814814815 0.7302083333333333 0.9564814814814815 0.7302083333333333 1 0.5885416666666666 1
2 0.4640625 0.8842592592592593 0.5713541666666667 0.8842592592592593 0.5713541666666667 0.9722222222222222 0.4640625 0.9722222222222222
2 0.5765625 0.7611111111111111 0.715625 0.7611111111111111 0.715625 0.8592592592592593 0.5765625 0.8592592592592593
2 0.4317708333333333 0.737037037037037 0.509375 0.737037037037037 0.509375 0.8185185185185185 0.4317708333333333 0.8185185185185185
2 0.3807291666666667 0.7148148148148148 0.4348958333333333 0.7148148148148148 0.4348958333333333 0.7601851851851852 0.3807291666666667 0.7601851851851852
2 0.35520833333333335 0.6842592592592592 0.396875 0.6842592592592592 0.396875 0.7157407407407408 0.35520833333333335 0.7157407407407408
2 0.38645833333333335 0.6518518518518519 0.4515625 0.6518518518518519 0.4515625 0.6935185185185185 0.38645833333333335 0.6935185185185185
2 0.40729166666666666 0.6166666666666667 0.4786458333333333 0.6166666666666667 0.4786458333333333 0.6435185185185185 0.40729166666666666 0.6435185185185185
2 0.378125 0.5833333333333334 0.44479166666666664 0.5833333333333334 0.44479166666666664 0.6166666666666667 0.378125 0.6166666666666667
2 0.3489583333333333 0.5222222222222223 0.3953125 0.5222222222222223 0.3953125 0.5527777777777778 0.3489583333333333 0.5527777777777778
2 0.346875 0.6074074074074074 0.384375 0.6074074074074074 0.384375 0.637962962962963 0.346875 0.637962962962963
2 0.325 0.5953703703703703 0.3515625 0.5953703703703703 0.3515625 0.6166666666666667 0.325 0.6166666666666667
2 0.3177083333333333 0.6712962962962963 0.34375 0.6712962962962963 0.34375 0.6898148148148148 0.3177083333333333 0.6898148148148148
2 0.3125 0.6453703703703704 0.34010416666666665 0.6453703703703704 0.34010416666666665 0.6620370370370371 0.3125 0.6620370370370371
2 0.31666666666666665 0.6212962962962963 0.34270833333333334 0.6212962962962963 0.34270833333333334 0.6407407407407407 0.31666666666666665 0.6407407407407407
2 0.31927083333333334 0.5527777777777778 0.35 0.5527777777777778 0.35 0.5768518518518518 0.31927083333333334 0.5768518518518518
2 0.3140625 0.5185185185185185 0.340625 0.5185185185185185 0.340625 0.5453703703703704 0.3140625 0.5453703703703704
2 0.30104166666666665 0.5453703703703704 0.3234375 0.5453703703703704 0.3234375 0.5583333333333333 0.30104166666666665 0.5583333333333333
2 0.3020833333333333 0.5814814814814815 0.3260416666666667 0.5814814814814815 0.3260416666666667 0.5981481481481481 0.3020833333333333 0.5981481481481481
2 0.32395833333333335 0.27870370370370373 0.3578125 0.27870370370370373 0.3578125 0.29814814814814816 0.32395833333333335 0.29814814814814816
2 0.31927083333333334 0.23148148148148148 0.3494791666666667 0.23148148148148148 0.3494791666666667 0.25092592592592594 0.31927083333333334 0.25092592592592594
2 0.30833333333333335 0.2722222222222222 0.3302083333333333 0.2722222222222222 0.3302083333333333 0.2916666666666667 0.30833333333333335 0.2916666666666667
2 0.30625 0.3175925925925926 0.33177083333333335 0.3175925925925926 0.33177083333333335 0.34629629629629627 0.30625 0.34629629629629627
2 0.284375 0.3111111111111111 0.30833333333333335 0.3111111111111111 0.30833333333333335 0.33611111111111114 0.284375 0.33611111111111114
2 0.27708333333333335 0.48055555555555557 0.2994791666666667 0.48055555555555557 0.2994791666666667 0.4981481481481482 0.27708333333333335 0.4981481481481482
2 0.284375 0.5564814814814815 0.30572916666666666 0.5564814814814815 0.30572916666666666 0.5731481481481482 0.284375 0.5731481481481482
2 0.2796875 0.5842592592592593 0.29791666666666666 0.5842592592592593 0.29791666666666666 0.6 0.2796875 0.6
1 0.2833333333333333 0.2074074074074074 0.309375 0.2074074074074074 0.309375 0.29074074074074074 0.2833333333333333 0.29074074074074074