1 0.1453125 0.31851851851851853 0.2708333333333333 0.31851851851851853 0.2708333333333333 0.49074074074074076 0.1453125 0.49074074074074076
1 0.32760416666666664 0.44814814814814813 0.44635416666666666 0.44814814814814813 0.44635416666666666 0.649074074074074 0.32760416666666664 0.649074074074074
1 0.3203125 0.17777777777777778 0.38385416666666666 0.17777777777777778 0.38385416666666666 0.23981481481481481 0.3203125 0.23981481481481481
2 0.022916666666666665 0.6842592592592592 0.10052083333333334 0.6842592592592592 0.10052083333333334 0.9009259259259259 0.022916666666666665 0.9009259259259259
2 0.6677083333333333 0.24814814814814815 0.6942708333333333 0.24814814814814815 0.6942708333333333 0.3212962962962963 0.6677083333333333 0.3212962962962963
2 0.6260416666666667 0.27314814814814814 0.6520833333333333 0.27314814814814814 0.6520833333333333 0.35648148148148145 0.6260416666666667 0.35648148148148145
2 0.34739583333333335 0.2953703703703704 0.37916666666666665 0.2953703703703704 0.37916666666666665 0.387037037037037 0.34739583333333335 0.387037037037037
2 0.6630208333333333 0.3490740740740741 0.6989583333333333 0.3490740740740741 0.6989583333333333 0.4425925925925926 0.6630208333333333 0.4425925925925926
2 0.3125 0.3768518518518518 0.346875 0.3768518518518518 0.346875 0.4842592592592593 0.3125 0.4842592592592593
2 0.6260416666666667 0.40185185185185185 0.6619791666666667 0.40185185185185185 0.6619791666666667 0.5185185185185185 0.6260416666666667 0.5185185185185185
2 0.13697916666666668 0.7157407407407408 0.21041666666666667 0.7157407407407408 0.21041666666666667 0.9268518518518518 0.13697916666666668 0.9268518518518518
2 0.1890625 0.5592592592592592 0.2390625 0.5592592592592592 0.2390625 0.6962962962962963 0.1890625 0.6962962962962963
2 0.4588541666666667 0.2074074074074074 0.4791666666666667 0.2074074074074074 0.4791666666666667 0.2814814814814815 0.4588541666666667 0.2814814814814815
2 0.5109375 0.18425925925925926 0.5401041666666667 0.18425925925925926 0.5401041666666667 0.24814814814814815 0.5109375 0.24814814814814815
2 0.38333333333333336 0.32222222222222224 0.4119791666666667 0.32222222222222224 0.4119791666666667 0.4148148148148148 0.38333333333333336 0.4148148148148148
2 0.5880208333333333 0.15 0.6046875 0.15 0.6046875 0.1962962962962963 0.5880208333333333 0.1962962962962963
2 0.4875 0.14351851851851852 0.5041666666666667 0.14351851851851852 0.5041666666666667 0.18796296296296297 0.4875 0.18796296296296297
2 0.43385416666666665 0.24814814814814815 0.45625 0.24814814814814815 0.45625 0.3148148148148148 0.43385416666666665 0.3148148148148148
2 0.38697916666666665 0.2361111111111111 0.40729166666666666 0.2361111111111111 0.40729166666666666 0.31666666666666665 0.38697916666666665 0.31666666666666665
2 0.6161458333333333 0.14166666666666666 0.63125 0.14166666666666666 0.63125 0.20555555555555555 0.6161458333333333 0.20555555555555555