1 0.13489583333333333 0.3453703703703704 0.25729166666666664 0.3453703703703704 0.25729166666666664 0.525 0.13489583333333333 0.525
1 0.5557291666666667 0.24074074074074073 0.6119791666666666 0.24074074074074073 0.6119791666666666 0.33055555555555555 0.5557291666666667 0.33055555555555555
1 0.3234375 0.19907407407407407 0.3802083333333333 0.19907407407407407 0.3802083333333333 0.26296296296296295 0.3234375 0.26296296296296295
1 0.4375 0.20092592592592592 0.47552083333333334 0.20092592592592592 0.47552083333333334 0.2740740740740741 0.4375 0.2740740740740741
1 0.5286458333333334 0.15185185185185185 0.5578125 0.15185185185185185 0.5578125 0.1962962962962963 0.5286458333333334 0.1962962962962963
1 0.871875 0.2212962962962963 0.9541666666666667 0.2212962962962963 0.9541666666666667 0.3037037037037037 0.871875 0.3037037037037037
1 0.6505208333333333 0.14814814814814814 0.696875 0.14814814814814814 0.696875 0.19722222222222222 0.6505208333333333 0.19722222222222222
2 0.20572916666666666 0.4740740740740741 0.24375 0.4740740740740741 0.24375 0.6314814814814815 0.20572916666666666 0.6314814814814815
2 0.050520833333333334 0.7 0.13072916666666667 0.7 0.13072916666666667 0.9416666666666667 0.050520833333333334 0.9416666666666667
2 0.14895833333333333 0.7018518518518518 0.2203125 0.7018518518518518 0.2203125 0.9166666666666666 0.14895833333333333 0.9166666666666666
2 0.3807291666666667 0.612037037037037 0.42135416666666664 0.612037037037037 0.42135416666666664 0.8101851851851852 0.3807291666666667 0.8101851851851852
2 0.33697916666666666 0.5370370370370371 0.38229166666666664 0.5370370370370371 0.38229166666666664 0.7416666666666667 0.33697916666666666 0.7416666666666667
2 0.26979166666666665 0.5287037037037037 0.315625 0.5287037037037037 0.315625 0.7 0.26979166666666665 0.7
2 0.26666666666666666 0.4722222222222222 0.3 0.4722222222222222 0.3 0.5805555555555556 0.26666666666666666 0.5805555555555556
2 0.28854166666666664 0.3138888888888889 0.31927083333333334 0.3138888888888889 0.31927083333333334 0.3861111111111111 0.28854166666666664 0.3861111111111111
2 0.30104166666666665 0.33425925925925926 0.3302083333333333 0.33425925925925926 0.3302083333333333 0.44907407407407407 0.30104166666666665 0.44907407407407407
2 0.3234375 0.4074074074074074 0.35833333333333334 0.4074074074074074 0.35833333333333334 0.5351851851851852 0.3234375 0.5351851851851852
2 0.35 0.35648148148148145 0.3765625 0.35648148148148145 0.3765625 0.4601851851851852 0.35 0.4601851851851852
2 0.3640625 0.2916666666666667 0.3880208333333333 0.2916666666666667 0.3880208333333333 0.3861111111111111 0.3640625 0.3861111111111111
2 0.403125 0.2916666666666667 0.43020833333333336 0.2916666666666667 0.43020833333333336 0.3824074074074074 0.403125 0.3824074074074074
2 0.384375 0.23703703703703705 0.39739583333333334 0.23703703703703705 0.39739583333333334 0.3055555555555556 0.384375 0.3055555555555556
2 0.3828125 0.2037037037037037 0.39739583333333334 0.2037037037037037 0.39739583333333334 0.26851851851851855 0.3828125 0.26851851851851855
2 0.40572916666666664 0.2175925925925926 0.4192708333333333 0.2175925925925926 0.4192708333333333 0.2833333333333333 0.40572916666666664 0.2833333333333333
2 0.6604166666666667 0.35462962962962963 0.6911458333333333 0.35462962962962963 0.6911458333333333 0.4787037037037037 0.6604166666666667 0.4787037037037037
2 0.8963541666666667 0.6787037037037037 0.9578125 0.6787037037037037 0.9578125 0.8981481481481481 0.8963541666666667 0.8981481481481481
2 0.4083333333333333 0.15833333333333333 0.4234375 0.15833333333333333 0.4234375 0.21296296296296297 0.4083333333333333 0.21296296296296297
2 0.42291666666666666 0.17222222222222222 0.434375 0.17222222222222222 0.434375 0.22777777777777777 0.42291666666666666 0.22777777777777777
2 0.434375 0.1425925925925926 0.4432291666666667 0.1425925925925926 0.4432291666666667 0.1935185185185185 0.434375 0.1935185185185185
2 0.49583333333333335 0.19166666666666668 0.5229166666666667 0.19166666666666668 0.5229166666666667 0.2462962962962963 0.49583333333333335 0.2462962962962963
2 0.46458333333333335 0.1425925925925926 0.478125 0.1425925925925926 0.478125 0.1824074074074074 0.46458333333333335 0.1824074074074074
2 0.4505208333333333 0.14351851851851852 0.4588541666666667 0.14351851851851852 0.4588541666666667 0.18425925925925926 0.4505208333333333 0.18425925925925926
2 0.428125 0.12777777777777777 0.4359375 0.12777777777777777 0.4359375 0.16111111111111112 0.428125 0.16111111111111112
2 0.5697916666666667 0.16666666666666666 0.5854166666666667 0.16666666666666666 0.5854166666666667 0.21851851851851853 0.5697916666666667 0.21851851851851853
2 0.59375 0.16296296296296298 0.6067708333333334 0.16296296296296298 0.6067708333333334 0.21296296296296297 0.59375 0.21296296296296297
2 0.584375 0.15185185185185185 0.5953125 0.15185185185185185 0.5953125 0.18333333333333332 0.584375 0.18333333333333332
2 0.5578125 0.13796296296296295 0.5703125 0.13796296296296295 0.5703125 0.16944444444444445 0.5578125 0.16944444444444445