1 0.4036458333333333 0.9101851851851852 0.503125 0.9101851851851852 0.503125 1 0.4036458333333333 1
1 0.31875 0.6962962962962963 0.35520833333333335 0.6962962962962963 0.35520833333333335 0.799074074074074 0.31875 0.799074074074074
1 0.2796875 0.49444444444444446 0.3015625 0.49444444444444446 0.3015625 0.5407407407407407 0.2796875 0.5407407407407407
2 0.5541666666666667 0.7870370370370371 0.6739583333333333 0.7870370370370371 0.6739583333333333 0.8953703703703704 0.5541666666666667 0.8953703703703704
2 0.4640625 0.8768518518518519 0.5390625 0.8768518518518519 0.5390625 0.9527777777777777 0.4640625 0.9527777777777777
2 0.44947916666666665 0.7611111111111111 0.5171875 0.7611111111111111 0.5171875 0.8083333333333333 0.44947916666666665 0.8083333333333333
2 0.4036458333333333 0.7675925925925926 0.45416666666666666 0.7675925925925926 0.45416666666666666 0.8148148148148148 0.4036458333333333 0.8148148148148148
2 0.4317708333333333 0.6518518518518519 0.5192708333333333 0.6518518518518519 0.5192708333333333 0.7101851851851851 0.4317708333333333 0.7101851851851851
2 0.3484375 0.6675925925925926 0.3770833333333333 0.6675925925925926 0.3770833333333333 0.6907407407407408 0.3484375 0.6907407407407408
2 0.3671875 0.65 0.4166666666666667 0.65 0.4166666666666667 0.6824074074074075 0.3671875 0.6824074074074075
2 0.34739583333333335 0.6138888888888889 0.3880208333333333 0.6138888888888889 0.3880208333333333 0.6351851851851852 0.34739583333333335 0.6351851851851852
2 0.340625 0.5694444444444444 0.37447916666666664 0.5694444444444444 0.37447916666666664 0.5879629629629629 0.340625 0.5879629629629629
2 0.35052083333333334 0.5472222222222223 0.3958333333333333 0.5472222222222223 0.3958333333333333 0.5796296296296296 0.35052083333333334 0.5796296296296296
2 0.3302083333333333 0.6407407407407407 0.35833333333333334 0.6407407407407407 0.35833333333333334 0.662962962962963 0.3302083333333333 0.662962962962963
2 0.3182291666666667 0.6555555555555556 0.34479166666666666 0.6555555555555556 0.34479166666666666 0.6777777777777778 0.3182291666666667 0.6777777777777778
2 0.30572916666666666 0.6037037037037037 0.32760416666666664 0.6037037037037037 0.32760416666666664 0.6185185185185185 0.30572916666666666 0.6185185185185185
2 0.31197916666666664 0.5925925925925926 0.3375 0.5925925925925926 0.3375 0.6092592592592593 0.31197916666666664 0.6092592592592593
2 0.31979166666666664 0.5777777777777777 0.3489583333333333 0.5777777777777777 0.3489583333333333 0.6 0.31979166666666664 0.6
2 0.30520833333333336 0.575925925925926 0.32916666666666666 0.575925925925926 0.32916666666666666 0.5879629629629629 0.30520833333333336 0.5879629629629629
2 0.3177083333333333 0.5175925925925926 0.3463541666666667 0.5175925925925926 0.3463541666666667 0.5324074074074074 0.3177083333333333 0.5324074074074074
2 0.30052083333333335 0.5546296296296296 0.325 0.5546296296296296 0.325 0.5740740740740741 0.30052083333333335 0.5740740740740741
2 0.2989583333333333 0.5277777777777778 0.31666666666666665 0.5277777777777778 0.31666666666666665 0.5416666666666666 0.2989583333333333 0.5416666666666666
2 0.290625 0.5453703703703704 0.3104166666666667 0.5453703703703704 0.3104166666666667 0.5583333333333333 0.290625 0.5583333333333333
2 0.29322916666666665 0.5861111111111111 0.30885416666666665 0.5861111111111111 0.30885416666666665 0.5972222222222222 0.29322916666666665 0.5972222222222222
2 0.30885416666666665 0.32685185185185184 0.3416666666666667 0.32685185185185184 0.3416666666666667 0.362962962962963 0.30885416666666665 0.362962962962963
2 0.3145833333333333 0.2935185185185185 0.3411458333333333 0.2935185185185185 0.3411458333333333 0.31574074074074077 0.3145833333333333 0.31574074074074077
2 0.30052083333333335 0.2814814814814815 0.32447916666666665 0.2814814814814815 0.32447916666666665 0.30277777777777776 0.30052083333333335 0.30277777777777776
2 0.3302083333333333 0.2101851851851852 0.35885416666666664 0.2101851851851852 0.35885416666666664 0.23703703703703705 0.3302083333333333 0.23703703703703705
2 0.3484375 0.22685185185185186 0.3953125 0.22685185185185186 0.3953125 0.2611111111111111 0.3484375 0.2611111111111111
1 0.28958333333333336 0.14629629629629629 0.315625 0.14629629629629629 0.315625 0.24537037037037038 0.28958333333333336 0.24537037037037038