1 0.31666666666666665 0.1685185185185185 0.48385416666666664 0.1685185185185185 0.48385416666666664 0.4083333333333333 0.31666666666666665 0.4083333333333333
1 0.49895833333333334 0 0.5979166666666667 0 0.5979166666666667 0.08611111111111111 0.49895833333333334 0.08611111111111111
1 0.6427083333333333 0.20277777777777778 0.678125 0.20277777777777778 0.678125 0.30462962962962964 0.6427083333333333 0.30462962962962964
2 0.5197916666666667 0.8435185185185186 0.584375 0.8435185185185186 0.584375 0.8925925925925926 0.5197916666666667 0.8925925925925926
2 0.5932291666666667 0.8064814814814815 0.6375 0.8064814814814815 0.6375 0.8324074074074074 0.5932291666666667 0.8324074074074074
2 0.6359375 0.7490740740740741 0.671875 0.7490740740740741 0.671875 0.7759259259259259 0.6359375 0.7759259259259259
2 0.48125 0.0787037037037037 0.5609375 0.0787037037037037 0.5609375 0.12962962962962962 0.48125 0.12962962962962962
2 0.45416666666666666 0.16666666666666666 0.5369791666666667 0.16666666666666666 0.5369791666666667 0.2175925925925926 0.45416666666666666 0.2175925925925926
2 0.56875 0.21296296296296297 0.6270833333333333 0.21296296296296297 0.6270833333333333 0.25833333333333336 0.56875 0.25833333333333336
2 0.5890625 0.3138888888888889 0.6364583333333333 0.3138888888888889 0.6364583333333333 0.34629629629629627 0.5890625 0.34629629629629627
2 0.5546875 0.3509259259259259 0.6083333333333333 0.3509259259259259 0.6083333333333333 0.3824074074074074 0.5546875 0.3824074074074074
2 0.596875 0.375 0.646875 0.375 0.646875 0.4064814814814815 0.596875 0.4064814814814815
2 0.6171875 0.28703703703703703 0.6614583333333334 0.28703703703703703 0.6614583333333334 0.32222222222222224 0.6171875 0.32222222222222224
2 0.675 0.3351851851851852 0.7026041666666667 0.3351851851851852 0.7026041666666667 0.34814814814814815 0.675 0.34814814814814815
2 0.6515625 0.3611111111111111 0.6817708333333333 0.3611111111111111 0.6817708333333333 0.3731481481481482 0.6515625 0.3731481481481482
2 0.6447916666666667 0.39814814814814814 0.6786458333333333 0.39814814814814814 0.6786458333333333 0.42407407407407405 0.6447916666666667 0.42407407407407405
2 0.6614583333333334 0.42962962962962964 0.6927083333333334 0.42962962962962964 0.6927083333333334 0.4527777777777778 0.6614583333333334 0.4527777777777778
2 0.6645833333333333 0.4759259259259259 0.69375 0.4759259259259259 0.69375 0.4935185185185185 0.6645833333333333 0.4935185185185185
2 0.6822916666666666 0.4787037037037037 0.7057291666666666 0.4787037037037037 0.7057291666666666 0.5 0.6822916666666666 0.5
2 0.6854166666666667 0.41574074074074074 0.70625 0.41574074074074074 0.70625 0.43425925925925923 0.6854166666666667 0.43425925925925923
2 0.6885416666666667 0.3972222222222222 0.7088541666666667 0.3972222222222222 0.7088541666666667 0.40925925925925927 0.6885416666666667 0.40925925925925927
2 0.6713541666666667 0.37962962962962965 0.6958333333333333 0.37962962962962965 0.6958333333333333 0.39351851851851855 0.6713541666666667 0.39351851851851855
2 0.6817708333333333 0.35833333333333334 0.7026041666666667 0.35833333333333334 0.7026041666666667 0.3824074074074074 0.6817708333333333 0.3824074074074074
2 0.6958333333333333 0.45092592592592595 0.7145833333333333 0.45092592592592595 0.7145833333333333 0.46944444444444444 0.6958333333333333 0.46944444444444444
2 0.6953125 0.43148148148148147 0.7104166666666667 0.43148148148148147 0.7104166666666667 0.44537037037037036 0.6953125 0.44537037037037036
2 0.6479166666666667 0.6046296296296296 0.6807291666666667 0.6046296296296296 0.6807291666666667 0.6666666666666666 0.6479166666666667 0.6666666666666666
2 0.6864583333333333 0.6527777777777778 0.7151041666666667 0.6527777777777778 0.7151041666666667 0.6787037037037037 0.6864583333333333 0.6787037037037037
1 0.6770833333333334 0.7638888888888888 0.709375 0.7638888888888888 0.709375 0.8805555555555555 0.6770833333333334 0.8805555555555555
1 0.684375 0.5796296296296296 0.715625 0.5796296296296296 0.715625 0.6333333333333333 0.684375 0.6333333333333333