1 0.4010416666666667 0.9037037037037037 0.5 0.9037037037037037 0.5 1 0.4010416666666667 1
1 0.42916666666666664 0.5712962962962963 0.5140625 0.5712962962962963 0.5140625 0.7425925925925926 0.42916666666666664 0.7425925925925926
2 0.46875 0.06018518518518518 0.5380208333333333 0.06018518518518518 0.5380208333333333 0.1361111111111111 0.46875 0.1361111111111111
2 0.3796875 0.1 0.42239583333333336 0.1 0.42239583333333336 0.1574074074074074 0.3796875 0.1574074074074074
1 0.3182291666666667 0.7092592592592593 0.3536458333333333 0.7092592592592593 0.3536458333333333 0.8203703703703704 0.3182291666666667 0.8203703703703704
2 0.4010416666666667 0.7166666666666667 0.4479166666666667 0.7166666666666667 0.4479166666666667 0.7675925925925926 0.4010416666666667 0.7675925925925926
2 0.5328125 0.9083333333333333 0.6276041666666666 0.9083333333333333 0.6276041666666666 0.9962962962962963 0.5328125 0.9962962962962963
2 0.46927083333333336 0.8759259259259259 0.5307291666666667 0.8759259259259259 0.5307291666666667 0.9518518518518518 0.46927083333333336 0.9518518518518518
2 0.4125 0.18611111111111112 0.47291666666666665 0.18611111111111112 0.47291666666666665 0.24351851851851852 0.4125 0.24351851851851852
2 0.36614583333333334 0.6805555555555556 0.409375 0.6805555555555556 0.409375 0.7305555555555555 0.36614583333333334 0.7305555555555555
2 0.5557291666666667 0.7796296296296297 0.6697916666666667 0.7796296296296297 0.6697916666666667 0.8768518518518519 0.5557291666666667 0.8768518518518519
2 0.2791666666666667 0.5462962962962963 0.296875 0.5462962962962963 0.296875 0.5685185185185185 0.2791666666666667 0.5685185185185185
2 0.3265625 0.5351851851851852 0.35989583333333336 0.5351851851851852 0.35989583333333336 0.5666666666666667 0.3265625 0.5666666666666667
2 0.3723958333333333 0.6166666666666667 0.4171875 0.6166666666666667 0.4171875 0.662962962962963 0.3723958333333333 0.662962962962963
2 0.3385416666666667 0.5666666666666667 0.37447916666666664 0.5666666666666667 0.37447916666666664 0.6037037037037037 0.3385416666666667 0.6037037037037037
2 0.3145833333333333 0.23333333333333334 0.34479166666666666 0.23333333333333334 0.34479166666666666 0.26666666666666666 0.3145833333333333 0.26666666666666666
2 0.29375 0.4898148148148148 0.3182291666666667 0.4898148148148148 0.3182291666666667 0.5157407407407407 0.29375 0.5157407407407407
2 0.5380208333333333 0.11018518518518519 0.6296875 0.11018518518518519 0.6296875 0.22314814814814815 0.5380208333333333 0.22314814814814815
2 0.315625 0.2953703703703704 0.3421875 0.2953703703703704 0.3421875 0.32685185185185184 0.315625 0.32685185185185184
2 0.3302083333333333 0.6157407407407407 0.3619791666666667 0.6157407407407407 0.3619791666666667 0.6527777777777778 0.3302083333333333 0.6527777777777778
2 0.2890625 0.33611111111111114 0.3125 0.33611111111111114 0.3125 0.362962962962963 0.2890625 0.362962962962963
2 0.3078125 0.29444444444444445 0.3302083333333333 0.29444444444444445 0.3302083333333333 0.325 0.3078125 0.325