1 0.14375 0.3138888888888889 0.26979166666666665 0.3138888888888889 0.26979166666666665 0.487962962962963 0.14375 0.487962962962963
1 0.3229166666666667 0.175 0.39010416666666664 0.175 0.39010416666666664 0.2361111111111111 0.3229166666666667 0.2361111111111111
2 0.23958333333333334 0.5712962962962963 0.30104166666666665 0.5712962962962963 0.30104166666666665 0.7611111111111111 0.23958333333333334 0.7611111111111111
2 0.7796875 0.600925925925926 0.8385416666666666 0.600925925925926 0.8385416666666666 0.7759259259259259 0.7796875 0.7759259259259259
2 0.9395833333333333 0.7444444444444445 1 0.7444444444444445 1 0.9675925925925926 0.9395833333333333 0.9675925925925926
2 0.0921875 0.7055555555555556 0.16927083333333334 0.7055555555555556 0.16927083333333334 0.9231481481481482 0.0921875 0.9231481481481482
2 0.6604166666666667 0.5018518518518519 0.7119791666666667 0.5018518518518519 0.7119791666666667 0.6481481481481481 0.6604166666666667 0.6481481481481481
2 0.17760416666666667 0.7842592592592592 0.24947916666666667 0.7842592592592592 0.24947916666666667 0.9962962962962963 0.17760416666666667 0.9962962962962963
2 0.5916666666666667 0.325 0.6234375 0.325 0.6234375 0.42962962962962964 0.5916666666666667 0.42962962962962964
2 0.31614583333333335 0.4111111111111111 0.35104166666666664 0.4111111111111111 0.35104166666666664 0.5222222222222223 0.31614583333333335 0.5222222222222223
2 0.615625 0.2037037037037037 0.6515625 0.2037037037037037 0.6515625 0.25555555555555554 0.615625 0.25555555555555554
2 0.3932291666666667 0.22870370370370371 0.4161458333333333 0.22870370370370371 0.4161458333333333 0.2916666666666667 0.3932291666666667 0.2916666666666667
2 0.5625 0.17685185185185184 0.5942708333333333 0.17685185185185184 0.5942708333333333 0.22685185185185186 0.5625 0.22685185185185186
2 0.5567708333333333 0.12962962962962962 0.5739583333333333 0.12962962962962962 0.5739583333333333 0.17314814814814813 0.5567708333333333 0.17314814814814813
2 0.425 0.2490740740740741 0.45208333333333334 0.2490740740740741 0.45208333333333334 0.33240740740740743 0.425 0.33240740740740743
2 0.6572916666666667 0.337037037037037 0.6859375 0.337037037037037 0.6859375 0.43425925925925923 0.6572916666666667 0.43425925925925923
2 0.38177083333333334 0.29814814814814816 0.4114583333333333 0.29814814814814816 0.4114583333333333 0.39166666666666666 0.38177083333333334 0.39166666666666666