1 0.14427083333333332 0.32222222222222224 0.27291666666666664 0.32222222222222224 0.27291666666666664 0.49537037037037035 0.14427083333333332 0.49537037037037035
1 0.3223958333333333 0.1787037037037037 0.39166666666666666 0.1787037037037037 0.39166666666666666 0.2361111111111111 0.3223958333333333 0.2361111111111111
2 0.7026041666666667 0.33425925925925926 0.7380208333333333 0.33425925925925926 0.7380208333333333 0.4351851851851852 0.7026041666666667 0.4351851851851852
2 0.6588541666666666 0.3435185185185185 0.6973958333333333 0.3435185185185185 0.6973958333333333 0.4527777777777778 0.6588541666666666 0.4527777777777778
2 0.825 0.5305555555555556 0.890625 0.5305555555555556 0.890625 0.6981481481481482 0.825 0.6981481481481482
2 0.6453125 0.2462962962962963 0.6723958333333333 0.2462962962962963 0.6723958333333333 0.32407407407407407 0.6453125 0.32407407407407407
2 0.3953125 0.21388888888888888 0.4171875 0.21388888888888888 0.4171875 0.275 0.3953125 0.275
2 0.59375 0.21574074074074073 0.6135416666666667 0.21574074074074073 0.6135416666666667 0.26851851851851855 0.59375 0.26851851851851855
2 0.4046875 0.3111111111111111 0.4390625 0.3111111111111111 0.4390625 0.40555555555555556 0.4046875 0.40555555555555556
2 0.4354166666666667 0.12962962962962962 0.44895833333333335 0.12962962962962962 0.44895833333333335 0.1648148148148148 0.4354166666666667 0.1648148148148148
2 0.4515625 0.1824074074074074 0.4734375 0.1824074074074074 0.4734375 0.23796296296296296 0.4515625 0.23796296296296296
2 0.40520833333333334 0.18796296296296297 0.4276041666666667 0.18796296296296297 0.4276041666666667 0.2388888888888889 0.40520833333333334 0.2388888888888889
2 0.48385416666666664 0.13796296296296295 0.49895833333333334 0.13796296296296295 0.49895833333333334 0.18055555555555555 0.48385416666666664 0.18055555555555555
2 0.5567708333333333 0.14537037037037037 0.58125 0.14537037037037037 0.58125 0.19537037037037036 0.5567708333333333 0.19537037037037036
2 0.43020833333333336 0.22777777777777777 0.4510416666666667 0.22777777777777777 0.4510416666666667 0.2861111111111111 0.43020833333333336 0.2861111111111111
2 0.45416666666666666 0.2935185185185185 0.48072916666666665 0.2935185185185185 0.48072916666666665 0.3824074074074074 0.45416666666666666 0.3824074074074074
2 0.5838541666666667 0.16203703703703703 0.6015625 0.16203703703703703 0.6015625 0.2074074074074074 0.5838541666666667 0.2074074074074074
2 0.2953125 0.6787037037037037 0.346875 0.6787037037037037 0.346875 0.937037037037037 0.2953125 0.937037037037037
2 0.2947916666666667 0.5157407407407407 0.334375 0.5157407407407407 0.334375 0.6972222222222222 0.2947916666666667 0.6972222222222222