1 0.13541666666666666 0.3416666666666667 0.259375 0.3416666666666667 0.259375 0.524074074074074 0.13541666666666666 0.524074074074074
1 0.55 0.21203703703703702 0.6010416666666667 0.21203703703703702 0.6010416666666667 0.2962962962962963 0.55 0.2962962962962963
1 0.3260416666666667 0.19444444444444445 0.3854166666666667 0.19444444444444445 0.3854166666666667 0.25833333333333336 0.3260416666666667 0.25833333333333336
1 0.43333333333333335 0.2175925925925926 0.48385416666666664 0.2175925925925926 0.48385416666666664 0.2962962962962963 0.43333333333333335 0.2962962962962963
1 0.528125 0.14166666666666666 0.55625 0.14166666666666666 0.55625 0.18333333333333332 0.528125 0.18333333333333332
1 0.6484375 0.14722222222222223 0.696875 0.14722222222222223 0.696875 0.18981481481481483 0.6484375 0.18981481481481483
2 0.20989583333333334 0.5601851851851852 0.25729166666666664 0.5601851851851852 0.25729166666666664 0.7453703703703703 0.20989583333333334 0.7453703703703703
2 0.14114583333333333 0.5888888888888889 0.18854166666666666 0.5888888888888889 0.18854166666666666 0.7481481481481481 0.14114583333333333 0.7481481481481481
2 0.16979166666666667 0.7407407407407407 0.225 0.7407407407407407 0.225 0.9555555555555556 0.16979166666666667 0.9555555555555556
2 0.2703125 0.7666666666666667 0.3385416666666667 0.7666666666666667 0.3385416666666667 0.9703703703703703 0.2703125 0.9703703703703703
2 0.2890625 0.5074074074074074 0.33541666666666664 0.5074074074074074 0.33541666666666664 0.6564814814814814 0.2890625 0.6564814814814814
2 0.2708333333333333 0.40555555555555556 0.29583333333333334 0.40555555555555556 0.29583333333333334 0.5194444444444445 0.2708333333333333 0.5194444444444445
2 0.31354166666666666 0.41203703703703703 0.35104166666666664 0.41203703703703703 0.35104166666666664 0.5231481481481481 0.31354166666666666 0.5231481481481481
2 0.340625 0.3490740740740741 0.37552083333333336 0.3490740740740741 0.37552083333333336 0.43333333333333335 0.340625 0.43333333333333335
2 0.3921875 0.35833333333333334 0.41770833333333335 0.35833333333333334 0.41770833333333335 0.4546296296296296 0.3921875 0.4546296296296296
2 0.3651041666666667 0.27037037037037037 0.3880208333333333 0.27037037037037037 0.3880208333333333 0.33425925925925926 0.3651041666666667 0.33425925925925926
2 0.375 0.22314814814814815 0.39427083333333335 0.22314814814814815 0.39427083333333335 0.2740740740740741 0.375 0.2740740740740741
2 0.39739583333333334 0.25555555555555554 0.4203125 0.25555555555555554 0.4203125 0.31574074074074077 0.39739583333333334 0.31574074074074077
2 0.4046875 0.17962962962962964 0.42083333333333334 0.17962962962962964 0.42083333333333334 0.22314814814814815 0.4046875 0.22314814814814815
2 0.42083333333333334 0.19166666666666668 0.4322916666666667 0.19166666666666668 0.4322916666666667 0.23981481481481481 0.42083333333333334 0.23981481481481481
2 0.43385416666666665 0.1648148148148148 0.44427083333333334 0.1648148148148148 0.44427083333333334 0.20555555555555555 0.43385416666666665 0.20555555555555555
2 0.8125 0.537962962962963 0.8515625 0.537962962962963 0.8515625 0.6768518518518518 0.8125 0.6768518518518518
2 0.6416666666666667 0.30092592592592593 0.6651041666666667 0.30092592592592593 0.6651041666666667 0.375 0.6416666666666667 0.375
2 0.5026041666666666 0.1962962962962963 0.5270833333333333 0.1962962962962963 0.5270833333333333 0.24537037037037038 0.5026041666666666 0.24537037037037038
2 0.4630208333333333 0.15833333333333333 0.4744791666666667 0.15833333333333333 0.4744791666666667 0.20092592592592592 0.4630208333333333 0.20092592592592592
2 0.44635416666666666 0.15555555555555556 0.45625 0.15555555555555556 0.45625 0.19444444444444445 0.44635416666666666 0.19444444444444445
2 0.40260416666666665 0.125 0.41458333333333336 0.125 0.41458333333333336 0.1574074074074074 0.40260416666666665 0.1574074074074074
2 0.42239583333333336 0.14351851851851852 0.43125 0.14351851851851852 0.43125 0.175 0.42239583333333336 0.175
2 0.44583333333333336 0.12777777777777777 0.45260416666666664 0.12777777777777777 0.45260416666666664 0.15092592592592594 0.44583333333333336 0.15092592592592594
2 0.46458333333333335 0.11944444444444445 0.47239583333333335 0.11944444444444445 0.47239583333333335 0.15 0.46458333333333335 0.15
2 0.5697916666666667 0.14907407407407408 0.5802083333333333 0.14907407407407408 0.5802083333333333 0.19166666666666668 0.5697916666666667 0.19166666666666668
2 0.5796875 0.13148148148148148 0.5885416666666666 0.13148148148148148 0.5885416666666666 0.1675925925925926 0.5796875 0.1675925925925926
2 0.5854166666666667 0.14907407407407408 0.5994791666666667 0.14907407407407408 0.5994791666666667 0.18981481481481483 0.5854166666666667 0.18981481481481483