1 0.14270833333333333 0.32592592592592595 0.26666666666666666 0.32592592592592595 0.26666666666666666 0.4981481481481482 0.14270833333333333 0.4981481481481482
1 0.3328125 0.17962962962962964 0.39010416666666664 0.17962962962962964 0.39010416666666664 0.24166666666666667 0.3328125 0.24166666666666667
1 0.6546875 0.13148148148148148 0.7078125 0.13148148148148148 0.7078125 0.17407407407407408 0.6546875 0.17407407407407408
1 0.5442708333333334 0.11203703703703703 0.5708333333333333 0.11203703703703703 0.5708333333333333 0.15462962962962962 0.5442708333333334 0.15462962962962962
2 0.20885416666666667 0.6138888888888889 0.2515625 0.6138888888888889 0.2515625 0.8759259259259259 0.20885416666666667 0.8759259259259259
2 0.19322916666666667 0.5027777777777778 0.24947916666666667 0.5027777777777778 0.24947916666666667 0.6481481481481481 0.19322916666666667 0.6481481481481481
2 0.31302083333333336 0.33796296296296297 0.34010416666666665 0.33796296296296297 0.34010416666666665 0.46296296296296297 0.31302083333333336 0.46296296296296297
2 0.3770833333333333 0.39537037037037037 0.40572916666666664 0.39537037037037037 0.40572916666666664 0.5259259259259259 0.3770833333333333 0.5259259259259259
2 0.37135416666666665 0.30648148148148147 0.4 0.30648148148148147 0.4 0.4111111111111111 0.37135416666666665 0.4111111111111111
2 0.359375 0.24351851851851852 0.3828125 0.24351851851851852 0.3828125 0.35 0.359375 0.35
2 0.41302083333333334 0.2935185185185185 0.440625 0.2935185185185185 0.440625 0.3824074074074074 0.41302083333333334 0.3824074074074074
2 0.42552083333333335 0.21666666666666667 0.44375 0.21666666666666667 0.44375 0.2796296296296296 0.42552083333333335 0.2796296296296296
2 0.40572916666666664 0.2074074074074074 0.42604166666666665 0.2074074074074074 0.42604166666666665 0.26666666666666666 0.40572916666666664 0.26666666666666666
2 0.55625 0.17222222222222222 0.5848958333333333 0.17222222222222222 0.5848958333333333 0.225 0.55625 0.225
2 0.5828125 0.17777777777777778 0.6119791666666666 0.17777777777777778 0.6119791666666666 0.24074074074074073 0.5828125 0.24074074074074073
2 0.6239583333333333 0.1712962962962963 0.6401041666666667 0.1712962962962963 0.6401041666666667 0.23425925925925925 0.6239583333333333 0.23425925925925925
2 0.6520833333333333 0.22314814814814815 0.66875 0.22314814814814815 0.66875 0.29444444444444445 0.6520833333333333 0.29444444444444445
2 0.6541666666666667 0.2851851851851852 0.6833333333333333 0.2851851851851852 0.6833333333333333 0.3851851851851852 0.6541666666666667 0.3851851851851852
2 0.43697916666666664 0.18333333333333332 0.44635416666666666 0.18333333333333332 0.44635416666666666 0.24074074074074073 0.43697916666666664 0.24074074074074073
2 0.4578125 0.18796296296296297 0.4671875 0.18796296296296297 0.4671875 0.2388888888888889 0.4578125 0.2388888888888889
2 0.42135416666666664 0.17314814814814813 0.43333333333333335 0.17314814814814813 0.43333333333333335 0.22314814814814815 0.42135416666666664 0.22314814814814815
2 0.40520833333333334 0.1537037037037037 0.41458333333333336 0.1537037037037037 0.41458333333333336 0.1925925925925926 0.40520833333333334 0.1925925925925926
2 0.41510416666666666 0.15648148148148147 0.4265625 0.15648148148148147 0.4265625 0.19814814814814816 0.41510416666666666 0.19814814814814816
2 0.45625 0.15555555555555556 0.46041666666666664 0.15555555555555556 0.46041666666666664 0.19444444444444445 0.45625 0.19444444444444445
2 0.446875 0.14537037037037037 0.45416666666666666 0.14537037037037037 0.45416666666666666 0.19537037037037036 0.446875 0.19537037037037036
2 0.43854166666666666 0.1398148148148148 0.44427083333333334 0.1398148148148148 0.44427083333333334 0.18055555555555555 0.43854166666666666 0.18055555555555555
2 0.48385416666666664 0.14722222222222223 0.4973958333333333 0.14722222222222223 0.4973958333333333 0.18703703703703703 0.48385416666666664 0.18703703703703703
2 0.4791666666666667 0.18888888888888888 0.49270833333333336 0.18888888888888888 0.49270833333333336 0.24259259259259258 0.4791666666666667 0.24259259259259258
2 0.47552083333333334 0.1259259259259259 0.4822916666666667 0.1259259259259259 0.4822916666666667 0.1675925925925926 0.47552083333333334 0.1675925925925926
2 0.4635416666666667 0.13240740740740742 0.475 0.13240740740740742 0.475 0.1787037037037037 0.4635416666666667 0.1787037037037037
2 0.44479166666666664 0.11944444444444445 0.453125 0.11944444444444445 0.453125 0.15185185185185185 0.44479166666666664 0.15185185185185185