1 0.14583333333333334 0.3138888888888889 0.2708333333333333 0.3138888888888889 0.2708333333333333 0.4888888888888889 0.14583333333333334 0.4888888888888889
1 0.32135416666666666 0.17407407407407408 0.39114583333333336 0.17407407407407408 0.39114583333333336 0.2361111111111111 0.32135416666666666 0.2361111111111111
2 0.0067708333333333336 0.8592592592592593 0.09375 0.8592592592592593 0.09375 1 0.0067708333333333336 1
2 0.7401041666666667 0.5009259259259259 0.7875 0.5009259259259259 0.7875 0.6425925925925926 0.7401041666666667 0.6425925925925926
2 0.8760416666666667 0.637962962962963 0.9453125 0.637962962962963 0.9453125 0.8231481481481482 0.8760416666666667 0.8231481481481482
2 0.18802083333333333 0.6935185185185185 0.26927083333333335 0.6935185185185185 0.26927083333333335 0.9388888888888889 0.18802083333333333 0.9388888888888889
2 0.27395833333333336 0.46111111111111114 0.3203125 0.46111111111111114 0.3203125 0.5879629629629629 0.27395833333333336 0.5879629629629629
2 0.640625 0.4166666666666667 0.6828125 0.4166666666666667 0.6828125 0.5425925925925926 0.640625 0.5425925925925926
2 0.5895833333333333 0.2861111111111111 0.6203125 0.2861111111111111 0.6203125 0.375 0.5895833333333333 0.375
2 0.628125 0.19907407407407407 0.6614583333333334 0.19907407407407407 0.6614583333333334 0.25277777777777777 0.628125 0.25277777777777777
2 0.38697916666666665 0.25 0.41510416666666666 0.25 0.41510416666666666 0.31851851851851853 0.38697916666666665 0.31851851851851853
2 0.6447916666666667 0.3 0.6713541666666667 0.3 0.6713541666666667 0.3851851851851852 0.6447916666666667 0.3851851851851852
2 0.3614583333333333 0.3287037037037037 0.39739583333333334 0.3287037037037037 0.39739583333333334 0.4398148148148148 0.3614583333333333 0.4398148148148148
2 0.41770833333333335 0.26851851851851855 0.4505208333333333 0.26851851851851855 0.4505208333333333 0.37037037037037035 0.41770833333333335 0.37037037037037035
2 0.5 0.16018518518518518 0.53125 0.16018518518518518 0.53125 0.22685185185185186 0.5 0.22685185185185186
2 0.5875 0.16296296296296298 0.6125 0.16296296296296298 0.6125 0.2212962962962963 0.5875 0.2212962962962963