1 0.3302083333333333 0.17592592592592593 0.39166666666666666 0.17592592592592593 0.39166666666666666 0.24074074074074073 0.3302083333333333 0.24074074074074073
1 0.45 0.17222222222222222 0.4890625 0.17222222222222222 0.4890625 0.23333333333333334 0.45 0.23333333333333334
1 0.5869791666666667 0.10277777777777777 0.6182291666666667 0.10277777777777777 0.6182291666666667 0.13703703703703704 0.5869791666666667 0.13703703703703704
2 0.7739583333333333 0.46574074074074073 0.8229166666666666 0.46574074074074073 0.8229166666666666 0.6222222222222222 0.7739583333333333 0.6222222222222222
2 0.8598958333333333 0.8333333333333334 0.9375 0.8333333333333334 0.9375 1 0.8598958333333333 1
2 0.34427083333333336 0.674074074074074 0.3890625 0.674074074074074 0.3890625 0.9 0.34427083333333336 0.9
2 0.0796875 0.6972222222222222 0.15260416666666668 0.6972222222222222 0.15260416666666668 0.912962962962963 0.0796875 0.912962962962963
2 0.14895833333333333 0.549074074074074 0.2078125 0.549074074074074 0.2078125 0.7055555555555556 0.14895833333333333 0.7055555555555556
2 0.23229166666666667 0.37592592592592594 0.26927083333333335 0.37592592592592594 0.26927083333333335 0.5018518518518519 0.23229166666666667 0.5018518518518519
2 0.29739583333333336 0.4101851851851852 0.3255208333333333 0.4101851851851852 0.3255208333333333 0.5203703703703704 0.29739583333333336 0.5203703703703704
2 0.26458333333333334 0.537962962962963 0.3109375 0.537962962962963 0.3109375 0.687037037037037 0.26458333333333334 0.687037037037037
2 0.39479166666666665 0.3712962962962963 0.4244791666666667 0.3712962962962963 0.4244791666666667 0.5259259259259259 0.39479166666666665 0.5259259259259259
2 0.42604166666666665 0.30833333333333335 0.4432291666666667 0.30833333333333335 0.4432291666666667 0.41388888888888886 0.42604166666666665 0.41388888888888886
2 0.3385416666666667 0.34444444444444444 0.36875 0.34444444444444444 0.36875 0.45 0.3385416666666667 0.45
2 0.35052083333333334 0.30092592592592593 0.36875 0.30092592592592593 0.36875 0.36944444444444446 0.35052083333333334 0.36944444444444446
2 0.34322916666666664 0.2518518518518518 0.36875 0.2518518518518518 0.36875 0.3212962962962963 0.34322916666666664 0.3212962962962963
2 0.37864583333333335 0.2462962962962963 0.39010416666666664 0.2462962962962963 0.39010416666666664 0.337037037037037 0.37864583333333335 0.337037037037037
2 0.39375 0.23148148148148148 0.4083333333333333 0.23148148148148148 0.4083333333333333 0.28888888888888886 0.39375 0.28888888888888886
2 0.42552083333333335 0.2222222222222222 0.4348958333333333 0.2222222222222222 0.4348958333333333 0.2953703703703704 0.42552083333333335 0.2953703703703704
2 0.4390625 0.24351851851851852 0.46458333333333335 0.24351851851851852 0.46458333333333335 0.31574074074074077 0.4390625 0.31574074074074077
2 0.4046875 0.1925925925925926 0.415625 0.1925925925925926 0.415625 0.2462962962962963 0.4046875 0.2462962962962963
2 0.42864583333333334 0.17685185185185184 0.43854166666666666 0.17685185185185184 0.43854166666666666 0.2212962962962963 0.42864583333333334 0.2212962962962963
2 0.4973958333333333 0.13425925925925927 0.5052083333333334 0.13425925925925927 0.5052083333333334 0.18981481481481483 0.4973958333333333 0.18981481481481483
2 0.4661458333333333 0.13425925925925927 0.4744791666666667 0.13425925925925927 0.4744791666666667 0.17037037037037037 0.4661458333333333 0.17037037037037037
2 0.4515625 0.14629629629629629 0.46145833333333336 0.14629629629629629 0.46145833333333336 0.19166666666666668 0.4515625 0.19166666666666668
2 0.4375 0.14444444444444443 0.446875 0.14444444444444443 0.446875 0.18888888888888888 0.4375 0.18888888888888888
2 0.44427083333333334 0.11944444444444445 0.4546875 0.11944444444444445 0.4546875 0.15648148148148147 0.44427083333333334 0.15648148148148147
2 0.4317708333333333 0.1287037037037037 0.4401041666666667 0.1287037037037037 0.4401041666666667 0.1685185185185185 0.4317708333333333 0.1685185185185185
2 0.4265625 0.12129629629629629 0.4328125 0.12129629629629629 0.4328125 0.1537037037037037 0.4265625 0.1537037037037037
2 0.46041666666666664 0.12037037037037036 0.4708333333333333 0.12037037037037036 0.4708333333333333 0.15 0.46041666666666664 0.15
2 0.5885416666666666 0.14444444444444443 0.5989583333333334 0.14444444444444443 0.5989583333333334 0.19074074074074074 0.5885416666666666 0.19074074074074074
2 0.6223958333333334 0.15092592592592594 0.6307291666666667 0.15092592592592594 0.6307291666666667 0.18981481481481483 0.6223958333333334 0.18981481481481483
1 0.5744791666666667 0.3074074074074074 0.725 0.3074074074074074 0.725 0.6888888888888889 0.5744791666666667 0.6888888888888889
1 0.14895833333333333 0.3287037037037037 0.2625 0.3287037037037037 0.2625 0.48703703703703705 0.14895833333333333 0.48703703703703705