1 0.390625 0.9138888888888889 0.49270833333333336 0.9138888888888889 0.49270833333333336 1 0.390625 1
0 0.3296875 0.6537037037037037 0.45208333333333334 0.6537037037037037 0.45208333333333334 0.8638888888888889 0.3296875 0.8638888888888889
1 0.296875 0.5185185185185185 0.33125 0.5185185185185185 0.33125 0.5944444444444444 0.296875 0.5944444444444444
2 0.6848958333333334 0 0.7786458333333334 0 0.7786458333333334 0.11944444444444445 0.6848958333333334 0.11944444444444445
1 0.3671875 0.14722222222222223 0.4322916666666667 0.14722222222222223 0.4322916666666667 0.2777777777777778 0.3671875 0.2777777777777778
2 0.4588541666666667 0.7564814814814815 0.5338541666666666 0.7564814814814815 0.5338541666666666 0.8268518518518518 0.4588541666666667 0.8268518518518518
2 0.4395833333333333 0.587037037037037 0.5119791666666667 0.587037037037037 0.5119791666666667 0.6611111111111111 0.4395833333333333 0.6611111111111111
2 0.4432291666666667 0.11666666666666667 0.5114583333333333 0.11666666666666667 0.5114583333333333 0.18703703703703703 0.4432291666666667 0.18703703703703703
2 0.5567708333333333 0.799074074074074 0.6697916666666667 0.799074074074074 0.6697916666666667 0.9018518518518519 0.5567708333333333 0.9018518518518519
2 0.4427083333333333 0 0.5083333333333333 0 0.5083333333333333 0.044444444444444446 0.4427083333333333 0.044444444444444446
2 0.36770833333333336 0.5416666666666666 0.421875 0.5416666666666666 0.421875 0.6074074074074074 0.36770833333333336 0.6074074074074074
2 0.378125 0.3101851851851852 0.43802083333333336 0.3101851851851852 0.43802083333333336 0.3675925925925926 0.378125 0.3675925925925926
2 0.2838541666666667 0.3888888888888889 0.3067708333333333 0.3888888888888889 0.3067708333333333 0.4166666666666667 0.2838541666666667 0.4166666666666667
1 0.26666666666666666 0.4046296296296296 0.2864583333333333 0.4046296296296296 0.2864583333333333 0.45 0.26666666666666666 0.45
2 0.3890625 0.03796296296296296 0.4453125 0.03796296296296296 0.4453125 0.09814814814814815 0.3890625 0.09814814814814815
2 0.32083333333333336 0.2796296296296296 0.35625 0.2796296296296296 0.35625 0.31574074074074077 0.32083333333333336 0.31574074074074077