1 0.5020833333333333 0 0.6010416666666667 0 0.6010416666666667 0.09074074074074075 0.5020833333333333 0.09074074074074075
1 0.6473958333333333 0.1814814814814815 0.6828125 0.1814814814814815 0.6828125 0.30462962962962964 0.6473958333333333 0.30462962962962964
2 0.38958333333333334 0.7953703703703704 0.48020833333333335 0.7953703703703704 0.48020833333333335 0.9 0.38958333333333334 0.9
2 0.3765625 0.06759259259259259 0.47708333333333336 0.06759259259259259 0.47708333333333336 0.17407407407407408 0.3765625 0.17407407407407408
2 0.6375 0.700925925925926 0.6723958333333333 0.700925925925926 0.6723958333333333 0.7611111111111111 0.6375 0.7611111111111111
2 0.5296875 0.7861111111111111 0.5854166666666667 0.7861111111111111 0.5854166666666667 0.8388888888888889 0.5296875 0.8388888888888889
2 0.49583333333333335 0.18888888888888888 0.559375 0.18888888888888888 0.559375 0.25462962962962965 0.49583333333333335 0.25462962962962965
2 0.5270833333333333 0.6685185185185185 0.5880208333333333 0.6685185185185185 0.5880208333333333 0.7333333333333333 0.5270833333333333 0.7333333333333333
2 0.5661458333333333 0.29444444444444445 0.6177083333333333 0.29444444444444445 0.6177083333333333 0.3509259259259259 0.5661458333333333 0.3509259259259259
2 0.6520833333333333 0.6018518518518519 0.6791666666666667 0.6018518518518519 0.6791666666666667 0.6620370370370371 0.6520833333333333 0.6620370370370371
2 0.6057291666666667 0.6101851851851852 0.6473958333333333 0.6101851851851852 0.6473958333333333 0.6537037037037037 0.6057291666666667 0.6537037037037037
2 0.6229166666666667 0.31851851851851853 0.65625 0.31851851851851853 0.65625 0.3611111111111111 0.6229166666666667 0.3611111111111111
2 0.5963541666666666 0.3685185185185185 0.6453125 0.3685185185185185 0.6453125 0.41574074074074074 0.5963541666666666 0.41574074074074074
2 0.26614583333333336 0 0.3645833333333333 0 0.3645833333333333 0.09166666666666666 0.26614583333333336 0.09166666666666666
2 0.6864583333333333 0.6361111111111111 0.7067708333333333 0.6361111111111111 0.7067708333333333 0.6601851851851852 0.6864583333333333 0.6601851851851852