1 0.146875 0.32407407407407407 0.27291666666666664 0.32407407407407407 0.27291666666666664 0.5 0.146875 0.5
1 0.3802083333333333 0.35555555555555557 0.4661458333333333 0.35555555555555557 0.4661458333333333 0.49722222222222223 0.3802083333333333 0.49722222222222223
1 0.3203125 0.17777777777777778 0.3885416666666667 0.17777777777777778 0.3885416666666667 0.24074074074074073 0.3203125 0.24074074074074073
2 0.725 0.4935185185185185 0.7744791666666667 0.4935185185185185 0.7744791666666667 0.6277777777777778 0.725 0.6277777777777778
2 0.2630208333333333 0.4212962962962963 0.30416666666666664 0.4212962962962963 0.30416666666666664 0.5175925925925926 0.2630208333333333 0.5175925925925926
2 0.1328125 0.5351851851851852 0.19270833333333334 0.5351851851851852 0.19270833333333334 0.6935185185185185 0.1328125 0.6935185185185185
2 0.240625 0.5166666666666667 0.2869791666666667 0.5166666666666667 0.2869791666666667 0.6787037037037037 0.240625 0.6787037037037037
2 0.18333333333333332 0.7342592592592593 0.2598958333333333 0.7342592592592593 0.2598958333333333 0.9638888888888889 0.18333333333333332 0.9638888888888889
2 0.6515625 0.3768518518518518 0.6911458333333333 0.3768518518518518 0.6911458333333333 0.4888888888888889 0.6515625 0.4888888888888889
2 0.703125 0.3037037037037037 0.7375 0.3037037037037037 0.7375 0.387037037037037 0.703125 0.387037037037037
2 0.6786458333333333 0.6666666666666666 0.7390625 0.6666666666666666 0.7390625 0.8546296296296296 0.6786458333333333 0.8546296296296296
2 0.3151041666666667 0.5324074074074074 0.36770833333333336 0.5324074074074074 0.36770833333333336 0.7046296296296296 0.3151041666666667 0.7046296296296296
2 0.4140625 0.2611111111111111 0.4390625 0.2611111111111111 0.4390625 0.33796296296296297 0.4140625 0.33796296296296297
2 0.6364583333333333 0.17962962962962964 0.6541666666666667 0.17962962962962964 0.6541666666666667 0.23425925925925925 0.6364583333333333 0.23425925925925925
2 0.35833333333333334 0.3074074074074074 0.3880208333333333 0.3074074074074074 0.3880208333333333 0.3888888888888889 0.35833333333333334 0.3888888888888889
2 0.3796875 0.2490740740740741 0.4036458333333333 0.2490740740740741 0.4036458333333333 0.31574074074074077 0.3796875 0.31574074074074077
2 0 0.8824074074074074 0.03854166666666667 0.8824074074074074 0.03854166666666667 1 0 1
2 0.44635416666666666 0.20092592592592592 0.4671875 0.20092592592592592 0.4671875 0.2638888888888889 0.44635416666666666 0.2638888888888889
2 0.5958333333333333 0.18888888888888888 0.6171875 0.18888888888888888 0.6171875 0.2324074074074074 0.5958333333333333 0.2324074074074074
2 0.46770833333333334 0.17777777777777778 0.4864583333333333 0.17777777777777778 0.4864583333333333 0.23703703703703705 0.46770833333333334 0.23703703703703705
2 0.4166666666666667 0.1962962962962963 0.4375 0.1962962962962963 0.4375 0.24537037037037038 0.4166666666666667 0.24537037037037038