1 0.14375 0.3138888888888889 0.26979166666666665 0.3138888888888889 0.26979166666666665 0.4888888888888889 0.14375 0.4888888888888889
1 0.3223958333333333 0.175 0.39010416666666664 0.175 0.39010416666666664 0.2361111111111111 0.3223958333333333 0.2361111111111111
2 0.93125 0.7333333333333333 1 0.7333333333333333 1 0.9472222222222222 0.93125 0.9472222222222222
2 0.23541666666666666 0.5805555555555556 0.29635416666666664 0.5805555555555556 0.29635416666666664 0.7768518518518519 0.23541666666666666 0.7768518518518519
2 0.1703125 0.8027777777777778 0.24479166666666666 0.8027777777777778 0.24479166666666666 0.9972222222222222 0.1703125 0.9972222222222222
2 0.7755208333333333 0.5944444444444444 0.8317708333333333 0.5944444444444444 0.8317708333333333 0.762962962962963 0.7755208333333333 0.762962962962963
2 0.08489583333333334 0.7175925925925926 0.16354166666666667 0.7175925925925926 0.16354166666666667 0.9490740740740741 0.08489583333333334 0.9490740740740741
2 0.6583333333333333 0.4888888888888889 0.7078125 0.4888888888888889 0.7078125 0.6333333333333333 0.6583333333333333 0.6333333333333333
2 0.3932291666666667 0.2351851851851852 0.415625 0.2351851851851852 0.415625 0.2972222222222222 0.3932291666666667 0.2972222222222222
2 0.5942708333333333 0.32222222222222224 0.6255208333333333 0.32222222222222224 0.6255208333333333 0.4185185185185185 0.5942708333333333 0.4185185185185185
2 0.65625 0.3314814814814815 0.6838541666666667 0.3314814814814815 0.6838541666666667 0.42777777777777776 0.65625 0.42777777777777776
2 0.6166666666666667 0.20092592592592592 0.6520833333333333 0.20092592592592592 0.6520833333333333 0.25555555555555554 0.6166666666666667 0.25555555555555554
2 0.3140625 0.41388888888888886 0.3494791666666667 0.41388888888888886 0.3494791666666667 0.5333333333333333 0.3140625 0.5333333333333333
2 0.425 0.25277777777777777 0.45208333333333334 0.25277777777777777 0.45208333333333334 0.337037037037037 0.425 0.337037037037037
2 0.5572916666666666 0.1259259259259259 0.5739583333333333 0.1259259259259259 0.5739583333333333 0.16944444444444445 0.5572916666666666 0.16944444444444445
2 0.6005208333333333 0.16203703703703703 0.6171875 0.16203703703703703 0.6171875 0.20462962962962963 0.6005208333333333 0.20462962962962963
2 0.5651041666666666 0.1787037037037037 0.59375 0.1787037037037037 0.59375 0.22685185185185186 0.5651041666666666 0.22685185185185186
2 0.37864583333333335 0.3 0.4078125 0.3 0.4078125 0.39814814814814814 0.37864583333333335 0.39814814814814814
2 0.5864583333333333 0.21666666666666667 0.6052083333333333 0.21666666666666667 0.6052083333333333 0.2824074074074074 0.5864583333333333 0.2824074074074074
2 0.5604166666666667 0.2351851851851852 0.5833333333333334 0.2351851851851852 0.5833333333333334 0.3037037037037037 0.5604166666666667 0.3037037037037037