1 0.1453125 0.31851851851851853 0.2708333333333333 0.31851851851851853 0.2708333333333333 0.49074074074074076 0.1453125 0.49074074074074076
1 0.32395833333333335 0.4537037037037037 0.44583333333333336 0.4537037037037037 0.44583333333333336 0.6583333333333333 0.32395833333333335 0.6583333333333333
1 0.3203125 0.17685185185185184 0.384375 0.17685185185185184 0.384375 0.23981481481481481 0.3203125 0.23981481481481481
2 0.0171875 0.7018518518518518 0.09427083333333333 0.7018518518518518 0.09427083333333333 0.9185185185185185 0.0171875 0.9185185185185185
2 0.6609375 0.3453703703703704 0.6963541666666667 0.3453703703703704 0.6963541666666667 0.4398148148148148 0.6609375 0.4398148148148148
2 0.34739583333333335 0.2953703703703704 0.3776041666666667 0.2953703703703704 0.3776041666666667 0.39166666666666666 0.34739583333333335 0.39166666666666666
2 0.6661458333333333 0.24537037037037038 0.6921875 0.24537037037037038 0.6921875 0.3194444444444444 0.6661458333333333 0.3194444444444444
2 0.6255208333333333 0.2722222222222222 0.6520833333333333 0.2722222222222222 0.6520833333333333 0.35462962962962963 0.6255208333333333 0.35462962962962963
2 0.13333333333333333 0.7222222222222222 0.20052083333333334 0.7222222222222222 0.20052083333333334 0.9444444444444444 0.13333333333333333 0.9444444444444444
2 0.3098958333333333 0.3824074074074074 0.34427083333333336 0.3824074074074074 0.34427083333333336 0.487962962962963 0.3098958333333333 0.487962962962963
2 0.5104166666666666 0.18425925925925926 0.540625 0.18425925925925926 0.540625 0.2490740740740741 0.5104166666666666 0.2490740740740741
2 0.4583333333333333 0.20833333333333334 0.4796875 0.20833333333333334 0.4796875 0.28425925925925927 0.4583333333333333 0.28425925925925927
2 0.18541666666666667 0.5592592592592592 0.23645833333333333 0.5592592592592592 0.23645833333333333 0.700925925925926 0.18541666666666667 0.700925925925926
2 0.625 0.39444444444444443 0.6609375 0.39444444444444443 0.6609375 0.5083333333333333 0.625 0.5083333333333333
2 0.38229166666666664 0.32685185185185184 0.4114583333333333 0.32685185185185184 0.4114583333333333 0.42314814814814816 0.38229166666666664 0.42314814814814816
2 0.5875 0.14907407407407408 0.6041666666666666 0.14907407407407408 0.6041666666666666 0.19444444444444445 0.5875 0.19444444444444445
2 0.4869791666666667 0.14444444444444443 0.5036458333333333 0.14444444444444443 0.5036458333333333 0.18888888888888888 0.4869791666666667 0.18888888888888888
2 0.4328125 0.25555555555555554 0.45625 0.25555555555555554 0.45625 0.31666666666666665 0.4328125 0.31666666666666665
2 0.4270833333333333 0.18888888888888888 0.4479166666666667 0.18888888888888888 0.4479166666666667 0.23981481481481481 0.4270833333333333 0.23981481481481481
2 0.4390625 0.13425925925925927 0.45364583333333336 0.13425925925925927 0.45364583333333336 0.17592592592592593 0.4390625 0.17592592592592593
2 0.3880208333333333 0.23333333333333334 0.4041666666666667 0.23333333333333334 0.4041666666666667 0.32314814814814813 0.3880208333333333 0.32314814814814813
2 0.40520833333333334 0.20925925925925926 0.42291666666666666 0.20925925925925926 0.42291666666666666 0.2796296296296296 0.40520833333333334 0.2796296296296296
2 0.6161458333333333 0.14166666666666666 0.6302083333333334 0.14166666666666666 0.6302083333333334 0.20092592592592592 0.6161458333333333 0.20092592592592592