1 0.14635416666666667 0.31851851851851853 0.27239583333333334 0.31851851851851853 0.27239583333333334 0.49722222222222223 0.14635416666666667 0.49722222222222223
1 0.61875 0.12129629629629629 0.6723958333333333 0.12129629629629629 0.6723958333333333 0.16203703703703703 0.61875 0.16203703703703703
1 0.334375 0.175 0.3885416666666667 0.175 0.3885416666666667 0.23796296296296296 0.334375 0.23796296296296296
1 0.47291666666666665 0.12037037037037036 0.5026041666666666 0.12037037037037036 0.5026041666666666 0.16111111111111112 0.47291666666666665 0.16111111111111112
2 0.11458333333333333 0.6277777777777778 0.18125 0.6277777777777778 0.18125 0.8675925925925926 0.11458333333333333 0.8675925925925926
2 0.20104166666666667 0.6203703703703703 0.2640625 0.6203703703703703 0.2640625 0.825925925925926 0.20104166666666667 0.825925925925926
2 0.3177083333333333 0.5944444444444444 0.35833333333333334 0.5944444444444444 0.35833333333333334 0.8175925925925925 0.3177083333333333 0.8175925925925925
2 0.3385416666666667 0.35462962962962963 0.3697916666666667 0.35462962962962963 0.3697916666666667 0.4925925925925926 0.3385416666666667 0.4925925925925926
2 0.36302083333333335 0.2824074074074074 0.38333333333333336 0.2824074074074074 0.38333333333333336 0.3712962962962963 0.36302083333333335 0.3712962962962963
2 0.43645833333333334 0.2851851851851852 0.4578125 0.2851851851851852 0.4578125 0.35833333333333334 0.43645833333333334 0.35833333333333334
2 0.41822916666666665 0.3287037037037037 0.44375 0.3287037037037037 0.44375 0.44074074074074077 0.41822916666666665 0.44074074074074077
2 0.38958333333333334 0.2824074074074074 0.41354166666666664 0.2824074074074074 0.41354166666666664 0.3814814814814815 0.38958333333333334 0.3814814814814815
2 0.3802083333333333 0.2351851851851852 0.39895833333333336 0.2351851851851852 0.39895833333333336 0.30185185185185187 0.3802083333333333 0.30185185185185187
2 0.425 0.2222222222222222 0.4427083333333333 0.2222222222222222 0.4427083333333333 0.28888888888888886 0.425 0.28888888888888886
2 0.4739583333333333 0.21851851851851853 0.49166666666666664 0.21851851851851853 0.49166666666666664 0.29259259259259257 0.4739583333333333 0.29259259259259257
2 0.39375 0.1712962962962963 0.4088541666666667 0.1712962962962963 0.4088541666666667 0.23148148148148148 0.39375 0.23148148148148148
2 0.4088541666666667 0.1574074074074074 0.421875 0.1574074074074074 0.421875 0.21666666666666667 0.4088541666666667 0.21666666666666667
2 0.4239583333333333 0.16944444444444445 0.4328125 0.16944444444444445 0.4328125 0.21388888888888888 0.4239583333333333 0.21388888888888888
2 0.434375 0.175 0.4484375 0.175 0.4484375 0.22870370370370371 0.434375 0.22870370370370371
2 0.44375 0.14722222222222223 0.453125 0.14722222222222223 0.453125 0.18425925925925926 0.44375 0.18425925925925926
2 0.4666666666666667 0.14351851851851852 0.4744791666666667 0.14351851851851852 0.4744791666666667 0.1814814814814815 0.4666666666666667 0.1814814814814815
2 0.4744791666666667 0.16574074074074074 0.4869791666666667 0.16574074074074074 0.4869791666666667 0.2175925925925926 0.4744791666666667 0.2175925925925926
2 0.45677083333333335 0.17222222222222222 0.4708333333333333 0.17222222222222222 0.4708333333333333 0.23055555555555557 0.45677083333333335 0.23055555555555557
2 0.615625 0.19444444444444445 0.6291666666666667 0.19444444444444445 0.6291666666666667 0.25555555555555554 0.615625 0.25555555555555554
2 0.6411458333333333 0.17962962962962964 0.6536458333333334 0.17962962962962964 0.6536458333333334 0.22870370370370371 0.6411458333333333 0.22870370370370371
2 0.6114583333333333 0.1527777777777778 0.6302083333333334 0.1527777777777778 0.6302083333333334 0.19722222222222222 0.6114583333333333 0.19722222222222222
2 0.5859375 0.15092592592592594 0.6046875 0.15092592592592594 0.6046875 0.20092592592592592 0.5859375 0.20092592592592592