1 0.1453125 0.3296296296296296 0.2677083333333333 0.3296296296296296 0.2677083333333333 0.5074074074074074 0.1453125 0.5074074074074074
1 0.33125 0.18055555555555555 0.38958333333333334 0.18055555555555555 0.38958333333333334 0.24351851851851852 0.33125 0.24351851851851852
2 0.6776041666666667 0.30833333333333335 0.6953125 0.30833333333333335 0.6953125 0.41574074074074074 0.6776041666666667 0.41574074074074074
2 0.23385416666666667 0.4324074074074074 0.2703125 0.4324074074074074 0.2703125 0.6111111111111112 0.23385416666666667 0.6111111111111112
2 0.26927083333333335 0.5018518518518519 0.31614583333333335 0.5018518518518519 0.31614583333333335 0.6694444444444444 0.26927083333333335 0.6694444444444444
2 0.3328125 0.3 0.3578125 0.3 0.3578125 0.4148148148148148 0.3328125 0.4148148148148148
2 0.4 0.3425925925925926 0.4270833333333333 0.3425925925925926 0.4270833333333333 0.46296296296296297 0.4 0.46296296296296297
2 0.4239583333333333 0.25925925925925924 0.44635416666666666 0.25925925925925924 0.44635416666666666 0.3611111111111111 0.4239583333333333 0.3611111111111111
2 0.3875 0.2861111111111111 0.4088541666666667 0.2861111111111111 0.4088541666666667 0.3731481481481482 0.3875 0.3731481481481482
2 0.37447916666666664 0.2351851851851852 0.39010416666666664 0.2351851851851852 0.39010416666666664 0.3212962962962963 0.37447916666666664 0.3212962962962963
2 0.6614583333333334 0.24074074074074073 0.6817708333333333 0.24074074074074073 0.6817708333333333 0.31666666666666665 0.6614583333333334 0.31666666666666665
2 0.6322916666666667 0.1787037037037037 0.6463541666666667 0.1787037037037037 0.6463541666666667 0.2518518518518518 0.6322916666666667 0.2518518518518518
2 0.5692708333333333 0.1787037037037037 0.6015625 0.1787037037037037 0.6015625 0.23425925925925925 0.5692708333333333 0.23425925925925925
2 0.5505208333333333 0.17314814814814813 0.571875 0.17314814814814813 0.571875 0.22407407407407406 0.5505208333333333 0.22407407407407406
2 0.434375 0.19444444444444445 0.45260416666666664 0.19444444444444445 0.45260416666666664 0.2611111111111111 0.434375 0.2611111111111111
2 0.41458333333333336 0.19074074074074074 0.4265625 0.19074074074074074 0.4265625 0.24537037037037038 0.41458333333333336 0.24537037037037038
2 0.40729166666666666 0.14351851851851852 0.415625 0.14351851851851852 0.415625 0.18981481481481483 0.40729166666666666 0.18981481481481483
2 0.4203125 0.14537037037037037 0.42864583333333334 0.14537037037037037 0.42864583333333334 0.18888888888888888 0.4203125 0.18888888888888888
2 0.4270833333333333 0.15648148148148147 0.4375 0.15648148148148147 0.4375 0.2064814814814815 0.4270833333333333 0.2064814814814815
2 0.4609375 0.16944444444444445 0.46927083333333336 0.16944444444444445 0.46927083333333336 0.22407407407407406 0.4609375 0.22407407407407406
2 0.48385416666666664 0.17407407407407408 0.49270833333333336 0.17407407407407408 0.49270833333333336 0.23148148148148148 0.48385416666666664 0.23148148148148148
2 0.44166666666666665 0.17592592592592593 0.45416666666666666 0.17592592592592593 0.45416666666666666 0.21481481481481482 0.44166666666666665 0.21481481481481482
2 0.48541666666666666 0.13425925925925927 0.4984375 0.13425925925925927 0.4984375 0.16944444444444445 0.48541666666666666 0.16944444444444445
2 0.47604166666666664 0.12407407407407407 0.4822916666666667 0.12407407407407407 0.4822916666666667 0.15462962962962962 0.47604166666666664 0.15462962962962962
2 0.4609375 0.12777777777777777 0.4661458333333333 0.12777777777777777 0.4661458333333333 0.16018518518518518 0.4609375 0.16018518518518518
2 0.45260416666666664 0.13518518518518519 0.4583333333333333 0.13518518518518519 0.4583333333333333 0.18055555555555555 0.45260416666666664 0.18055555555555555
2 0.4390625 0.13148148148148148 0.446875 0.13148148148148148 0.446875 0.1685185185185185 0.4390625 0.1685185185185185
2 0.44635416666666666 0.11574074074074074 0.45260416666666664 0.11574074074074074 0.45260416666666664 0.13796296296296295 0.44635416666666666 0.13796296296296295
2 0.5822916666666667 0.11018518518518519 0.5927083333333333 0.11018518518518519 0.5927083333333333 0.16111111111111112 0.5822916666666667 0.16111111111111112
1 0.6583333333333333 0.13148148148148148 0.7109375 0.13148148148148148 0.7109375 0.17685185185185184 0.6583333333333333 0.17685185185185184
1 0.5432291666666667 0.11481481481481481 0.5760416666666667 0.11481481481481481 0.5760416666666667 0.1675925925925926 0.5432291666666667 0.1675925925925926
1 0.25729166666666664 0.6037037037037037 0.44635416666666666 0.6037037037037037 0.44635416666666666 1 0.25729166666666664 1