1 0.146875 0.31851851851851853 0.2755208333333333 0.31851851851851853 0.2755208333333333 0.4981481481481482 0.146875 0.4981481481481482
1 0.3359375 0.17685185185185184 0.3927083333333333 0.17685185185185184 0.3927083333333333 0.24074074074074073 0.3359375 0.24074074074074073
1 0.6270833333333333 0.12037037037037036 0.6822916666666666 0.12037037037037036 0.6822916666666666 0.16296296296296298 0.6270833333333333 0.16296296296296298
1 0.4765625 0.11203703703703703 0.5052083333333334 0.11203703703703703 0.5052083333333334 0.15648148148148147 0.4765625 0.15648148148148147
2 0.17552083333333332 0.5435185185185185 0.2265625 0.5435185185185185 0.2265625 0.7444444444444445 0.17552083333333332 0.7444444444444445
2 0.2635416666666667 0.5342592592592592 0.3078125 0.5342592592592592 0.3078125 0.7157407407407408 0.2635416666666667 0.7157407407407408
2 0.28229166666666666 0.3907407407407407 0.31979166666666664 0.3907407407407407 0.31979166666666664 0.5296296296296297 0.28229166666666666 0.5296296296296297
2 0.3421875 0.5064814814814815 0.3890625 0.5064814814814815 0.3890625 0.687037037037037 0.3421875 0.687037037037037
2 0.3645833333333333 0.3212962962962963 0.3880208333333333 0.3212962962962963 0.3880208333333333 0.4398148148148148 0.3645833333333333 0.4398148148148148
2 0.3802083333333333 0.2601851851851852 0.39479166666666665 0.2601851851851852 0.39479166666666665 0.3398148148148148 0.3802083333333333 0.3398148148148148
2 0.40989583333333335 0.262037037037037 0.43020833333333336 0.262037037037037 0.43020833333333336 0.34814814814814815 0.40989583333333335 0.34814814814814815
2 0.4395833333333333 0.2898148148148148 0.453125 0.2898148148148148 0.453125 0.37407407407407406 0.4395833333333333 0.37407407407407406
2 0.3932291666666667 0.2222222222222222 0.40572916666666664 0.2222222222222222 0.40572916666666664 0.2814814814814815 0.3932291666666667 0.2814814814814815
2 0.38645833333333335 0.19166666666666668 0.39791666666666664 0.19166666666666668 0.39791666666666664 0.24074074074074073 0.38645833333333335 0.24074074074074073
2 0.39895833333333336 0.16944444444444445 0.409375 0.16944444444444445 0.409375 0.21944444444444444 0.39895833333333336 0.21944444444444444
2 0.4109375 0.1537037037037037 0.4203125 0.1537037037037037 0.4203125 0.2101851851851852 0.4109375 0.2101851851851852
2 0.4276041666666667 0.16296296296296298 0.43802083333333336 0.16296296296296298 0.43802083333333336 0.20277777777777778 0.4276041666666667 0.20277777777777778
2 0.43802083333333336 0.20277777777777778 0.44947916666666665 0.20277777777777778 0.44947916666666665 0.2712962962962963 0.43802083333333336 0.2712962962962963
2 0.44479166666666664 0.17314814814814813 0.45260416666666664 0.17314814814814813 0.45260416666666664 0.21296296296296297 0.44479166666666664 0.21296296296296297
2 0.45989583333333334 0.16203703703703703 0.4703125 0.16203703703703703 0.4703125 0.20555555555555555 0.45989583333333334 0.20555555555555555
2 0.47552083333333334 0.1537037037037037 0.4864583333333333 0.1537037037037037 0.4864583333333333 0.20277777777777778 0.47552083333333334 0.20277777777777778
2 0.4765625 0.20185185185185187 0.4947916666666667 0.20185185185185187 0.4947916666666667 0.2675925925925926 0.4765625 0.2675925925925926
2 0.5869791666666667 0.15833333333333333 0.6015625 0.15833333333333333 0.6015625 0.2037037037037037 0.5869791666666667 0.2037037037037037
2 0.6 0.13425925925925927 0.6098958333333333 0.13425925925925927 0.6098958333333333 0.17407407407407408 0.6 0.17407407407407408
2 0.6119791666666666 0.15833333333333333 0.6255208333333333 0.15833333333333333 0.6255208333333333 0.20833333333333334 0.6119791666666666 0.20833333333333334
2 0.64375 0.18611111111111112 0.6578125 0.18611111111111112 0.6578125 0.24351851851851852 0.64375 0.24351851851851852
2 0.46458333333333335 0.13518518518518519 0.4765625 0.13518518518518519 0.4765625 0.17222222222222222 0.46458333333333335 0.17222222222222222
2 0.44583333333333336 0.1398148148148148 0.45364583333333336 0.1398148148148148 0.45364583333333336 0.17592592592592593 0.44583333333333336 0.17592592592592593