1 0.4 0.9037037037037037 0.4984375 0.9037037037037037 0.4984375 1 0.4 1
1 0.31614583333333335 0.6916666666666667 0.35052083333333334 0.6916666666666667 0.35052083333333334 0.8175925925925925 0.31614583333333335 0.8175925925925925
2 0.31927083333333334 0.31666666666666665 0.3494791666666667 0.31666666666666665 0.3494791666666667 0.3509259259259259 0.31927083333333334 0.3509259259259259
2 0.4317708333333333 0.10740740740740741 0.49895833333333334 0.10740740740740741 0.49895833333333334 0.18796296296296297 0.4317708333333333 0.18796296296296297
2 0.32864583333333336 0.2759259259259259 0.3567708333333333 0.2759259259259259 0.3567708333333333 0.31296296296296294 0.32864583333333336 0.31296296296296294
2 0.3494791666666667 0.287962962962963 0.38177083333333334 0.287962962962963 0.38177083333333334 0.32407407407407407 0.3494791666666667 0.32407407407407407
2 0.31875 0.625 0.3453125 0.625 0.3453125 0.6638888888888889 0.31875 0.6638888888888889
2 0.315625 0.5481481481481482 0.3453125 0.5481481481481482 0.3453125 0.5842592592592593 0.315625 0.5842592592592593
2 0.371875 0.6 0.4244791666666667 0.6 0.4244791666666667 0.6564814814814814 0.371875 0.6564814814814814
2 0.3359375 0.5851851851851851 0.36770833333333336 0.5851851851851851 0.36770833333333336 0.6212962962962963 0.3359375 0.6212962962962963
2 0.28958333333333336 0.5888888888888889 0.30833333333333335 0.5888888888888889 0.30833333333333335 0.612037037037037 0.28958333333333336 0.612037037037037
2 0.30572916666666666 0.36666666666666664 0.3359375 0.36666666666666664 0.3359375 0.40370370370370373 0.30572916666666666 0.40370370370370373
2 0.4796875 0.7342592592592593 0.5401041666666667 0.7342592592592593 0.5401041666666667 0.812962962962963 0.4796875 0.812962962962963
2 0.37447916666666664 0.18611111111111112 0.415625 0.18611111111111112 0.415625 0.2361111111111111 0.37447916666666664 0.2361111111111111
2 0.3307291666666667 0.6407407407407407 0.3645833333333333 0.6407407407407407 0.3645833333333333 0.6796296296296296 0.3307291666666667 0.6796296296296296
2 0.36302083333333335 0.5287037037037037 0.4119791666666667 0.5287037037037037 0.4119791666666667 0.575925925925926 0.36302083333333335 0.575925925925926
2 0.41875 0.05277777777777778 0.475 0.05277777777777778 0.475 0.11944444444444445 0.41875 0.11944444444444445
2 0.2947916666666667 0.5027777777777778 0.3171875 0.5027777777777778 0.3171875 0.5277777777777778 0.2947916666666667 0.5277777777777778
2 0.5411458333333333 0.7222222222222222 0.6520833333333333 0.7222222222222222 0.6520833333333333 0.8046296296296296 0.5411458333333333 0.8046296296296296