1 0.13802083333333334 0.30833333333333335 0.2526041666666667 0.30833333333333335 0.2526041666666667 0.4898148148148148 0.13802083333333334 0.4898148148148148
0 0.22708333333333333 0.2935185185185185 0.3927083333333333 0.2935185185185185 0.3927083333333333 0.5268518518518519 0.22708333333333333 0.5268518518518519
2 0.15833333333333333 0.7101851851851851 0.24114583333333334 0.7101851851851851 0.24114583333333334 0.9481481481481482 0.15833333333333333 0.9481481481481482
1 0.43802083333333336 0.17407407407407408 0.48385416666666664 0.17407407407407408 0.48385416666666664 0.24259259259259258 0.43802083333333336 0.24259259259259258
2 0.7786458333333334 0.38333333333333336 0.8192708333333333 0.38333333333333336 0.8192708333333333 0.4962962962962963 0.7786458333333334 0.4962962962962963
2 0.011458333333333333 0.5453703703703704 0.09010416666666667 0.5453703703703704 0.09010416666666667 0.7046296296296296 0.011458333333333333 0.7046296296296296
2 0.7895833333333333 0.5898148148148148 0.8541666666666666 0.5898148148148148 0.8541666666666666 0.7870370370370371 0.7895833333333333 0.7870370370370371
2 0.628125 0.44907407407407407 0.6776041666666667 0.44907407407407407 0.6776041666666667 0.5740740740740741 0.628125 0.5740740740740741
2 0.6614583333333334 0.3537037037037037 0.696875 0.3537037037037037 0.696875 0.4601851851851852 0.6614583333333334 0.4601851851851852
2 0.45260416666666664 0.25462962962962965 0.4791666666666667 0.25462962962962965 0.4791666666666667 0.32592592592592595 0.45260416666666664 0.32592592592592595
2 0.5604166666666667 0.21296296296296297 0.5838541666666667 0.21296296296296297 0.5838541666666667 0.2861111111111111 0.5604166666666667 0.2861111111111111
2 0.42291666666666666 0.3990740740740741 0.4588541666666667 0.3990740740740741 0.4588541666666667 0.5212962962962963 0.42291666666666666 0.5212962962962963
2 0.6942708333333333 0.2814814814814815 0.7229166666666667 0.2814814814814815 0.7229166666666667 0.37222222222222223 0.6942708333333333 0.37222222222222223
2 0.678125 0.21851851851851853 0.703125 0.21851851851851853 0.703125 0.2916666666666667 0.678125 0.2916666666666667
2 0.396875 0.1675925925925926 0.4140625 0.1675925925925926 0.4140625 0.21296296296296297 0.396875 0.21296296296296297
2 0.315625 0.7287037037037037 0.3890625 0.7287037037037037 0.3890625 0.9611111111111111 0.315625 0.9611111111111111
2 0.4505208333333333 0.3212962962962963 0.48072916666666665 0.3212962962962963 0.48072916666666665 0.4222222222222222 0.4505208333333333 0.4222222222222222
2 0.5901041666666667 0.13703703703703704 0.6067708333333334 0.13703703703703704 0.6067708333333334 0.19166666666666668 0.5901041666666667 0.19166666666666668
2 0.6026041666666667 0.6111111111111112 0.6598958333333333 0.6111111111111112 0.6598958333333333 0.7768518518518519 0.6026041666666667 0.7768518518518519
2 0.8614583333333333 0.4324074074074074 0.9255208333333333 0.4324074074074074 0.9255208333333333 0.575 0.8614583333333333 0.575
2 0.6369791666666667 0.26851851851851855 0.659375 0.26851851851851855 0.659375 0.3638888888888889 0.6369791666666667 0.3638888888888889
1 0.60625 0.2074074074074074 0.6598958333333333 0.2074074074074074 0.6598958333333333 0.29074074074074074 0.60625 0.29074074074074074