1 0.50625 0 0.6078125 0 0.6078125 0.0824074074074074 0.50625 0.0824074074074074
1 0.31979166666666664 0.8944444444444445 0.465625 0.8944444444444445 0.465625 1 0.31979166666666664 1
1 0.6854166666666667 0.562037037037037 0.7109375 0.562037037037037 0.7109375 0.6222222222222222 0.6854166666666667 0.6222222222222222
2 0.6390625 0 0.6796875 0 0.6796875 0.03333333333333333 0.6390625 0.03333333333333333
2 0.4734375 0.09814814814814815 0.5494791666666666 0.09814814814814815 0.5494791666666666 0.175 0.4734375 0.175
2 0.6453125 0.6046296296296296 0.6822916666666666 0.6046296296296296 0.6822916666666666 0.6462962962962963 0.6453125 0.6462962962962963
2 0.4901041666666667 0.24259259259259258 0.5651041666666666 0.24259259259259258 0.5651041666666666 0.31203703703703706 0.4901041666666667 0.31203703703703706
2 0.5833333333333334 0.7712962962962963 0.6276041666666666 0.7712962962962963 0.6276041666666666 0.8175925925925925 0.5833333333333334 0.8175925925925925
2 0.6354166666666666 0.775 0.6703125 0.775 0.6703125 0.8185185185185185 0.6354166666666666 0.8185185185185185
2 0.5046875 0.7583333333333333 0.5692708333333333 0.7583333333333333 0.5692708333333333 0.8231481481481482 0.5046875 0.8231481481481482
2 0.5817708333333333 0.32685185185185184 0.6317708333333333 0.32685185185185184 0.6317708333333333 0.37962962962962965 0.5817708333333333 0.37962962962962965
2 0.428125 0.3333333333333333 0.5114583333333333 0.3333333333333333 0.5114583333333333 0.4101851851851852 0.428125 0.4101851851851852
2 0.6536458333333334 0.4287037037037037 0.6791666666666667 0.4287037037037037 0.6791666666666667 0.45740740740740743 0.6536458333333334 0.45740740740740743
2 0.6375 0.4046296296296296 0.6677083333333333 0.4046296296296296 0.6677083333333333 0.4351851851851852 0.6375 0.4351851851851852
1 0.665625 0.6472222222222223 0.6984375 0.6472222222222223 0.6984375 0.725 0.665625 0.725
0 0.6270833333333333 0.2324074074074074 0.7140625 0.2324074074074074 0.7140625 0.35462962962962963 0.6270833333333333 0.35462962962962963
2 0.5484375 0.10833333333333334 0.6130208333333333 0.10833333333333334 0.6130208333333333 0.1638888888888889 0.5484375 0.1638888888888889