1 0.5098958333333333 0 0.6072916666666667 0 0.6072916666666667 0.09444444444444444 0.5098958333333333 0.09444444444444444
1 0.64375 0.17407407407407408 0.6807291666666667 0.17407407407407408 0.6807291666666667 0.29074074074074074 0.64375 0.29074074074074074
2 0.47552083333333334 0.9675925925925926 0.546875 0.9675925925925926 0.546875 1 0.47552083333333334 1
2 0.6552083333333333 0.5472222222222223 0.68125 0.5472222222222223 0.68125 0.6092592592592593 0.6552083333333333 0.6092592592592593
2 0.6208333333333333 0.40370370370370373 0.6614583333333334 0.40370370370370373 0.6614583333333334 0.44814814814814813 0.6208333333333333 0.44814814814814813
2 0.46770833333333334 0.25 0.5479166666666667 0.25 0.5479166666666667 0.3277777777777778 0.46770833333333334 0.3277777777777778
2 0.6729166666666667 0.46944444444444444 0.7 0.46944444444444444 0.7 0.4962962962962963 0.6729166666666667 0.4962962962962963
2 0.6317708333333333 0.7351851851851852 0.6651041666666667 0.7351851851851852 0.6651041666666667 0.7731481481481481 0.6317708333333333 0.7731481481481481
2 0.6786458333333333 0.37592592592592594 0.7005208333333334 0.37592592592592594 0.7005208333333334 0.40185185185185185 0.6786458333333333 0.40185185185185185
2 0.6567708333333333 0.6481481481481481 0.684375 0.6481481481481481 0.684375 0.675 0.6567708333333333 0.675
2 0.4609375 0.3814814814814815 0.5442708333333334 0.3814814814814815 0.5442708333333334 0.43703703703703706 0.4609375 0.43703703703703706
2 0.5807291666666666 0.7425925925925926 0.628125 0.7425925925925926 0.628125 0.7833333333333333 0.5807291666666666 0.7833333333333333
2 0.6015625 0.2916666666666667 0.6473958333333333 0.2916666666666667 0.6473958333333333 0.337037037037037 0.6015625 0.337037037037037
2 0.5848958333333333 0.799074074074074 0.628125 0.799074074074074 0.628125 0.8435185185185186 0.5848958333333333 0.8435185185185186
2 0.5765625 0.34814814814814815 0.6286458333333333 0.34814814814814815 0.6286458333333333 0.38425925925925924 0.5765625 0.38425925925925924
2 0.6244791666666667 0.3638888888888889 0.6609375 0.3638888888888889 0.6609375 0.3925925925925926 0.6244791666666667 0.3925925925925926
2 0.6302083333333334 0.3212962962962963 0.6635416666666667 0.3212962962962963 0.6635416666666667 0.34814814814814815 0.6302083333333334 0.34814814814814815
2 0.6682291666666667 0.7657407407407407 0.6979166666666666 0.7657407407407407 0.6979166666666666 0.7935185185185185 0.6682291666666667 0.7935185185185185