1 0.41770833333333335 0.2611111111111111 0.4791666666666667 0.2611111111111111 0.4791666666666667 0.3611111111111111 0.41770833333333335 0.3611111111111111
1 0.3223958333333333 0.17592592592592593 0.39010416666666664 0.17592592592592593 0.39010416666666664 0.23796296296296296 0.3223958333333333 0.23796296296296296
1 0.15052083333333333 0.3175925925925926 0.2734375 0.3175925925925926 0.2734375 0.4935185185185185 0.15052083333333333 0.4935185185185185
2 0.8046875 0.4351851851851852 0.8578125 0.4351851851851852 0.8578125 0.5592592592592592 0.8046875 0.5592592592592592
1 0.5354166666666667 0.14074074074074075 0.5979166666666667 0.14074074074074075 0.5979166666666667 0.28888888888888886 0.5354166666666667 0.28888888888888886
2 0.08802083333333334 0.687962962962963 0.178125 0.687962962962963 0.178125 0.9212962962962963 0.08802083333333334 0.9212962962962963
2 0.33645833333333336 0.3148148148148148 0.36614583333333334 0.3148148148148148 0.36614583333333334 0.387037037037037 0.33645833333333336 0.387037037037037
2 0.6817708333333333 0.24814814814814815 0.7083333333333334 0.24814814814814815 0.7083333333333334 0.32592592592592595 0.6817708333333333 0.32592592592592595
2 0.3203125 0.5796296296296296 0.37552083333333336 0.5796296296296296 0.37552083333333336 0.7694444444444445 0.3203125 0.7694444444444445
2 0.35572916666666665 0.40925925925925927 0.3932291666666667 0.40925925925925927 0.3932291666666667 0.5287037037037037 0.35572916666666665 0.5287037037037037
2 0.6390625 0.24537037037037038 0.665625 0.24537037037037038 0.665625 0.31574074074074077 0.6390625 0.31574074074074077
2 0.21041666666666667 0.4759259259259259 0.2578125 0.4759259259259259 0.2578125 0.6287037037037037 0.21041666666666667 0.6287037037037037
2 0.6151041666666667 0.18055555555555555 0.6453125 0.18055555555555555 0.6453125 0.25277777777777777 0.6151041666666667 0.25277777777777777
2 0.45677083333333335 0.16018518518518518 0.47291666666666665 0.16018518518518518 0.47291666666666665 0.21203703703703702 0.45677083333333335 0.21203703703703702
2 0.384375 0.32314814814814813 0.4140625 0.32314814814814813 0.4140625 0.41574074074074074 0.384375 0.41574074074074074
2 0.40625 0.23333333333333334 0.4270833333333333 0.23333333333333334 0.4270833333333333 0.2916666666666667 0.40625 0.2916666666666667
2 0.3229166666666667 0.37222222222222223 0.35260416666666666 0.37222222222222223 0.35260416666666666 0.4648148148148148 0.3229166666666667 0.4648148148148148
2 0.49635416666666665 0.17222222222222222 0.5166666666666667 0.17222222222222222 0.5166666666666667 0.2324074074074074 0.49635416666666665 0.2324074074074074
2 0.24895833333333334 0.3814814814814815 0.2890625 0.3814814814814815 0.2890625 0.49907407407407406 0.24895833333333334 0.49907407407407406
2 0.478125 0.14351851851851852 0.4921875 0.14351851851851852 0.4921875 0.18703703703703703 0.478125 0.18703703703703703