1 0.50625 0 0.6078125 0 0.6078125 0.0824074074074074 0.50625 0.0824074074074074
1 0.6807291666666667 0.562962962962963 0.7078125 0.562962962962963 0.7078125 0.625 0.6807291666666667 0.625
2 0.22083333333333333 0.019444444444444445 0.33229166666666665 0.019444444444444445 0.33229166666666665 0.14722222222222223 0.22083333333333333 0.14722222222222223
2 0.6348958333333333 0.6101851851851852 0.6713541666666667 0.6101851851851852 0.6713541666666667 0.6546296296296297 0.6348958333333333 0.6546296296296297
2 0.496875 0.14074074074074075 0.5671875 0.14074074074074075 0.5671875 0.20555555555555555 0.496875 0.20555555555555555
2 0.6234375 0.787962962962963 0.6609375 0.787962962962963 0.6609375 0.8342592592592593 0.6234375 0.8342592592592593
2 0.5635416666666667 0.7861111111111111 0.6135416666666667 0.7861111111111111 0.6135416666666667 0.8398148148148148 0.5635416666666667 0.8398148148148148
2 0.5161458333333333 0.26666666666666666 0.5848958333333333 0.26666666666666666 0.5848958333333333 0.3194444444444444 0.5161458333333333 0.3194444444444444
2 0.4765625 0.362962962962963 0.5541666666666667 0.362962962962963 0.5541666666666667 0.43148148148148147 0.4765625 0.43148148148148147
2 0.596875 0.3388888888888889 0.6401041666666667 0.3388888888888889 0.6401041666666667 0.38796296296296295 0.596875 0.38796296296296295
2 0.6635416666666667 0.43333333333333335 0.6916666666666667 0.43333333333333335 0.6916666666666667 0.4601851851851852 0.6635416666666667 0.4601851851851852
2 0.5708333333333333 0.11388888888888889 0.6213541666666667 0.11388888888888889 0.6213541666666667 0.16944444444444445 0.5708333333333333 0.16944444444444445
2 0.6286458333333333 0.3851851851851852 0.6708333333333333 0.3851851851851852 0.6708333333333333 0.4324074074074074 0.6286458333333333 0.4324074074074074
2 0.4640625 0.7685185185185185 0.540625 0.7685185185185185 0.540625 0.8462962962962963 0.4640625 0.8462962962962963
1 0.6614583333333334 0.6555555555555556 0.6947916666666667 0.6555555555555556 0.6947916666666667 0.7342592592592593 0.6614583333333334 0.7342592592592593
0 0.6416666666666667 0.25925925925925924 0.7182291666666667 0.25925925925925924 0.7182291666666667 0.36203703703703705 0.6416666666666667 0.36203703703703705