1 0.5057291666666667 0 0.6083333333333333 0 0.6083333333333333 0.06574074074074074 0.5057291666666667 0.06574074074074074
1 0.4328125 0.8055555555555556 0.5354166666666667 0.8055555555555556 0.5354166666666667 1 0.4328125 1
0 0.6098958333333333 0.20555555555555555 0.7078125 0.20555555555555555 0.7078125 0.35648148148148145 0.6098958333333333 0.35648148148148145
1 0.6963541666666667 0.5583333333333333 0.7197916666666667 0.5583333333333333 0.7197916666666667 0.6138888888888889 0.6963541666666667 0.6138888888888889
2 0.33229166666666665 0.8157407407407408 0.40625 0.8157407407407408 0.40625 0.9185185185185185 0.33229166666666665 0.9185185185185185
2 0.4010416666666667 0.012962962962962963 0.4739583333333333 0.012962962962962963 0.4739583333333333 0.09814814814814815 0.4010416666666667 0.09814814814814815
2 0.4083333333333333 0.17222222222222222 0.503125 0.17222222222222222 0.503125 0.24722222222222223 0.4083333333333333 0.24722222222222223
2 0.25364583333333335 0.2074074074074074 0.39739583333333334 0.2074074074074074 0.39739583333333334 0.33055555555555555 0.25364583333333335 0.33055555555555555
2 0.6203125 0.7379629629629629 0.6552083333333333 0.7379629629629629 0.6552083333333333 0.7768518518518519 0.6203125 0.7768518518518519
1 0.6942708333333333 0.4305555555555556 0.7192708333333333 0.4305555555555556 0.7192708333333333 0.4935185185185185 0.6942708333333333 0.4935185185185185
2 0.6630208333333333 0.5879629629629629 0.6927083333333334 0.5879629629629629 0.6927083333333334 0.6268518518518519 0.6630208333333333 0.6268518518518519
2 0.5619791666666667 0.7333333333333333 0.6145833333333334 0.7333333333333333 0.6145833333333334 0.787962962962963 0.5619791666666667 0.787962962962963
2 0.4510416666666667 0.012037037037037037 0.496875 0.012037037037037037 0.496875 0.09166666666666666 0.4510416666666667 0.09166666666666666
1 0.6791666666666667 0.6277777777777778 0.709375 0.6277777777777778 0.709375 0.700925925925926 0.6791666666666667 0.700925925925926
2 0.6411458333333333 0.41388888888888886 0.6734375 0.41388888888888886 0.6734375 0.4527777777777778 0.6411458333333333 0.4527777777777778
2 0.5453125 0.2898148148148148 0.6020833333333333 0.2898148148148148 0.6020833333333333 0.34444444444444444 0.5453125 0.34444444444444444
2 0.5057291666666667 0.053703703703703705 0.5713541666666667 0.053703703703703705 0.5713541666666667 0.1175925925925926 0.5057291666666667 0.1175925925925926
2 0.6536458333333334 0.7509259259259259 0.6822916666666666 0.7509259259259259 0.6822916666666666 0.7888888888888889 0.6536458333333334 0.7888888888888889
2 0.5802083333333333 0.34444444444444444 0.6390625 0.34444444444444444 0.6390625 0.38796296296296295 0.5802083333333333 0.38796296296296295
2 0.6036458333333333 0.40185185185185185 0.6526041666666667 0.40185185185185185 0.6526041666666667 0.43796296296296294 0.6036458333333333 0.43796296296296294