1 0.13854166666666667 0.30648148148148147 0.2671875 0.30648148148148147 0.2671875 0.48703703703703705 0.13854166666666667 0.48703703703703705
0 0.2828125 0.20277777777777778 0.40729166666666666 0.20277777777777778 0.40729166666666666 0.4324074074074074 0.2828125 0.4324074074074074
1 0.6208333333333333 0.25277777777777777 0.6916666666666667 0.25277777777777777 0.6916666666666667 0.3574074074074074 0.6208333333333333 0.3574074074074074
1 0.4484375 0.14351851851851852 0.49114583333333334 0.14351851851851852 0.49114583333333334 0.2064814814814815 0.4484375 0.2064814814814815
2 0.765625 0.5333333333333333 0.8208333333333333 0.5333333333333333 0.8208333333333333 0.7138888888888889 0.765625 0.7138888888888889
2 0.7411458333333333 0.3675925925925926 0.778125 0.3675925925925926 0.778125 0.4842592592592593 0.7411458333333333 0.4842592592592593
2 0.2515625 0.6814814814814815 0.3104166666666667 0.6814814814814815 0.3104166666666667 0.9148148148148149 0.2515625 0.9148148148148149
2 0.2921875 0.4740740740740741 0.34010416666666665 0.4740740740740741 0.34010416666666665 0.6101851851851852 0.2921875 0.6101851851851852
2 0.8453125 0.47962962962962963 0.8927083333333333 0.47962962962962963 0.8927083333333333 0.6092592592592593 0.8453125 0.6092592592592593
2 0.6635416666666667 0.3712962962962963 0.7 0.3712962962962963 0.7 0.47685185185185186 0.6635416666666667 0.47685185185185186
2 0.39895833333333336 0.4388888888888889 0.44635416666666666 0.4388888888888889 0.44635416666666666 0.5805555555555556 0.39895833333333336 0.5805555555555556
2 0.6822916666666666 0.7324074074074074 0.7489583333333333 0.7324074074074074 0.7489583333333333 0.95 0.6822916666666666 0.95
2 0.5703125 0.27037037037037037 0.5984375 0.27037037037037037 0.5984375 0.3648148148148148 0.5703125 0.3648148148148148
1 0.5276041666666667 0.08425925925925926 0.5520833333333334 0.08425925925925926 0.5520833333333334 0.1175925925925926 0.5276041666666667 0.1175925925925926
2 0.5473958333333333 0.11203703703703703 0.5619791666666667 0.11203703703703703 0.5619791666666667 0.15092592592592594 0.5473958333333333 0.15092592592592594
2 0.5958333333333333 0.1574074074074074 0.6177083333333333 0.1574074074074074 0.6177083333333333 0.23148148148148148 0.5958333333333333 0.23148148148148148
2 0.013541666666666667 0.5407407407407407 0.08958333333333333 0.5407407407407407 0.08958333333333333 0.7037037037037037 0.013541666666666667 0.7037037037037037
2 0.4375 0.27685185185185185 0.4739583333333333 0.27685185185185185 0.4739583333333333 0.3824074074074074 0.4375 0.3824074074074074
2 0.5973958333333333 0.1425925925925926 0.6171875 0.1425925925925926 0.6171875 0.18425925925925926 0.5973958333333333 0.18425925925925926