1 0.14479166666666668 0.32037037037037036 0.26979166666666665 0.32037037037037036 0.26979166666666665 0.4981481481481482 0.14479166666666668 0.4981481481481482
1 0.46770833333333334 0.13240740740740742 0.49895833333333334 0.13240740740740742 0.49895833333333334 0.17962962962962964 0.46770833333333334 0.17962962962962964
1 0.3338541666666667 0.17592592592592593 0.39166666666666666 0.17592592592592593 0.39166666666666666 0.24444444444444444 0.3338541666666667 0.24444444444444444
1 0.6046875 0.10925925925925926 0.6526041666666667 0.10925925925925926 0.6526041666666667 0.1574074074074074 0.6046875 0.1574074074074074
2 0.7869791666666667 0.6925925925925925 0.8609375 0.6925925925925925 0.8609375 0.9453703703703704 0.7869791666666667 0.9453703703703704
2 0.11354166666666667 0.6555555555555556 0.1828125 0.6555555555555556 0.1828125 0.8916666666666667 0.11354166666666667 0.8916666666666667
2 0.24270833333333333 0.5148148148148148 0.29375 0.5148148148148148 0.29375 0.7175925925925926 0.24270833333333333 0.7175925925925926
2 0.3567708333333333 0.5027777777777778 0.39739583333333334 0.5027777777777778 0.39739583333333334 0.6574074074074074 0.3567708333333333 0.6574074074074074
2 0.40260416666666665 0.3925925925925926 0.4296875 0.3925925925925926 0.4296875 0.512962962962963 0.40260416666666665 0.512962962962963
2 0.3411458333333333 0.3851851851851852 0.36822916666666666 0.3851851851851852 0.36822916666666666 0.5111111111111111 0.3411458333333333 0.5111111111111111
2 0.3125 0.36944444444444446 0.34427083333333336 0.36944444444444446 0.34427083333333336 0.4898148148148148 0.3125 0.4898148148148148
2 0.33229166666666665 0.29444444444444445 0.3578125 0.29444444444444445 0.3578125 0.38425925925925924 0.33229166666666665 0.38425925925925924
2 0.3453125 0.25555555555555554 0.3671875 0.25555555555555554 0.3671875 0.3194444444444444 0.3453125 0.3194444444444444
2 0.3880208333333333 0.27685185185185185 0.42291666666666666 0.27685185185185185 0.42291666666666666 0.37962962962962965 0.3880208333333333 0.37962962962962965
2 0.4453125 0.30462962962962964 0.48020833333333335 0.30462962962962964 0.48020833333333335 0.4046296296296296 0.4453125 0.4046296296296296
2 0.38125 0.19074074074074074 0.39895833333333336 0.19074074074074074 0.39895833333333336 0.25833333333333336 0.38125 0.25833333333333336
2 0.4005208333333333 0.18055555555555555 0.40989583333333335 0.18055555555555555 0.40989583333333335 0.2212962962962963 0.4005208333333333 0.2212962962962963
2 0.40520833333333334 0.19814814814814816 0.4166666666666667 0.19814814814814816 0.4166666666666667 0.25092592592592594 0.40520833333333334 0.25092592592592594
2 0.4166666666666667 0.21574074074074073 0.42916666666666664 0.21574074074074073 0.42916666666666664 0.2777777777777778 0.4166666666666667 0.2777777777777778
2 0.396875 0.24444444444444444 0.4125 0.24444444444444444 0.4125 0.2935185185185185 0.396875 0.2935185185185185
2 0.4479166666666667 0.2101851851851852 0.4640625 0.2101851851851852 0.4640625 0.29074074074074074 0.4479166666666667 0.29074074074074074
2 0.4635416666666667 0.19537037037037036 0.47552083333333334 0.19537037037037036 0.47552083333333334 0.2675925925925926 0.4635416666666667 0.2675925925925926
2 0.4395833333333333 0.16666666666666666 0.44947916666666665 0.16666666666666666 0.44947916666666665 0.21481481481481482 0.4395833333333333 0.21481481481481482
2 0.43072916666666666 0.1527777777777778 0.440625 0.1527777777777778 0.440625 0.20185185185185187 0.43072916666666666 0.20185185185185187
2 0.45989583333333334 0.1648148148148148 0.47291666666666665 0.1648148148148148 0.47291666666666665 0.2064814814814815 0.45989583333333334 0.2064814814814815
2 0.4401041666666667 0.11944444444444445 0.4484375 0.11944444444444445 0.4484375 0.16111111111111112 0.4401041666666667 0.16111111111111112
2 0.45208333333333334 0.1287037037037037 0.459375 0.1287037037037037 0.459375 0.1824074074074074 0.45208333333333334 0.1824074074074074
2 0.4578125 0.11481481481481481 0.4671875 0.11481481481481481 0.4671875 0.15833333333333333 0.4578125 0.15833333333333333
2 0.49583333333333335 0.11481481481481481 0.5114583333333333 0.11481481481481481 0.5114583333333333 0.15925925925925927 0.49583333333333335 0.15925925925925927
2 0.43072916666666666 0.10740740740740741 0.4390625 0.10740740740740741 0.4390625 0.14722222222222223 0.43072916666666666 0.14722222222222223
2 0.4473958333333333 0.10462962962962963 0.45364583333333336 0.10462962962962963 0.45364583333333336 0.13425925925925927 0.4473958333333333 0.13425925925925927
2 0.4708333333333333 0.10833333333333334 0.4791666666666667 0.10833333333333334 0.4791666666666667 0.14074074074074075 0.4708333333333333 0.14074074074074075
2 0.5817708333333333 0.10740740740740741 0.5916666666666667 0.10740740740740741 0.5916666666666667 0.14074074074074075 0.5817708333333333 0.14074074074074075
2 0.5947916666666667 0.14537037037037037 0.6046875 0.14537037037037037 0.6046875 0.1925925925925926 0.5947916666666667 0.1925925925925926
2 0.6046875 0.1685185185185185 0.615625 0.1685185185185185 0.615625 0.22314814814814815 0.6046875 0.22314814814814815
2 0.6203125 0.14814814814814814 0.63125 0.14814814814814814 0.63125 0.19166666666666668 0.6203125 0.19166666666666668
2 0.634375 0.1685185185185185 0.6479166666666667 0.1685185185185185 0.6479166666666667 0.21296296296296297 0.634375 0.21296296296296297
2 0.4166666666666667 0.17962962962962964 0.4270833333333333 0.17962962962962964 0.4270833333333333 0.22314814814814815 0.4166666666666667 0.22314814814814815