1 0.39739583333333334 0.9055555555555556 0.4947916666666667 0.9055555555555556 0.4947916666666667 1 0.39739583333333334 1
1 0.44166666666666665 0.575 0.5338541666666666 0.575 0.5338541666666666 0.7518518518518519 0.44166666666666665 0.7518518518518519
2 0.5609375 0.9425925925925925 0.6375 0.9425925925925925 0.6375 1 0.5609375 1
2 0.37135416666666665 0.6935185185185185 0.4161458333333333 0.6935185185185185 0.4161458333333333 0.7444444444444445 0.37135416666666665 0.7444444444444445
2 0.39791666666666664 0.2074074074074074 0.45 0.2074074074074074 0.45 0.25925925925925924 0.39791666666666664 0.25925925925925924
2 0.4432291666666667 0.09722222222222222 0.509375 0.09722222222222222 0.509375 0.1712962962962963 0.4432291666666667 0.1712962962962963
2 0.38385416666666666 0.6240740740740741 0.42916666666666664 0.6240740740740741 0.42916666666666664 0.6759259259259259 0.38385416666666666 0.6759259259259259
2 0.40989583333333335 0.7388888888888889 0.4625 0.7388888888888889 0.4625 0.7962962962962963 0.40989583333333335 0.7962962962962963
1 0.31875 0.7074074074074074 0.3546875 0.7074074074074074 0.3546875 0.8203703703703704 0.31875 0.8203703703703704
2 0.49322916666666666 0.16296296296296298 0.5744791666666667 0.16296296296296298 0.5744791666666667 0.25092592592592594 0.49322916666666666 0.25092592592592594
2 0.49114583333333334 0.899074074074074 0.5541666666666667 0.899074074074074 0.5541666666666667 0.9805555555555555 0.49114583333333334 0.9805555555555555
2 0.3703125 0.11944444444444445 0.41354166666666664 0.11944444444444445 0.41354166666666664 0.16944444444444445 0.3703125 0.16944444444444445
2 0.32916666666666666 0.537962962962963 0.36302083333333335 0.537962962962963 0.36302083333333335 0.5685185185185185 0.32916666666666666 0.5685185185185185
2 0.28072916666666664 0.5481481481481482 0.2989583333333333 0.5481481481481482 0.2989583333333333 0.5722222222222222 0.28072916666666664 0.5722222222222222
2 0.3223958333333333 0.5944444444444444 0.3458333333333333 0.5944444444444444 0.3458333333333333 0.625 0.3223958333333333 0.625
2 0.296875 0.49166666666666664 0.32083333333333336 0.49166666666666664 0.32083333333333336 0.5166666666666667 0.296875 0.5166666666666667
2 0.31354166666666666 0.3055555555555556 0.3375 0.3055555555555556 0.3375 0.33240740740740743 0.31354166666666666 0.33240740740740743
2 0.29010416666666666 0.512962962962963 0.3098958333333333 0.512962962962963 0.3098958333333333 0.5407407407407407 0.29010416666666666 0.5407407407407407
2 0.31145833333333334 0.2537037037037037 0.340625 0.2537037037037037 0.340625 0.28425925925925927 0.31145833333333334 0.28425925925925927