1 0.5 0 0.5984375 0 0.5984375 0.09351851851851851 0.5 0.09351851851851851
1 0.6078125 0.3824074074074074 0.6541666666666667 0.3824074074074074 0.6541666666666667 0.47129629629629627 0.6078125 0.47129629629629627
1 0.6463541666666667 0.18611111111111112 0.6817708333333333 0.18611111111111112 0.6817708333333333 0.30648148148148147 0.6463541666666667 0.30648148148148147
2 0.4276041666666667 0.016666666666666666 0.5119791666666667 0.016666666666666666 0.5119791666666667 0.11574074074074074 0.4276041666666667 0.11574074074074074
2 0.5265625 0.8935185185185185 0.5854166666666667 0.8935185185185185 0.5854166666666667 0.9574074074074074 0.5265625 0.9574074074074074
2 0.546875 0.8037037037037037 0.5963541666666666 0.8037037037037037 0.5963541666666666 0.8657407407407407 0.546875 0.8657407407407407
2 0.3255208333333333 0.17407407407407408 0.43020833333333336 0.17407407407407408 0.43020833333333336 0.2675925925925926 0.3255208333333333 0.2675925925925926
2 0.5557291666666667 0.2388888888888889 0.6046875 0.2388888888888889 0.6046875 0.28888888888888886 0.5557291666666667 0.28888888888888886
2 0.6427083333333333 0.3685185185185185 0.6692708333333334 0.3685185185185185 0.6692708333333334 0.4 0.6427083333333333 0.4
2 0.5125 0.13518518518518519 0.5776041666666667 0.13518518518518519 0.5776041666666667 0.1925925925925926 0.5125 0.1925925925925926
2 0.49270833333333336 0.29814814814814816 0.5557291666666667 0.29814814814814816 0.5557291666666667 0.36574074074074076 0.49270833333333336 0.36574074074074076
2 0.6046875 0.7814814814814814 0.6489583333333333 0.7814814814814814 0.6489583333333333 0.837037037037037 0.6046875 0.837037037037037
2 0.6838541666666667 0.4601851851851852 0.7041666666666667 0.4601851851851852 0.7041666666666667 0.48333333333333334 0.6838541666666667 0.48333333333333334
2 0.6552083333333333 0.41944444444444445 0.6776041666666667 0.41944444444444445 0.6776041666666667 0.44814814814814813 0.6552083333333333 0.44814814814814813
2 0.5963541666666666 0.33611111111111114 0.6395833333333333 0.33611111111111114 0.6395833333333333 0.375 0.5963541666666666 0.375
2 0.6760416666666667 0.4287037037037037 0.6984375 0.4287037037037037 0.6984375 0.45555555555555555 0.6760416666666667 0.45555555555555555
2 0.5953125 0.26296296296296295 0.6348958333333333 0.26296296296296295 0.6348958333333333 0.30648148148148147 0.5953125 0.30648148148148147
2 0.5697916666666667 0.13703703703703704 0.5989583333333334 0.13703703703703704 0.5989583333333334 0.18981481481481483 0.5697916666666667 0.18981481481481483
2 0.684375 0.6925925925925925 0.7072916666666667 0.6925925925925925 0.7072916666666667 0.7212962962962963 0.684375 0.7212962962962963
2 0.6927083333333334 0.6342592592592593 0.7125 0.6342592592592593 0.7125 0.6657407407407407 0.6927083333333334 0.6657407407407407
2 0.678125 0.39166666666666666 0.6994791666666667 0.39166666666666666 0.6994791666666667 0.41759259259259257 0.678125 0.41759259259259257
2 0.678125 0.3527777777777778 0.6989583333333333 0.3527777777777778 0.6989583333333333 0.3787037037037037 0.678125 0.3787037037037037
2 0.6557291666666667 0.49444444444444446 0.6828125 0.49444444444444446 0.6828125 0.524074074074074 0.6557291666666667 0.524074074074074
2 0.615625 0.7212962962962963 0.6625 0.7212962962962963 0.6625 0.7638888888888888 0.615625 0.7638888888888888