1 0.13958333333333334 0.30648148148148147 0.26614583333333336 0.30648148148148147 0.26614583333333336 0.4861111111111111 0.13958333333333334 0.4861111111111111
1 0.63125 0.3277777777777778 0.7401041666666667 0.3277777777777778 0.7401041666666667 0.462037037037037 0.63125 0.462037037037037
2 0.9385416666666667 0.6370370370370371 1 0.6370370370370371 1 0.8111111111111111 0.9385416666666667 0.8111111111111111
2 0.7354166666666667 0.55 0.7885416666666667 0.55 0.7885416666666667 0.7185185185185186 0.7354166666666667 0.7185185185185186
2 0.8317708333333333 0.5462962962962963 0.8859375 0.5462962962962963 0.8859375 0.7101851851851851 0.8317708333333333 0.7101851851851851
2 0.153125 0.5305555555555556 0.20572916666666666 0.5305555555555556 0.20572916666666666 0.6833333333333333 0.153125 0.6833333333333333
2 0.0078125 0.5407407407407407 0.08541666666666667 0.5407407407407407 0.08541666666666667 0.7203703703703703 0.0078125 0.7203703703703703
2 0.09635416666666667 0.7296296296296296 0.171875 0.7296296296296296 0.171875 0.9722222222222222 0.09635416666666667 0.9722222222222222
2 0.5463541666666667 0.1361111111111111 0.5630208333333333 0.1361111111111111 0.5630208333333333 0.17962962962962964 0.5463541666666667 0.17962962962962964
0 0.3151041666666667 0.19074074074074074 0.41510416666666666 0.19074074074074074 0.41510416666666666 0.3611111111111111 0.3151041666666667 0.3611111111111111
2 0.3640625 0.33425925925925926 0.396875 0.33425925925925926 0.396875 0.42685185185185187 0.3640625 0.42685185185185187
2 0.16875 0.8379629629629629 0.24791666666666667 0.8379629629629629 0.24791666666666667 0.9953703703703703 0.16875 0.9953703703703703
2 0.7697916666666667 0.4046296296296296 0.8083333333333333 0.4046296296296296 0.8083333333333333 0.5148148148148148 0.7697916666666667 0.5148148148148148
1 0.53125 0.0962962962962963 0.5572916666666666 0.0962962962962963 0.5572916666666666 0.13333333333333333 0.53125 0.13333333333333333
2 0.6135416666666667 0.22685185185185186 0.6369791666666667 0.22685185185185186 0.6369791666666667 0.2962962962962963 0.6135416666666667 0.2962962962962963
2 0.34322916666666664 0.42962962962962964 0.37916666666666665 0.42962962962962964 0.37916666666666665 0.562962962962963 0.34322916666666664 0.562962962962963
1 0.4588541666666667 0.1259259259259259 0.4942708333333333 0.1259259259259259 0.4942708333333333 0.1787037037037037 0.4588541666666667 0.1787037037037037
2 0.4453125 0.23055555555555557 0.471875 0.23055555555555557 0.471875 0.30185185185185187 0.4453125 0.30185185185185187
2 0.4984375 0.15925925925925927 0.525 0.15925925925925927 0.525 0.21481481481481482 0.4984375 0.21481481481481482
1 0.5661458333333333 0.11481481481481481 0.6036458333333333 0.11481481481481481 0.6036458333333333 0.15925925925925927 0.5661458333333333 0.15925925925925927
2 0.4322916666666667 0.3 0.4625 0.3 0.4625 0.3972222222222222 0.4322916666666667 0.3972222222222222
2 0.4510416666666667 0.19722222222222222 0.4734375 0.19722222222222222 0.4734375 0.24074074074074073 0.4510416666666667 0.24074074074074073
2 0.6255208333333333 0.14166666666666666 0.6453125 0.14166666666666666 0.6453125 0.1814814814814815 0.6255208333333333 0.1814814814814815
2 0.60625 0.38333333333333336 0.6401041666666667 0.38333333333333336 0.6401041666666667 0.5194444444444445 0.60625 0.5194444444444445