1 0.13802083333333334 0.3351851851851852 0.259375 0.3351851851851852 0.259375 0.5175925925925926 0.13802083333333334 0.5175925925925926
1 0.42864583333333334 0.24074074074074073 0.4828125 0.24074074074074073 0.4828125 0.3388888888888889 0.42864583333333334 0.3388888888888889
1 0.325 0.18981481481481483 0.3802083333333333 0.18981481481481483 0.3802083333333333 0.2537037037037037 0.325 0.2537037037037037
1 0.5515625 0.18518518518518517 0.5994791666666667 0.18518518518518517 0.5994791666666667 0.26296296296296295 0.5515625 0.26296296296296295
2 0.005208333333333333 0.7620370370370371 0.09010416666666667 0.7620370370370371 0.09010416666666667 0.9944444444444445 0.005208333333333333 0.9944444444444445
2 0.09739583333333333 0.7527777777777778 0.1828125 0.7527777777777778 0.1828125 0.9648148148148148 0.09739583333333333 0.9648148148148148
2 0.22447916666666667 0.687962962962963 0.28489583333333335 0.687962962962963 0.28489583333333335 0.9537037037037037 0.22447916666666667 0.9537037037037037
2 0.21875 0.4888888888888889 0.24322916666666666 0.4888888888888889 0.24322916666666666 0.6111111111111112 0.21875 0.6111111111111112
2 0.26197916666666665 0.5185185185185185 0.3078125 0.5185185185185185 0.3078125 0.6703703703703704 0.26197916666666665 0.6703703703703704
2 0.31145833333333334 0.39444444444444443 0.3536458333333333 0.39444444444444443 0.3536458333333333 0.5277777777777778 0.31145833333333334 0.5277777777777778
2 0.37135416666666665 0.39814814814814814 0.4119791666666667 0.39814814814814814 0.4119791666666667 0.5518518518518518 0.37135416666666665 0.5518518518518518
2 0.7453125 0.4101851851851852 0.7901041666666667 0.4101851851851852 0.7901041666666667 0.5407407407407407 0.7453125 0.5407407407407407
2 0.8958333333333334 0.5907407407407408 0.9619791666666667 0.5907407407407408 0.9619791666666667 0.7537037037037037 0.8958333333333334 0.7537037037037037
2 0.34375 0.29074074074074074 0.3671875 0.29074074074074074 0.3671875 0.375 0.34375 0.375
2 0.3651041666666667 0.23425925925925925 0.384375 0.23425925925925925 0.384375 0.30925925925925923 0.3651041666666667 0.30925925925925923
2 0.390625 0.2824074074074074 0.4088541666666667 0.2824074074074074 0.4088541666666667 0.3592592592592593 0.390625 0.3592592592592593
2 0.39895833333333336 0.1824074074074074 0.41510416666666666 0.1824074074074074 0.41510416666666666 0.24814814814814815 0.39895833333333336 0.24814814814814815
2 0.41354166666666664 0.21296296296296297 0.4270833333333333 0.21296296296296297 0.4270833333333333 0.27685185185185185 0.41354166666666664 0.27685185185185185
2 0.4270833333333333 0.16944444444444445 0.43854166666666666 0.16944444444444445 0.43854166666666666 0.22407407407407406 0.4270833333333333 0.22407407407407406
2 0.45 0.16018518518518518 0.4588541666666667 0.16018518518518518 0.4588541666666667 0.20833333333333334 0.45 0.20833333333333334
2 0.45625 0.1648148148148148 0.47708333333333336 0.1648148148148148 0.47708333333333336 0.22685185185185186 0.45625 0.22685185185185186
2 0.5098958333333333 0.1925925925925926 0.5354166666666667 0.1925925925925926 0.5354166666666667 0.2611111111111111 0.5098958333333333 0.2611111111111111
2 0.628125 0.23055555555555557 0.6473958333333333 0.23055555555555557 0.6473958333333333 0.30462962962962964 0.628125 0.30462962962962964
2 0.40208333333333335 0.11944444444444445 0.41458333333333336 0.11944444444444445 0.41458333333333336 0.15648148148148147 0.40208333333333335 0.15648148148148147
2 0.4171875 0.1425925925925926 0.42916666666666664 0.1425925925925926 0.42916666666666664 0.18518518518518517 0.4171875 0.18518518518518517
2 0.44375 0.13518518518518519 0.44947916666666665 0.13518518518518519 0.44947916666666665 0.175 0.44375 0.175
2 0.45416666666666666 0.1259259259259259 0.46041666666666664 0.1259259259259259 0.46041666666666664 0.1685185185185185 0.45416666666666666 0.1685185185185185
2 0.4625 0.12685185185185185 0.4708333333333333 0.12685185185185185 0.4708333333333333 0.15462962962962962 0.4625 0.15462962962962962
1 0.5208333333333334 0.1259259259259259 0.553125 0.1259259259259259 0.553125 0.1685185185185185 0.5208333333333334 0.1685185185185185
2 0.5651041666666666 0.13703703703703704 0.571875 0.13703703703703704 0.571875 0.17314814814814813 0.5651041666666666 0.17314814814814813
2 0.5817708333333333 0.13425925925925927 0.59375 0.13425925925925927 0.59375 0.17777777777777778 0.5817708333333333 0.17777777777777778