1 0.39427083333333335 0.9064814814814814 0.49270833333333336 0.9064814814814814 0.49270833333333336 1 0.39427083333333335 1
1 0.315625 0.6888888888888889 0.3515625 0.6888888888888889 0.3515625 0.8092592592592592 0.315625 0.8092592592592592
2 0.5489583333333333 0.9564814814814815 0.6520833333333333 0.9564814814814815 0.6520833333333333 1 0.5489583333333333 1
2 0.43385416666666665 0.09351851851851851 0.4942708333333333 0.09351851851851851 0.4942708333333333 0.15925925925925927 0.43385416666666665 0.15925925925925927
2 0.453125 0.7379629629629629 0.5234375 0.7379629629629629 0.5234375 0.8203703703703704 0.453125 0.8203703703703704
2 0.31302083333333336 0.26666666666666666 0.34010416666666665 0.26666666666666666 0.34010416666666665 0.3074074074074074 0.31302083333333336 0.3074074074074074
2 0.35104166666666664 0.30462962962962964 0.39427083333333335 0.30462962962962964 0.39427083333333335 0.3490740740740741 0.35104166666666664 0.3490740740740741
2 0.3229166666666667 0.35462962962962963 0.3609375 0.35462962962962963 0.3609375 0.4064814814814815 0.3229166666666667 0.4064814814814815
2 0.40572916666666664 0.6083333333333333 0.47239583333333335 0.6083333333333333 0.47239583333333335 0.6759259259259259 0.40572916666666664 0.6759259259259259
2 0.3609375 0.22592592592592592 0.403125 0.22592592592592592 0.403125 0.2675925925925926 0.3609375 0.2675925925925926
2 0.3859375 0.6712962962962963 0.4390625 0.6712962962962963 0.4390625 0.7222222222222222 0.3859375 0.7222222222222222
2 0.39791666666666664 0.22685185185185186 0.45364583333333336 0.22685185185185186 0.45364583333333336 0.28703703703703703 0.39791666666666664 0.28703703703703703
2 0.32135416666666666 0.1925925925925926 0.35572916666666665 0.1925925925925926 0.35572916666666665 0.2351851851851852 0.32135416666666666 0.2351851851851852
2 0.2942708333333333 0.3277777777777778 0.3151041666666667 0.3277777777777778 0.3151041666666667 0.3527777777777778 0.2942708333333333 0.3527777777777778
2 0.309375 0.44166666666666665 0.3458333333333333 0.44166666666666665 0.3458333333333333 0.49444444444444446 0.309375 0.49444444444444446
2 0.3307291666666667 0.5768518518518518 0.36875 0.5768518518518518 0.36875 0.6194444444444445 0.3307291666666667 0.6194444444444445
2 0.315625 0.6157407407407407 0.3416666666666667 0.6157407407407407 0.3416666666666667 0.65 0.315625 0.65
2 0.3177083333333333 0.5314814814814814 0.35104166666666664 0.5314814814814814 0.35104166666666664 0.5648148148148148 0.3177083333333333 0.5648148148148148