1 0.490625 0 0.5921875 0 0.5921875 0.07777777777777778 0.490625 0.07777777777777778
1 0.5713541666666667 0.3574074074074074 0.6307291666666667 0.3574074074074074 0.6307291666666667 0.4601851851851852 0.5713541666666667 0.4601851851851852
1 0.6416666666666667 0.19444444444444445 0.6765625 0.19444444444444445 0.6765625 0.30185185185185187 0.6416666666666667 0.30185185185185187
1 0.6473958333333333 0.5888888888888889 0.6869791666666667 0.5888888888888889 0.6869791666666667 0.6694444444444444 0.6473958333333333 0.6694444444444444
2 0.5255208333333333 0.2675925925925926 0.5739583333333333 0.2675925925925926 0.5739583333333333 0.3148148148148148 0.5255208333333333 0.3148148148148148
1 0.6927083333333334 0.55 0.7145833333333333 0.55 0.7145833333333333 0.5916666666666667 0.6927083333333334 0.5916666666666667
2 0.5942708333333333 0.24537037037037038 0.625 0.24537037037037038 0.625 0.2861111111111111 0.5942708333333333 0.2861111111111111
2 0.30416666666666664 0 0.42135416666666664 0 0.42135416666666664 0.06296296296296296 0.30416666666666664 0.06296296296296296
2 0.42135416666666664 0.1 0.515625 0.1 0.515625 0.16203703703703703 0.42135416666666664 0.16203703703703703
2 0.40520833333333334 0.19166666666666668 0.49322916666666666 0.19166666666666668 0.49322916666666666 0.2712962962962963 0.40520833333333334 0.2712962962962963
2 0.5385416666666667 0.17222222222222222 0.596875 0.17222222222222222 0.596875 0.22685185185185186 0.5385416666666667 0.22685185185185186
2 0.5333333333333333 0.8796296296296297 0.5911458333333334 0.8796296296296297 0.5911458333333334 0.9296296296296296 0.5333333333333333 0.9296296296296296
2 0.6317708333333333 0.7138888888888889 0.66875 0.7138888888888889 0.66875 0.7425925925925926 0.6317708333333333 0.7425925925925926
2 0.6432291666666666 0.5212962962962963 0.6765625 0.5212962962962963 0.6765625 0.5787037037037037 0.6432291666666666 0.5787037037037037
2 0.6130208333333333 0.3351851851851852 0.6515625 0.3351851851851852 0.6515625 0.36018518518518516 0.6130208333333333 0.36018518518518516
2 0.6369791666666667 0.3148148148148148 0.6703125 0.3148148148148148 0.6703125 0.3351851851851852 0.6369791666666667 0.3351851851851852
2 0.6916666666666667 0.3314814814814815 0.7125 0.3314814814814815 0.7125 0.34444444444444444 0.6916666666666667 0.34444444444444444
2 0.66875 0.34814814814814815 0.6958333333333333 0.34814814814814815 0.6958333333333333 0.36574074074074076 0.66875 0.36574074074074076
2 0.6494791666666667 0.3685185185185185 0.6817708333333333 0.3685185185185185 0.6817708333333333 0.3925925925925926 0.6494791666666667 0.3925925925925926
2 0.6583333333333333 0.40555555555555556 0.684375 0.40555555555555556 0.684375 0.42592592592592593 0.6583333333333333 0.42592592592592593
2 0.6479166666666667 0.42314814814814816 0.6765625 0.42314814814814816 0.6765625 0.45 0.6479166666666667 0.45
2 0.6770833333333334 0.39166666666666666 0.7020833333333333 0.39166666666666666 0.7020833333333333 0.4074074074074074 0.6770833333333334 0.4074074074074074
2 0.6817708333333333 0.4166666666666667 0.70625 0.4166666666666667 0.70625 0.44166666666666665 0.6817708333333333 0.44166666666666665
2 0.6921875 0.40925925925925927 0.7098958333333333 0.40925925925925927 0.7098958333333333 0.4148148148148148 0.6921875 0.4148148148148148
2 0.690625 0.45555555555555555 0.7125 0.45555555555555555 0.7125 0.47129629629629627 0.690625 0.47129629629629627
2 0.6916666666666667 0.4861111111111111 0.7151041666666667 0.4861111111111111 0.7151041666666667 0.5046296296296297 0.6916666666666667 0.5046296296296297
2 0.6927083333333334 0.6092592592592593 0.7151041666666667 0.6092592592592593 0.7151041666666667 0.6277777777777778 0.6927083333333334 0.6277777777777778
2 0.6911458333333333 0.6453703703703704 0.7145833333333333 0.6453703703703704 0.7145833333333333 0.662962962962963 0.6911458333333333 0.662962962962963