1 0.14166666666666666 0.3175925925925926 0.27447916666666666 0.3175925925925926 0.27447916666666666 0.4925925925925926 0.14166666666666666 0.4925925925925926
1 0.3260416666666667 0.17407407407407408 0.3932291666666667 0.17407407407407408 0.3932291666666667 0.23333333333333334 0.3260416666666667 0.23333333333333334
2 0.021875 0.8564814814814815 0.11666666666666667 0.8564814814814815 0.11666666666666667 1 0.021875 1
2 0.4083333333333333 0.18796296296296297 0.428125 0.18796296296296297 0.428125 0.24351851851851852 0.4083333333333333 0.24351851851851852
2 0.9130208333333333 0.7074074074074074 0.9963541666666667 0.7074074074074074 0.9963541666666667 0.9027777777777778 0.9130208333333333 0.9027777777777778
2 0.7421875 0.425 0.7833333333333333 0.425 0.7833333333333333 0.5222222222222223 0.7421875 0.5222222222222223
2 0.240625 0.5787037037037037 0.29739583333333336 0.5787037037037037 0.29739583333333336 0.75 0.240625 0.75
2 0.421875 0.24074074074074073 0.4505208333333333 0.24074074074074073 0.4505208333333333 0.3138888888888889 0.421875 0.3138888888888889
2 0.5864583333333333 0.2 0.60625 0.2 0.60625 0.25925925925925924 0.5864583333333333 0.25925925925925924
2 0.7088541666666667 0.4777777777777778 0.759375 0.4777777777777778 0.759375 0.6166666666666667 0.7088541666666667 0.6166666666666667
2 0.6588541666666666 0.19074074074074074 0.6765625 0.19074074074074074 0.6765625 0.2324074074074074 0.6588541666666666 0.2324074074074074
2 0.5885416666666666 0.1037037037037037 0.6026041666666667 0.1037037037037037 0.6026041666666667 0.1361111111111111 0.5885416666666666 0.1361111111111111
2 0.5385416666666667 0.0962962962962963 0.5515625 0.0962962962962963 0.5515625 0.12685185185185185 0.5385416666666667 0.12685185185185185
2 0.659375 0.3074074074074074 0.6916666666666667 0.3074074074074074 0.6916666666666667 0.3990740740740741 0.659375 0.3990740740740741
2 0.3546875 0.3824074074074074 0.3958333333333333 0.3824074074074074 0.3958333333333333 0.5055555555555555 0.3546875 0.5055555555555555
2 0.4390625 0.18518518518518517 0.45729166666666665 0.18518518518518517 0.45729166666666665 0.2351851851851852 0.4390625 0.2351851851851852
2 0.6046875 0.26666666666666666 0.6296875 0.26666666666666666 0.6296875 0.3416666666666667 0.6046875 0.3416666666666667
2 0.3651041666666667 0.4444444444444444 0.41041666666666665 0.4444444444444444 0.41041666666666665 0.6037037037037037 0.3651041666666667 0.6037037037037037
2 0.45416666666666666 0.15925925925925927 0.4703125 0.15925925925925927 0.4703125 0.19722222222222222 0.45416666666666666 0.19722222222222222
2 0.46145833333333336 0.19722222222222222 0.48020833333333335 0.19722222222222222 0.48020833333333335 0.2388888888888889 0.46145833333333336 0.2388888888888889
2 0.5520833333333334 0.17037037037037037 0.5744791666666667 0.17037037037037037 0.5744791666666667 0.22777777777777777 0.5520833333333334 0.22777777777777777