1 0.1421875 0.3194444444444444 0.2682291666666667 0.3194444444444444 0.2682291666666667 0.5 0.1421875 0.5
1 0.3296875 0.17592592592592593 0.39114583333333336 0.17592592592592593 0.39114583333333336 0.24166666666666667 0.3296875 0.24166666666666667
2 0.7645833333333333 0.4287037037037037 0.8182291666666667 0.4287037037037037 0.8182291666666667 0.5833333333333334 0.7645833333333333 0.5833333333333334
2 0.8010416666666667 0.7620370370370371 0.8973958333333333 0.7620370370370371 0.8973958333333333 1 0.8010416666666667 1
2 0.31927083333333334 0.7157407407407408 0.3848958333333333 0.7157407407407408 0.3848958333333333 1 0.31927083333333334 1
2 0.2609375 0.5537037037037037 0.3067708333333333 0.5537037037037037 0.3067708333333333 0.7685185185185185 0.2609375 0.7685185185185185
2 0.13072916666666667 0.5657407407407408 0.19010416666666666 0.5657407407407408 0.19010416666666666 0.7592592592592593 0.13072916666666667 0.7592592592592593
2 0.06822916666666666 0.725 0.14322916666666666 0.725 0.14322916666666666 0.9907407407407407 0.06822916666666666 0.9907407407407407
2 0.22708333333333333 0.39166666666666666 0.2598958333333333 0.39166666666666666 0.2598958333333333 0.55 0.22708333333333333 0.55
2 0.29739583333333336 0.4009259259259259 0.3234375 0.4009259259259259 0.3234375 0.5722222222222222 0.29739583333333336 0.5722222222222222
2 0.3880208333333333 0.387037037037037 0.4192708333333333 0.387037037037037 0.4192708333333333 0.5648148148148148 0.3880208333333333 0.5648148148148148
2 0.3380208333333333 0.35555555555555557 0.35520833333333335 0.35555555555555557 0.35520833333333335 0.4648148148148148 0.3380208333333333 0.4648148148148148
2 0.3453125 0.30277777777777776 0.3703125 0.30277777777777776 0.3703125 0.38333333333333336 0.3453125 0.38333333333333336
2 0.3421875 0.2564814814814815 0.3609375 0.2564814814814815 0.3609375 0.3287037037037037 0.3421875 0.3287037037037037
2 0.3703125 0.2601851851851852 0.38333333333333336 0.2601851851851852 0.38333333333333336 0.3388888888888889 0.3703125 0.3388888888888889
2 0.39010416666666664 0.23703703703703705 0.4083333333333333 0.23703703703703705 0.4083333333333333 0.3148148148148148 0.39010416666666664 0.3148148148148148
2 0.42239583333333336 0.22592592592592592 0.4348958333333333 0.22592592592592592 0.4348958333333333 0.287962962962963 0.42239583333333336 0.287962962962963
2 0.4427083333333333 0.24351851851851852 0.46041666666666664 0.24351851851851852 0.46041666666666664 0.32222222222222224 0.4427083333333333 0.32222222222222224
2 0.41875 0.33055555555555555 0.44583333333333336 0.33055555555555555 0.44583333333333336 0.4212962962962963 0.41875 0.4212962962962963
2 0.40260416666666665 0.19537037037037036 0.4197916666666667 0.19537037037037036 0.4197916666666667 0.24351851851851852 0.40260416666666665 0.24351851851851852
2 0.4276041666666667 0.1824074074074074 0.43854166666666666 0.1824074074074074 0.43854166666666666 0.23148148148148148 0.4276041666666667 0.23148148148148148
2 0.43802083333333336 0.14629629629629629 0.4484375 0.14629629629629629 0.4484375 0.19722222222222222 0.43802083333333336 0.19722222222222222
2 0.4510416666666667 0.15 0.459375 0.15 0.459375 0.19722222222222222 0.4510416666666667 0.19722222222222222
2 0.4666666666666667 0.13425925925925927 0.4744791666666667 0.13425925925925927 0.4744791666666667 0.18333333333333332 0.4666666666666667 0.18333333333333332
2 0.49375 0.14351851851851852 0.5067708333333333 0.14351851851851852 0.5067708333333333 0.19537037037037036 0.49375 0.19537037037037036
2 0.4239583333333333 0.11666666666666667 0.4296875 0.11666666666666667 0.4296875 0.15462962962962962 0.4239583333333333 0.15462962962962962
2 0.41770833333333335 0.11203703703703703 0.42552083333333335 0.11203703703703703 0.42552083333333335 0.1398148148148148 0.41770833333333335 0.1398148148148148
2 0.4322916666666667 0.1287037037037037 0.43697916666666664 0.1287037037037037 0.43697916666666664 0.16296296296296298 0.4322916666666667 0.16296296296296298
2 0.44375 0.125 0.45260416666666664 0.125 0.45260416666666664 0.1638888888888889 0.44375 0.1638888888888889
2 0.4609375 0.11388888888888889 0.46822916666666664 0.11388888888888889 0.46822916666666664 0.15648148148148147 0.4609375 0.15648148148148147
2 0.46979166666666666 0.1037037037037037 0.4786458333333333 0.1037037037037037 0.4786458333333333 0.14166666666666666 0.46979166666666666 0.14166666666666666
2 0.5869791666666667 0.1388888888888889 0.596875 0.1388888888888889 0.596875 0.18055555555555555 0.5869791666666667 0.18055555555555555
2 0.6234375 0.14907407407407408 0.6296875 0.14907407407407408 0.6296875 0.19166666666666668 0.6234375 0.19166666666666668
1 0.4552083333333333 0.16944444444444445 0.48489583333333336 0.16944444444444445 0.48489583333333336 0.23796296296296296 0.4552083333333333 0.23796296296296296
1 0.5651041666666666 0.30185185185185187 0.71875 0.30185185185185187 0.71875 0.637962962962963 0.5651041666666666 0.637962962962963