1 0.5567708333333333 0.287962962962963 0.6213541666666667 0.287962962962963 0.6213541666666667 0.38425925925925924 0.5567708333333333 0.38425925925925924
1 0.321875 0.20277777777777778 0.3796875 0.20277777777777778 0.3796875 0.26666666666666666 0.321875 0.26666666666666666
1 0.5291666666666667 0.17037037037037037 0.5614583333333333 0.17037037037037037 0.5614583333333333 0.22314814814814815 0.5291666666666667 0.22314814814814815
1 0.17916666666666667 0.8111111111111111 0.3645833333333333 0.8111111111111111 0.3645833333333333 0.9972222222222222 0.17916666666666667 0.9972222222222222
2 0.390625 0.4527777777777778 0.41822916666666665 0.4527777777777778 0.41822916666666665 0.5296296296296297 0.390625 0.5296296296296297
1 0.4390625 0.1814814814814815 0.475 0.1814814814814815 0.475 0.24722222222222223 0.4390625 0.24722222222222223
2 0.26875 0.5407407407407407 0.309375 0.5407407407407407 0.309375 0.6453703703703704 0.26875 0.6453703703703704
1 0.6447916666666667 0.1527777777777778 0.6947916666666667 0.1527777777777778 0.6947916666666667 0.2 0.6447916666666667 0.2
1 0.13697916666666668 0.337037037037037 0.2546875 0.337037037037037 0.2546875 0.5277777777777778 0.13697916666666668 0.5277777777777778
2 0.7171875 0.48055555555555557 0.7578125 0.48055555555555557 0.7578125 0.6203703703703703 0.7171875 0.6203703703703703
2 0.1828125 0.5277777777777778 0.22083333333333333 0.5277777777777778 0.22083333333333333 0.675 0.1828125 0.675
2 0.19583333333333333 0.6472222222222223 0.2515625 0.6472222222222223 0.2515625 0.8814814814814815 0.19583333333333333 0.8814814814814815
2 0.44375 0.4148148148148148 0.4796875 0.4148148148148148 0.4796875 0.549074074074074 0.44375 0.549074074074074
2 0.24427083333333333 0.4 0.29375 0.4 0.29375 0.525 0.24427083333333333 0.525
2 0.30416666666666664 0.37222222222222223 0.33229166666666665 0.37222222222222223 0.33229166666666665 0.49074074074074076 0.30416666666666664 0.49074074074074076
2 0.33697916666666666 0.40185185185185185 0.37135416666666665 0.40185185185185185 0.37135416666666665 0.5212962962962963 0.33697916666666666 0.5212962962962963
2 0.3182291666666667 0.28425925925925927 0.3338541666666667 0.28425925925925927 0.3338541666666667 0.36574074074074076 0.3182291666666667 0.36574074074074076
2 0.32916666666666666 0.29259259259259257 0.34739583333333335 0.29259259259259257 0.34739583333333335 0.39814814814814814 0.32916666666666666 0.39814814814814814
2 0.3541666666666667 0.3398148148148148 0.38333333333333336 0.3398148148148148 0.38333333333333336 0.4222222222222222 0.3541666666666667 0.4222222222222222
2 0.36666666666666664 0.3074074074074074 0.396875 0.3074074074074074 0.396875 0.4009259259259259 0.36666666666666664 0.4009259259259259
2 0.3796875 0.2740740740740741 0.39947916666666666 0.2740740740740741 0.39947916666666666 0.3388888888888889 0.3796875 0.3388888888888889
2 0.4166666666666667 0.25833333333333336 0.4359375 0.25833333333333336 0.4359375 0.34814814814814815 0.4166666666666667 0.34814814814814815
2 0.390625 0.1824074074074074 0.40625 0.1824074074074074 0.40625 0.2361111111111111 0.390625 0.2361111111111111
2 0.3984375 0.22037037037037038 0.41354166666666664 0.22037037037037038 0.41354166666666664 0.27685185185185185 0.3984375 0.27685185185185185
2 0.4166666666666667 0.1935185185185185 0.43125 0.1935185185185185 0.43125 0.25462962962962965 0.4166666666666667 0.25462962962962965
2 0.49270833333333336 0.18611111111111112 0.5265625 0.18611111111111112 0.5265625 0.24722222222222223 0.49270833333333336 0.24722222222222223
2 0.5776041666666667 0.20185185185185187 0.6015625 0.20185185185185187 0.6015625 0.25555555555555554 0.5776041666666667 0.25555555555555554
2 0.6036458333333333 0.18518518518518517 0.61875 0.18518518518518517 0.61875 0.24074074074074073 0.6036458333333333 0.24074074074074073
2 0.5958333333333333 0.16111111111111112 0.6036458333333333 0.16111111111111112 0.6036458333333333 0.2074074074074074 0.5958333333333333 0.2074074074074074
2 0.5578125 0.14537037037037037 0.5729166666666666 0.14537037037037037 0.5729166666666666 0.18611111111111112 0.5578125 0.18611111111111112
2 0.5864583333333333 0.14537037037037037 0.5963541666666666 0.14537037037037037 0.5963541666666666 0.18796296296296297 0.5864583333333333 0.18796296296296297
2 0.41510416666666666 0.15648148148148147 0.4276041666666667 0.15648148148148147 0.4276041666666667 0.2 0.41510416666666666 0.2
2 0.4270833333333333 0.1685185185185185 0.43854166666666666 0.1685185185185185 0.43854166666666666 0.2037037037037037 0.4270833333333333 0.2037037037037037
2 0.4390625 0.14722222222222223 0.446875 0.14722222222222223 0.446875 0.17685185185185184 0.4390625 0.17685185185185184