1 0.14583333333333334 0.3296296296296296 0.2671875 0.3296296296296296 0.2671875 0.5046296296296297 0.14583333333333334 0.5046296296296297
1 0.3328125 0.17962962962962964 0.38958333333333334 0.17962962962962964 0.38958333333333334 0.24166666666666667 0.3328125 0.24166666666666667
1 0.653125 0.13055555555555556 0.7083333333333334 0.13055555555555556 0.7083333333333334 0.175 0.653125 0.175
1 0.5453125 0.1111111111111111 0.5713541666666667 0.1111111111111111 0.5713541666666667 0.15462962962962962 0.5453125 0.15462962962962962
2 0.20260416666666667 0.4861111111111111 0.24895833333333334 0.4861111111111111 0.24895833333333334 0.6435185185185185 0.20260416666666667 0.6435185185185185
2 0.221875 0.5833333333333334 0.2734375 0.5833333333333334 0.2734375 0.787962962962963 0.221875 0.787962962962963
2 0.31354166666666666 0.32592592592592595 0.3421875 0.32592592592592595 0.3421875 0.4462962962962963 0.31354166666666666 0.4462962962962963
2 0.5546875 0.175 0.5786458333333333 0.175 0.5786458333333333 0.23055555555555557 0.5546875 0.23055555555555557
2 0.584375 0.18055555555555555 0.6072916666666667 0.18055555555555555 0.6072916666666667 0.23425925925925925 0.584375 0.23425925925925925
2 0.6234375 0.17314814814814813 0.6421875 0.17314814814814813 0.6421875 0.22777777777777777 0.6234375 0.22777777777777777
2 0.653125 0.21481481481481482 0.6765625 0.21481481481481482 0.6765625 0.2972222222222222 0.653125 0.2972222222222222
2 0.6651041666666667 0.28888888888888886 0.6854166666666667 0.28888888888888886 0.6854166666666667 0.3824074074074074 0.6651041666666667 0.3824074074074074
2 0.42083333333333334 0.2935185185185185 0.44427083333333334 0.2935185185185185 0.44427083333333334 0.3861111111111111 0.42083333333333334 0.3861111111111111
2 0.3640625 0.2574074074074074 0.3802083333333333 0.2574074074074074 0.3802083333333333 0.3398148148148148 0.3640625 0.3398148148148148
2 0.37447916666666664 0.30092592592592593 0.39375 0.30092592592592593 0.39375 0.3925925925925926 0.37447916666666664 0.3925925925925926
2 0.3828125 0.37777777777777777 0.4046875 0.37777777777777777 0.4046875 0.4935185185185185 0.3828125 0.4935185185185185
2 0.4119791666666667 0.1935185185185185 0.421875 0.1935185185185185 0.421875 0.25462962962962965 0.4119791666666667 0.25462962962962965
2 0.428125 0.2111111111111111 0.4427083333333333 0.2111111111111111 0.4427083333333333 0.275 0.428125 0.275
2 0.440625 0.18425925925925926 0.45 0.18425925925925926 0.45 0.24259259259259258 0.440625 0.24259259259259258
2 0.4791666666666667 0.18703703703703703 0.48854166666666665 0.18703703703703703 0.48854166666666665 0.24537037037037038 0.4791666666666667 0.24537037037037038
2 0.45625 0.18425925925925926 0.46770833333333334 0.18425925925925926 0.46770833333333334 0.2462962962962963 0.45625 0.2462962962962963
2 0.48541666666666666 0.14629629629629629 0.49322916666666666 0.14629629629629629 0.49322916666666666 0.19074074074074074 0.48541666666666666 0.19074074074074074
2 0.4791666666666667 0.12777777777777777 0.48333333333333334 0.12777777777777777 0.48333333333333334 0.16111111111111112 0.4791666666666667 0.16111111111111112
2 0.4484375 0.14907407407407408 0.4546875 0.14907407407407408 0.4546875 0.18518518518518517 0.4484375 0.18518518518518517
2 0.4375 0.13703703703703704 0.446875 0.13703703703703704 0.446875 0.17777777777777778 0.4375 0.17777777777777778
2 0.42291666666666666 0.1648148148148148 0.43333333333333335 0.1648148148148148 0.43333333333333335 0.20277777777777778 0.42291666666666666 0.20277777777777778
2 0.41822916666666665 0.1537037037037037 0.42291666666666666 0.1537037037037037 0.42291666666666666 0.18796296296296297 0.41822916666666665 0.18796296296296297
2 0.40729166666666666 0.1537037037037037 0.41354166666666664 0.1537037037037037 0.41354166666666664 0.18055555555555555 0.40729166666666666 0.18055555555555555
2 0.46458333333333335 0.11481481481481481 0.4708333333333333 0.11481481481481481 0.4708333333333333 0.14166666666666666 0.46458333333333335 0.14166666666666666
2 0.45729166666666665 0.13518518518518519 0.46458333333333335 0.13518518518518519 0.46458333333333335 0.1527777777777778 0.45729166666666665 0.1527777777777778