1 0.13802083333333334 0.30833333333333335 0.26510416666666664 0.30833333333333335 0.26510416666666664 0.4888888888888889 0.13802083333333334 0.4888888888888889
1 0.5354166666666667 0.13148148148148148 0.5703125 0.13148148148148148 0.5703125 0.17962962962962964 0.5354166666666667 0.17962962962962964
1 0.7458333333333333 0.6398148148148148 0.9776041666666667 0.6398148148148148 0.9776041666666667 0.9638888888888889 0.7458333333333333 0.9638888888888889
2 0.2296875 0.7981481481481482 0.3015625 0.7981481481481482 0.3015625 0.9962962962962963 0.2296875 0.9962962962962963
2 0.06666666666666667 0.7712962962962963 0.15625 0.7712962962962963 0.15625 0.9972222222222222 0.06666666666666667 0.9972222222222222
2 0.09947916666666666 0.5842592592592593 0.171875 0.5842592592592593 0.171875 0.7638888888888888 0.09947916666666666 0.7638888888888888
2 0.007291666666666667 0.5425925925925926 0.0859375 0.5425925925925926 0.0859375 0.725 0.007291666666666667 0.725
2 0.5619791666666667 0.19537037037037036 0.5869791666666667 0.19537037037037036 0.5869791666666667 0.2601851851851852 0.5619791666666667 0.2601851851851852
2 0.29791666666666666 0.38055555555555554 0.334375 0.38055555555555554 0.334375 0.5055555555555555 0.29791666666666666 0.5055555555555555
2 0.6619791666666667 0.21388888888888888 0.6880208333333333 0.21388888888888888 0.6880208333333333 0.28055555555555556 0.6619791666666667 0.28055555555555556
2 0.6609375 0.29907407407407405 0.6911458333333333 0.29907407407407405 0.6911458333333333 0.38796296296296295 0.6609375 0.38796296296296295
2 0.36875 0.3490740740740741 0.3984375 0.3490740740740741 0.3984375 0.47129629629629627 0.36875 0.47129629629629627
2 0.42291666666666666 0.4046296296296296 0.46145833333333336 0.4046296296296296 0.46145833333333336 0.5425925925925926 0.42291666666666666 0.5425925925925926
2 0.409375 0.2518518518518518 0.43697916666666664 0.2518518518518518 0.43697916666666664 0.3287037037037037 0.409375 0.3287037037037037
2 0.4625 0.15925925925925927 0.47760416666666666 0.15925925925925927 0.47760416666666666 0.20925925925925926 0.4625 0.20925925925925926
2 0.2828125 0.2851851851851852 0.3140625 0.2851851851851852 0.3140625 0.375 0.2828125 0.375
2 0.4354166666666667 0.1962962962962963 0.46197916666666666 0.1962962962962963 0.46197916666666666 0.2712962962962963 0.4354166666666667 0.2712962962962963
2 0.6510416666666666 0.4287037037037037 0.6947916666666667 0.4287037037037037 0.6947916666666667 0.5648148148148148 0.6510416666666666 0.5648148148148148
1 0.5875 0.15462962962962962 0.6317708333333333 0.15462962962962962 0.6317708333333333 0.21388888888888888 0.5875 0.21388888888888888
0 0.3645833333333333 0.11296296296296296 0.42239583333333336 0.11296296296296296 0.42239583333333336 0.2490740740740741 0.3645833333333333 0.2490740740740741