1 0.14479166666666668 0.3138888888888889 0.2703125 0.3138888888888889 0.2703125 0.487962962962963 0.14479166666666668 0.487962962962963
1 0.321875 0.17407407407407408 0.390625 0.17407407407407408 0.390625 0.2361111111111111 0.321875 0.2361111111111111
2 0.05625 0.7694444444444445 0.13958333333333334 0.7694444444444445 0.13958333333333334 0.9990740740740741 0.05625 0.9990740740740741
2 0.7604166666666666 0.5518518518518518 0.8130208333333333 0.5518518518518518 0.8130208333333333 0.7138888888888889 0.7604166666666666 0.7138888888888889
2 0.2140625 0.6240740740740741 0.28541666666666665 0.6240740740740741 0.28541666666666665 0.8472222222222222 0.2140625 0.8472222222222222
2 0.9083333333333333 0.6888888888888889 0.98125 0.6888888888888889 0.98125 0.887962962962963 0.9083333333333333 0.887962962962963
2 0.6505208333333333 0.3175925925925926 0.678125 0.3175925925925926 0.678125 0.40925925925925927 0.6505208333333333 0.40925925925925927
2 0.13645833333333332 0.8787037037037037 0.21770833333333334 0.8787037037037037 0.21770833333333334 0.9972222222222222 0.13645833333333332 0.9972222222222222
2 0.6479166666666667 0.45092592592592595 0.6947916666666667 0.45092592592592595 0.6947916666666667 0.5944444444444444 0.6479166666666667 0.5944444444444444
2 0.29739583333333336 0.4305555555555556 0.34010416666666665 0.4305555555555556 0.34010416666666665 0.5509259259259259 0.29739583333333336 0.5509259259259259
2 0.421875 0.2601851851851852 0.45260416666666664 0.2601851851851852 0.45260416666666664 0.3472222222222222 0.421875 0.3472222222222222
2 0.39114583333333336 0.24166666666666667 0.41458333333333336 0.24166666666666667 0.41458333333333336 0.30648148148148147 0.39114583333333336 0.30648148148148147
2 0.5916666666666667 0.30462962962962964 0.6265625 0.30462962962962964 0.6265625 0.39814814814814814 0.5916666666666667 0.39814814814814814
2 0.37083333333333335 0.30925925925925923 0.4046875 0.30925925925925923 0.4046875 0.41388888888888886 0.37083333333333335 0.41388888888888886
2 0.6223958333333334 0.19907407407407407 0.6567708333333333 0.19907407407407407 0.6567708333333333 0.2537037037037037 0.6223958333333334 0.2537037037037037
2 0.5536458333333333 0.125 0.5697916666666667 0.125 0.5697916666666667 0.16574074074074074 0.5536458333333333 0.16574074074074074
2 0.6010416666666667 0.15462962962962962 0.6161458333333333 0.15462962962962962 0.6161458333333333 0.19814814814814816 0.6010416666666667 0.19814814814814816
2 0.5578125 0.22407407407407406 0.5828125 0.22407407407407406 0.5828125 0.29259259259259257 0.5578125 0.29259259259259257
2 0.5802083333333333 0.19814814814814816 0.6010416666666667 0.19814814814814816 0.6010416666666667 0.27685185185185185 0.5802083333333333 0.27685185185185185
2 0.44583333333333336 0.16111111111111112 0.4635416666666667 0.16111111111111112 0.4635416666666667 0.21203703703703702 0.44583333333333336 0.21203703703703702