1 0.1390625 0.3074074074074074 0.26510416666666664 0.3074074074074074 0.26510416666666664 0.4888888888888889 0.1390625 0.4888888888888889
1 0.7151041666666667 0.5425925925925926 0.9 0.5425925925925926 0.9 0.7861111111111111 0.7151041666666667 0.7861111111111111
1 0.5348958333333333 0.12407407407407407 0.5682291666666667 0.12407407407407407 0.5682291666666667 0.16944444444444445 0.5348958333333333 0.16944444444444445
2 0.024479166666666666 0.7185185185185186 0.10729166666666666 0.7185185185185186 0.10729166666666666 0.937037037037037 0.024479166666666666 0.937037037037037
2 0.27447916666666666 0.4185185185185185 0.3182291666666667 0.4185185185185185 0.3182291666666667 0.55 0.27447916666666666 0.55
1 0.58125 0.14629629629629629 0.6255208333333333 0.14629629629629629 0.6255208333333333 0.20277777777777778 0.58125 0.20277777777777778
2 0.6494791666666667 0.26851851851851855 0.6739583333333333 0.26851851851851855 0.6739583333333333 0.3435185185185185 0.6494791666666667 0.3435185185185185
2 0.39739583333333334 0.49074074074074076 0.44895833333333335 0.49074074074074076 0.44895833333333335 0.649074074074074 0.39739583333333334 0.649074074074074
2 0.7875 0.875 0.8609375 0.875 0.8609375 0.9972222222222222 0.7875 0.9972222222222222
2 0 0.5453703703703704 0.08697916666666666 0.5453703703703704 0.08697916666666666 0.7231481481481481 0 0.7231481481481481
2 0.4010416666666667 0.2740740740740741 0.43125 0.2740740740740741 0.43125 0.36018518518518516 0.4010416666666667 0.36018518518518516
2 0.653125 0.19444444444444445 0.6770833333333334 0.19444444444444445 0.6770833333333334 0.2574074074074074 0.653125 0.2574074074074074
2 0.35520833333333335 0.3907407407407407 0.3921875 0.3907407407407407 0.3921875 0.5296296296296297 0.35520833333333335 0.5296296296296297
2 0.28177083333333336 0.30462962962962964 0.3104166666666667 0.30462962962962964 0.3104166666666667 0.39814814814814814 0.28177083333333336 0.39814814814814814
2 0.5578125 0.175 0.5817708333333333 0.175 0.5817708333333333 0.23981481481481481 0.5578125 0.23981481481481481
0 0.3484375 0.12037037037037036 0.4234375 0.12037037037037036 0.4234375 0.275 0.3484375 0.275
2 0.4578125 0.1787037037037037 0.47552083333333334 0.1787037037037037 0.47552083333333334 0.22777777777777777 0.4578125 0.22777777777777777
2 0.6427083333333333 0.35833333333333334 0.6822916666666666 0.35833333333333334 0.6822916666666666 0.47685185185185186 0.6427083333333333 0.47685185185185186
2 0.44479166666666664 0.20185185185185187 0.4640625 0.20185185185185187 0.4640625 0.25925925925925924 0.44479166666666664 0.25925925925925924