1 0.1375 0.33611111111111114 0.2609375 0.33611111111111114 0.2609375 0.5138888888888888 0.1375 0.5138888888888888
1 0.428125 0.24722222222222223 0.48072916666666665 0.24722222222222223 0.48072916666666665 0.3435185185185185 0.428125 0.3435185185185185
1 0.5515625 0.18055555555555555 0.5979166666666667 0.18055555555555555 0.5979166666666667 0.25462962962962965 0.5515625 0.25462962962962965
1 0.32864583333333336 0.18888888888888888 0.38385416666666666 0.18888888888888888 0.38385416666666666 0.2537037037037037 0.32864583333333336 0.2537037037037037
1 0.528125 0.1287037037037037 0.5520833333333334 0.1287037037037037 0.5520833333333334 0.1648148148148148 0.528125 0.1648148148148148
2 0 0.8092592592592592 0.057291666666666664 0.8092592592592592 0.057291666666666664 0.9981481481481481 0 0.9981481481481481
2 0.071875 0.8314814814814815 0.1453125 0.8314814814814815 0.1453125 1 0.071875 1
2 0.18125 0.725925925925926 0.25729166666666664 0.725925925925926 0.25729166666666664 0.9712962962962963 0.18125 0.9712962962962963
2 0.196875 0.5055555555555555 0.23697916666666666 0.5055555555555555 0.23697916666666666 0.6509259259259259 0.196875 0.6509259259259259
2 0.20989583333333334 0.43703703703703706 0.2526041666666667 0.43703703703703706 0.2526041666666667 0.5444444444444444 0.20989583333333334 0.5444444444444444
2 0.2515625 0.5287037037037037 0.2911458333333333 0.5287037037037037 0.2911458333333333 0.7101851851851851 0.2515625 0.7101851851851851
2 0.3098958333333333 0.412962962962963 0.34427083333333336 0.412962962962963 0.34427083333333336 0.5703703703703704 0.3098958333333333 0.5703703703703704
2 0.35833333333333334 0.4287037037037037 0.3932291666666667 0.4287037037037037 0.3932291666666667 0.5722222222222222 0.35833333333333334 0.5722222222222222
2 0.3416666666666667 0.2972222222222222 0.36302083333333335 0.2972222222222222 0.36302083333333335 0.39166666666666666 0.3416666666666667 0.39166666666666666
2 0.365625 0.23148148148148148 0.3859375 0.23148148148148148 0.3859375 0.3148148148148148 0.365625 0.3148148148148148
2 0.3880208333333333 0.29074074074074074 0.4078125 0.29074074074074074 0.4078125 0.387037037037037 0.3880208333333333 0.387037037037037
2 0.396875 0.18333333333333332 0.4109375 0.18333333333333332 0.4109375 0.24351851851851852 0.396875 0.24351851851851852
2 0.403125 0.11666666666666667 0.4125 0.11666666666666667 0.4125 0.15925925925925927 0.403125 0.15925925925925927
2 0.41510416666666666 0.20185185185185187 0.428125 0.20185185185185187 0.428125 0.2740740740740741 0.41510416666666666 0.2740740740740741
2 0.41510416666666666 0.14722222222222223 0.4270833333333333 0.14722222222222223 0.4270833333333333 0.19722222222222222 0.41510416666666666 0.19722222222222222
2 0.42864583333333334 0.17037037037037037 0.44114583333333335 0.17037037037037037 0.44114583333333335 0.21944444444444444 0.42864583333333334 0.21944444444444444
2 0.44583333333333336 0.15833333333333333 0.4578125 0.15833333333333333 0.4578125 0.2111111111111111 0.44583333333333336 0.2111111111111111
2 0.440625 0.13240740740740742 0.4510416666666667 0.13240740740740742 0.4510416666666667 0.17592592592592593 0.440625 0.17592592592592593
2 0.45364583333333336 0.1259259259259259 0.46197916666666666 0.1259259259259259 0.46197916666666666 0.1675925925925926 0.45364583333333336 0.1675925925925926
2 0.46197916666666666 0.16574074074074074 0.47239583333333335 0.16574074074074074 0.47239583333333335 0.21944444444444444 0.46197916666666666 0.21944444444444444
2 0.46197916666666666 0.12129629629629629 0.46979166666666666 0.12129629629629629 0.46979166666666666 0.16018518518518518 0.46197916666666666 0.16018518518518518
2 0.509375 0.18055555555555555 0.5322916666666667 0.18055555555555555 0.5322916666666667 0.24444444444444444 0.509375 0.24444444444444444
2 0.5635416666666667 0.1287037037037037 0.5744791666666667 0.1287037037037037 0.5744791666666667 0.1675925925925926 0.5635416666666667 0.1675925925925926
2 0.5802083333333333 0.12777777777777777 0.5911458333333334 0.12777777777777777 0.5911458333333334 0.16574074074074074 0.5802083333333333 0.16574074074074074
2 0.6239583333333333 0.225 0.6442708333333333 0.225 0.6442708333333333 0.29814814814814816 0.6239583333333333 0.29814814814814816
2 0.7411458333333333 0.3824074074074074 0.7697916666666667 0.3824074074074074 0.7697916666666667 0.5064814814814815 0.7411458333333333 0.5064814814814815
2 0.8770833333333333 0.5416666666666666 0.9291666666666667 0.5416666666666666 0.9291666666666667 0.7074074074074074 0.8770833333333333 0.7074074074074074