1 0.49375 0 0.5953125 0 0.5953125 0.08518518518518518 0.49375 0.08518518518518518
1 0.4953125 0.3055555555555556 0.58125 0.3055555555555556 0.58125 0.45092592592592595 0.4953125 0.45092592592592595
1 0.64375 0.19907407407407407 0.6791666666666667 0.19907407407407407 0.6791666666666667 0.29814814814814816 0.64375 0.29814814814814816
1 0.675 0.5879629629629629 0.7036458333333333 0.5879629629629629 0.7036458333333333 0.649074074074074 0.675 0.649074074074074
1 0.6822916666666666 0.7814814814814814 0.7067708333333333 0.7814814814814814 0.7067708333333333 0.8611111111111112 0.6822916666666666 0.8611111111111112
2 0.4479166666666667 0.05185185185185185 0.5401041666666667 0.05185185185185185 0.5401041666666667 0.10462962962962963 0.4479166666666667 0.10462962962962963
2 0.3796875 0.11388888888888889 0.4869791666666667 0.11388888888888889 0.4869791666666667 0.20185185185185187 0.3796875 0.20185185185185187
2 0.5536458333333333 0.18611111111111112 0.6067708333333334 0.18611111111111112 0.6067708333333334 0.22685185185185186 0.5536458333333333 0.22685185185185186
2 0.5682291666666667 0.2740740740740741 0.6145833333333334 0.2740740740740741 0.6145833333333334 0.30462962962962964 0.5682291666666667 0.30462962962962964
2 0.5442708333333334 0.8851851851851852 0.5989583333333334 0.8851851851851852 0.5989583333333334 0.9444444444444444 0.5442708333333334 0.9444444444444444
2 0.6036458333333333 0.7898148148148149 0.6494791666666667 0.7898148148148149 0.6494791666666667 0.8398148148148148 0.6036458333333333 0.8398148148148148
2 0.6151041666666667 0.2796296296296296 0.653125 0.2796296296296296 0.653125 0.3101851851851852 0.6151041666666667 0.3101851851851852
2 0.6270833333333333 0.3509259259259259 0.6677083333333333 0.3509259259259259 0.6677083333333333 0.3685185185185185 0.6270833333333333 0.3685185185185185
2 0.646875 0.39814814814814814 0.6739583333333333 0.39814814814814814 0.6739583333333333 0.41944444444444445 0.646875 0.41944444444444445
2 0.6489583333333333 0.33611111111111114 0.6802083333333333 0.33611111111111114 0.6802083333333333 0.35555555555555557 0.6489583333333333 0.35555555555555557
2 0.6145833333333334 0.39814814814814814 0.6541666666666667 0.39814814814814814 0.6541666666666667 0.43703703703703706 0.6145833333333334 0.43703703703703706
2 0.6890625 0.3314814814814815 0.7109375 0.3314814814814815 0.7109375 0.3472222222222222 0.6890625 0.3472222222222222
2 0.7010416666666667 0.337037037037037 0.7197916666666667 0.337037037037037 0.7197916666666667 0.3574074074074074 0.7010416666666667 0.3574074074074074
2 0.6697916666666667 0.375 0.696875 0.375 0.696875 0.3990740740740741 0.6697916666666667 0.3990740740740741
2 0.6854166666666667 0.39166666666666666 0.7109375 0.39166666666666666 0.7109375 0.4101851851851852 0.6854166666666667 0.4101851851851852
2 0.6677083333333333 0.42592592592592593 0.6963541666666667 0.42592592592592593 0.6963541666666667 0.44537037037037036 0.6677083333333333 0.44537037037037036
2 0.6802083333333333 0.45185185185185184 0.7057291666666666 0.45185185185185184 0.7057291666666666 0.4675925925925926 0.6802083333333333 0.4675925925925926
2 0.6802083333333333 0.48518518518518516 0.7078125 0.48518518518518516 0.7078125 0.5018518518518519 0.6802083333333333 0.5018518518518519
2 0.6942708333333333 0.4064814814814815 0.7145833333333333 0.4064814814814815 0.7145833333333333 0.41944444444444445 0.6942708333333333 0.41944444444444445
2 0.6973958333333333 0.42592592592592593 0.715625 0.42592592592592593 0.715625 0.4444444444444444 0.6973958333333333 0.4444444444444444
2 0.6463541666666667 0.5481481481481482 0.6822916666666666 0.5481481481481482 0.6822916666666666 0.6240740740740741 0.6463541666666667 0.6240740740740741
2 0.6651041666666667 0.6814814814814815 0.6958333333333333 0.6814814814814815 0.6958333333333333 0.7018518518518518 0.6651041666666667 0.7018518518518518