1 0.13177083333333334 0.35 0.25416666666666665 0.35 0.25416666666666665 0.5287037037037037 0.13177083333333334 0.5287037037037037
1 0.5552083333333333 0.2972222222222222 0.6239583333333333 0.2972222222222222 0.6239583333333333 0.4064814814814815 0.5552083333333333 0.4064814814814815
1 0.321875 0.20277777777777778 0.37916666666666665 0.20277777777777778 0.37916666666666665 0.2657407407407407 0.321875 0.2657407407407407
1 0.5291666666666667 0.17314814814814813 0.5604166666666667 0.17314814814814813 0.5604166666666667 0.2212962962962963 0.5291666666666667 0.2212962962962963
1 0.43854166666666666 0.17685185185185184 0.47604166666666664 0.17685185185185184 0.47604166666666664 0.24259259259259258 0.43854166666666666 0.24259259259259258
2 0.19010416666666666 0.4777777777777778 0.24270833333333333 0.4777777777777778 0.24270833333333333 0.6407407407407407 0.19010416666666666 0.6407407407407407
2 0.06041666666666667 0.8694444444444445 0.128125 0.8694444444444445 0.128125 0.9962962962962963 0.06041666666666667 0.9962962962962963
2 0.22291666666666668 0.6074074074074074 0.2760416666666667 0.6074074074074074 0.2760416666666667 0.7981481481481482 0.22291666666666668 0.7981481481481482
2 0.2828125 0.45555555555555555 0.32395833333333335 0.45555555555555555 0.32395833333333335 0.5972222222222222 0.2828125 0.5972222222222222
2 0.2671875 0.3925925925925926 0.3015625 0.3925925925925926 0.3015625 0.5092592592592593 0.2671875 0.5092592592592593
2 0.3078125 0.36203703703703705 0.3416666666666667 0.36203703703703705 0.3416666666666667 0.4601851851851852 0.3078125 0.4601851851851852
2 0.3494791666666667 0.3731481481481482 0.3875 0.3731481481481482 0.3875 0.48148148148148145 0.3494791666666667 0.48148148148148145
2 0.3536458333333333 0.32407407407407407 0.38333333333333336 0.32407407407407407 0.38333333333333336 0.4009259259259259 0.3536458333333333 0.4009259259259259
2 0.3333333333333333 0.2851851851851852 0.359375 0.2851851851851852 0.359375 0.3787037037037037 0.3333333333333333 0.3787037037037037
2 0.3140625 0.2712962962962963 0.3411458333333333 0.2712962962962963 0.3411458333333333 0.3592592592592593 0.3140625 0.3592592592592593
2 0.3963541666666667 0.3787037037037037 0.4276041666666667 0.3787037037037037 0.4276041666666667 0.5138888888888888 0.3963541666666667 0.5138888888888888
2 0.44427083333333334 0.3675925925925926 0.48125 0.3675925925925926 0.48125 0.5046296296296297 0.44427083333333334 0.5046296296296297
1 0.20052083333333334 0.7453703703703703 0.37135416666666665 0.7453703703703703 0.37135416666666665 1 0.20052083333333334 1
2 0.7328125 0.5277777777777778 0.7942708333333334 0.5277777777777778 0.7942708333333334 0.6935185185185185 0.7328125 0.6935185185185185
2 0.41302083333333334 0.2574074074074074 0.44114583333333335 0.2574074074074074 0.44114583333333335 0.3398148148148148 0.41302083333333334 0.3398148148148148
2 0.37552083333333336 0.262037037037037 0.4010416666666667 0.262037037037037 0.4010416666666667 0.3175925925925926 0.37552083333333336 0.3175925925925926
2 0.3796875 0.30462962962962964 0.40729166666666666 0.30462962962962964 0.40729166666666666 0.3768518518518518 0.3796875 0.3768518518518518
2 0.3958333333333333 0.1824074074074074 0.41041666666666665 0.1824074074074074 0.41041666666666665 0.22962962962962963 0.3958333333333333 0.22962962962962963
2 0.39791666666666664 0.21481481481481482 0.41354166666666664 0.21481481481481482 0.41354166666666664 0.26944444444444443 0.39791666666666664 0.26944444444444443
2 0.4161458333333333 0.19814814814814816 0.43125 0.19814814814814816 0.43125 0.24166666666666667 0.4161458333333333 0.24166666666666667
2 0.41354166666666664 0.15462962962962962 0.4296875 0.15462962962962962 0.4296875 0.1935185185185185 0.41354166666666664 0.1935185185185185
2 0.42552083333333335 0.16666666666666666 0.44166666666666665 0.16666666666666666 0.44166666666666665 0.2074074074074074 0.42552083333333335 0.2074074074074074
2 0.4947916666666667 0.20092592592592592 0.5161458333333333 0.20092592592592592 0.5161458333333333 0.2518518518518518 0.4947916666666667 0.2518518518518518
2 0.5770833333333333 0.20185185185185187 0.5979166666666667 0.20185185185185187 0.5979166666666667 0.26296296296296295 0.5770833333333333 0.26296296296296295
2 0.603125 0.18981481481481483 0.6140625 0.18981481481481483 0.6140625 0.24259259259259258 0.603125 0.24259259259259258
2 0.5947916666666667 0.16111111111111112 0.6109375 0.16111111111111112 0.6109375 0.2111111111111111 0.5947916666666667 0.2111111111111111
2 0.5614583333333333 0.15 0.5765625 0.15 0.5765625 0.19907407407407407 0.5614583333333333 0.19907407407407407
2 0.5869791666666667 0.15185185185185185 0.5958333333333333 0.15185185185185185 0.5958333333333333 0.18703703703703703 0.5869791666666667 0.18703703703703703