1 0.45260416666666664 0.2 0.5479166666666667 0.2 0.5479166666666667 0.387037037037037 0.45260416666666664 0.387037037037037
1 0.41875 0.9361111111111111 0.5197916666666667 0.9361111111111111 0.5197916666666667 1 0.41875 1
1 0.46822916666666664 0.612037037037037 0.5645833333333333 0.612037037037037 0.5645833333333333 0.7824074074074074 0.46822916666666664 0.7824074074074074
1 0.33697916666666666 0.37407407407407406 0.37083333333333335 0.37407407407407406 0.37083333333333335 0.44351851851851853 0.33697916666666666 0.44351851851851853
1 0.3359375 0.7361111111111112 0.371875 0.7361111111111112 0.371875 0.825 0.3359375 0.825
1 0.31354166666666666 0.5370370370370371 0.3390625 0.5370370370370371 0.3390625 0.5925925925925926 0.31354166666666666 0.5925925925925926
1 0.3104166666666667 0.1648148148148148 0.3333333333333333 0.1648148148148148 0.3333333333333333 0.25462962962962965 0.3104166666666667 0.25462962962962965
2 0.5317708333333333 0.8842592592592593 0.5963541666666666 0.8842592592592593 0.5963541666666666 0.9657407407407408 0.5317708333333333 0.9657407407407408
1 0.29010416666666666 0.44074074074074077 0.3098958333333333 0.44074074074074077 0.3098958333333333 0.48518518518518516 0.29010416666666666 0.48518518518518516
2 0.5479166666666667 0.562962962962963 0.6661458333333333 0.562962962962963 0.6661458333333333 0.6935185185185185 0.5479166666666667 0.6935185185185185
2 0.415625 0.812962962962963 0.478125 0.812962962962963 0.478125 0.8611111111111112 0.415625 0.8611111111111112
2 0.39375 0.7833333333333333 0.44895833333333335 0.7833333333333333 0.44895833333333335 0.8287037037037037 0.39375 0.8287037037037037
2 0.43020833333333336 0.7490740740740741 0.48072916666666665 0.7490740740740741 0.48072916666666665 0.7972222222222223 0.43020833333333336 0.7972222222222223
2 0.3958333333333333 0.7231481481481481 0.45729166666666665 0.7231481481481481 0.45729166666666665 0.7527777777777778 0.3958333333333333 0.7527777777777778
2 0.38177083333333334 0.7453703703703703 0.4239583333333333 0.7453703703703703 0.4239583333333333 0.7777777777777778 0.38177083333333334 0.7777777777777778
2 0.3489583333333333 0.7407407407407407 0.3890625 0.7407407407407407 0.3890625 0.7703703703703704 0.3489583333333333 0.7703703703703704
2 0.35 0.7074074074074074 0.4005208333333333 0.7074074074074074 0.4005208333333333 0.75 0.35 0.75
2 0.36666666666666664 0.6916666666666667 0.41354166666666664 0.6916666666666667 0.41354166666666664 0.725925925925926 0.36666666666666664 0.725925925925926
2 0.3729166666666667 0.6435185185185185 0.41822916666666665 0.6435185185185185 0.41822916666666665 0.6703703703703704 0.3729166666666667 0.6703703703703704
2 0.37604166666666666 0.5787037037037037 0.44166666666666665 0.5787037037037037 0.44166666666666665 0.6277777777777778 0.37604166666666666 0.6277777777777778
2 0.35625 0.5453703703703704 0.4088541666666667 0.5453703703703704 0.4088541666666667 0.5935185185185186 0.35625 0.5935185185185186
2 0.3609375 0.6453703703703704 0.39010416666666664 0.6453703703703704 0.39010416666666664 0.674074074074074 0.3609375 0.674074074074074
2 0.3416666666666667 0.649074074074074 0.3671875 0.649074074074074 0.3671875 0.6814814814814815 0.3416666666666667 0.6814814814814815
2 0.33489583333333334 0.6111111111111112 0.3729166666666667 0.6111111111111112 0.3729166666666667 0.6361111111111111 0.33489583333333334 0.6361111111111111
2 0.31302083333333336 0.6453703703703704 0.340625 0.6453703703703704 0.340625 0.6685185185185185 0.31302083333333336 0.6685185185185185
2 0.321875 0.6333333333333333 0.3484375 0.6333333333333333 0.3484375 0.6564814814814814 0.321875 0.6564814814814814
2 0.31145833333333334 0.6166666666666667 0.3359375 0.6166666666666667 0.3359375 0.6351851851851852 0.31145833333333334 0.6351851851851852
2 0.3260416666666667 0.5074074074074074 0.35625 0.5074074074074074 0.35625 0.5370370370370371 0.3260416666666667 0.5370370370370371
2 0.328125 0.4722222222222222 0.3692708333333333 0.4722222222222222 0.3692708333333333 0.5175925925925926 0.328125 0.5175925925925926
2 0.3645833333333333 0.2851851851851852 0.41302083333333334 0.2851851851851852 0.41302083333333334 0.3277777777777778 0.3645833333333333 0.3277777777777778
2 0.35260416666666666 0.2518518518518518 0.4 0.2518518518518518 0.4 0.28055555555555556 0.35260416666666666 0.28055555555555556
2 0.33489583333333334 0.2796296296296296 0.36614583333333334 0.2796296296296296 0.36614583333333334 0.3055555555555556 0.33489583333333334 0.3055555555555556
2 0.31875 0.3490740740740741 0.3515625 0.3490740740740741 0.3515625 0.3731481481481482 0.31875 0.3731481481481482
2 0.3145833333333333 0.32222222222222224 0.3484375 0.32222222222222224 0.3484375 0.34444444444444444 0.3145833333333333 0.34444444444444444
2 0.2994791666666667 0.39166666666666666 0.32083333333333336 0.39166666666666666 0.32083333333333336 0.41203703703703703 0.2994791666666667 0.41203703703703703
2 0.2947916666666667 0.4101851851851852 0.3140625 0.4101851851851852 0.3140625 0.4222222222222222 0.2947916666666667 0.4222222222222222
2 0.2942708333333333 0.37222222222222223 0.3151041666666667 0.37222222222222223 0.3151041666666667 0.3907407407407407 0.2942708333333333 0.3907407407407407
2 0.2942708333333333 0.34629629629629627 0.3151041666666667 0.34629629629629627 0.3151041666666667 0.3675925925925926 0.2942708333333333 0.3675925925925926