1 0.5973958333333333 0.6527777777777778 0.7817708333333333 0.6527777777777778 0.7817708333333333 0.9944444444444445 0.5973958333333333 0.9944444444444445
1 0.1203125 0.3611111111111111 0.24895833333333334 0.3611111111111111 0.24895833333333334 0.5425925925925926 0.1203125 0.5425925925925926
1 0.3796875 0.3314814814814815 0.440625 0.3314814814814815 0.440625 0.4361111111111111 0.3796875 0.4361111111111111
1 0.534375 0.25092592592592594 0.5786458333333333 0.25092592592592594 0.5786458333333333 0.3212962962962963 0.534375 0.3212962962962963
1 0.3145833333333333 0.21481481481481482 0.3729166666666667 0.21481481481481482 0.3729166666666667 0.27870370370370373 0.3145833333333333 0.27870370370370373
1 0.4515625 0.14814814814814814 0.48020833333333335 0.14814814814814814 0.48020833333333335 0.1935185185185185 0.4515625 0.1935185185185185
2 0.24375 0.4462962962962963 0.2760416666666667 0.4462962962962963 0.2760416666666667 0.5703703703703704 0.24375 0.5703703703703704
1 0.640625 0.1685185185185185 0.6859375 0.1685185185185185 0.6859375 0.20925925925925926 0.640625 0.20925925925925926
1 0.5088541666666667 0.14814814814814814 0.5364583333333334 0.14814814814814814 0.5364583333333334 0.1935185185185185 0.5088541666666667 0.1935185185185185
1 0.9083333333333333 0.26851851851851855 0.98125 0.26851851851851855 0.98125 0.35462962962962963 0.9083333333333333 0.35462962962962963
2 0.23072916666666668 0.4166666666666667 0.2546875 0.4166666666666667 0.2546875 0.5444444444444444 0.23072916666666668 0.5444444444444444
2 0.31354166666666666 0.36944444444444446 0.3458333333333333 0.36944444444444446 0.3458333333333333 0.4787037037037037 0.31354166666666666 0.4787037037037037
2 0.4317708333333333 0.3824074074074074 0.46041666666666664 0.3824074074074074 0.46041666666666664 0.5277777777777778 0.4317708333333333 0.5277777777777778
2 0.35260416666666666 0.28055555555555556 0.36822916666666666 0.28055555555555556 0.36822916666666666 0.37222222222222223 0.35260416666666666 0.37222222222222223
2 0.39166666666666666 0.2962962962962963 0.41510416666666666 0.2962962962962963 0.41510416666666666 0.3574074074074074 0.39166666666666666 0.3574074074074074
2 0.37083333333333335 0.21481481481481482 0.3828125 0.21481481481481482 0.3828125 0.2564814814814815 0.37083333333333335 0.2564814814814815
2 0.3776041666666667 0.21944444444444444 0.39479166666666665 0.21944444444444444 0.39479166666666665 0.27870370370370373 0.3776041666666667 0.27870370370370373
2 0.4375 0.24444444444444444 0.4557291666666667 0.24444444444444444 0.4557291666666667 0.3138888888888889 0.4375 0.3138888888888889
2 0.3625 0.2574074074074074 0.378125 0.2574074074074074 0.378125 0.30833333333333335 0.3625 0.30833333333333335
2 0.40677083333333336 0.22037037037037038 0.42552083333333335 0.22037037037037038 0.42552083333333335 0.27314814814814814 0.40677083333333336 0.27314814814814814
2 0.42864583333333334 0.23148148148148148 0.44166666666666665 0.23148148148148148 0.44166666666666665 0.2833333333333333 0.42864583333333334 0.2833333333333333
2 0.44947916666666665 0.2212962962962963 0.4625 0.2212962962962963 0.4625 0.2638888888888889 0.44947916666666665 0.2638888888888889
2 0.40572916666666664 0.15925925925925927 0.4203125 0.15925925925925927 0.4203125 0.20185185185185187 0.40572916666666664 0.20185185185185187
2 0.47291666666666665 0.19722222222222222 0.48489583333333336 0.19722222222222222 0.48489583333333336 0.2490740740740741 0.47291666666666665 0.2490740740740741
2 0.6322916666666667 0.3731481481481482 0.6572916666666667 0.3731481481481482 0.6572916666666667 0.47685185185185186 0.6322916666666667 0.47685185185185186
2 0.65625 0.31296296296296294 0.6807291666666667 0.31296296296296294 0.6807291666666667 0.39814814814814814 0.65625 0.39814814814814814
2 0.6359375 0.2740740740740741 0.6557291666666667 0.2740740740740741 0.6557291666666667 0.3425925925925926 0.6359375 0.3425925925925926
2 0.5895833333333333 0.22407407407407406 0.6036458333333333 0.22407407407407406 0.6036458333333333 0.2796296296296296 0.5895833333333333 0.2796296296296296
2 0.5989583333333334 0.2101851851851852 0.6182291666666667 0.2101851851851852 0.6182291666666667 0.25 0.5989583333333334 0.25
2 0.5817708333333333 0.1925925925925926 0.5942708333333333 0.1925925925925926 0.5942708333333333 0.23148148148148148 0.5817708333333333 0.23148148148148148