1 0.40208333333333335 0.2962962962962963 0.47291666666666665 0.2962962962962963 0.47291666666666665 0.4083333333333333 0.40208333333333335 0.4083333333333333
1 0.14791666666666667 0.3175925925925926 0.2713541666666667 0.3175925925925926 0.2713541666666667 0.49074074074074076 0.14791666666666667 0.49074074074074076
1 0.32135416666666666 0.17777777777777778 0.39010416666666664 0.17777777777777778 0.39010416666666664 0.24074074074074073 0.32135416666666666 0.24074074074074073
2 0.2203125 0.8425925925925926 0.290625 0.8425925925925926 0.290625 1 0.2203125 1
2 0.20677083333333332 0.4388888888888889 0.2557291666666667 0.4388888888888889 0.2557291666666667 0.5648148148148148 0.20677083333333332 0.5648148148148148
2 0.1234375 0.5990740740740741 0.18854166666666666 0.5990740740740741 0.18854166666666666 0.8027777777777778 0.1234375 0.8027777777777778
2 0.8265625 0.7472222222222222 0.9046875 0.7472222222222222 0.9046875 0.9907407407407407 0.8265625 0.9907407407407407
2 0.7541666666666667 0.36018518518518516 0.7979166666666667 0.36018518518518516 0.7979166666666667 0.4648148148148148 0.7541666666666667 0.4648148148148148
2 0.3104166666666667 0.35185185185185186 0.34322916666666664 0.35185185185185186 0.34322916666666664 0.4388888888888889 0.3104166666666667 0.4388888888888889
2 0.35989583333333336 0.3888888888888889 0.4 0.3888888888888889 0.4 0.5101851851851852 0.35989583333333336 0.5101851851851852
2 0.2942708333333333 0.4185185185185185 0.33177083333333335 0.4185185185185185 0.33177083333333335 0.5138888888888888 0.2942708333333333 0.5138888888888888
2 0.6578125 0.21296296296296297 0.6807291666666667 0.21296296296296297 0.6807291666666667 0.2759259259259259 0.6578125 0.2759259259259259
2 0.2989583333333333 0.5120370370370371 0.3484375 0.5120370370370371 0.3484375 0.6638888888888889 0.2989583333333333 0.6638888888888889
2 0.6197916666666666 0.21574074074074073 0.6401041666666667 0.21574074074074073 0.6401041666666667 0.2712962962962963 0.6197916666666666 0.2712962962962963
2 0.4734375 0.1574074074074074 0.490625 0.1574074074074074 0.490625 0.2074074074074074 0.4734375 0.2074074074074074
2 0.38697916666666665 0.2712962962962963 0.4088541666666667 0.2712962962962963 0.4088541666666667 0.3287037037037037 0.38697916666666665 0.3287037037037037
2 0.44583333333333336 0.1037037037037037 0.4583333333333333 0.1037037037037037 0.4583333333333333 0.1388888888888889 0.44583333333333336 0.1388888888888889
2 0.4984375 0.17407407407407408 0.5229166666666667 0.17407407407407408 0.5229166666666667 0.23703703703703705 0.4984375 0.23703703703703705
2 0.45260416666666664 0.18425925925925926 0.4708333333333333 0.18425925925925926 0.4708333333333333 0.23425925925925925 0.45260416666666664 0.23425925925925925
2 0.42291666666666666 0.1935185185185185 0.4401041666666667 0.1935185185185185 0.4401041666666667 0.24351851851851852 0.42291666666666666 0.24351851851851852
2 0.39479166666666665 0.24351851851851852 0.41770833333333335 0.24351851851851852 0.41770833333333335 0.28888888888888886 0.39479166666666665 0.28888888888888886
2 0.43385416666666665 0.22777777777777777 0.45364583333333336 0.22777777777777777 0.45364583333333336 0.29259259259259257 0.43385416666666665 0.29259259259259257