1 0.5848958333333333 0.5824074074074074 0.7421875 0.5824074074074074 0.7421875 0.8462962962962963 0.5848958333333333 0.8462962962962963
1 0.12083333333333333 0.36018518518518516 0.24947916666666667 0.36018518518518516 0.24947916666666667 0.5370370370370371 0.12083333333333333 0.5370370370370371
1 0.5338541666666666 0.23796296296296296 0.5791666666666667 0.23796296296296296 0.5791666666666667 0.30833333333333335 0.5338541666666666 0.30833333333333335
1 0.3734375 0.3490740740740741 0.44166666666666665 0.3490740740740741 0.44166666666666665 0.4648148148148148 0.3734375 0.4648148148148148
1 0.8901041666666667 0.2657407407407407 0.9796875 0.2657407407407407 0.9796875 0.35 0.8901041666666667 0.35
1 0.31302083333333336 0.21296296296296297 0.3796875 0.21296296296296297 0.3796875 0.2777777777777778 0.31302083333333336 0.2777777777777778
1 0.45 0.15555555555555556 0.4817708333333333 0.15555555555555556 0.4817708333333333 0.2 0.45 0.2
1 0.0010416666666666667 0.3388888888888889 0.024479166666666666 0.3388888888888889 0.024479166666666666 0.40185185185185185 0.0010416666666666667 0.40185185185185185
2 0.21875 0.47129629629629627 0.2557291666666667 0.47129629629629627 0.2557291666666667 0.6222222222222222 0.21875 0.6222222222222222
1 0.6421875 0.1685185185185185 0.6859375 0.1685185185185185 0.6859375 0.20925925925925926 0.6421875 0.20925925925925926
2 0.3416666666666667 0.30277777777777776 0.3625 0.30277777777777776 0.3625 0.38333333333333336 0.3416666666666667 0.38333333333333336
2 0.20052083333333334 0.45 0.2328125 0.45 0.2328125 0.5851851851851851 0.20052083333333334 0.5851851851851851
2 0.30416666666666664 0.3907407407407407 0.3338541666666667 0.3907407407407407 0.3338541666666667 0.5083333333333333 0.30416666666666664 0.5083333333333333
2 0.421875 0.41388888888888886 0.4635416666666667 0.41388888888888886 0.4635416666666667 0.5601851851851852 0.421875 0.5601851851851852
2 0.61875 0.33796296296296297 0.6447916666666667 0.33796296296296297 0.6447916666666667 0.4462962962962963 0.61875 0.4462962962962963
2 0.646875 0.29259259259259257 0.6671875 0.29259259259259257 0.6671875 0.3768518518518518 0.646875 0.3768518518518518
2 0.6302083333333334 0.25 0.6473958333333333 0.25 0.6473958333333333 0.3175925925925926 0.6302083333333334 0.3175925925925926
2 0.5859375 0.20833333333333334 0.5994791666666667 0.20833333333333334 0.5994791666666667 0.26481481481481484 0.5859375 0.26481481481481484
2 0.5526041666666667 0.16018518518518518 0.5651041666666666 0.16018518518518518 0.5651041666666666 0.2037037037037037 0.5526041666666667 0.2037037037037037
2 0.546875 0.15833333333333333 0.5552083333333333 0.15833333333333333 0.5552083333333333 0.19537037037037036 0.546875 0.19537037037037036
2 0.5651041666666666 0.15185185185185185 0.5734375 0.15185185185185185 0.5734375 0.19166666666666668 0.5651041666666666 0.19166666666666668
2 0.5796875 0.15 0.5921875 0.15 0.5921875 0.18888888888888888 0.5796875 0.18888888888888888
2 0.5802083333333333 0.18796296296296297 0.5916666666666667 0.18796296296296297 0.5916666666666667 0.22962962962962963 0.5802083333333333 0.22962962962962963
2 0.45 0.2222222222222222 0.46770833333333334 0.2222222222222222 0.46770833333333334 0.29259259259259257 0.45 0.29259259259259257
2 0.43645833333333334 0.2574074074074074 0.45364583333333336 0.2574074074074074 0.45364583333333336 0.3212962962962963 0.43645833333333334 0.3212962962962963
2 0.3765625 0.3101851851851852 0.39479166666666665 0.3101851851851852 0.39479166666666665 0.37407407407407406 0.3765625 0.37407407407407406
2 0.3614583333333333 0.2574074074074074 0.37395833333333334 0.2574074074074074 0.37395833333333334 0.32037037037037036 0.3614583333333333 0.32037037037037036
2 0.3671875 0.2101851851851852 0.37864583333333335 0.2101851851851852 0.37864583333333335 0.2712962962962963 0.3671875 0.2712962962962963
2 0.3765625 0.22037037037037038 0.3880208333333333 0.22037037037037038 0.3880208333333333 0.28703703703703703 0.3765625 0.28703703703703703
2 0.38229166666666664 0.2324074074074074 0.4010416666666667 0.2324074074074074 0.4010416666666667 0.3148148148148148 0.38229166666666664 0.3148148148148148
2 0.4088541666666667 0.22314814814814815 0.4203125 0.22314814814814815 0.4203125 0.2824074074074074 0.4088541666666667 0.2824074074074074
2 0.428125 0.22962962962962963 0.4395833333333333 0.22962962962962963 0.4395833333333333 0.30833333333333335 0.428125 0.30833333333333335
2 0.40520833333333334 0.2 0.4171875 0.2 0.4171875 0.23981481481481481 0.40520833333333334 0.23981481481481481
2 0.40729166666666666 0.16574074074074074 0.4203125 0.16574074074074074 0.4203125 0.2074074074074074 0.40729166666666666 0.2074074074074074
2 0.42239583333333336 0.17407407407407408 0.4296875 0.17407407407407408 0.4296875 0.22037037037037038 0.42239583333333336 0.22037037037037038
2 0.425 0.18981481481481483 0.44114583333333335 0.18981481481481483 0.44114583333333335 0.23703703703703705 0.425 0.23703703703703705
2 0.4739583333333333 0.1935185185185185 0.48802083333333335 0.1935185185185185 0.48802083333333335 0.25 0.4739583333333333 0.25
2 0.48854166666666665 0.20555555555555555 0.5098958333333333 0.20555555555555555 0.5098958333333333 0.2675925925925926 0.48854166666666665 0.2675925925925926
2 0.4270833333333333 0.15833333333333333 0.4375 0.15833333333333333 0.4375 0.18888888888888888 0.4270833333333333 0.18888888888888888
2 0.43854166666666666 0.1388888888888889 0.446875 0.1388888888888889 0.446875 0.17592592592592593 0.43854166666666666 0.17592592592592593
2 0.42604166666666665 0.1537037037037037 0.4348958333333333 0.1537037037037037 0.4348958333333333 0.18611111111111112 0.42604166666666665 0.18611111111111112
1 0.5104166666666666 0.14351851851851852 0.5364583333333334 0.14351851851851852 0.5364583333333334 0.18796296296296297 0.5104166666666666 0.18796296296296297