1 0.39739583333333334 0.9074074074074074 0.4942708333333333 0.9074074074074074 0.4942708333333333 1 0.39739583333333334 1
1 0.4739583333333333 0.5972222222222222 0.5890625 0.5972222222222222 0.5890625 0.8138888888888889 0.4739583333333333 0.8138888888888889
1 0.3182291666666667 0.7064814814814815 0.3536458333333333 0.7064814814814815 0.3536458333333333 0.8203703703703704 0.3182291666666667 0.8203703703703704
2 0.41302083333333334 0.15092592592592594 0.4661458333333333 0.15092592592592594 0.4661458333333333 0.21388888888888888 0.41302083333333334 0.21388888888888888
2 0.3848958333333333 0.7185185185185186 0.4390625 0.7185185185185186 0.4390625 0.7722222222222223 0.3848958333333333 0.7722222222222223
2 0.3567708333333333 0.15833333333333333 0.3984375 0.15833333333333333 0.3984375 0.20462962962962963 0.3567708333333333 0.20462962962962963
2 0.371875 0.22962962962962963 0.41822916666666665 0.22962962962962963 0.41822916666666665 0.27685185185185185 0.371875 0.27685185185185185
2 0.43385416666666665 0.7777777777777778 0.49322916666666666 0.7777777777777778 0.49322916666666666 0.8388888888888889 0.43385416666666665 0.8388888888888889
2 0.3223958333333333 0.42777777777777776 0.35885416666666664 0.42777777777777776 0.35885416666666664 0.48148148148148145 0.3223958333333333 0.48148148148148145
2 0.3359375 0.5370370370370371 0.37864583333333335 0.5370370370370371 0.37864583333333335 0.575 0.3359375 0.575
2 0.5333333333333333 0.9685185185185186 0.6130208333333333 0.9685185185185186 0.6130208333333333 1 0.5333333333333333 1
2 0.440625 0.21481481481481482 0.5046875 0.21481481481481482 0.5046875 0.27870370370370373 0.440625 0.27870370370370373
2 0.40260416666666665 0.6583333333333333 0.45677083333333335 0.6583333333333333 0.45677083333333335 0.7101851851851851 0.40260416666666665 0.7101851851851851
2 0.3026041666666667 0.31574074074074077 0.328125 0.31574074074074077 0.328125 0.3453703703703704 0.3026041666666667 0.3453703703703704
2 0.3 0.49444444444444446 0.325 0.49444444444444446 0.325 0.524074074074074 0.3 0.524074074074074
2 0.3625 0.5787037037037037 0.396875 0.5787037037037037 0.396875 0.6203703703703703 0.3625 0.6203703703703703
2 0.325 0.5925925925925926 0.3536458333333333 0.5925925925925926 0.3536458333333333 0.6296296296296297 0.325 0.6296296296296297
2 0.2942708333333333 0.5833333333333334 0.3177083333333333 0.5833333333333334 0.3177083333333333 0.6092592592592593 0.2942708333333333 0.6092592592592593
2 0.35 0.6712962962962963 0.4005208333333333 0.6712962962962963 0.4005208333333333 0.7 0.35 0.7
2 0.33645833333333336 0.637962962962963 0.37604166666666666 0.637962962962963 0.37604166666666666 0.6694444444444444 0.33645833333333336 0.6694444444444444
2 0.2984375 0.26851851851851855 0.33177083333333335 0.26851851851851855 0.33177083333333335 0.2935185185185185 0.2984375 0.2935185185185185