1 0.15 0.32407407407407407 0.271875 0.32407407407407407 0.271875 0.5 0.15 0.5
1 0.3234375 0.1787037037037037 0.39114583333333336 0.1787037037037037 0.39114583333333336 0.24074074074074073 0.3234375 0.24074074074074073
1 0.434375 0.22685185185185186 0.48385416666666664 0.22685185185185186 0.48385416666666664 0.3111111111111111 0.434375 0.3111111111111111
2 0 0.5907407407407408 0.07916666666666666 0.5907407407407408 0.07916666666666666 0.8 0 0.8
2 0.9088541666666666 0.5768518518518518 0.9838541666666667 0.5768518518518518 0.9838541666666667 0.7537037037037037 0.9088541666666666 0.7537037037037037
2 0.1359375 0.6768518518518518 0.20729166666666668 0.6768518518518518 0.20729166666666668 0.9037037037037037 0.1359375 0.9037037037037037
2 0.22395833333333334 0.48333333333333334 0.28072916666666664 0.48333333333333334 0.28072916666666664 0.6370370370370371 0.22395833333333334 0.6370370370370371
2 0.7203125 0.3425925925925926 0.7552083333333334 0.3425925925925926 0.7552083333333334 0.4462962962962963 0.7203125 0.4462962962962963
2 0.6640625 0.3175925925925926 0.6989583333333333 0.3175925925925926 0.6989583333333333 0.4083333333333333 0.6640625 0.4083333333333333
2 0.35208333333333336 0.31666666666666665 0.3796875 0.31666666666666665 0.3796875 0.4046296296296296 0.35208333333333336 0.4046296296296296
2 0.31197916666666664 0.6296296296296297 0.36770833333333336 0.6296296296296297 0.36770833333333336 0.8305555555555556 0.31197916666666664 0.8305555555555556
2 0.425 0.2 0.4427083333333333 0.2 0.4427083333333333 0.24814814814814815 0.425 0.24814814814814815
2 0.3854166666666667 0.40555555555555556 0.4234375 0.40555555555555556 0.4234375 0.5287037037037037 0.3854166666666667 0.5287037037037037
2 0.2890625 0.3675925925925926 0.3229166666666667 0.3675925925925926 0.3229166666666667 0.4888888888888889 0.2890625 0.4888888888888889
2 0.65625 0.23333333333333334 0.6880208333333333 0.23333333333333334 0.6880208333333333 0.3111111111111111 0.65625 0.3111111111111111
2 0.47760416666666666 0.13333333333333333 0.490625 0.13333333333333333 0.490625 0.17314814814814813 0.47760416666666666 0.17314814814814813
2 0.40729166666666666 0.2537037037037037 0.4296875 0.2537037037037037 0.4296875 0.33240740740740743 0.40729166666666666 0.33240740740740743
2 0.3640625 0.262037037037037 0.390625 0.262037037037037 0.390625 0.3333333333333333 0.3640625 0.3333333333333333
2 0.4546875 0.18333333333333332 0.4703125 0.18333333333333332 0.4703125 0.22314814814814815 0.4546875 0.22314814814814815
2 0.6229166666666667 0.21296296296296297 0.6484375 0.21296296296296297 0.6484375 0.2935185185185185 0.6229166666666667 0.2935185185185185
2 0.496875 0.17407407407407408 0.5135416666666667 0.17407407407407408 0.5135416666666667 0.22314814814814815 0.496875 0.22314814814814815
2 0.45989583333333334 0.14629629629629629 0.475 0.14629629629629629 0.475 0.18703703703703703 0.45989583333333334 0.18703703703703703
2 0.5760416666666667 0.12407407407407407 0.5916666666666667 0.12407407407407407 0.5916666666666667 0.15925925925925927 0.5760416666666667 0.15925925925925927
2 0.2947916666666667 0.325 0.32447916666666665 0.325 0.32447916666666665 0.37592592592592594 0.2947916666666667 0.37592592592592594
2 0.6078125 0.13055555555555556 0.6244791666666667 0.13055555555555556 0.6244791666666667 0.17222222222222222 0.6078125 0.17222222222222222
2 0.4166666666666667 0.14722222222222223 0.43125 0.14722222222222223 0.43125 0.18425925925925926 0.4166666666666667 0.18425925925925926