1 0.3203125 0.7185185185185186 0.35833333333333334 0.7185185185185186 0.35833333333333334 0.8222222222222222 0.3203125 0.8222222222222222
1 0.3953125 0.9092592592592592 0.5005208333333333 0.9092592592592592 0.5005208333333333 1 0.3953125 1
2 0.31927083333333334 0.3787037037037037 0.346875 0.3787037037037037 0.346875 0.4444444444444444 0.31927083333333334 0.4444444444444444
2 0.5052083333333334 0.7175925925925926 0.60625 0.7175925925925926 0.60625 0.8185185185185185 0.5052083333333334 0.8185185185185185
2 0.43697916666666664 0 0.4984375 0 0.4984375 0.06759259259259259 0.43697916666666664 0.06759259259259259
2 0.365625 0.675 0.41458333333333336 0.675 0.41458333333333336 0.7361111111111112 0.365625 0.7361111111111112
2 0.525 0.5722222222222222 0.6338541666666667 0.5722222222222222 0.6338541666666667 0.6685185185185185 0.525 0.6685185185185185
2 0.35260416666666666 0.5537037037037037 0.39895833333333336 0.5537037037037037 0.39895833333333336 0.6 0.35260416666666666 0.6
2 0.30520833333333336 0.6037037037037037 0.32916666666666666 0.6037037037037037 0.32916666666666666 0.6296296296296297 0.30520833333333336 0.6296296296296297
2 0.3046875 0.34074074074074073 0.3302083333333333 0.34074074074074073 0.3302083333333333 0.3685185185185185 0.3046875 0.3685185185185185
2 0.39010416666666664 0.6203703703703703 0.44947916666666665 0.6203703703703703 0.44947916666666665 0.6787037037037037 0.39010416666666664 0.6787037037037037
2 0.30364583333333334 0.5111111111111111 0.33125 0.5111111111111111 0.33125 0.5407407407407407 0.30364583333333334 0.5407407407407407
2 0.2942708333333333 0.31666666666666665 0.31927083333333334 0.31666666666666665 0.31927083333333334 0.34444444444444444 0.2942708333333333 0.34444444444444444
2 0.3171875 0.6546296296296297 0.34270833333333334 0.6546296296296297 0.34270833333333334 0.6861111111111111 0.3171875 0.6861111111111111
2 0.30052083333333335 0.5537037037037037 0.32135416666666666 0.5537037037037037 0.32135416666666666 0.5777777777777777 0.30052083333333335 0.5777777777777777
2 0.35885416666666664 0.2324074074074074 0.40260416666666665 0.2324074074074074 0.40260416666666665 0.275 0.35885416666666664 0.275
2 0.3567708333333333 0.18333333333333332 0.4005208333333333 0.18333333333333332 0.4005208333333333 0.21481481481481482 0.3567708333333333 0.21481481481481482
2 0.32083333333333336 0.24351851851851852 0.35260416666666666 0.24351851851851852 0.35260416666666666 0.27685185185185185 0.32083333333333336 0.27685185185185185
2 0.3536458333333333 0.6138888888888889 0.4 0.6138888888888889 0.4 0.6509259259259259 0.3536458333333333 0.6509259259259259
2 0.34479166666666666 0.6638888888888889 0.384375 0.6638888888888889 0.384375 0.6944444444444444 0.34479166666666666 0.6944444444444444
2 0.2984375 0.21296296296296297 0.3265625 0.21296296296296297 0.3265625 0.23981481481481481 0.2984375 0.23981481481481481
2 0.3125 0.562962962962963 0.35052083333333334 0.562962962962963 0.35052083333333334 0.5916666666666667 0.3125 0.5916666666666667