1 0.5614583333333333 0.387037037037037 0.653125 0.387037037037037 0.653125 0.5361111111111111 0.5614583333333333 0.5361111111111111
1 0.12760416666666666 0.35462962962962963 0.2552083333333333 0.35462962962962963 0.2552083333333333 0.5296296296296297 0.12760416666666666 0.5296296296296297
1 0.3177083333333333 0.48055555555555557 0.43020833333333336 0.48055555555555557 0.43020833333333336 0.6777777777777778 0.3177083333333333 0.6777777777777778
1 0.44583333333333336 0.16666666666666666 0.48020833333333335 0.16666666666666666 0.48020833333333335 0.22037037037037038 0.44583333333333336 0.22037037037037038
1 0.3182291666666667 0.2074074074074074 0.3729166666666667 0.2074074074074074 0.3729166666666667 0.2712962962962963 0.3182291666666667 0.2712962962962963
1 0.5302083333333333 0.2 0.5671875 0.2 0.5671875 0.25925925925925924 0.5302083333333333 0.25925925925925924
1 0.6442708333333333 0.16018518518518518 0.6890625 0.16018518518518518 0.6890625 0.20092592592592592 0.6442708333333333 0.20092592592592592
2 0.21354166666666666 0.6101851851851852 0.26614583333333336 0.6101851851851852 0.26614583333333336 0.7324074074074074 0.21354166666666666 0.7324074074074074
2 0.009375 0.6509259259259259 0.08385416666666666 0.6509259259259259 0.08385416666666666 0.8685185185185185 0.009375 0.8685185185185185
2 0.07239583333333334 0.6925925925925925 0.14739583333333334 0.6925925925925925 0.14739583333333334 0.8944444444444445 0.07239583333333334 0.8944444444444445
2 0.3921875 0.6351851851851852 0.43802083333333336 0.6351851851851852 0.43802083333333336 0.8296296296296296 0.3921875 0.8296296296296296
2 0.28229166666666666 0.37407407407407406 0.3098958333333333 0.37407407407407406 0.3098958333333333 0.4888888888888889 0.28229166666666666 0.4888888888888889
2 0.3072916666666667 0.33425925925925926 0.33645833333333336 0.33425925925925926 0.33645833333333336 0.4222222222222222 0.3072916666666667 0.4222222222222222
2 0.3145833333333333 0.40925925925925927 0.34479166666666666 0.40925925925925927 0.34479166666666666 0.524074074074074 0.3145833333333333 0.524074074074074
2 0.35 0.34444444444444444 0.371875 0.34444444444444444 0.371875 0.44907407407407407 0.35 0.44907407407407407
2 0.3416666666666667 0.3037037037037037 0.3609375 0.3037037037037037 0.3609375 0.37407407407407406 0.3416666666666667 0.37407407407407406
2 0.39947916666666666 0.2935185185185185 0.4166666666666667 0.2935185185185185 0.4166666666666667 0.38796296296296295 0.39947916666666666 0.38796296296296295
2 0.42604166666666665 0.3055555555555556 0.4453125 0.3055555555555556 0.4453125 0.4111111111111111 0.42604166666666665 0.4111111111111111
2 0.45729166666666665 0.275 0.4734375 0.275 0.4734375 0.36018518518518516 0.45729166666666665 0.36018518518518516
2 0.37083333333333335 0.275 0.39166666666666666 0.275 0.39166666666666666 0.35185185185185186 0.37083333333333335 0.35185185185185186
2 0.3458333333333333 0.24259259259259258 0.3625 0.24259259259259258 0.3625 0.3138888888888889 0.3458333333333333 0.3138888888888889
2 0.3546875 0.24722222222222223 0.3729166666666667 0.24722222222222223 0.3729166666666667 0.33425925925925926 0.3546875 0.33425925925925926
2 0.3963541666666667 0.2222222222222222 0.4109375 0.2222222222222222 0.4109375 0.27037037037037037 0.3963541666666667 0.27037037037037037
2 0.3963541666666667 0.24814814814814815 0.4171875 0.24814814814814815 0.4171875 0.31203703703703706 0.3963541666666667 0.31203703703703706
2 0.4234375 0.2212962962962963 0.4401041666666667 0.2212962962962963 0.4401041666666667 0.2796296296296296 0.4234375 0.2796296296296296
2 0.5927083333333333 0.2490740740740741 0.615625 0.2490740740740741 0.615625 0.3277777777777778 0.5927083333333333 0.3277777777777778
2 0.6208333333333333 0.2222222222222222 0.6390625 0.2222222222222222 0.6390625 0.29814814814814816 0.6208333333333333 0.29814814814814816
2 0.6067708333333334 0.18796296296296297 0.6192708333333333 0.18796296296296297 0.6192708333333333 0.2518518518518518 0.6067708333333334 0.2518518518518518
2 0.5682291666666667 0.17592592592592593 0.5822916666666667 0.17592592592592593 0.5822916666666667 0.23055555555555557 0.5682291666666667 0.23055555555555557
2 0.5869791666666667 0.16574074074074074 0.6 0.16574074074074074 0.6 0.22407407407407406 0.5869791666666667 0.22407407407407406
2 0.40677083333333336 0.1712962962962963 0.41770833333333335 0.1712962962962963 0.41770833333333335 0.2111111111111111 0.40677083333333336 0.2111111111111111
2 0.425 0.16666666666666666 0.4359375 0.16666666666666666 0.4359375 0.22037037037037038 0.425 0.22037037037037038
2 0.40729166666666666 0.19444444444444445 0.4239583333333333 0.19444444444444445 0.4239583333333333 0.23981481481481481 0.40729166666666666 0.23981481481481481