1 0.146875 0.31851851851851853 0.27291666666666664 0.31851851851851853 0.27291666666666664 0.49722222222222223 0.146875 0.49722222222222223
1 0.3338541666666667 0.17685185185185184 0.39114583333333336 0.17685185185185184 0.39114583333333336 0.24166666666666667 0.3338541666666667 0.24166666666666667
1 0.6208333333333333 0.12222222222222222 0.6713541666666667 0.12222222222222222 0.6713541666666667 0.16111111111111112 0.6208333333333333 0.16111111111111112
1 0.47239583333333335 0.11851851851851852 0.5020833333333333 0.11851851851851852 0.5020833333333333 0.16111111111111112 0.47239583333333335 0.16111111111111112
2 0.1109375 0.6046296296296296 0.18072916666666666 0.6046296296296296 0.18072916666666666 0.8351851851851851 0.1109375 0.8351851851851851
2 0.21458333333333332 0.6027777777777777 0.26458333333333334 0.6027777777777777 0.26458333333333334 0.8518518518518519 0.21458333333333332 0.8518518518518519
2 0.31979166666666664 0.5796296296296296 0.3692708333333333 0.5796296296296296 0.3692708333333333 0.8342592592592593 0.31979166666666664 0.8342592592592593
2 0.259375 0.4361111111111111 0.29791666666666666 0.4361111111111111 0.29791666666666666 0.575925925925926 0.259375 0.575925925925926
2 0.3411458333333333 0.35 0.375 0.35 0.375 0.47314814814814815 0.3411458333333333 0.47314814814814815
2 0.3645833333333333 0.2814814814814815 0.39010416666666664 0.2814814814814815 0.39010416666666664 0.375 0.3645833333333333 0.375
2 0.396875 0.287962962962963 0.4119791666666667 0.287962962962963 0.4119791666666667 0.38981481481481484 0.396875 0.38981481481481484
2 0.4244791666666667 0.32314814814814813 0.440625 0.32314814814814813 0.440625 0.41203703703703703 0.4244791666666667 0.41203703703703703
2 0.43854166666666666 0.2814814814814815 0.4578125 0.2814814814814815 0.4578125 0.3592592592592593 0.43854166666666666 0.3592592592592593
2 0.38958333333333334 0.23333333333333334 0.4 0.23333333333333334 0.4 0.2953703703703704 0.38958333333333334 0.2953703703703704
2 0.3802083333333333 0.19814814814814816 0.3927083333333333 0.19814814814814816 0.3927083333333333 0.25 0.3802083333333333 0.25
2 0.3953125 0.17222222222222222 0.40625 0.17222222222222222 0.40625 0.2324074074074074 0.3953125 0.2324074074074074
2 0.4119791666666667 0.16203703703703703 0.42135416666666664 0.16203703703703703 0.42135416666666664 0.21481481481481482 0.4119791666666667 0.21481481481481482
2 0.42135416666666664 0.16944444444444445 0.4354166666666667 0.16944444444444445 0.4354166666666667 0.20833333333333334 0.42135416666666664 0.20833333333333334
2 0.4348958333333333 0.17777777777777778 0.45 0.17777777777777778 0.45 0.23425925925925925 0.4348958333333333 0.23425925925925925
2 0.425 0.1962962962962963 0.4322916666666667 0.1962962962962963 0.4322916666666667 0.23796296296296296 0.425 0.23796296296296296
2 0.4276041666666667 0.22777777777777777 0.44427083333333334 0.22777777777777777 0.44427083333333334 0.2935185185185185 0.4276041666666667 0.2935185185185185
2 0.4703125 0.22037037037037038 0.490625 0.22037037037037038 0.490625 0.2898148148148148 0.4703125 0.2898148148148148
2 0.4578125 0.1685185185185185 0.46979166666666666 0.1685185185185185 0.46979166666666666 0.21851851851851853 0.4578125 0.21851851851851853
2 0.47604166666666664 0.1648148148148148 0.4890625 0.1648148148148148 0.4890625 0.2074074074074074 0.47604166666666664 0.2074074074074074
2 0.44479166666666664 0.1425925925925926 0.453125 0.1425925925925926 0.453125 0.17962962962962964 0.44479166666666664 0.17962962962962964
2 0.4661458333333333 0.14074074074074075 0.4744791666666667 0.14074074074074075 0.4744791666666667 0.17407407407407408 0.4661458333333333 0.17407407407407408
2 0.46041666666666664 0.11018518518518519 0.4671875 0.11018518518518519 0.4671875 0.14722222222222223 0.46041666666666664 0.14722222222222223
2 0.4453125 0.10740740740740741 0.45260416666666664 0.10740740740740741 0.45260416666666664 0.13425925925925927 0.4453125 0.13425925925925927
2 0.5015625 0.10185185185185185 0.5088541666666667 0.10185185185185185 0.5088541666666667 0.14074074074074075 0.5015625 0.14074074074074075
2 0.5973958333333333 0.12037037037037036 0.6067708333333334 0.12037037037037036 0.6067708333333334 0.15925925925925927 0.5973958333333333 0.15925925925925927
2 0.5880208333333333 0.16018518518518518 0.6057291666666667 0.16018518518518518 0.6057291666666667 0.20925925925925926 0.5880208333333333 0.20925925925925926
2 0.61875 0.15925925925925927 0.628125 0.15925925925925927 0.628125 0.20555555555555555 0.61875 0.20555555555555555
2 0.6421875 0.18333333333333332 0.653125 0.18333333333333332 0.653125 0.23148148148148148 0.6421875 0.23148148148148148
2 0.6114583333333333 0.2 0.6322916666666667 0.2 0.6322916666666667 0.2574074074074074 0.6114583333333333 0.2574074074074074