1 0.14427083333333332 0.3148148148148148 0.26979166666666665 0.3148148148148148 0.26979166666666665 0.49907407407407406 0.14427083333333332 0.49907407407407406
2 0.7463541666666667 0.39537037037037037 0.790625 0.39537037037037037 0.790625 0.5111111111111111 0.7463541666666667 0.5111111111111111
2 0.5302083333333333 0.17685185185185184 0.5661458333333333 0.17685185185185184 0.5661458333333333 0.22777777777777777 0.5302083333333333 0.22777777777777777
1 0.31875 0.18055555555555555 0.37864583333333335 0.18055555555555555 0.37864583333333335 0.24722222222222223 0.31875 0.24722222222222223
2 0.44479166666666664 0.2324074074074074 0.46979166666666666 0.2324074074074074 0.46979166666666666 0.3101851851851852 0.44479166666666664 0.3101851851851852
2 0.3380208333333333 0.4842592592592593 0.38645833333333335 0.4842592592592593 0.38645833333333335 0.6462962962962963 0.3380208333333333 0.6462962962962963
2 0.37395833333333334 0.2564814814814815 0.403125 0.2564814814814815 0.403125 0.337037037037037 0.37395833333333334 0.337037037037037
2 0.4161458333333333 0.5 0.4588541666666667 0.5 0.4588541666666667 0.6814814814814815 0.4161458333333333 0.6814814814814815
2 0.5895833333333333 0.13796296296296295 0.6046875 0.13796296296296295 0.6046875 0.1824074074074074 0.5895833333333333 0.1824074074074074
2 0.47760416666666666 0.14907407407407408 0.4942708333333333 0.14907407407407408 0.4942708333333333 0.19814814814814816 0.47760416666666666 0.19814814814814816
2 0.428125 0.14814814814814814 0.4421875 0.14814814814814814 0.4421875 0.1925925925925926 0.428125 0.1925925925925926
2 0.40260416666666665 0.29444444444444445 0.4359375 0.29444444444444445 0.4359375 0.3990740740740741 0.40260416666666665 0.3990740740740741
2 0.3963541666666667 0.17407407407407408 0.4140625 0.17407407407407408 0.4140625 0.2175925925925926 0.3963541666666667 0.2175925925925926
2 0.6302083333333334 0.2537037037037037 0.653125 0.2537037037037037 0.653125 0.3351851851851852 0.6302083333333334 0.3351851851851852
2 0.45677083333333335 0.1425925925925926 0.46979166666666666 0.1425925925925926 0.46979166666666666 0.1814814814814815 0.45677083333333335 0.1814814814814815
2 0.5744791666666667 0.1648148148148148 0.5916666666666667 0.1648148148148148 0.5916666666666667 0.2101851851851852 0.5744791666666667 0.2101851851851852
2 0.6630208333333333 0.25 0.6817708333333333 0.25 0.6817708333333333 0.3333333333333333 0.6630208333333333 0.3333333333333333
2 0.4203125 0.22870370370370371 0.4395833333333333 0.22870370370370371 0.4395833333333333 0.31203703703703706 0.4203125 0.31203703703703706
2 0.3921875 0.2222222222222222 0.40989583333333335 0.2222222222222222 0.40989583333333335 0.29074074074074074 0.3921875 0.29074074074074074
2 0.4479166666666667 0.16666666666666666 0.46510416666666665 0.16666666666666666 0.46510416666666665 0.22777777777777777 0.4479166666666667 0.22777777777777777
2 0.6270833333333333 0.1814814814814815 0.6421875 0.1814814814814815 0.6421875 0.2490740740740741 0.6270833333333333 0.2490740740740741
2 0.6453125 0.14166666666666666 0.6609375 0.14166666666666666 0.6609375 0.19537037037037036 0.6453125 0.19537037037037036