1 0.5989583333333334 0.6611111111111111 0.7869791666666667 0.6611111111111111 0.7869791666666667 0.9990740740740741 0.5989583333333334 0.9990740740740741
1 0.1203125 0.36203703703703705 0.24895833333333334 0.36203703703703705 0.24895833333333334 0.5435185185185185 0.1203125 0.5435185185185185
1 0.5338541666666666 0.2518518518518518 0.5796875 0.2518518518518518 0.5796875 0.32407407407407407 0.5338541666666666 0.32407407407407407
1 0.3796875 0.3314814814814815 0.44166666666666665 0.3314814814814815 0.44166666666666665 0.43333333333333335 0.3796875 0.43333333333333335
1 0.3140625 0.21481481481481482 0.37135416666666665 0.21481481481481482 0.37135416666666665 0.2796296296296296 0.3140625 0.2796296296296296
1 0.45208333333333334 0.14907407407407408 0.48072916666666665 0.14907407407407408 0.48072916666666665 0.1935185185185185 0.45208333333333334 0.1935185185185185
2 0.24739583333333334 0.44351851851851853 0.2786458333333333 0.44351851851851853 0.2786458333333333 0.5685185185185185 0.24739583333333334 0.5685185185185185
1 0.6401041666666667 0.17222222222222222 0.68125 0.17222222222222222 0.68125 0.20925925925925926 0.6401041666666667 0.20925925925925926
1 0.9130208333333333 0.27870370370370373 0.9776041666666667 0.27870370370370373 0.9776041666666667 0.3574074074074074 0.9130208333333333 0.3574074074074074
2 0.23177083333333334 0.40925925925925927 0.2578125 0.40925925925925927 0.2578125 0.5231481481481481 0.23177083333333334 0.5231481481481481
2 0.3171875 0.3611111111111111 0.34791666666666665 0.3611111111111111 0.34791666666666665 0.4861111111111111 0.3171875 0.4861111111111111
2 0.43072916666666666 0.375 0.4661458333333333 0.375 0.4661458333333333 0.5157407407407407 0.43072916666666666 0.5157407407407407
2 0.35104166666666664 0.2824074074074074 0.37083333333333335 0.2824074074074074 0.37083333333333335 0.36944444444444446 0.35104166666666664 0.36944444444444446
2 0.38958333333333334 0.287962962962963 0.4119791666666667 0.287962962962963 0.4119791666666667 0.35 0.38958333333333334 0.35
2 0.36875 0.20833333333333334 0.384375 0.20833333333333334 0.384375 0.2657407407407407 0.36875 0.2657407407407407
2 0.409375 0.2175925925925926 0.42291666666666666 0.2175925925925926 0.42291666666666666 0.2796296296296296 0.409375 0.2796296296296296
2 0.35052083333333334 0.2638888888888889 0.365625 0.2638888888888889 0.365625 0.3212962962962963 0.35052083333333334 0.3212962962962963
2 0.4375 0.23981481481481481 0.45729166666666665 0.23981481481481481 0.45729166666666665 0.31574074074074077 0.4375 0.31574074074074077
2 0.6307291666666667 0.375 0.6604166666666667 0.375 0.6604166666666667 0.48148148148148145 0.6307291666666667 0.48148148148148145
2 0.65625 0.3111111111111111 0.6791666666666667 0.3111111111111111 0.6791666666666667 0.4074074074074074 0.65625 0.4074074074074074
2 0.6395833333333333 0.25925925925925924 0.6546875 0.25925925925925924 0.6546875 0.3509259259259259 0.6395833333333333 0.3509259259259259
2 0.5916666666666667 0.21851851851851853 0.6083333333333333 0.21851851851851853 0.6083333333333333 0.2833333333333333 0.5916666666666667 0.2833333333333333
2 0.5989583333333334 0.2074074074074074 0.6166666666666667 0.2074074074074074 0.6166666666666667 0.2537037037037037 0.5989583333333334 0.2537037037037037
2 0.58125 0.19074074074074074 0.596875 0.19074074074074074 0.596875 0.24259259259259258 0.58125 0.24259259259259258
2 0.42916666666666664 0.22407407407407406 0.4427083333333333 0.22407407407407406 0.4427083333333333 0.287962962962963 0.42916666666666664 0.287962962962963
2 0.4739583333333333 0.1962962962962963 0.48489583333333336 0.1962962962962963 0.48489583333333336 0.25462962962962965 0.4739583333333333 0.25462962962962965
2 0.40729166666666666 0.19537037037037036 0.4234375 0.19537037037037036 0.4234375 0.23796296296296296 0.40729166666666666 0.23796296296296296
2 0.4276041666666667 0.18611111111111112 0.4421875 0.18611111111111112 0.4421875 0.2324074074074074 0.4276041666666667 0.2324074074074074
2 0.4479166666666667 0.20925925925925926 0.465625 0.20925925925925926 0.465625 0.25925925925925924 0.4479166666666667 0.25925925925925924
2 0.40625 0.15833333333333333 0.42291666666666666 0.15833333333333333 0.42291666666666666 0.20833333333333334 0.40625 0.20833333333333334