1 0.5619791666666667 0.3824074074074074 0.653125 0.3824074074074074 0.653125 0.5287037037037037 0.5619791666666667 0.5287037037037037
1 0.12760416666666666 0.35462962962962963 0.2552083333333333 0.35462962962962963 0.2552083333333333 0.5277777777777778 0.12760416666666666 0.5277777777777778
1 0.3145833333333333 0.48333333333333334 0.42916666666666664 0.48333333333333334 0.42916666666666664 0.687037037037037 0.3145833333333333 0.687037037037037
1 0.8802083333333334 0.23981481481481481 0.9651041666666667 0.23981481481481481 0.9651041666666667 0.3277777777777778 0.8802083333333334 0.3277777777777778
1 0.44635416666666666 0.16666666666666666 0.4796875 0.16666666666666666 0.4796875 0.2212962962962963 0.44635416666666666 0.2212962962962963
1 0.3177083333333333 0.2074074074074074 0.3734375 0.2074074074074074 0.3734375 0.2712962962962963 0.3177083333333333 0.2712962962962963
1 0.5302083333333333 0.2 0.5671875 0.2 0.5671875 0.2574074074074074 0.5302083333333333 0.2574074074074074
1 0.6453125 0.16018518518518518 0.6895833333333333 0.16018518518518518 0.6895833333333333 0.20185185185185187 0.6453125 0.20185185185185187
2 0.3140625 0.42777777777777776 0.34479166666666666 0.42777777777777776 0.34479166666666666 0.5398148148148149 0.3140625 0.5398148148148149
1 0.5119791666666667 0.1259259259259259 0.5348958333333333 0.1259259259259259 0.5348958333333333 0.15833333333333333 0.5119791666666667 0.15833333333333333
2 0.38385416666666666 0.6444444444444445 0.4479166666666667 0.6444444444444445 0.4479166666666667 0.8916666666666667 0.38385416666666666 0.8916666666666667
2 0.0067708333333333336 0.6861111111111111 0.0703125 0.6861111111111111 0.0703125 0.899074074074074 0.0067708333333333336 0.899074074074074
2 0.075 0.6916666666666667 0.14114583333333333 0.6916666666666667 0.14114583333333333 0.9148148148148149 0.075 0.9148148148148149
2 0.22083333333333333 0.5546296296296296 0.26145833333333335 0.5546296296296296 0.26145833333333335 0.7398148148148148 0.22083333333333333 0.7398148148148148
2 0.28072916666666664 0.37407407407407406 0.31145833333333334 0.37407407407407406 0.31145833333333334 0.4861111111111111 0.28072916666666664 0.4861111111111111
2 0.30364583333333334 0.3194444444444444 0.3385416666666667 0.3194444444444444 0.3385416666666667 0.43796296296296294 0.30364583333333334 0.43796296296296294
2 0.35104166666666664 0.34444444444444444 0.37083333333333335 0.34444444444444444 0.37083333333333335 0.44074074074074077 0.35104166666666664 0.44074074074074077
2 0.33541666666666664 0.2916666666666667 0.3619791666666667 0.2916666666666667 0.3619791666666667 0.37222222222222223 0.33541666666666664 0.37222222222222223
2 0.42083333333333334 0.30925925925925923 0.4453125 0.30925925925925923 0.4453125 0.3962962962962963 0.42083333333333334 0.3962962962962963
2 0.4510416666666667 0.275 0.47760416666666666 0.275 0.47760416666666666 0.36944444444444446 0.4510416666666667 0.36944444444444446
2 0.3411458333333333 0.24351851851851852 0.3640625 0.24351851851851852 0.3640625 0.29814814814814816 0.3411458333333333 0.29814814814814816
2 0.35520833333333335 0.25092592592592594 0.378125 0.25092592592592594 0.378125 0.325 0.35520833333333335 0.325
2 0.3723958333333333 0.2740740740740741 0.39166666666666666 0.2740740740740741 0.39166666666666666 0.3675925925925926 0.3723958333333333 0.3675925925925926
2 0.3890625 0.30277777777777776 0.41875 0.30277777777777776 0.41875 0.38333333333333336 0.3890625 0.38333333333333336
2 0.4 0.262037037037037 0.415625 0.262037037037037 0.415625 0.31203703703703706 0.4 0.31203703703703706
2 0.39791666666666664 0.21944444444444444 0.4171875 0.21944444444444444 0.4171875 0.2833333333333333 0.39791666666666664 0.2833333333333333
2 0.42291666666666666 0.2212962962962963 0.4421875 0.2212962962962963 0.4421875 0.2851851851851852 0.42291666666666666 0.2851851851851852
2 0.49322916666666666 0.2 0.5166666666666667 0.2 0.5166666666666667 0.2657407407407407 0.49322916666666666 0.2657407407407407
2 0.6192708333333333 0.22685185185185186 0.6385416666666667 0.22685185185185186 0.6385416666666667 0.3055555555555556 0.6192708333333333 0.3055555555555556
2 0.5916666666666667 0.24722222222222223 0.6119791666666666 0.24722222222222223 0.6119791666666666 0.3101851851851852 0.5916666666666667 0.3101851851851852
2 0.6046875 0.20185185185185187 0.6229166666666667 0.20185185185185187 0.6229166666666667 0.2462962962962963 0.6046875 0.2462962962962963
2 0.571875 0.17962962962962964 0.5802083333333333 0.17962962962962964 0.5802083333333333 0.21944444444444444 0.571875 0.21944444444444444
2 0.590625 0.17685185185185184 0.603125 0.17685185185185184 0.603125 0.2175925925925926 0.590625 0.2175925925925926
2 0.40989583333333335 0.19722222222222222 0.4244791666666667 0.19722222222222222 0.4244791666666667 0.24074074074074073 0.40989583333333335 0.24074074074074073
2 0.42291666666666666 0.17962962962962964 0.43802083333333336 0.17962962962962964 0.43802083333333336 0.21944444444444444 0.42291666666666666 0.21944444444444444