1 0.5520833333333334 0.23703703703703705 0.6057291666666667 0.23703703703703705 0.6057291666666667 0.325 0.5520833333333334 0.325
1 0.3234375 0.19907407407407407 0.3807291666666667 0.19907407407407407 0.3807291666666667 0.262037037037037 0.3234375 0.262037037037037
1 0.43697916666666664 0.20462962962962963 0.4765625 0.20462962962962963 0.4765625 0.27870370370370373 0.43697916666666664 0.27870370370370373
1 0.5291666666666667 0.15185185185185185 0.5588541666666667 0.15185185185185185 0.5588541666666667 0.1962962962962963 0.5291666666666667 0.1962962962962963
1 0.6479166666666667 0.14722222222222223 0.696875 0.14722222222222223 0.696875 0.1962962962962963 0.6479166666666667 0.1962962962962963
2 0.8817708333333333 0.6175925925925926 0.9401041666666666 0.6175925925925926 0.9401041666666666 0.8416666666666667 0.8817708333333333 0.8416666666666667
2 0.19739583333333333 0.5009259259259259 0.23541666666666666 0.5009259259259259 0.23541666666666666 0.6462962962962963 0.19739583333333333 0.6462962962962963
2 0.25833333333333336 0.6166666666666667 0.31145833333333334 0.6166666666666667 0.31145833333333334 0.7435185185185185 0.25833333333333336 0.7435185185185185
2 0.03125 0.7472222222222222 0.10572916666666667 0.7472222222222222 0.10572916666666667 0.9972222222222222 0.03125 0.9972222222222222
2 0.128125 0.7324074074074074 0.196875 0.7324074074074074 0.196875 1 0.128125 1
1 0.14583333333333334 0.33240740740740743 0.246875 0.33240740740740743 0.246875 0.525 0.14583333333333334 0.525
2 0.2526041666666667 0.4935185185185185 0.29739583333333336 0.4935185185185185 0.29739583333333336 0.6064814814814815 0.2526041666666667 0.6064814814814815
2 0.3333333333333333 0.5712962962962963 0.3723958333333333 0.5712962962962963 0.3723958333333333 0.7620370370370371 0.3333333333333333 0.7620370370370371
2 0.35520833333333335 0.6648148148148149 0.425 0.6648148148148149 0.425 0.8777777777777778 0.35520833333333335 0.8777777777777778
2 0.31927083333333334 0.4361111111111111 0.3489583333333333 0.4361111111111111 0.3489583333333333 0.5574074074074075 0.31927083333333334 0.5574074074074075
2 0.2890625 0.33425925925925926 0.3067708333333333 0.33425925925925926 0.3067708333333333 0.39814814814814814 0.2890625 0.39814814814814814
2 0.30104166666666665 0.35185185185185186 0.3255208333333333 0.35185185185185186 0.3255208333333333 0.4601851851851852 0.30104166666666665 0.4601851851851852
2 0.34270833333333334 0.37222222222222223 0.375 0.37222222222222223 0.375 0.45 0.34270833333333334 0.45
2 0.36354166666666665 0.29259259259259257 0.39010416666666664 0.29259259259259257 0.39010416666666664 0.3824074074074074 0.36354166666666665 0.3824074074074074
2 0.409375 0.29814814814814816 0.42916666666666664 0.29814814814814816 0.42916666666666664 0.3907407407407407 0.409375 0.3907407407407407
2 0.659375 0.34444444444444444 0.6859375 0.34444444444444444 0.6859375 0.45185185185185184 0.659375 0.45185185185185184
2 0.403125 0.225 0.421875 0.225 0.421875 0.2824074074074074 0.403125 0.2824074074074074
2 0.38645833333333335 0.2037037037037037 0.39791666666666664 0.2037037037037037 0.39791666666666664 0.2537037037037037 0.38645833333333335 0.2537037037037037
2 0.3765625 0.23703703703703705 0.39739583333333334 0.23703703703703705 0.39739583333333334 0.3055555555555556 0.3765625 0.3055555555555556
2 0.4083333333333333 0.15833333333333333 0.4197916666666667 0.15833333333333333 0.4197916666666667 0.21388888888888888 0.4083333333333333 0.21388888888888888
2 0.4244791666666667 0.1824074074074074 0.434375 0.1824074074074074 0.434375 0.22685185185185186 0.4244791666666667 0.22685185185185186
2 0.43645833333333334 0.14722222222222223 0.4453125 0.14722222222222223 0.4453125 0.18981481481481483 0.43645833333333334 0.18981481481481483
2 0.45 0.1425925925925926 0.4578125 0.1425925925925926 0.4578125 0.18703703703703703 0.45 0.18703703703703703
2 0.4630208333333333 0.14537037037037037 0.4739583333333333 0.14537037037037037 0.4739583333333333 0.18888888888888888 0.4630208333333333 0.18888888888888888
2 0.42552083333333335 0.13148148148148148 0.43645833333333334 0.13148148148148148 0.43645833333333334 0.17685185185185184 0.42552083333333335 0.17685185185185184
2 0.5723958333333333 0.1675925925925926 0.5880208333333333 0.1675925925925926 0.5880208333333333 0.21944444444444444 0.5723958333333333 0.21944444444444444
2 0.5942708333333333 0.15462962962962962 0.6052083333333333 0.15462962962962962 0.6052083333333333 0.20925925925925926 0.5942708333333333 0.20925925925925926
2 0.5854166666666667 0.14629629629629629 0.5932291666666667 0.14629629629629629 0.5932291666666667 0.1824074074074074 0.5854166666666667 0.1824074074074074
2 0.5588541666666667 0.13333333333333333 0.5692708333333333 0.13333333333333333 0.5692708333333333 0.16574074074074074 0.5588541666666667 0.16574074074074074
2 0.5708333333333333 0.12962962962962962 0.5796875 0.12962962962962962 0.5796875 0.15925925925925927 0.5708333333333333 0.15925925925925927