1 0.14583333333333334 0.31203703703703706 0.2708333333333333 0.31203703703703706 0.2708333333333333 0.48703703703703705 0.14583333333333334 0.48703703703703705
1 0.3255208333333333 0.1712962962962963 0.39375 0.1712962962962963 0.39375 0.2361111111111111 0.3255208333333333 0.2361111111111111
2 0.7838541666666666 0.6638888888888889 0.853125 0.6638888888888889 0.853125 0.8555555555555555 0.7838541666666666 0.8555555555555555
2 0.7932291666666667 0.4981481481481482 0.8432291666666667 0.4981481481481482 0.8432291666666667 0.625 0.7932291666666667 0.625
2 0.17395833333333333 0.5981481481481481 0.23645833333333333 0.5981481481481481 0.23645833333333333 0.7861111111111111 0.17395833333333333 0.7861111111111111
2 0.6885416666666667 0.3768518518518518 0.7255208333333333 0.3768518518518518 0.7255208333333333 0.4842592592592593 0.6885416666666667 0.4842592592592593
2 0.6098958333333333 0.1675925925925926 0.6317708333333333 0.1675925925925926 0.6317708333333333 0.21574074074074073 0.6098958333333333 0.21574074074074073
2 0.5526041666666667 0.1824074074074074 0.5786458333333333 0.1824074074074074 0.5786458333333333 0.2518518518518518 0.5526041666666667 0.2518518518518518
2 0.6286458333333333 0.25092592592592594 0.6536458333333334 0.25092592592592594 0.6536458333333334 0.325 0.6286458333333333 0.325
2 0.5854166666666667 0.23333333333333334 0.6098958333333333 0.23333333333333334 0.6098958333333333 0.30925925925925923 0.5854166666666667 0.30925925925925923
2 0.39791666666666664 0.33425925925925926 0.4395833333333333 0.33425925925925926 0.4395833333333333 0.45555555555555555 0.39791666666666664 0.45555555555555555
2 0.31666666666666665 0.4212962962962963 0.3645833333333333 0.4212962962962963 0.3645833333333333 0.5537037037037037 0.31666666666666665 0.5537037037037037
2 0.621875 0.31666666666666665 0.6526041666666667 0.31666666666666665 0.6526041666666667 0.4111111111111111 0.621875 0.4111111111111111
2 0.4317708333333333 0.19907407407407407 0.45677083333333335 0.19907407407407407 0.45677083333333335 0.26851851851851855 0.4317708333333333 0.26851851851851855
2 0.37604166666666666 0.3 0.40520833333333334 0.3 0.40520833333333334 0.3972222222222222 0.37604166666666666 0.3972222222222222
2 0.5041666666666667 0.16111111111111112 0.5338541666666666 0.16111111111111112 0.5338541666666666 0.22592592592592592 0.5041666666666667 0.22592592592592592
2 0.5822916666666667 0.13148148148148148 0.5963541666666666 0.13148148148148148 0.5963541666666666 0.1685185185185185 0.5822916666666667 0.1685185185185185
2 0.5598958333333334 0.17777777777777778 0.584375 0.17777777777777778 0.584375 0.24074074074074073 0.5598958333333334 0.24074074074074073
2 0.415625 0.1712962962962963 0.4348958333333333 0.1712962962962963 0.4348958333333333 0.21851851851851853 0.415625 0.21851851851851853
2 0.6494791666666667 0.18055555555555555 0.6744791666666666 0.18055555555555555 0.6744791666666666 0.24259259259259258 0.6494791666666667 0.24259259259259258
2 0.4666666666666667 0.16018518518518518 0.4828125 0.16018518518518518 0.4828125 0.2462962962962963 0.4666666666666667 0.2462962962962963