1 0.14375 0.32314814814814813 0.271875 0.32314814814814813 0.271875 0.49537037037037035 0.14375 0.49537037037037035
1 0.32135416666666666 0.1787037037037037 0.390625 0.1787037037037037 0.390625 0.2361111111111111 0.32135416666666666 0.2361111111111111
2 0.8125 0.5083333333333333 0.8713541666666667 0.5083333333333333 0.8713541666666667 0.6685185185185185 0.8125 0.6685185185185185
2 0.26197916666666665 0.5777777777777777 0.32864583333333336 0.5777777777777777 0.32864583333333336 0.7490740740740741 0.26197916666666665 0.7490740740740741
2 0.6953125 0.32685185185185184 0.7291666666666666 0.32685185185185184 0.7291666666666666 0.41388888888888886 0.6953125 0.41388888888888886
2 0.6421875 0.23981481481481481 0.66875 0.23981481481481481 0.66875 0.3148148148148148 0.6421875 0.3148148148148148
2 0.6510416666666666 0.33240740740740743 0.6885416666666667 0.33240740740740743 0.6885416666666667 0.43425925925925923 0.6510416666666666 0.43425925925925923
2 0.39166666666666666 0.21851851851851853 0.4166666666666667 0.21851851851851853 0.4166666666666667 0.28425925925925927 0.39166666666666666 0.28425925925925927
2 0.39895833333333336 0.31296296296296294 0.4348958333333333 0.31296296296296294 0.4348958333333333 0.4203703703703704 0.39895833333333336 0.4203703703703704
2 0.4348958333333333 0.13240740740740742 0.44895833333333335 0.13240740740740742 0.44895833333333335 0.1712962962962963 0.4348958333333333 0.1712962962962963
2 0.5557291666666667 0.14351851851851852 0.5776041666666667 0.14351851851851852 0.5776041666666667 0.19074074074074074 0.5557291666666667 0.19074074074074074
2 0.4515625 0.18796296296296297 0.47291666666666665 0.18796296296296297 0.47291666666666665 0.2462962962962963 0.4515625 0.2462962962962963
2 0.48333333333333334 0.1388888888888889 0.4984375 0.1388888888888889 0.4984375 0.1824074074074074 0.48333333333333334 0.1824074074074074
2 0.4270833333333333 0.23333333333333334 0.45 0.23333333333333334 0.45 0.2953703703703704 0.4270833333333333 0.2953703703703704
2 0.4036458333333333 0.1925925925925926 0.42604166666666665 0.1925925925925926 0.42604166666666665 0.2462962962962963 0.4036458333333333 0.2462962962962963
2 0.45 0.30092592592592593 0.4791666666666667 0.30092592592592593 0.4791666666666667 0.4064814814814815 0.45 0.4064814814814815
2 0.5921875 0.2064814814814815 0.6109375 0.2064814814814815 0.6109375 0.2574074074074074 0.5921875 0.2574074074074074
2 0.26197916666666665 0.7620370370370371 0.3328125 0.7620370370370371 0.3328125 1 0.26197916666666665 1