1 0.3953125 0.9092592592592592 0.49322916666666666 0.9092592592592592 0.49322916666666666 1 0.3953125 1
1 0.3171875 0.6944444444444444 0.3515625 0.6944444444444444 0.3515625 0.8166666666666667 0.3171875 0.8166666666666667
2 0.5609375 0.8712962962962963 0.684375 0.8712962962962963 0.684375 1 0.5609375 1
2 0.5338541666666666 0 0.6260416666666667 0 0.6260416666666667 0.03148148148148148 0.5338541666666666 0.03148148148148148
2 0.45989583333333334 0.7805555555555556 0.5276041666666667 0.7805555555555556 0.5276041666666667 0.8546296296296296 0.45989583333333334 0.8546296296296296
2 0.3963541666666667 0.1814814814814815 0.44895833333333335 0.1814814814814815 0.44895833333333335 0.23055555555555557 0.3963541666666667 0.23055555555555557
2 0.478125 0.15 0.5557291666666667 0.15 0.5557291666666667 0.23333333333333334 0.478125 0.23333333333333334
2 0.353125 0.6509259259259259 0.38958333333333334 0.6509259259259259 0.38958333333333334 0.6916666666666667 0.353125 0.6916666666666667
2 0.3640625 0.5851851851851851 0.4125 0.5851851851851851 0.4125 0.6388888888888888 0.3640625 0.6388888888888888
2 0.39427083333333335 0.2759259259259259 0.44479166666666664 0.2759259259259259 0.44479166666666664 0.3351851851851852 0.39427083333333335 0.3351851851851852
2 0.39166666666666666 0.6685185185185185 0.44947916666666665 0.6685185185185185 0.44947916666666665 0.725 0.39166666666666666 0.725
2 0.33177083333333335 0.22314814814814815 0.3619791666666667 0.22314814814814815 0.3619791666666667 0.2851851851851852 0.33177083333333335 0.2851851851851852
2 0.3078125 0.2962962962962963 0.33177083333333335 0.2962962962962963 0.33177083333333335 0.32685185185185184 0.3078125 0.32685185185185184
2 0.28958333333333336 0.375 0.3125 0.375 0.3125 0.40370370370370373 0.28958333333333336 0.40370370370370373
2 0.3109375 0.44814814814814813 0.3463541666666667 0.44814814814814813 0.3463541666666667 0.5027777777777778 0.3109375 0.5027777777777778
2 0.3458333333333333 0.35648148148148145 0.384375 0.35648148148148145 0.384375 0.39814814814814814 0.3458333333333333 0.39814814814814814