1 0.4125 0.9314814814814815 0.5135416666666667 0.9314814814814815 0.5135416666666667 1 0.4125 1
1 0.3541666666666667 0.30185185185185187 0.4046875 0.30185185185185187 0.4046875 0.40185185185185185 0.3541666666666667 0.40185185185185185
1 0.3307291666666667 0.7129629629629629 0.36666666666666664 0.7129629629629629 0.36666666666666664 0.8138888888888889 0.3307291666666667 0.8138888888888889
1 0.33177083333333335 0.5435185185185185 0.3729166666666667 0.5435185185185185 0.3729166666666667 0.6111111111111112 0.33177083333333335 0.6111111111111112
1 0.30416666666666664 0.39814814814814814 0.32916666666666666 0.39814814814814814 0.32916666666666666 0.45 0.30416666666666664 0.45
1 0.3020833333333333 0.15092592592592594 0.3296875 0.15092592592592594 0.3296875 0.23333333333333334 0.3020833333333333 0.23333333333333334
2 0.48489583333333336 0.9555555555555556 0.5734375 0.9555555555555556 0.5734375 1 0.48489583333333336 1
2 0.5630208333333333 0.6407407407407407 0.6744791666666666 0.6407407407407407 0.6744791666666666 0.7129629629629629 0.5630208333333333 0.7129629629629629
2 0.5208333333333334 0.7092592592592593 0.6359375 0.7092592592592593 0.6359375 0.7898148148148149 0.5208333333333334 0.7898148148148149
2 0.5161458333333333 0.8277777777777777 0.6125 0.8277777777777777 0.6125 0.9092592592592592 0.5161458333333333 0.9092592592592592
2 0.484375 0.8555555555555555 0.5453125 0.8555555555555555 0.5453125 0.9148148148148149 0.484375 0.9148148148148149
2 0.3953125 0.8212962962962963 0.4359375 0.8212962962962963 0.4359375 0.8759259259259259 0.3953125 0.8759259259259259
2 0.40677083333333336 0.8018518518518518 0.4713541666666667 0.8018518518518518 0.4713541666666667 0.8537037037037037 0.40677083333333336 0.8537037037037037
2 0.4479166666666667 0.7527777777777778 0.5197916666666667 0.7527777777777778 0.5197916666666667 0.8148148148148148 0.4479166666666667 0.8148148148148148
2 0.4192708333333333 0.7203703703703703 0.47760416666666666 0.7203703703703703 0.47760416666666666 0.7675925925925926 0.4192708333333333 0.7675925925925926
2 0.3828125 0.6990740740740741 0.4359375 0.6990740740740741 0.4359375 0.7416666666666667 0.3828125 0.7416666666666667
2 0.3828125 0.625 0.43385416666666665 0.625 0.43385416666666665 0.6731481481481482 0.3828125 0.6731481481481482
2 0.35208333333333336 0.6833333333333333 0.390625 0.6833333333333333 0.390625 0.7064814814814815 0.35208333333333336 0.7064814814814815
2 0.3333333333333333 0.6824074074074075 0.3697916666666667 0.6824074074074075 0.3697916666666667 0.7083333333333334 0.3333333333333333 0.7083333333333334
2 0.3411458333333333 0.6435185185185185 0.378125 0.6435185185185185 0.378125 0.6675925925925926 0.3411458333333333 0.6675925925925926
2 0.41822916666666665 0.16018518518518518 0.48802083333333335 0.16018518518518518 0.48802083333333335 0.21481481481481482 0.41822916666666665 0.21481481481481482
2 0.3078125 0.6361111111111111 0.3385416666666667 0.6361111111111111 0.3385416666666667 0.662962962962963 0.3078125 0.662962962962963
2 0.315625 0.6166666666666667 0.346875 0.6166666666666667 0.346875 0.6370370370370371 0.315625 0.6370370370370371
2 0.2989583333333333 0.6018518518518519 0.32760416666666664 0.6018518518518519 0.32760416666666664 0.6175925925925926 0.2989583333333333 0.6175925925925926
2 0.3265625 0.45925925925925926 0.3572916666666667 0.45925925925925926 0.3572916666666667 0.5074074074074074 0.3265625 0.5074074074074074
2 0.2989583333333333 0.5388888888888889 0.32135416666666666 0.5388888888888889 0.32135416666666666 0.562962962962963 0.2989583333333333 0.562962962962963
2 0.2994791666666667 0.5731481481481482 0.3223958333333333 0.5731481481481482 0.3223958333333333 0.5879629629629629 0.2994791666666667 0.5879629629629629
2 0.290625 0.6138888888888889 0.309375 0.6138888888888889 0.309375 0.6277777777777778 0.290625 0.6277777777777778
2 0.3125 0.3490740740740741 0.3416666666666667 0.3490740740740741 0.3416666666666667 0.3768518518518518 0.3125 0.3768518518518518
2 0.3104166666666667 0.3101851851851852 0.3385416666666667 0.3101851851851852 0.3385416666666667 0.3333333333333333 0.3104166666666667 0.3333333333333333
2 0.30416666666666664 0.33055555555555555 0.321875 0.33055555555555555 0.321875 0.35 0.30416666666666664 0.35
2 0.29635416666666664 0.37592592592592594 0.3140625 0.37592592592592594 0.3140625 0.39814814814814814 0.29635416666666664 0.39814814814814814