1 0.5239583333333333 0.30092592592592593 0.596875 0.30092592592592593 0.596875 0.44537037037037036 0.5239583333333333 0.44537037037037036
1 0.5052083333333334 0 0.6020833333333333 0 0.6020833333333333 0.09351851851851851 0.5052083333333334 0.09351851851851851
2 0.3614583333333333 0.9546296296296296 0.4578125 0.9546296296296296 0.4578125 1 0.3614583333333333 1
1 0.6463541666666667 0.18055555555555555 0.6822916666666666 0.18055555555555555 0.6822916666666666 0.3 0.6463541666666667 0.3
2 0.3145833333333333 0.026851851851851852 0.425 0.026851851851851852 0.425 0.14444444444444443 0.3145833333333333 0.14444444444444443
2 0.5479166666666667 0.887962962962963 0.6010416666666667 0.887962962962963 0.6010416666666667 0.9592592592592593 0.5479166666666667 0.9592592592592593
2 0.43697916666666664 0.08981481481481482 0.5130208333333334 0.08981481481481482 0.5130208333333334 0.1675925925925926 0.43697916666666664 0.1675925925925926
2 0.46041666666666664 0.799074074074074 0.5307291666666667 0.799074074074074 0.5307291666666667 0.8787037037037037 0.46041666666666664 0.8787037037037037
2 0.44166666666666665 0.2111111111111111 0.5177083333333333 0.2111111111111111 0.5177083333333333 0.2898148148148148 0.44166666666666665 0.2898148148148148
2 0.5026041666666666 0.11018518518518519 0.5588541666666667 0.11018518518518519 0.5588541666666667 0.1787037037037037 0.5026041666666666 0.1787037037037037
2 0.5796875 0.26944444444444443 0.621875 0.26944444444444443 0.621875 0.3194444444444444 0.5796875 0.3194444444444444
2 0.6421875 0.7592592592592593 0.675 0.7592592592592593 0.675 0.7916666666666666 0.6421875 0.7916666666666666
2 0.6432291666666666 0.6907407407407408 0.6744791666666666 0.6907407407407408 0.6744791666666666 0.7277777777777777 0.6432291666666666 0.7277777777777777
2 0.6859375 0.4861111111111111 0.7088541666666667 0.4861111111111111 0.7088541666666667 0.5157407407407407 0.6859375 0.5157407407407407
2 0.6411458333333333 0.4074074074074074 0.675 0.4074074074074074 0.675 0.44537037037037036 0.6411458333333333 0.44537037037037036
2 0.6552083333333333 0.44907407407407407 0.6859375 0.44907407407407407 0.6859375 0.4787037037037037 0.6552083333333333 0.4787037037037037
2 0.6005208333333333 0.36203703703703705 0.640625 0.36203703703703705 0.640625 0.4046296296296296 0.6005208333333333 0.4046296296296296
2 0.6083333333333333 0.29814814814814816 0.64375 0.29814814814814816 0.64375 0.34074074074074073 0.6083333333333333 0.34074074074074073
2 0.6984375 0.46111111111111114 0.7161458333333334 0.46111111111111114 0.7161458333333334 0.48518518518518516 0.6984375 0.48518518518518516