1 0.13854166666666667 0.3074074074074074 0.2671875 0.3074074074074074 0.2671875 0.487962962962963 0.13854166666666667 0.487962962962963
0 0.2755208333333333 0.1925925925925926 0.4015625 0.1925925925925926 0.4015625 0.45092592592592595 0.2755208333333333 0.45092592592592595
1 0.6177083333333333 0.23703703703703705 0.6848958333333334 0.23703703703703705 0.6848958333333334 0.3425925925925926 0.6177083333333333 0.3425925925925926
2 0.7348958333333333 0.48518518518518516 0.7838541666666666 0.48518518518518516 0.7838541666666666 0.6361111111111111 0.7348958333333333 0.6361111111111111
1 0.44635416666666666 0.14814814814814814 0.4890625 0.14814814814814814 0.4890625 0.21296296296296297 0.44635416666666666 0.21296296296296297
2 0.21197916666666666 0.775 0.27708333333333335 0.775 0.27708333333333335 0.9972222222222222 0.21197916666666666 0.9972222222222222
2 0.3921875 0.48055555555555557 0.43697916666666664 0.48055555555555557 0.43697916666666664 0.6342592592592593 0.3921875 0.6342592592592593
2 0.9505208333333334 0.6083333333333333 1 0.6083333333333333 1 0.7518518518518519 0.9505208333333334 0.7518518518518519
2 0.271875 0.49907407407407406 0.32760416666666664 0.49907407407407406 0.32760416666666664 0.6601851851851852 0.271875 0.6601851851851852
2 0.665625 0.6398148148148148 0.7239583333333334 0.6398148148148148 0.7239583333333334 0.8296296296296296 0.665625 0.8296296296296296
2 0.6567708333333333 0.34629629629629627 0.6890625 0.34629629629629627 0.6890625 0.44907407407407407 0.6567708333333333 0.44907407407407407
2 0.7322916666666667 0.35 0.7671875 0.35 0.7671875 0.4537037037037037 0.7322916666666667 0.4537037037037037
2 0.8307291666666666 0.4537037037037037 0.8765625 0.4537037037037037 0.8765625 0.5824074074074074 0.8307291666666666 0.5824074074074074
2 0.0109375 0.5407407407407407 0.08802083333333334 0.5407407407407407 0.08802083333333334 0.7203703703703703 0.0109375 0.7203703703703703
2 0.7015625 0.27037037037037037 0.7317708333333334 0.27037037037037037 0.7317708333333334 0.35555555555555557 0.7015625 0.35555555555555557
2 0.5666666666666667 0.2564814814814815 0.5911458333333334 0.2564814814814815 0.5911458333333334 0.3453703703703704 0.5666666666666667 0.3453703703703704
2 0.5479166666666667 0.11018518518518519 0.5630208333333333 0.11018518518518519 0.5630208333333333 0.14722222222222223 0.5479166666666667 0.14722222222222223
2 0.4359375 0.3074074074074074 0.4661458333333333 0.3074074074074074 0.4661458333333333 0.4027777777777778 0.4359375 0.4027777777777778
2 0.5973958333333333 0.16018518518518518 0.6166666666666667 0.16018518518518518 0.6166666666666667 0.225 0.5973958333333333 0.225
2 0.45625 0.24444444444444444 0.4828125 0.24444444444444444 0.4828125 0.35185185185185186 0.45625 0.35185185185185186