1 0.50625 0 0.6088541666666667 0 0.6088541666666667 0.08518518518518518 0.50625 0.08518518518518518
1 0.5489583333333333 0.7277777777777777 0.6192708333333333 0.7277777777777777 0.6192708333333333 0.887962962962963 0.5489583333333333 0.887962962962963
2 0.4453125 0.85 0.521875 0.85 0.521875 0.9342592592592592 0.4453125 0.9342592592592592
2 0.6885416666666667 0.5833333333333334 0.7130208333333333 0.5833333333333334 0.7130208333333333 0.6111111111111112 0.6885416666666667 0.6111111111111112
2 0.4125 0.16944444444444445 0.5010416666666667 0.16944444444444445 0.5010416666666667 0.25555555555555554 0.4125 0.25555555555555554
1 0.7104166666666667 0.5518518518518518 0.7307291666666667 0.5518518518518518 0.7307291666666667 0.5990740740740741 0.7104166666666667 0.5990740740740741
2 0.5078125 0.21481481481481482 0.5734375 0.21481481481481482 0.5734375 0.287962962962963 0.5078125 0.287962962962963
2 0.5947916666666667 0.39814814814814814 0.6416666666666667 0.39814814814814814 0.6416666666666667 0.4546296296296296 0.5947916666666667 0.4546296296296296
1 0.6739583333333333 0.41944444444444445 0.70625 0.41944444444444445 0.70625 0.49074074074074076 0.6739583333333333 0.49074074074074076
2 0.5270833333333333 0.3611111111111111 0.5890625 0.3611111111111111 0.5890625 0.42314814814814816 0.5270833333333333 0.42314814814814816
0 0.5640625 0.14722222222222223 0.678125 0.14722222222222223 0.678125 0.3453703703703704 0.5640625 0.3453703703703704
2 0.6307291666666667 0.6916666666666667 0.6661458333333333 0.6916666666666667 0.6661458333333333 0.7296296296296296 0.6307291666666667 0.7296296296296296
2 0.5296875 0.6509259259259259 0.5921875 0.6509259259259259 0.5921875 0.7148148148148148 0.5296875 0.7148148148148148
1 0.6963541666666667 0.6083333333333333 0.7208333333333333 0.6083333333333333 0.7208333333333333 0.6703703703703704 0.6963541666666667 0.6703703703703704
2 0.6583333333333333 0.5027777777777778 0.6921875 0.5027777777777778 0.6921875 0.5462962962962963 0.6583333333333333 0.5462962962962963