1 0.65 0.3435185185185185 0.746875 0.3435185185185185 0.746875 0.4888888888888889 0.65 0.4888888888888889
1 0.5645833333333333 0.12129629629629629 0.6026041666666667 0.12129629629629629 0.6026041666666667 0.16666666666666666 0.5645833333333333 0.16666666666666666
1 0.140625 0.30833333333333335 0.26458333333333334 0.30833333333333335 0.26458333333333334 0.49074074074074076 0.140625 0.49074074074074076
2 0.7541666666666667 0.5972222222222222 0.8130208333333333 0.5972222222222222 0.8130208333333333 0.7814814814814814 0.7541666666666667 0.7814814814814814
2 0.8583333333333333 0.5935185185185186 0.9125 0.5935185185185186 0.9125 0.7694444444444445 0.8583333333333333 0.7694444444444445
2 0.13020833333333334 0.6703703703703704 0.19739583333333333 0.6703703703703704 0.19739583333333333 0.887962962962963 0.13020833333333334 0.887962962962963
2 0.18177083333333333 0.4935185185185185 0.2296875 0.4935185185185185 0.2296875 0.6324074074074074 0.18177083333333333 0.6324074074074074
2 0.010416666666666666 0.5416666666666666 0.08802083333333334 0.5416666666666666 0.08802083333333334 0.7203703703703703 0.010416666666666666 0.7203703703703703
2 0.5473958333333333 0.13796296296296295 0.5651041666666666 0.13796296296296295 0.5651041666666666 0.18518518518518517 0.5473958333333333 0.18518518518518517
2 0.9640625 0.6935185185185185 1 0.6935185185185185 1 0.8444444444444444 0.9640625 0.8444444444444444
0 0.3182291666666667 0.1537037037037037 0.41458333333333336 0.1537037037037037 0.41458333333333336 0.3472222222222222 0.3182291666666667 0.3472222222222222
1 0.5307291666666667 0.09907407407407408 0.559375 0.09907407407407408 0.559375 0.13703703703703704 0.5307291666666667 0.13703703703703704
2 0.37395833333333334 0.31203703703703706 0.40572916666666664 0.31203703703703706 0.40572916666666664 0.40555555555555556 0.37395833333333334 0.40555555555555556
2 0.7822916666666667 0.44074074074074077 0.8270833333333333 0.44074074074074077 0.8270833333333333 0.562037037037037 0.7822916666666667 0.562037037037037
2 0.34791666666666665 0.3962962962962963 0.39166666666666666 0.3962962962962963 0.39166666666666666 0.5305555555555556 0.34791666666666665 0.5305555555555556
1 0.45989583333333334 0.12407407407407407 0.496875 0.12407407407407407 0.496875 0.175 0.45989583333333334 0.175
2 0.4348958333333333 0.2833333333333333 0.4640625 0.2833333333333333 0.4640625 0.37777777777777777 0.4348958333333333 0.37777777777777777
2 0.21041666666666667 0.7296296296296296 0.2760416666666667 0.7296296296296296 0.2760416666666667 0.9916666666666667 0.21041666666666667 0.9916666666666667
2 0.446875 0.21666666666666667 0.4708333333333333 0.21666666666666667 0.4708333333333333 0.2833333333333333 0.446875 0.2833333333333333
2 0.6151041666666667 0.18796296296296297 0.634375 0.18796296296296297 0.634375 0.23981481481481481 0.6151041666666667 0.23981481481481481
2 0.6203125 0.24074074074074073 0.6447916666666667 0.24074074074074073 0.6447916666666667 0.3148148148148148 0.6203125 0.3148148148148148
1 0.6255208333333333 0.41388888888888886 0.6541666666666667 0.41388888888888886 0.6541666666666667 0.5712962962962963 0.6255208333333333 0.5712962962962963