1 0.14114583333333333 0.31851851851851853 0.27291666666666664 0.31851851851851853 0.27291666666666664 0.4935185185185185 0.14114583333333333 0.4935185185185185
1 0.3260416666666667 0.1685185185185185 0.3927083333333333 0.1685185185185185 0.3927083333333333 0.23148148148148148 0.3260416666666667 0.23148148148148148
2 0.2635416666666667 0.5361111111111111 0.3171875 0.5361111111111111 0.3171875 0.687037037037037 0.2635416666666667 0.687037037037037
2 0.4109375 0.1814814814814815 0.43020833333333336 0.1814814814814815 0.43020833333333336 0.2324074074074074 0.4109375 0.2324074074074074
2 0.65625 0.18888888888888888 0.6744791666666666 0.18888888888888888 0.6744791666666666 0.2351851851851852 0.65625 0.2351851851851852
2 0.6645833333333333 0.32685185185185184 0.7 0.32685185185185184 0.7 0.42407407407407405 0.6645833333333333 0.42407407407407405
2 0.5859375 0.2111111111111111 0.6078125 0.2111111111111111 0.6078125 0.275 0.5859375 0.275
2 0.61875 0.16574074074074074 0.6385416666666667 0.16574074074074074 0.6385416666666667 0.2101851851851852 0.61875 0.2101851851851852
2 0.5395833333333333 0.09907407407407408 0.5526041666666667 0.09907407407407408 0.5526041666666667 0.13055555555555556 0.5395833333333333 0.13055555555555556
2 0.73125 0.524074074074074 0.7817708333333333 0.524074074074074 0.7817708333333333 0.6787037037037037 0.73125 0.6787037037037037
2 0.42604166666666665 0.22962962962962963 0.4510416666666667 0.22962962962962963 0.4510416666666667 0.29814814814814816 0.42604166666666665 0.29814814814814816
2 0.6083333333333333 0.2796296296296296 0.6359375 0.2796296296296296 0.6359375 0.35833333333333334 0.6083333333333333 0.35833333333333334
2 0.07291666666666667 0.7537037037037037 0.159375 0.7537037037037037 0.159375 0.9592592592592593 0.07291666666666667 0.9592592592592593
2 0.5901041666666667 0.10555555555555556 0.6041666666666666 0.10555555555555556 0.6041666666666666 0.1388888888888889 0.5901041666666667 0.1388888888888889
2 0.6161458333333333 0.23055555555555557 0.6411458333333333 0.23055555555555557 0.6411458333333333 0.2916666666666667 0.6161458333333333 0.2916666666666667
2 0.5552083333333333 0.16574074074074074 0.5833333333333334 0.16574074074074074 0.5833333333333334 0.225 0.5552083333333333 0.225
2 0.4609375 0.20833333333333334 0.4822916666666667 0.20833333333333334 0.4822916666666667 0.2712962962962963 0.4609375 0.2712962962962963
2 0.36770833333333336 0.34074074074074073 0.3880208333333333 0.34074074074074073 0.3880208333333333 0.4527777777777778 0.36770833333333336 0.4527777777777778
2 0.3848958333333333 0.4074074074074074 0.415625 0.4074074074074074 0.415625 0.5407407407407407 0.3848958333333333 0.5407407407407407
2 0.7583333333333333 0.4166666666666667 0.7953125 0.4166666666666667 0.7953125 0.5546296296296296 0.7583333333333333 0.5546296296296296
2 0.9442708333333333 0.7305555555555555 1 0.7305555555555555 1 0.9685185185185186 0.9442708333333333 0.9685185185185186