1 0.50625 0 0.6083333333333333 0 0.6083333333333333 0.06481481481481481 0.50625 0.06481481481481481
1 0.4244791666666667 0.8083333333333333 0.5307291666666667 0.8083333333333333 0.5307291666666667 1 0.4244791666666667 1
0 0.6114583333333333 0.20833333333333334 0.7088541666666667 0.20833333333333334 0.7088541666666667 0.35462962962962963 0.6114583333333333 0.35462962962962963
2 0.41510416666666666 0.019444444444444445 0.5057291666666667 0.019444444444444445 0.5057291666666667 0.10185185185185185 0.41510416666666666 0.10185185185185185
2 0.3125 0.8333333333333334 0.4239583333333333 0.8333333333333334 0.4239583333333333 0.9361111111111111 0.3125 0.9361111111111111
1 0.6953125 0.5592592592592592 0.71875 0.5592592592592592 0.71875 0.6148148148148148 0.6953125 0.6148148148148148
2 0.28229166666666666 0.22407407407407406 0.409375 0.22407407407407406 0.409375 0.3453703703703704 0.28229166666666666 0.3453703703703704
2 0.6609375 0.5907407407407408 0.6901041666666666 0.5907407407407408 0.6901041666666666 0.6277777777777778 0.6609375 0.6277777777777778
2 0.6427083333333333 0.4148148148148148 0.675 0.4148148148148148 0.675 0.4527777777777778 0.6427083333333333 0.4527777777777778
2 0.4234375 0.1814814814814815 0.5119791666666667 0.1814814814814815 0.5119791666666667 0.25925925925925924 0.4234375 0.25925925925925924
2 0.6171875 0.7425925925925926 0.6510416666666666 0.7425925925925926 0.6510416666666666 0.7787037037037037 0.6171875 0.7787037037037037
1 0.678125 0.6296296296296297 0.7088541666666667 0.6296296296296297 0.7088541666666667 0.7027777777777777 0.678125 0.7027777777777777
2 0.5520833333333334 0.2962962962962963 0.6078125 0.2962962962962963 0.6078125 0.3472222222222222 0.5520833333333334 0.3472222222222222
2 0.590625 0.34444444444444444 0.6395833333333333 0.34444444444444444 0.6395833333333333 0.39166666666666666 0.590625 0.39166666666666666
2 0.6520833333333333 0.7546296296296297 0.6833333333333333 0.7546296296296297 0.6833333333333333 0.7925925925925926 0.6520833333333333 0.7925925925925926
2 0.5541666666666667 0.7398148148148148 0.6161458333333333 0.7398148148148148 0.6161458333333333 0.7833333333333333 0.5541666666666667 0.7833333333333333
2 0.6057291666666667 0.4046296296296296 0.6578125 0.4046296296296296 0.6578125 0.44074074074074077 0.6057291666666667 0.44074074074074077
2 0.5098958333333333 0.06759259259259259 0.5796875 0.06759259259259259 0.5796875 0.13240740740740742 0.5098958333333333 0.13240740740740742