1 0.4671875 0.5944444444444444 0.5786458333333333 0.5944444444444444 0.5786458333333333 0.799074074074074 0.4671875 0.799074074074074
1 0.39791666666666664 0.9074074074074074 0.4942708333333333 0.9074074074074074 0.4942708333333333 1 0.39791666666666664 1
1 0.31875 0.7064814814814815 0.3536458333333333 0.7064814814814815 0.3536458333333333 0.8194444444444444 0.31875 0.8194444444444444
2 0.7395833333333334 0.9296296296296296 0.78125 0.9296296296296296 0.78125 1 0.7395833333333334 1
2 0.41770833333333335 0.1425925925925926 0.4713541666666667 0.1425925925925926 0.4713541666666667 0.2074074074074074 0.41770833333333335 0.2074074074074074
2 0.37552083333333336 0.22870370370370371 0.42135416666666664 0.22870370370370371 0.42135416666666664 0.275 0.37552083333333336 0.275
2 0.35989583333333336 0.1537037037037037 0.4 0.1537037037037037 0.4 0.20092592592592592 0.35989583333333336 0.20092592592592592
2 0.4276041666666667 0.7675925925925926 0.48802083333333335 0.7675925925925926 0.48802083333333335 0.8287037037037037 0.4276041666666667 0.8287037037037037
2 0.39791666666666664 0.6537037037037037 0.44947916666666665 0.6537037037037037 0.44947916666666665 0.7046296296296296 0.39791666666666664 0.7046296296296296
2 0.384375 0.7138888888888889 0.43385416666666665 0.7138888888888889 0.43385416666666665 0.7666666666666667 0.384375 0.7666666666666667
2 0.446875 0.21203703703703702 0.5125 0.21203703703703702 0.5125 0.275 0.446875 0.275
2 0.53125 0.9574074074074074 0.6078125 0.9574074074074074 0.6078125 1 0.53125 1
2 0.3359375 0.5370370370370371 0.3770833333333333 0.5370370370370371 0.3770833333333333 0.5740740740740741 0.3359375 0.5740740740740741
2 0.30364583333333334 0.31296296296296294 0.3296875 0.31296296296296294 0.3296875 0.3435185185185185 0.30364583333333334 0.3435185185185185
2 0.2989583333333333 0.4935185185185185 0.32395833333333335 0.4935185185185185 0.32395833333333335 0.5222222222222223 0.2989583333333333 0.5222222222222223
2 0.3229166666666667 0.42962962962962964 0.35833333333333334 0.42962962962962964 0.35833333333333334 0.48055555555555557 0.3229166666666667 0.48055555555555557
2 0.36041666666666666 0.5777777777777777 0.3932291666666667 0.5777777777777777 0.3932291666666667 0.6175925925925926 0.36041666666666666 0.6175925925925926
2 0.325 0.5916666666666667 0.3536458333333333 0.5916666666666667 0.3536458333333333 0.6277777777777778 0.325 0.6277777777777778