1 0.1453125 0.32037037037037036 0.26979166666666665 0.32037037037037036 0.26979166666666665 0.4962962962962963 0.1453125 0.4962962962962963
1 0.32395833333333335 0.17407407407407408 0.3927083333333333 0.17407407407407408 0.3927083333333333 0.23796296296296296 0.32395833333333335 0.23796296296296296
2 0.8276041666666667 0.7064814814814815 0.8927083333333333 0.7064814814814815 0.8927083333333333 0.9157407407407407 0.8276041666666667 0.9157407407407407
2 0.6817708333333333 0.575925925925926 0.7411458333333333 0.575925925925926 0.7411458333333333 0.762962962962963 0.6817708333333333 0.762962962962963
2 0 0.8842592592592593 0.05364583333333333 0.8842592592592593 0.05364583333333333 0.9953703703703703 0 0.9953703703703703
2 0.15260416666666668 0.6166666666666667 0.2140625 0.6166666666666667 0.2140625 0.8166666666666667 0.15260416666666668 0.8166666666666667
2 0.6083333333333333 0.20092592592592592 0.6369791666666667 0.20092592592592592 0.6369791666666667 0.2564814814814815 0.6083333333333333 0.2564814814814815
2 0.5505208333333333 0.18055555555555555 0.5854166666666667 0.18055555555555555 0.5854166666666667 0.22962962962962963 0.5505208333333333 0.22962962962962963
2 0.6697916666666667 0.36203703703703705 0.6994791666666667 0.36203703703703705 0.6994791666666667 0.4740740740740741 0.6697916666666667 0.4740740740740741
2 0.5979166666666667 0.3638888888888889 0.6333333333333333 0.3638888888888889 0.6333333333333333 0.4787037037037037 0.5979166666666667 0.4787037037037037
2 0.5921875 0.23055555555555557 0.6140625 0.23055555555555557 0.6140625 0.3037037037037037 0.5921875 0.3037037037037037
2 0.27239583333333334 0.5148148148148148 0.321875 0.5148148148148148 0.321875 0.6703703703703704 0.27239583333333334 0.6703703703703704
2 0.33489583333333334 0.3787037037037037 0.36875 0.3787037037037037 0.36875 0.48703703703703705 0.33489583333333334 0.48703703703703705
2 0.3932291666666667 0.2796296296296296 0.4244791666666667 0.2796296296296296 0.4244791666666667 0.36666666666666664 0.3932291666666667 0.36666666666666664
2 0.5651041666666666 0.24537037037037038 0.5885416666666666 0.24537037037037038 0.5885416666666666 0.3194444444444444 0.5651041666666666 0.3194444444444444
2 0.23229166666666667 0.6675925925925926 0.2947916666666667 0.6675925925925926 0.2947916666666667 0.8740740740740741 0.23229166666666667 0.8740740740740741
2 0.575 0.12777777777777777 0.590625 0.12777777777777777 0.590625 0.1675925925925926 0.575 0.1675925925925926
2 0.42604166666666665 0.2351851851851852 0.453125 0.2351851851851852 0.453125 0.3175925925925926 0.42604166666666665 0.3175925925925926
2 0.44583333333333336 0.15185185185185185 0.4661458333333333 0.15185185185185185 0.4661458333333333 0.2037037037037037 0.44583333333333336 0.2037037037037037