1 0.134375 0.34629629629629627 0.25677083333333334 0.34629629629629627 0.25677083333333334 0.525 0.134375 0.525
1 0.5552083333333333 0.24166666666666667 0.6114583333333333 0.24166666666666667 0.6114583333333333 0.33611111111111114 0.5552083333333333 0.33611111111111114
1 0.3229166666666667 0.19907407407407407 0.3796875 0.19907407407407407 0.3796875 0.262037037037037 0.3229166666666667 0.262037037037037
1 0.528125 0.15185185185185185 0.5578125 0.15185185185185185 0.5578125 0.19722222222222222 0.528125 0.19722222222222222
1 0.43802083333333336 0.2 0.47552083333333334 0.2 0.47552083333333334 0.27314814814814814 0.43802083333333336 0.27314814814814814
1 0.6505208333333333 0.14814814814814814 0.6958333333333333 0.14814814814814814 0.6958333333333333 0.19537037037037036 0.6505208333333333 0.19537037037037036
2 0.20677083333333332 0.46574074074074073 0.24791666666666667 0.46574074074074073 0.24791666666666667 0.6268518518518519 0.20677083333333332 0.6268518518518519
2 0.05260416666666667 0.6981481481481482 0.13125 0.6981481481481482 0.13125 0.9185185185185185 0.05260416666666667 0.9185185185185185
2 0.15260416666666668 0.6981481481481482 0.2421875 0.6981481481481482 0.2421875 0.9185185185185185 0.15260416666666668 0.9185185185185185
2 0.28020833333333334 0.5324074074074074 0.32447916666666665 0.5324074074074074 0.32447916666666665 0.6981481481481482 0.28020833333333334 0.6981481481481482
2 0.34427083333333336 0.5509259259259259 0.3927083333333333 0.5509259259259259 0.3927083333333333 0.7194444444444444 0.34427083333333336 0.7194444444444444
2 0.3921875 0.6037037037037037 0.4348958333333333 0.6037037037037037 0.4348958333333333 0.7722222222222223 0.3921875 0.7722222222222223
2 0.8723958333333334 0.6962962962962963 0.9713541666666666 0.6962962962962963 0.9713541666666666 0.9 0.8723958333333334 0.9
2 0.26875 0.4527777777777778 0.30833333333333335 0.4527777777777778 0.30833333333333335 0.5527777777777778 0.26875 0.5527777777777778
2 0.29635416666666664 0.3138888888888889 0.31614583333333335 0.3138888888888889 0.31614583333333335 0.3814814814814815 0.29635416666666664 0.3814814814814815
2 0.3015625 0.34074074074074073 0.33645833333333336 0.34074074074074073 0.33645833333333336 0.4527777777777778 0.3015625 0.4527777777777778
2 0.32447916666666665 0.39351851851851855 0.36614583333333334 0.39351851851851855 0.36614583333333334 0.5203703703703704 0.32447916666666665 0.5203703703703704
2 0.35104166666666664 0.34444444444444444 0.37447916666666664 0.34444444444444444 0.37447916666666664 0.44537037037037036 0.35104166666666664 0.44537037037037036
2 0.3625 0.3 0.39010416666666664 0.3 0.39010416666666664 0.38425925925925924 0.3625 0.38425925925925924
2 0.4005208333333333 0.29814814814814816 0.4239583333333333 0.29814814814814816 0.4239583333333333 0.38425925925925924 0.4005208333333333 0.38425925925925924
2 0.3828125 0.2361111111111111 0.39895833333333336 0.2361111111111111 0.39895833333333336 0.2861111111111111 0.3828125 0.2861111111111111
2 0.3885416666666667 0.19166666666666668 0.40260416666666665 0.19166666666666668 0.40260416666666665 0.25462962962962965 0.3885416666666667 0.25462962962962965
2 0.40520833333333334 0.21388888888888888 0.42291666666666666 0.21388888888888888 0.42291666666666666 0.26944444444444443 0.40520833333333334 0.26944444444444443
2 0.4088541666666667 0.15925925925925927 0.42239583333333336 0.15925925925925927 0.42239583333333336 0.20925925925925926 0.4088541666666667 0.20925925925925926
2 0.42239583333333336 0.17407407407407408 0.4354166666666667 0.17407407407407408 0.4354166666666667 0.22592592592592592 0.42239583333333336 0.22592592592592592
2 0.66875 0.35555555555555557 0.6932291666666667 0.35555555555555557 0.6932291666666667 0.4787037037037037 0.66875 0.4787037037037037
2 0.49895833333333334 0.19814814814814816 0.5244791666666667 0.19814814814814816 0.5244791666666667 0.2490740740740741 0.49895833333333334 0.2490740740740741
2 0.4348958333333333 0.15092592592592594 0.44635416666666666 0.15092592592592594 0.44635416666666666 0.18981481481481483 0.4348958333333333 0.18981481481481483
2 0.45 0.1398148148148148 0.4578125 0.1398148148148148 0.4578125 0.1787037037037037 0.45 0.1787037037037037
2 0.4635416666666667 0.14074074074074075 0.4765625 0.14074074074074075 0.4765625 0.17777777777777778 0.4635416666666667 0.17777777777777778
2 0.4296875 0.1259259259259259 0.4395833333333333 0.1259259259259259 0.4395833333333333 0.16111111111111112 0.4296875 0.16111111111111112
2 0.5739583333333333 0.17314814814814813 0.584375 0.17314814814814813 0.584375 0.21851851851851853 0.5739583333333333 0.21851851851851853
2 0.5973958333333333 0.16666666666666666 0.6046875 0.16666666666666666 0.6046875 0.21481481481481482 0.5973958333333333 0.21481481481481482
2 0.5848958333333333 0.14722222222222223 0.5947916666666667 0.14722222222222223 0.5947916666666667 0.17962962962962964 0.5848958333333333 0.17962962962962964
2 0.5583333333333333 0.13518518518518519 0.5682291666666667 0.13518518518518519 0.5682291666666667 0.16944444444444445 0.5583333333333333 0.16944444444444445