1 0.48541666666666666 0 0.5854166666666667 0 0.5854166666666667 0.06388888888888888 0.48541666666666666 0.06388888888888888
1 0.5755208333333334 0.5935185185185186 0.6307291666666667 0.5935185185185186 0.6307291666666667 0.700925925925926 0.5755208333333334 0.700925925925926
1 0.6322916666666667 0.18055555555555555 0.6682291666666667 0.18055555555555555 0.6682291666666667 0.2796296296296296 0.6322916666666667 0.2796296296296296
1 0.6380208333333334 0.3888888888888889 0.6755208333333333 0.3888888888888889 0.6755208333333333 0.4564814814814815 0.6380208333333334 0.4564814814814815
1 0.6614583333333334 0.5518518518518518 0.6885416666666667 0.5518518518518518 0.6885416666666667 0.6055555555555555 0.6614583333333334 0.6055555555555555
2 0.3625 0.026851851851851852 0.46770833333333334 0.026851851851851852 0.46770833333333334 0.08703703703703704 0.3625 0.08703703703703704
2 0.4744791666666667 0.044444444444444446 0.5395833333333333 0.044444444444444446 0.5395833333333333 0.08518518518518518 0.4744791666666667 0.08518518518518518
2 0.4895833333333333 0.13055555555555556 0.5520833333333334 0.13055555555555556 0.5520833333333334 0.17037037037037037 0.4895833333333333 0.17037037037037037
2 0.44635416666666666 0.1685185185185185 0.5333333333333333 0.1685185185185185 0.5333333333333333 0.23148148148148148 0.44635416666666666 0.23148148148148148
2 0.421875 0.2740740740740741 0.5213541666666667 0.2740740740740741 0.5213541666666667 0.3212962962962963 0.421875 0.3212962962962963
2 0.42916666666666664 0.3611111111111111 0.5109375 0.3611111111111111 0.5109375 0.43703703703703706 0.42916666666666664 0.43703703703703706
2 0.5682291666666667 0.16018518518518518 0.6114583333333333 0.16018518518518518 0.6114583333333333 0.1935185185185185 0.5682291666666667 0.1935185185185185
2 0.5489583333333333 0.17777777777777778 0.603125 0.17777777777777778 0.603125 0.21296296296296297 0.5489583333333333 0.21296296296296297
2 0.5213541666666667 0.21203703703703702 0.5723958333333333 0.21203703703703702 0.5723958333333333 0.2824074074074074 0.5213541666666667 0.2824074074074074
2 0.546875 0.26851851851851855 0.596875 0.26851851851851855 0.596875 0.3111111111111111 0.546875 0.3111111111111111
2 0.5807291666666666 0.26944444444444443 0.6255208333333333 0.26944444444444443 0.6255208333333333 0.31666666666666665 0.5807291666666666 0.31666666666666665
2 0.5838541666666667 0.3453703703703704 0.6359375 0.3453703703703704 0.6359375 0.38333333333333336 0.5838541666666667 0.38333333333333336
2 0.6270833333333333 0.30833333333333335 0.6583333333333333 0.30833333333333335 0.6583333333333333 0.3416666666666667 0.6270833333333333 0.3416666666666667
2 0.6369791666666667 0.3055555555555556 0.671875 0.3055555555555556 0.671875 0.33611111111111114 0.6369791666666667 0.33611111111111114
2 0.6338541666666667 0.34074074074074073 0.6645833333333333 0.34074074074074073 0.6645833333333333 0.3731481481481482 0.6338541666666667 0.3731481481481482
2 0.47291666666666665 0.8379629629629629 0.5411458333333333 0.8379629629629629 0.5411458333333333 0.8981481481481481 0.47291666666666665 0.8981481481481481
2 0.6421875 0.6398148148148148 0.6760416666666667 0.6398148148148148 0.6760416666666667 0.6685185185185185 0.6421875 0.6685185185185185
2 0.6494791666666667 0.6805555555555556 0.6869791666666667 0.6805555555555556 0.6869791666666667 0.6990740740740741 0.6494791666666667 0.6990740740740741
2 0.6671875 0.6601851851851852 0.7005208333333334 0.6601851851851852 0.7005208333333334 0.6833333333333333 0.6671875 0.6833333333333333
2 0.6739583333333333 0.6092592592592593 0.7005208333333334 0.6092592592592593 0.7005208333333334 0.6277777777777778 0.6739583333333333 0.6277777777777778
2 0.66875 0.3453703703703704 0.6947916666666667 0.3453703703703704 0.6947916666666667 0.3638888888888889 0.66875 0.3638888888888889
2 0.6604166666666667 0.3712962962962963 0.6864583333333333 0.3712962962962963 0.6864583333333333 0.39166666666666666 0.6604166666666667 0.39166666666666666
2 0.678125 0.3907407407407407 0.7020833333333333 0.3907407407407407 0.7020833333333333 0.4009259259259259 0.678125 0.4009259259259259
2 0.6833333333333333 0.4083333333333333 0.7067708333333333 0.4083333333333333 0.7067708333333333 0.42685185185185187 0.6833333333333333 0.42685185185185187
2 0.6817708333333333 0.43703703703703706 0.7041666666666667 0.43703703703703706 0.7041666666666667 0.4583333333333333 0.6817708333333333 0.4583333333333333
2 0.6354166666666666 0.4935185185185185 0.6765625 0.4935185185185185 0.6765625 0.5425925925925926 0.6354166666666666 0.5425925925925926