1 0.13958333333333334 0.30648148148148147 0.26614583333333336 0.30648148148148147 0.26614583333333336 0.48703703703703705 0.13958333333333334 0.48703703703703705
1 0.6348958333333333 0.32222222222222224 0.7322916666666667 0.32222222222222224 0.7322916666666667 0.45185185185185184 0.6348958333333333 0.45185185185185184
2 0.0828125 0.7518518518518519 0.1640625 0.7518518518518519 0.1640625 0.9972222222222222 0.0828125 0.9972222222222222
2 0.134375 0.5425925925925926 0.19010416666666666 0.5425925925925926 0.19010416666666666 0.7074074074074074 0.134375 0.7074074074074074
2 0.8239583333333333 0.5231481481481481 0.8713541666666667 0.5231481481481481 0.8713541666666667 0.6796296296296296 0.8239583333333333 0.6796296296296296
0 0.31145833333333334 0.1537037037037037 0.415625 0.1537037037037037 0.415625 0.3675925925925926 0.31145833333333334 0.3675925925925926
1 0.4578125 0.12685185185185185 0.4942708333333333 0.12685185185185185 0.4942708333333333 0.17962962962962964 0.4578125 0.17962962962962964
2 0.9286458333333333 0.6166666666666667 1 0.6166666666666667 1 0.7972222222222223 0.9286458333333333 0.7972222222222223
2 0.7270833333333333 0.5268518518518519 0.7796875 0.5268518518518519 0.7796875 0.6962962962962963 0.7270833333333333 0.6962962962962963
2 0.013541666666666667 0.537962962962963 0.08125 0.537962962962963 0.08125 0.7138888888888889 0.013541666666666667 0.7138888888888889
2 0.359375 0.3435185185185185 0.3932291666666667 0.3435185185185185 0.3932291666666667 0.44351851851851853 0.359375 0.44351851851851853
2 0.5458333333333333 0.13148148148148148 0.5630208333333333 0.13148148148148148 0.5630208333333333 0.17777777777777778 0.5458333333333333 0.17777777777777778
2 0.3390625 0.4398148148148148 0.37604166666666666 0.4398148148148148 0.37604166666666666 0.5777777777777777 0.3390625 0.5777777777777777
2 0.43020833333333336 0.3074074074074074 0.4625 0.3074074074074074 0.4625 0.4074074074074074 0.43020833333333336 0.4074074074074074
2 0.7635416666666667 0.3962962962962963 0.8026041666666667 0.3962962962962963 0.8026041666666667 0.5037037037037037 0.7635416666666667 0.5037037037037037
1 0.5625 0.11388888888888889 0.6005208333333333 0.11388888888888889 0.6005208333333333 0.15833333333333333 0.5625 0.15833333333333333
1 0.5307291666666667 0.09351851851851851 0.5572916666666666 0.09351851851851851 0.5572916666666666 0.13148148148148148 0.5307291666666667 0.13148148148148148
2 0.6119791666666666 0.22314814814814815 0.6354166666666666 0.22314814814814815 0.6354166666666666 0.29259259259259257 0.6119791666666666 0.29259259259259257
2 0.4453125 0.2324074074074074 0.47291666666666665 0.2324074074074074 0.47291666666666665 0.3074074074074074 0.4453125 0.3074074074074074
2 0.5 0.16111111111111112 0.525 0.16111111111111112 0.525 0.21574074074074073 0.5 0.21574074074074073
2 0.4515625 0.20092592592592592 0.4744791666666667 0.20092592592592592 0.4744791666666667 0.24444444444444444 0.4515625 0.24444444444444444
2 0.6036458333333333 0.37222222222222223 0.6354166666666666 0.37222222222222223 0.6354166666666666 0.5138888888888888 0.6036458333333333 0.5138888888888888