1 0.1453125 0.32037037037037036 0.26979166666666665 0.32037037037037036 0.26979166666666665 0.49907407407407406 0.1453125 0.49907407407407406
1 0.33489583333333334 0.17685185185185184 0.3921875 0.17685185185185184 0.3921875 0.24074074074074073 0.33489583333333334 0.24074074074074073
1 0.47760416666666666 0.11018518518518519 0.503125 0.11018518518518519 0.503125 0.15 0.47760416666666666 0.15
1 0.6223958333333334 0.11574074074074074 0.6942708333333333 0.11574074074074074 0.6942708333333333 0.17685185185185184 0.6223958333333334 0.17685185185185184
2 0.011979166666666667 0.7157407407407408 0.09322916666666667 0.7157407407407408 0.09322916666666667 0.9925925925925926 0.011979166666666667 0.9925925925925926
2 0.2203125 0.7111111111111111 0.290625 0.7111111111111111 0.290625 0.9990740740740741 0.2203125 0.9990740740740741
2 0.221875 0.4740740740740741 0.2640625 0.4740740740740741 0.2640625 0.6361111111111111 0.221875 0.6361111111111111
2 0.3072916666666667 0.45092592592592595 0.33697916666666666 0.45092592592592595 0.33697916666666666 0.6074074074074074 0.3072916666666667 0.6074074074074074
2 0.30833333333333335 0.35648148148148145 0.3359375 0.35648148148148145 0.3359375 0.4527777777777778 0.30833333333333335 0.4527777777777778
2 0.3645833333333333 0.425 0.40572916666666664 0.425 0.40572916666666664 0.5833333333333334 0.3645833333333333 0.5833333333333334
2 0.3802083333333333 0.28888888888888886 0.4078125 0.28888888888888886 0.4078125 0.3712962962962963 0.3802083333333333 0.3712962962962963
2 0.384375 0.24166666666666667 0.40625 0.24166666666666667 0.40625 0.29814814814814816 0.384375 0.29814814814814816
2 0.41770833333333335 0.23796296296296296 0.434375 0.23796296296296296 0.434375 0.32222222222222224 0.41770833333333335 0.32222222222222224
2 0.4005208333333333 0.20555555555555555 0.4166666666666667 0.20555555555555555 0.4166666666666667 0.26481481481481484 0.4005208333333333 0.26481481481481484
2 0.39479166666666665 0.18703703703703703 0.40572916666666664 0.18703703703703703 0.40572916666666664 0.23148148148148148 0.39479166666666665 0.23148148148148148
2 0.4401041666666667 0.19166666666666668 0.45416666666666666 0.19166666666666668 0.45416666666666666 0.2518518518518518 0.4401041666666667 0.2518518518518518
2 0.4510416666666667 0.2537037037037037 0.46927083333333336 0.2537037037037037 0.46927083333333336 0.33425925925925926 0.4510416666666667 0.33425925925925926
2 0.4791666666666667 0.18333333333333332 0.49375 0.18333333333333332 0.49375 0.23796296296296296 0.4791666666666667 0.23796296296296296
2 0.47708333333333336 0.15 0.4875 0.15 0.4875 0.18703703703703703 0.47708333333333336 0.18703703703703703
2 0.46041666666666664 0.15 0.46979166666666666 0.15 0.46979166666666666 0.19166666666666668 0.46041666666666664 0.19166666666666668
2 0.4671875 0.1287037037037037 0.47708333333333336 0.1287037037037037 0.47708333333333336 0.16666666666666666 0.4671875 0.16666666666666666
2 0.4421875 0.13148148148148148 0.4557291666666667 0.13148148148148148 0.4557291666666667 0.1675925925925926 0.4421875 0.1675925925925926
2 0.446875 0.15462962962962962 0.4588541666666667 0.15462962962962962 0.4588541666666667 0.20277777777777778 0.446875 0.20277777777777778
2 0.43072916666666666 0.1527777777777778 0.440625 0.1527777777777778 0.440625 0.19166666666666668 0.43072916666666666 0.19166666666666668
2 0.4140625 0.15 0.42083333333333334 0.15 0.42083333333333334 0.1962962962962963 0.4140625 0.1962962962962963
2 0.4041666666666667 0.1638888888888889 0.4140625 0.1638888888888889 0.4140625 0.2037037037037037 0.4041666666666667 0.2037037037037037
2 0.58125 0.15833333333333333 0.5979166666666667 0.15833333333333333 0.5979166666666667 0.21574074074074073 0.58125 0.21574074074074073
2 0.6057291666666667 0.1425925925925926 0.6145833333333334 0.1425925925925926 0.6145833333333334 0.1675925925925926 0.6057291666666667 0.1675925925925926
2 0.6072916666666667 0.17314814814814813 0.621875 0.17314814814814813 0.621875 0.21203703703703702 0.6072916666666667 0.21203703703703702
2 0.6479166666666667 0.1935185185185185 0.6578125 0.1935185185185185 0.6578125 0.24722222222222223 0.6479166666666667 0.24722222222222223
2 0.6286458333333333 0.21574074074074073 0.6458333333333334 0.21574074074074073 0.6458333333333334 0.29259259259259257 0.6286458333333333 0.29259259259259257