1 0.1484375 0.32407407407407407 0.27239583333333334 0.32407407407407407 0.27239583333333334 0.5009259259259259 0.1484375 0.5009259259259259
1 0.3223958333333333 0.17685185185185184 0.39114583333333336 0.17685185185185184 0.39114583333333336 0.23981481481481481 0.3223958333333333 0.23981481481481481
2 0.041666666666666664 0.5611111111111111 0.1203125 0.5611111111111111 0.1203125 0.7398148148148148 0.041666666666666664 0.7398148148148148
1 0.434375 0.2175925925925926 0.48385416666666664 0.2175925925925926 0.48385416666666664 0.2962962962962963 0.434375 0.2962962962962963
2 0.22604166666666667 0.8333333333333334 0.29739583333333336 0.8333333333333334 0.29739583333333336 1 0.22604166666666667 1
2 0.6828125 0.35833333333333334 0.7203125 0.35833333333333334 0.7203125 0.45 0.6828125 0.45
2 0.19010416666666666 0.5898148148148148 0.24739583333333334 0.5898148148148148 0.24739583333333334 0.7814814814814814 0.19010416666666666 0.7814814814814814
2 0.7375 0.38981481481481484 0.7791666666666667 0.38981481481481484 0.7791666666666667 0.5018518518518519 0.7375 0.5018518518518519
2 0.06302083333333333 0.8527777777777777 0.13385416666666666 0.8527777777777777 0.13385416666666666 1 0.06302083333333333 1
2 0.95 0.6574074074074074 1 0.6574074074074074 1 0.8314814814814815 0.95 0.8314814814814815
2 0.2557291666666667 0.4444444444444444 0.3067708333333333 0.4444444444444444 0.3067708333333333 0.5842592592592593 0.2557291666666667 0.5842592592592593
2 0.4765625 0.13518518518518519 0.4890625 0.13518518518518519 0.4890625 0.17037037037037037 0.4765625 0.17037037037037037
2 0.32708333333333334 0.5546296296296296 0.38645833333333335 0.5546296296296296 0.38645833333333335 0.7203703703703703 0.32708333333333334 0.7203703703703703
2 0.6671875 0.2518518518518518 0.6994791666666667 0.2518518518518518 0.6994791666666667 0.33425925925925926 0.6671875 0.33425925925925926
2 0.40989583333333335 0.24074074074074073 0.42916666666666664 0.24074074074074073 0.42916666666666664 0.30833333333333335 0.40989583333333335 0.30833333333333335
2 0.35989583333333336 0.30092592592592593 0.3875 0.30092592592592593 0.3875 0.3851851851851852 0.35989583333333336 0.3851851851851852
2 0.40260416666666665 0.3731481481481482 0.4421875 0.3731481481481482 0.4421875 0.4925925925925926 0.40260416666666665 0.4925925925925926
2 0.45625 0.17314814814814813 0.46979166666666666 0.17314814814814813 0.46979166666666666 0.21203703703703702 0.45625 0.21203703703703702
2 0.3765625 0.25092592592592594 0.39739583333333334 0.25092592592592594 0.39739583333333334 0.3074074074074074 0.3765625 0.3074074074074074
2 0.41770833333333335 0.14444444444444443 0.43125 0.14444444444444443 0.43125 0.18055555555555555 0.41770833333333335 0.18055555555555555
2 0.30520833333333336 0.34814814814814815 0.33958333333333335 0.34814814814814815 0.33958333333333335 0.462037037037037 0.30520833333333336 0.462037037037037
2 0.6098958333333333 0.1361111111111111 0.625 0.1361111111111111 0.625 0.17592592592592593 0.6098958333333333 0.17592592592592593
2 0.46041666666666664 0.1388888888888889 0.4744791666666667 0.1388888888888889 0.4744791666666667 0.17685185185185184 0.46041666666666664 0.17685185185185184
2 0.5765625 0.1259259259259259 0.5932291666666667 0.1259259259259259 0.5932291666666667 0.16203703703703703 0.5765625 0.16203703703703703
2 0.49583333333333335 0.17314814814814813 0.5104166666666666 0.17314814814814813 0.5104166666666666 0.2175925925925926 0.49583333333333335 0.2175925925925926
2 0.6270833333333333 0.22314814814814815 0.6442708333333333 0.22314814814814815 0.6442708333333333 0.3148148148148148 0.6270833333333333 0.3148148148148148