1 0.1453125 0.32037037037037036 0.26979166666666665 0.32037037037037036 0.26979166666666665 0.5009259259259259 0.1453125 0.5009259259259259
1 0.3328125 0.17685185185185184 0.38958333333333334 0.17685185185185184 0.38958333333333334 0.24074074074074073 0.3328125 0.24074074074074073
1 0.47708333333333336 0.10740740740740741 0.5036458333333333 0.10740740740740741 0.5036458333333333 0.14814814814814814 0.47708333333333336 0.14814814814814814
1 0.6359375 0.12129629629629629 0.6963541666666667 0.12129629629629629 0.6963541666666667 0.175 0.6359375 0.175
2 0.033854166666666664 0.6935185185185185 0.13385416666666666 0.6935185185185185 0.13385416666666666 0.9287037037037037 0.033854166666666664 0.9287037037037037
2 0.253125 0.6444444444444445 0.3145833333333333 0.6444444444444445 0.3145833333333333 0.8685185185185185 0.253125 0.8685185185185185
2 0.240625 0.44537037037037036 0.284375 0.44537037037037036 0.284375 0.6064814814814815 0.240625 0.6064814814814815
2 0.31614583333333335 0.42407407407407405 0.35052083333333334 0.42407407407407405 0.35052083333333334 0.5518518518518518 0.31614583333333335 0.5518518518518518
2 0.3140625 0.3333333333333333 0.3375 0.3333333333333333 0.3375 0.43796296296296294 0.3140625 0.43796296296296294
2 0.38229166666666664 0.3972222222222222 0.41354166666666664 0.3972222222222222 0.41354166666666664 0.549074074074074 0.38229166666666664 0.549074074074074
2 0.39166666666666666 0.2722222222222222 0.4114583333333333 0.2722222222222222 0.4114583333333333 0.37407407407407406 0.39166666666666666 0.37407407407407406
2 0.42239583333333336 0.22777777777777777 0.4328125 0.22777777777777777 0.4328125 0.30925925925925923 0.42239583333333336 0.30925925925925923
2 0.45416666666666666 0.24166666666666667 0.4713541666666667 0.24166666666666667 0.4713541666666667 0.3277777777777778 0.45416666666666666 0.3277777777777778
2 0.48125 0.17592592592592593 0.49322916666666666 0.17592592592592593 0.49322916666666666 0.24259259259259258 0.48125 0.24259259259259258
2 0.478125 0.14444444444444443 0.4869791666666667 0.14444444444444443 0.4869791666666667 0.18333333333333332 0.478125 0.18333333333333332
2 0.45989583333333334 0.14722222222222223 0.46822916666666664 0.14722222222222223 0.46822916666666664 0.19166666666666668 0.45989583333333334 0.19166666666666668
2 0.465625 0.12777777777777777 0.475 0.12777777777777777 0.475 0.16574074074074074 0.465625 0.16574074074074074
2 0.4322916666666667 0.15185185185185185 0.4401041666666667 0.15185185185185185 0.4401041666666667 0.19722222222222222 0.4322916666666667 0.19722222222222222
2 0.4473958333333333 0.15648148148148147 0.45625 0.15648148148148147 0.45625 0.19907407407407407 0.4473958333333333 0.19907407407407407
2 0.4083333333333333 0.19722222222222222 0.4171875 0.19722222222222222 0.4171875 0.25555555555555554 0.4083333333333333 0.25555555555555554
2 0.39739583333333334 0.17314814814814813 0.4109375 0.17314814814814813 0.4109375 0.22962962962962963 0.39739583333333334 0.22962962962962963
2 0.44114583333333335 0.18981481481481483 0.45260416666666664 0.18981481481481483 0.45260416666666664 0.24351851851851852 0.44114583333333335 0.24351851851851852
2 0.5802083333333333 0.16296296296296298 0.5963541666666666 0.16296296296296298 0.5963541666666666 0.21666666666666667 0.5802083333333333 0.21666666666666667
2 0.609375 0.13703703703703704 0.6203125 0.13703703703703704 0.6203125 0.17592592592592593 0.609375 0.17592592592592593
2 0.603125 0.1638888888888889 0.6223958333333334 0.1638888888888889 0.6223958333333334 0.22037037037037038 0.603125 0.22037037037037038
2 0.6442708333333333 0.1935185185185185 0.6614583333333334 0.1935185185185185 0.6614583333333334 0.2490740740740741 0.6442708333333333 0.2490740740740741
2 0.6317708333333333 0.22777777777777777 0.6520833333333333 0.22777777777777777 0.6520833333333333 0.3111111111111111 0.6317708333333333 0.3111111111111111