1 0.14375 0.32037037037037036 0.2708333333333333 0.32037037037037036 0.2708333333333333 0.4962962962962963 0.14375 0.4962962962962963
1 0.3229166666666667 0.17407407407407408 0.3932291666666667 0.17407407407407408 0.3932291666666667 0.23796296296296296 0.3229166666666667 0.23796296296296296
2 0.8578125 0.7916666666666666 0.9296875 0.7916666666666666 0.9296875 0.9972222222222222 0.8578125 0.9972222222222222
2 0.18229166666666666 0.5722222222222222 0.23958333333333334 0.5722222222222222 0.23958333333333334 0.7490740740740741 0.18229166666666666 0.7490740740740741
2 0.6125 0.3888888888888889 0.6479166666666667 0.3888888888888889 0.6479166666666667 0.5148148148148148 0.6125 0.5148148148148148
2 0.7119791666666667 0.6648148148148149 0.7723958333333333 0.6648148148148149 0.7723958333333333 0.8657407407407407 0.7119791666666667 0.8657407407407407
2 0.007291666666666667 0.7916666666666666 0.09739583333333333 0.7916666666666666 0.09739583333333333 0.9981481481481481 0.007291666666666667 0.9981481481481481
2 0.678125 0.38796296296296295 0.7104166666666667 0.38796296296296295 0.7104166666666667 0.5055555555555555 0.678125 0.5055555555555555
2 0.3984375 0.26481481481481484 0.42864583333333334 0.26481481481481484 0.42864583333333334 0.3509259259259259 0.3984375 0.3509259259259259
2 0.34479166666666666 0.3611111111111111 0.38333333333333336 0.3611111111111111 0.38333333333333336 0.462037037037037 0.34479166666666666 0.462037037037037
2 0.5666666666666667 0.2564814814814815 0.5947916666666667 0.2564814814814815 0.5947916666666667 0.33425925925925926 0.5666666666666667 0.33425925925925926
2 0.5432291666666667 0.17962962962962964 0.5786458333333333 0.17962962962962964 0.5786458333333333 0.22962962962962963 0.5432291666666667 0.22962962962962963
2 0.5953125 0.2462962962962963 0.6203125 0.2462962962962963 0.6203125 0.3175925925925926 0.5953125 0.3175925925925926
2 0.2677083333333333 0.6092592592592593 0.32135416666666666 0.6092592592592593 0.32135416666666666 0.8046296296296296 0.2677083333333333 0.8046296296296296
2 0.28541666666666665 0.47685185185185186 0.3333333333333333 0.47685185185185186 0.3333333333333333 0.6148148148148148 0.28541666666666665 0.6148148148148148
2 0.428125 0.22314814814814815 0.453125 0.22314814814814815 0.453125 0.29907407407407405 0.428125 0.29907407407407405
2 0.5755208333333334 0.13425925925925927 0.5927083333333333 0.13425925925925927 0.5927083333333333 0.17407407407407408 0.5755208333333334 0.17407407407407408
2 0.5921875 0.20462962962962963 0.6270833333333333 0.20462962962962963 0.6270833333333333 0.25462962962962965 0.5921875 0.25462962962962965
2 0.40260416666666665 0.20277777777777778 0.42552083333333335 0.20277777777777778 0.42552083333333335 0.2601851851851852 0.40260416666666665 0.2601851851851852