1 0.14635416666666667 0.30648148148148147 0.271875 0.30648148148148147 0.271875 0.48333333333333334 0.14635416666666667 0.48333333333333334
1 0.31979166666666664 0.1814814814814815 0.3770833333333333 0.1814814814814815 0.3770833333333333 0.25277777777777777 0.31979166666666664 0.25277777777777777
1 0.9140625 0.24814814814814815 1 0.24814814814814815 1 0.337037037037037 0.9140625 0.337037037037037
2 0.27291666666666664 0.6324074074074074 0.34427083333333336 0.6324074074074074 0.34427083333333336 0.8722222222222222 0.27291666666666664 0.8722222222222222
2 0.7265625 0.35185185185185186 0.7677083333333333 0.35185185185185186 0.7677083333333333 0.4583333333333333 0.7265625 0.4583333333333333
2 0.38177083333333334 0.3472222222222222 0.4166666666666667 0.3472222222222222 0.4166666666666667 0.4638888888888889 0.38177083333333334 0.4638888888888889
2 0.540625 0.175 0.5791666666666667 0.175 0.5791666666666667 0.22407407407407406 0.540625 0.22407407407407406
2 0.44166666666666665 0.25833333333333336 0.4708333333333333 0.25833333333333336 0.4708333333333333 0.34629629629629627 0.44166666666666665 0.34629629629629627
2 0.37604166666666666 0.24259259259259258 0.4010416666666667 0.24259259259259258 0.4010416666666667 0.3074074074074074 0.37604166666666666 0.3074074074074074
2 0.44427083333333334 0.18611111111111112 0.46458333333333335 0.18611111111111112 0.46458333333333335 0.24537037037037038 0.44427083333333334 0.24537037037037038
2 0.425 0.15833333333333333 0.4401041666666667 0.15833333333333333 0.4401041666666667 0.2037037037037037 0.425 0.2037037037037037
2 0.3640625 0.2962962962962963 0.3932291666666667 0.2962962962962963 0.3932291666666667 0.37592592592592594 0.3640625 0.37592592592592594
2 0.41041666666666665 0.26481481481481484 0.4354166666666667 0.26481481481481484 0.4354166666666667 0.35555555555555557 0.41041666666666665 0.35555555555555557
2 0.6203125 0.21944444444444444 0.6458333333333334 0.21944444444444444 0.6458333333333334 0.29444444444444445 0.6203125 0.29444444444444445
2 0.5703125 0.14074074074074075 0.5854166666666667 0.14074074074074075 0.5854166666666667 0.18333333333333332 0.5703125 0.18333333333333332
2 0.6515625 0.22962962962962963 0.6755208333333333 0.22962962962962963 0.6755208333333333 0.2972222222222222 0.6515625 0.2972222222222222
2 0.47760416666666666 0.1425925925925926 0.49375 0.1425925925925926 0.49375 0.1935185185185185 0.47760416666666666 0.1935185185185185
2 0.3921875 0.17777777777777778 0.41302083333333334 0.17777777777777778 0.41302083333333334 0.2351851851851852 0.3921875 0.2351851851851852
2 0.3703125 0.725925925925926 0.4197916666666667 0.725925925925926 0.4197916666666667 0.9972222222222222 0.3703125 0.9972222222222222
2 0.6213541666666667 0.1638888888888889 0.6354166666666666 0.1638888888888889 0.6354166666666666 0.22870370370370371 0.6213541666666667 0.22870370370370371