1 0.14375 0.33240740740740743 0.26614583333333336 0.33240740740740743 0.26614583333333336 0.5101851851851852 0.14375 0.5101851851851852
1 0.39739583333333334 0.3314814814814815 0.4739583333333333 0.3314814814814815 0.4739583333333333 0.4777777777777778 0.39739583333333334 0.4777777777777778
1 0.3296875 0.1824074074074074 0.3880208333333333 0.1824074074074074 0.3880208333333333 0.24537037037037038 0.3296875 0.24537037037037038
1 0.55 0.14074074074074075 0.5848958333333333 0.14074074074074075 0.5848958333333333 0.20092592592592592 0.55 0.20092592592592592
2 0.4505208333333333 0.24444444444444444 0.4671875 0.24444444444444444 0.4671875 0.2824074074074074 0.4505208333333333 0.2824074074074074
1 0.6583333333333333 0.1361111111111111 0.7057291666666666 0.1361111111111111 0.7057291666666666 0.175 0.6583333333333333 0.175
2 0.7307291666666667 0.3537037037037037 0.7609375 0.3537037037037037 0.7609375 0.45092592592592595 0.7307291666666667 0.45092592592592595
2 0 0.7712962962962963 0.049479166666666664 0.7712962962962963 0.049479166666666664 0.9537037037037037 0 0.9537037037037037
2 0.14895833333333333 0.7129629629629629 0.21927083333333333 0.7129629629629629 0.21927083333333333 0.9259259259259259 0.14895833333333333 0.9259259259259259
2 0.2046875 0.8379629629629629 0.25833333333333336 0.8379629629629629 0.25833333333333336 0.9888888888888889 0.2046875 0.9888888888888889
2 0.3026041666666667 0.48703703703703705 0.3411458333333333 0.48703703703703705 0.3411458333333333 0.6388888888888888 0.3026041666666667 0.6388888888888888
2 0.265625 0.43148148148148147 0.2953125 0.43148148148148147 0.2953125 0.5518518518518518 0.265625 0.5518518518518518
2 0.8088541666666667 0.6138888888888889 0.8796875 0.6138888888888889 0.8796875 0.7907407407407407 0.8088541666666667 0.7907407407407407
2 0.3302083333333333 0.2972222222222222 0.3609375 0.2972222222222222 0.3609375 0.39166666666666666 0.3302083333333333 0.39166666666666666
2 0.38697916666666665 0.28888888888888886 0.403125 0.28888888888888886 0.403125 0.3527777777777778 0.38697916666666665 0.3527777777777778
2 0.37552083333333336 0.21666666666666667 0.39947916666666666 0.21666666666666667 0.39947916666666666 0.29444444444444445 0.37552083333333336 0.29444444444444445
2 0.41510416666666666 0.18796296296296297 0.4322916666666667 0.18796296296296297 0.4322916666666667 0.25925925925925924 0.41510416666666666 0.25925925925925924
2 0.4036458333333333 0.16666666666666666 0.42291666666666666 0.16666666666666666 0.42291666666666666 0.22314814814814815 0.4036458333333333 0.22314814814814815
2 0.44375 0.18981481481481483 0.4583333333333333 0.18981481481481483 0.4583333333333333 0.23981481481481481 0.44375 0.23981481481481481
2 0.4328125 0.15462962962962962 0.446875 0.15462962962962962 0.446875 0.20462962962962963 0.4328125 0.20462962962962963
2 0.4005208333333333 0.13055555555555556 0.4197916666666667 0.13055555555555556 0.4197916666666667 0.17037037037037037 0.4005208333333333 0.17037037037037037
2 0.4078125 0.10833333333333334 0.4171875 0.10833333333333334 0.4171875 0.13518518518518519 0.4078125 0.13518518518518519
2 0.4546875 0.14351851851851852 0.46822916666666664 0.14351851851851852 0.46822916666666664 0.18981481481481483 0.4546875 0.18981481481481483
2 0.5255208333333333 0.17962962962962964 0.5635416666666667 0.17962962962962964 0.5635416666666667 0.24814814814814815 0.5255208333333333 0.24814814814814815
2 0.46875 0.13333333333333333 0.48333333333333334 0.13333333333333333 0.48333333333333334 0.17222222222222222 0.46875 0.17222222222222222
2 0.49166666666666664 0.13055555555555556 0.5052083333333334 0.13055555555555556 0.5052083333333334 0.1712962962962963 0.49166666666666664 0.1712962962962963
2 0.44114583333333335 0.13055555555555556 0.45364583333333336 0.13055555555555556 0.45364583333333336 0.16574074074074074 0.44114583333333335 0.16574074074074074
2 0.6052083333333333 0.1574074074074074 0.6197916666666666 0.1574074074074074 0.6197916666666666 0.20555555555555555 0.6052083333333333 0.20555555555555555
2 0.6708333333333333 0.2574074074074074 0.6973958333333333 0.2574074074074074 0.6973958333333333 0.34814814814814815 0.6708333333333333 0.34814814814814815