1 0.13854166666666667 0.3074074074074074 0.2703125 0.3074074074074074 0.2703125 0.487962962962963 0.13854166666666667 0.487962962962963
0 0.25625 0.20092592592592592 0.39947916666666666 0.20092592592592592 0.39947916666666666 0.47962962962962963 0.25625 0.47962962962962963
2 0.2234375 0.5768518518518518 0.28541666666666665 0.5768518518518518 0.28541666666666665 0.7824074074074074 0.2234375 0.7824074074074074
1 0.440625 0.16018518518518518 0.48489583333333336 0.16018518518518518 0.48489583333333336 0.22685185185185186 0.440625 0.22685185185185186
2 0.6911458333333333 0.41574074074074074 0.7364583333333333 0.41574074074074074 0.7364583333333333 0.5398148148148149 0.6911458333333333 0.5398148148148149
2 0.3625 0.5740740740740741 0.4161458333333333 0.5740740740740741 0.4161458333333333 0.7712962962962963 0.3625 0.7712962962962963
2 0.6427083333333333 0.5259259259259259 0.69375 0.5259259259259259 0.69375 0.6768518518518518 0.6427083333333333 0.6768518518518518
2 0.7979166666666667 0.41944444444444445 0.8421875 0.41944444444444445 0.8421875 0.5444444444444444 0.7979166666666667 0.5444444444444444
2 0.011979166666666667 0.5407407407407407 0.08802083333333334 0.5407407407407407 0.08802083333333334 0.7111111111111111 0.011979166666666667 0.7111111111111111
2 0.8541666666666666 0.7305555555555555 0.9307291666666667 0.7305555555555555 0.9307291666666667 0.9787037037037037 0.8541666666666666 0.9787037037037037
1 0.6109375 0.225 0.6734375 0.225 0.6734375 0.31574074074074077 0.6109375 0.31574074074074077
2 0.5609375 0.23796296296296296 0.5869791666666667 0.23796296296296296 0.5869791666666667 0.3175925925925926 0.5609375 0.3175925925925926
2 0.896875 0.525 0.9838541666666667 0.525 0.9838541666666667 0.6638888888888889 0.896875 0.6638888888888889
2 0.690625 0.25092592592592594 0.7171875 0.25092592592592594 0.7171875 0.32222222222222224 0.690625 0.32222222222222224
2 0.7130208333333333 0.31574074074074077 0.7427083333333333 0.31574074074074077 0.7427083333333333 0.4148148148148148 0.7130208333333333 0.4148148148148148
2 0.6442708333333333 0.3037037037037037 0.6734375 0.3037037037037037 0.6734375 0.40555555555555556 0.6442708333333333 0.40555555555555556
2 0.43020833333333336 0.33796296296296297 0.4713541666666667 0.33796296296296297 0.4713541666666667 0.45 0.43020833333333336 0.45
2 0.5953125 0.14722222222222223 0.6109375 0.14722222222222223 0.6109375 0.2064814814814815 0.5953125 0.2064814814814815
2 0.6244791666666667 0.7277777777777777 0.684375 0.7277777777777777 0.684375 0.9805555555555555 0.6244791666666667 0.9805555555555555
2 0.4578125 0.2722222222222222 0.4791666666666667 0.2722222222222222 0.4791666666666667 0.3851851851851852 0.4578125 0.3851851851851852