1 0.1453125 0.32037037037037036 0.26979166666666665 0.32037037037037036 0.26979166666666665 0.49722222222222223 0.1453125 0.49722222222222223
1 0.46822916666666664 0.1287037037037037 0.5005208333333333 0.1287037037037037 0.5005208333333333 0.175 0.46822916666666664 0.175
1 0.3338541666666667 0.17685185185185184 0.3921875 0.17685185185185184 0.3921875 0.24444444444444444 0.3338541666666667 0.24444444444444444
1 0.6067708333333334 0.1175925925925926 0.653125 0.1175925925925926 0.653125 0.15555555555555556 0.6067708333333334 0.15555555555555556
2 0.15572916666666667 0.5990740740740741 0.21770833333333334 0.5990740740740741 0.21770833333333334 0.8064814814814815 0.15572916666666667 0.8064814814814815
2 0.2713541666666667 0.46574074074074073 0.3145833333333333 0.46574074074074073 0.3145833333333333 0.637962962962963 0.2713541666666667 0.637962962962963
2 0.38385416666666666 0.45925925925925926 0.4114583333333333 0.45925925925925926 0.4114583333333333 0.612037037037037 0.38385416666666666 0.612037037037037
2 0.325 0.3398148148148148 0.35260416666666666 0.3398148148148148 0.35260416666666666 0.4546296296296296 0.325 0.4546296296296296
2 0.35885416666666664 0.35833333333333334 0.39427083333333335 0.35833333333333334 0.39427083333333335 0.4787037037037037 0.35885416666666664 0.4787037037037037
2 0.4140625 0.35648148148148145 0.4395833333333333 0.35648148148148145 0.4395833333333333 0.4842592592592593 0.4140625 0.4842592592592593
2 0.459375 0.2777777777777778 0.4828125 0.2777777777777778 0.4828125 0.36018518518518516 0.459375 0.36018518518518516
2 0.40729166666666666 0.2722222222222222 0.4270833333333333 0.2722222222222222 0.4270833333333333 0.34629629629629627 0.40729166666666666 0.34629629629629627
2 0.3494791666666667 0.2851851851851852 0.375 0.2851851851851852 0.375 0.35462962962962963 0.3494791666666667 0.35462962962962963
2 0.35625 0.24166666666666667 0.3770833333333333 0.24166666666666667 0.3770833333333333 0.30833333333333335 0.35625 0.30833333333333335
2 0.38333333333333336 0.18888888888888888 0.3984375 0.18888888888888888 0.3984375 0.25462962962962965 0.38333333333333336 0.25462962962962965
2 0.40520833333333334 0.18611111111111112 0.41354166666666664 0.18611111111111112 0.41354166666666664 0.22777777777777777 0.40520833333333334 0.22777777777777777
2 0.41302083333333334 0.19444444444444445 0.421875 0.19444444444444445 0.421875 0.2361111111111111 0.41302083333333334 0.2361111111111111
2 0.42083333333333334 0.20833333333333334 0.43385416666666665 0.20833333333333334 0.43385416666666665 0.275 0.42083333333333334 0.275
2 0.40572916666666664 0.2324074074074074 0.4161458333333333 0.2324074074074074 0.4161458333333333 0.2796296296296296 0.40572916666666664 0.2796296296296296
2 0.44895833333333335 0.20277777777777778 0.465625 0.20277777777777778 0.465625 0.26944444444444443 0.44895833333333335 0.26944444444444443
2 0.4661458333333333 0.1925925925925926 0.48020833333333335 0.1925925925925926 0.48020833333333335 0.24722222222222223 0.4661458333333333 0.24722222222222223
2 0.4625 0.15833333333333333 0.47604166666666664 0.15833333333333333 0.47604166666666664 0.20925925925925926 0.4625 0.20925925925925926
2 0.4401041666666667 0.1574074074074074 0.4515625 0.1574074074074074 0.4515625 0.2037037037037037 0.4401041666666667 0.2037037037037037
2 0.43072916666666666 0.14537037037037037 0.4432291666666667 0.14537037037037037 0.4432291666666667 0.19907407407407407 0.43072916666666666 0.19907407407407407
2 0.4979166666666667 0.11203703703703703 0.5078125 0.11203703703703703 0.5078125 0.1537037037037037 0.4979166666666667 0.1537037037037037
2 0.45364583333333336 0.12407407407407407 0.46197916666666666 0.12407407407407407 0.46197916666666666 0.1675925925925926 0.45364583333333336 0.1675925925925926
2 0.44166666666666665 0.11851851851851852 0.44895833333333335 0.11851851851851852 0.44895833333333335 0.1527777777777778 0.44166666666666665 0.1527777777777778
2 0.4322916666666667 0.10648148148148148 0.4401041666666667 0.10648148148148148 0.4401041666666667 0.13796296296296295 0.4322916666666667 0.13796296296296295
2 0.4713541666666667 0.10925925925925926 0.4791666666666667 0.10925925925925926 0.4791666666666667 0.14074074074074075 0.4713541666666667 0.14074074074074075
2 0.584375 0.11388888888888889 0.5958333333333333 0.11388888888888889 0.5958333333333333 0.14629629629629629 0.584375 0.14629629629629629
2 0.5890625 0.15 0.6041666666666666 0.15 0.6041666666666666 0.2037037037037037 0.5890625 0.2037037037037037
2 0.6041666666666666 0.17314814814814813 0.61875 0.17314814814814813 0.61875 0.2388888888888889 0.6041666666666666 0.2388888888888889
2 0.6197916666666666 0.14814814814814814 0.6359375 0.14814814814814814 0.6359375 0.1925925925925926 0.6197916666666666 0.1925925925925926
2 0.6338541666666667 0.1675925925925926 0.6510416666666666 0.1675925925925926 0.6510416666666666 0.22407407407407406 0.6338541666666667 0.22407407407407406