1 0.5692708333333333 0.47685185185185186 0.6932291666666667 0.47685185185185186 0.6932291666666667 0.675 0.5692708333333333 0.675
1 0.12395833333333334 0.35462962962962963 0.2552083333333333 0.35462962962962963 0.2552083333333333 0.5324074074074074 0.12395833333333334 0.5324074074074074
1 0.3625 0.3925925925925926 0.43802083333333336 0.3925925925925926 0.43802083333333336 0.537962962962963 0.3625 0.537962962962963
1 0.5307291666666667 0.22314814814814815 0.5697916666666667 0.22314814814814815 0.5697916666666667 0.2851851851851852 0.5307291666666667 0.2851851851851852
1 0.315625 0.2111111111111111 0.3692708333333333 0.2111111111111111 0.3692708333333333 0.275 0.315625 0.275
1 0.6395833333333333 0.1648148148148148 0.6848958333333334 0.1648148148148148 0.6848958333333334 0.2064814814814815 0.6395833333333333 0.2064814814814815
2 0.2708333333333333 0.4925925925925926 0.3125 0.4925925925925926 0.3125 0.5898148148148148 0.2708333333333333 0.5898148148148148
2 0.16822916666666668 0.5518518518518518 0.21927083333333333 0.5518518518518518 0.21927083333333333 0.7064814814814815 0.16822916666666668 0.7064814814814815
1 0.45 0.175 0.4791666666666667 0.175 0.4791666666666667 0.2064814814814815 0.45 0.2064814814814815
2 0.4109375 0.49907407407407406 0.45729166666666665 0.49907407407407406 0.45729166666666665 0.674074074074074 0.4109375 0.674074074074074
2 0.14010416666666667 0.5287037037037037 0.175 0.5287037037037037 0.175 0.662962962962963 0.14010416666666667 0.662962962962963
2 0.315625 0.32407407407407407 0.3489583333333333 0.32407407407407407 0.3489583333333333 0.43703703703703706 0.315625 0.43703703703703706
2 0.3546875 0.35185185185185186 0.3776041666666667 0.35185185185185186 0.3776041666666667 0.4361111111111111 0.3546875 0.4361111111111111
2 0.3333333333333333 0.2935185185185185 0.35208333333333336 0.2935185185185185 0.35208333333333336 0.36666666666666664 0.3333333333333333 0.36666666666666664
2 0.35260416666666666 0.2759259259259259 0.365625 0.2759259259259259 0.365625 0.3537037037037037 0.35260416666666666 0.3537037037037037
2 0.37135416666666665 0.2972222222222222 0.3890625 0.2972222222222222 0.3890625 0.38425925925925924 0.37135416666666665 0.38425925925925924
2 0.3572916666666667 0.2175925925925926 0.3729166666666667 0.2175925925925926 0.3729166666666667 0.2861111111111111 0.3572916666666667 0.2861111111111111
2 0.3671875 0.22962962962962963 0.3802083333333333 0.22962962962962963 0.3802083333333333 0.3074074074074074 0.3671875 0.3074074074074074
2 0.3807291666666667 0.24722222222222223 0.3963541666666667 0.24722222222222223 0.3963541666666667 0.32685185185185184 0.3807291666666667 0.32685185185185184
2 0.43333333333333335 0.2675925925925926 0.45677083333333335 0.2675925925925926 0.45677083333333335 0.36018518518518516 0.43333333333333335 0.36018518518518516
2 0.4171875 0.2518518518518518 0.43125 0.2518518518518518 0.43125 0.33425925925925926 0.4171875 0.33425925925925926
2 0.40520833333333334 0.2361111111111111 0.4203125 0.2361111111111111 0.4203125 0.30277777777777776 0.40520833333333334 0.30277777777777776
2 0.4005208333333333 0.2074074074074074 0.41458333333333336 0.2074074074074074 0.41458333333333336 0.2574074074074074 0.4005208333333333 0.2574074074074074
2 0.425 0.2064814814814815 0.4354166666666667 0.2064814814814815 0.4354166666666667 0.262037037037037 0.425 0.262037037037037
2 0.4552083333333333 0.23703703703703705 0.4734375 0.23703703703703705 0.4734375 0.32407407407407407 0.4552083333333333 0.32407407407407407
2 0.47760416666666666 0.19444444444444445 0.49114583333333334 0.19444444444444445 0.49114583333333334 0.25277777777777777 0.47760416666666666 0.25277777777777777
2 0.48802083333333335 0.19814814814814816 0.5161458333333333 0.19814814814814816 0.5161458333333333 0.2740740740740741 0.48802083333333335 0.2740740740740741
2 0.4161458333333333 0.18055555555555555 0.428125 0.18055555555555555 0.428125 0.22407407407407406 0.4161458333333333 0.22407407407407406
2 0.4088541666666667 0.16944444444444445 0.42239583333333336 0.16944444444444445 0.42239583333333336 0.21203703703703702 0.4088541666666667 0.21203703703703702
2 0.4265625 0.15925925925925927 0.43697916666666664 0.15925925925925927 0.43697916666666664 0.20462962962962963 0.4265625 0.20462962962962963
2 0.5796875 0.19814814814814816 0.5942708333333333 0.19814814814814816 0.5942708333333333 0.2462962962962963 0.5796875 0.2462962962962963
2 0.6041666666666666 0.29074074074074074 0.6286458333333333 0.29074074074074074 0.6286458333333333 0.3824074074074074 0.6041666666666666 0.3824074074074074
2 0.6322916666666667 0.25555555555555554 0.653125 0.25555555555555554 0.653125 0.33611111111111114 0.6322916666666667 0.33611111111111114
2 0.6166666666666667 0.2212962962962963 0.6338541666666667 0.2212962962962963 0.6338541666666667 0.28703703703703703 0.6166666666666667 0.28703703703703703
2 0.5932291666666667 0.18703703703703703 0.6015625 0.18703703703703703 0.6015625 0.23796296296296296 0.5932291666666667 0.23796296296296296
2 0.5776041666666667 0.17222222222222222 0.5895833333333333 0.17222222222222222 0.5895833333333333 0.21296296296296297 0.5776041666666667 0.21296296296296297
2 0.5515625 0.15833333333333333 0.5640625 0.15833333333333333 0.5640625 0.1925925925925926 0.5515625 0.1925925925925926
2 0.5447916666666667 0.15092592592592594 0.5552083333333333 0.15092592592592594 0.5552083333333333 0.18333333333333332 0.5447916666666667 0.18333333333333332
2 0.5635416666666667 0.14629629629629629 0.5723958333333333 0.14629629629629629 0.5723958333333333 0.1814814814814815 0.5635416666666667 0.1814814814814815