1 0.14114583333333333 0.32407407407407407 0.26927083333333335 0.32407407407407407 0.26927083333333335 0.5018518518518519 0.14114583333333333 0.5018518518518519
1 0.32708333333333334 0.4962962962962963 0.4505208333333333 0.4962962962962963 0.4505208333333333 0.7657407407407407 0.32708333333333334 0.7657407407407407
1 0.3302083333333333 0.18055555555555555 0.3885416666666667 0.18055555555555555 0.3885416666666667 0.24259259259259258 0.3302083333333333 0.24259259259259258
1 0.540625 0.125 0.5802083333333333 0.125 0.5802083333333333 0.17777777777777778 0.540625 0.17777777777777778
1 0.6536458333333334 0.13240740740740742 0.7104166666666667 0.13240740740740742 0.7104166666666667 0.17314814814814813 0.6536458333333334 0.17314814814814813
2 0.6385416666666667 0.20185185185185187 0.6625 0.20185185185185187 0.6625 0.25833333333333336 0.6385416666666667 0.25833333333333336
2 0.6739583333333333 0.2611111111111111 0.6989583333333333 0.2611111111111111 0.6989583333333333 0.3435185185185185 0.6739583333333333 0.3435185185185185
2 0.6984375 0.36018518518518516 0.7286458333333333 0.36018518518518516 0.7286458333333333 0.487962962962963 0.6984375 0.487962962962963
2 0.08489583333333334 0.6722222222222223 0.1765625 0.6722222222222223 0.1765625 0.9305555555555556 0.08489583333333334 0.9305555555555556
2 0.27708333333333335 0.38055555555555554 0.29791666666666666 0.38055555555555554 0.29791666666666666 0.5101851851851852 0.27708333333333335 0.5101851851851852
2 0.3260416666666667 0.4074074074074074 0.346875 0.4074074074074074 0.346875 0.5351851851851852 0.3260416666666667 0.5351851851851852
2 0.3515625 0.2722222222222222 0.365625 0.2722222222222222 0.365625 0.35555555555555557 0.3515625 0.35555555555555557
2 0.42135416666666664 0.2953703703703704 0.43802083333333336 0.2953703703703704 0.43802083333333336 0.3907407407407407 0.42135416666666664 0.3907407407407407
2 0.39947916666666666 0.24722222222222223 0.41458333333333336 0.24722222222222223 0.41458333333333336 0.33055555555555555 0.39947916666666666 0.33055555555555555
2 0.3848958333333333 0.20833333333333334 0.4005208333333333 0.20833333333333334 0.4005208333333333 0.28703703703703703 0.3848958333333333 0.28703703703703703
2 0.4354166666666667 0.23425925925925925 0.4484375 0.23425925925925925 0.4484375 0.31574074074074077 0.4354166666666667 0.31574074074074077
2 0.40520833333333334 0.1398148148148148 0.41510416666666666 0.1398148148148148 0.41510416666666666 0.17777777777777778 0.40520833333333334 0.17777777777777778
2 0.4328125 0.14722222222222223 0.4390625 0.14722222222222223 0.4390625 0.18518518518518517 0.4328125 0.18518518518518517
2 0.4244791666666667 0.13703703703703704 0.43385416666666665 0.13703703703703704 0.43385416666666665 0.1685185185185185 0.4244791666666667 0.1685185185185185
2 0.421875 0.17314814814814813 0.4322916666666667 0.17314814814814813 0.4322916666666667 0.22314814814814815 0.421875 0.22314814814814815
2 0.44479166666666664 0.17222222222222222 0.4583333333333333 0.17222222222222222 0.4583333333333333 0.22870370370370371 0.44479166666666664 0.22870370370370371
2 0.4640625 0.15185185185185185 0.4739583333333333 0.15185185185185185 0.4739583333333333 0.19814814814814816 0.4640625 0.19814814814814816
2 0.490625 0.15462962962962962 0.49947916666666664 0.15462962962962962 0.49947916666666664 0.20925925925925926 0.490625 0.20925925925925926
2 0.48854166666666665 0.125 0.496875 0.125 0.496875 0.1638888888888889 0.48854166666666665 0.1638888888888889
2 0.45364583333333336 0.12962962962962962 0.4609375 0.12962962962962962 0.4609375 0.16944444444444445 0.45364583333333336 0.16944444444444445
2 0.44114583333333335 0.1287037037037037 0.45 0.1287037037037037 0.45 0.15925925925925927 0.44114583333333335 0.15925925925925927
2 0.4744791666666667 0.11481481481481481 0.4822916666666667 0.11481481481481481 0.4822916666666667 0.14907407407407408 0.4744791666666667 0.14907407407407408
2 0.4609375 0.12222222222222222 0.46822916666666664 0.12222222222222222 0.46822916666666664 0.14351851851851852 0.4609375 0.14351851851851852
2 0.5875 0.11944444444444445 0.596875 0.11944444444444445 0.596875 0.1648148148148148 0.5875 0.1648148148148148
2 0.5567708333333333 0.1814814814814815 0.5911458333333334 0.1814814814814815 0.5911458333333334 0.2388888888888889 0.5567708333333333 0.2388888888888889