1 0.39114583333333336 0.9046296296296297 0.490625 0.9046296296296297 0.490625 1 0.39114583333333336 1
1 0.32135416666666666 0.7185185185185186 0.3614583333333333 0.7185185185185186 0.3614583333333333 0.8212962962962963 0.32135416666666666 0.8212962962962963
2 0.5807291666666666 0.7814814814814814 0.7208333333333333 0.7814814814814814 0.7208333333333333 0.9083333333333333 0.5807291666666666 0.9083333333333333
2 0.4171875 0.02962962962962963 0.47239583333333335 0.02962962962962963 0.47239583333333335 0.0962962962962963 0.4171875 0.0962962962962963
2 0.3567708333333333 0.6768518518518518 0.39166666666666666 0.6768518518518518 0.39166666666666666 0.7231481481481481 0.3567708333333333 0.7231481481481481
2 0.31979166666666664 0.3574074074074074 0.3453125 0.3574074074074074 0.3453125 0.42407407407407405 0.31979166666666664 0.42407407407407405
2 0.36614583333333334 0.5527777777777778 0.4161458333333333 0.5527777777777778 0.4161458333333333 0.6046296296296296 0.36614583333333334 0.6046296296296296
2 0.3265625 0.5638888888888889 0.3572916666666667 0.5638888888888889 0.3572916666666667 0.6 0.3265625 0.6
2 0.41875 0.6537037037037037 0.48333333333333334 0.6537037037037037 0.48333333333333334 0.7138888888888889 0.41875 0.7138888888888889
2 0.3802083333333333 0.6898148148148148 0.43072916666666666 0.6898148148148148 0.43072916666666666 0.7472222222222222 0.3802083333333333 0.7472222222222222
2 0.30833333333333335 0.6064814814814815 0.33489583333333334 0.6064814814814815 0.33489583333333334 0.6333333333333333 0.30833333333333335 0.6333333333333333
2 0.3697916666666667 0.6157407407407407 0.4234375 0.6157407407407407 0.4234375 0.6620370370370371 0.3697916666666667 0.6620370370370371
2 0.34375 0.25092592592592594 0.3828125 0.25092592592592594 0.3828125 0.29259259259259257 0.34375 0.29259259259259257
2 0.3223958333333333 0.6574074074074074 0.35260416666666666 0.6574074074074074 0.35260416666666666 0.6916666666666667 0.3223958333333333 0.6916666666666667
2 0.2984375 0.35 0.32083333333333336 0.35 0.32083333333333336 0.37592592592592594 0.2984375 0.37592592592592594
2 0.2890625 0.31574074074074077 0.31302083333333336 0.31574074074074077 0.31302083333333336 0.34074074074074073 0.2890625 0.34074074074074073
2 0.34739583333333335 0.19074074074074074 0.3854166666666667 0.19074074074074074 0.3854166666666667 0.23148148148148148 0.34739583333333335 0.23148148148148148
2 0.2994791666666667 0.5111111111111111 0.328125 0.5111111111111111 0.328125 0.5388888888888889 0.2994791666666667 0.5388888888888889
2 0.6526041666666667 0.6453703703703704 0.7802083333333333 0.6453703703703704 0.7802083333333333 0.7620370370370371 0.6526041666666667 0.7620370370370371
2 0.3104166666666667 0.2601851851851852 0.34322916666666664 0.2601851851851852 0.34322916666666664 0.28703703703703703 0.3104166666666667 0.28703703703703703