1 0.5057291666666667 0 0.6041666666666666 0 0.6041666666666666 0.09074074074074075 0.5057291666666667 0.09074074074074075
1 0.6479166666666667 0.18888888888888888 0.6838541666666667 0.18888888888888888 0.6838541666666667 0.3101851851851852 0.6479166666666667 0.3101851851851852
2 0.3885416666666667 0.08333333333333333 0.4828125 0.08333333333333333 0.4828125 0.18425925925925926 0.3885416666666667 0.18425925925925926
2 0.371875 0.812037037037037 0.46927083333333336 0.812037037037037 0.46927083333333336 0.9074074074074074 0.371875 0.9074074074074074
2 0.6541666666666667 0.5962962962962963 0.6817708333333333 0.5962962962962963 0.6817708333333333 0.6574074074074074 0.6541666666666667 0.6574074074074074
2 0.521875 0.6722222222222223 0.5848958333333333 0.6722222222222223 0.5848958333333333 0.7351851851851852 0.521875 0.7351851851851852
2 0.5015625 0.1962962962962963 0.5645833333333333 0.1962962962962963 0.5645833333333333 0.2638888888888889 0.5015625 0.2638888888888889
2 0.5255208333333333 0.7925925925925926 0.5817708333333333 0.7925925925925926 0.5817708333333333 0.8462962962962963 0.5255208333333333 0.8462962962962963
2 0.6375 0.6972222222222222 0.6677083333333333 0.6972222222222222 0.6677083333333333 0.7564814814814815 0.6375 0.7564814814814815
2 0.5697916666666667 0.30833333333333335 0.6213541666666667 0.30833333333333335 0.6213541666666667 0.3638888888888889 0.5697916666666667 0.3638888888888889
2 0.6041666666666666 0.6138888888888889 0.6442708333333333 0.6138888888888889 0.6442708333333333 0.6537037037037037 0.6041666666666666 0.6537037037037037
2 0.275 0 0.38697916666666665 0 0.38697916666666665 0.10833333333333334 0.275 0.10833333333333334
2 0.5989583333333334 0.3675925925925926 0.6473958333333333 0.3675925925925926 0.6473958333333333 0.4166666666666667 0.5989583333333334 0.4166666666666667
2 0.6677083333333333 0.4046296296296296 0.6984375 0.4046296296296296 0.6984375 0.43796296296296294 0.6677083333333333 0.43796296296296294
2 0.615625 0.6620370370370371 0.6520833333333333 0.6620370370370371 0.6520833333333333 0.6972222222222222 0.615625 0.6972222222222222