1 0.4010416666666667 0.9064814814814814 0.5 0.9064814814814814 0.5 1 0.4010416666666667 1
1 0.34479166666666666 0.5287037037037037 0.390625 0.5287037037037037 0.390625 0.6175925925925926 0.34479166666666666 0.6175925925925926
1 0.3182291666666667 0.6944444444444444 0.3541666666666667 0.6944444444444444 0.3541666666666667 0.8148148148148148 0.3182291666666667 0.8148148148148148
2 0.425 0.02962962962962963 0.48333333333333334 0.02962962962962963 0.48333333333333334 0.09444444444444444 0.425 0.09444444444444444
2 0.48125 0.8712962962962963 0.5614583333333333 0.8712962962962963 0.5614583333333333 0.9731481481481481 0.48125 0.9731481481481481
2 0.4239583333333333 0.8027777777777778 0.48333333333333334 0.8027777777777778 0.48333333333333334 0.8583333333333333 0.4239583333333333 0.8583333333333333
2 0.5536458333333333 0.7212962962962963 0.6588541666666666 0.7212962962962963 0.6588541666666666 0.8138888888888889 0.5536458333333333 0.8138888888888889
2 0.4390625 0.6203703703703703 0.5052083333333334 0.6203703703703703 0.5052083333333334 0.6953703703703704 0.4390625 0.6953703703703704
2 0.40729166666666666 0.1259259259259259 0.459375 0.1259259259259259 0.459375 0.1935185185185185 0.40729166666666666 0.1935185185185185
2 0.29583333333333334 0.5175925925925926 0.315625 0.5175925925925926 0.315625 0.5407407407407407 0.29583333333333334 0.5407407407407407
2 0.39479166666666665 0.7074074074074074 0.4421875 0.7074074074074074 0.4421875 0.7564814814814815 0.39479166666666665 0.7564814814814815
2 0.3536458333333333 0.15462962962962962 0.39947916666666666 0.15462962962962962 0.39947916666666666 0.21388888888888888 0.3536458333333333 0.21388888888888888
2 0.32916666666666666 0.5990740740740741 0.3567708333333333 0.5990740740740741 0.3567708333333333 0.6296296296296297 0.32916666666666666 0.6296296296296297
2 0.35572916666666665 0.6240740740740741 0.3963541666666667 0.6240740740740741 0.3963541666666667 0.662962962962963 0.35572916666666665 0.662962962962963
2 0.3026041666666667 0.5462962962962963 0.32395833333333335 0.5462962962962963 0.32395833333333335 0.5722222222222222 0.3026041666666667 0.5722222222222222
2 0.2994791666666667 0.6222222222222222 0.31979166666666664 0.6222222222222222 0.31979166666666664 0.6472222222222223 0.2994791666666667 0.6472222222222223
2 0.3645833333333333 0.6916666666666667 0.40260416666666665 0.6916666666666667 0.40260416666666665 0.7305555555555555 0.3645833333333333 0.7305555555555555
2 0.7395833333333334 0.9111111111111111 0.78125 0.9111111111111111 0.78125 1 0.7395833333333334 1
2 0.28802083333333334 0.33425925925925926 0.3078125 0.33425925925925926 0.3078125 0.36574074074074076 0.28802083333333334 0.36574074074074076
2 0.31666666666666665 0.48148148148148145 0.3421875 0.48148148148148145 0.3421875 0.5074074074074074 0.31666666666666665 0.5074074074074074
2 0.3958333333333333 0.6361111111111111 0.43385416666666665 0.6361111111111111 0.43385416666666665 0.6814814814814815 0.3958333333333333 0.6814814814814815
2 0.3 0.5824074074074074 0.321875 0.5824074074074074 0.321875 0.6083333333333333 0.3 0.6083333333333333
2 0.2942708333333333 0.2796296296296296 0.31666666666666665 0.2796296296296296 0.31666666666666665 0.30648148148148147 0.2942708333333333 0.30648148148148147
2 0.3421875 0.24074074074074073 0.3885416666666667 0.24074074074074073 0.3885416666666667 0.2740740740740741 0.3421875 0.2740740740740741