1 0.41822916666666665 0.9361111111111111 0.51875 0.9361111111111111 0.51875 1 0.41822916666666665 1
1 0.46875 0.18055555555555555 0.5791666666666667 0.18055555555555555 0.5791666666666667 0.38055555555555554 0.46875 0.38055555555555554
1 0.45260416666666664 0.6101851851851852 0.5390625 0.6101851851851852 0.5390625 0.7638888888888888 0.45260416666666664 0.7638888888888888
1 0.3416666666666667 0.37222222222222223 0.37604166666666666 0.37222222222222223 0.37604166666666666 0.4388888888888889 0.3416666666666667 0.4388888888888889
1 0.33645833333333336 0.737037037037037 0.3729166666666667 0.737037037037037 0.3729166666666667 0.8277777777777777 0.33645833333333336 0.8277777777777777
1 0.3109375 0.1648148148148148 0.3328125 0.1648148148148148 0.3328125 0.25277777777777777 0.3109375 0.25277777777777777
1 0.30885416666666665 0.5435185185185185 0.3385416666666667 0.5435185185185185 0.3385416666666667 0.5981481481481481 0.30885416666666665 0.5981481481481481
2 0.4822916666666667 0.8555555555555555 0.5692708333333333 0.8555555555555555 0.5692708333333333 0.9324074074074075 0.4822916666666667 0.9324074074074075
1 0.2953125 0.4398148148148148 0.3140625 0.4398148148148148 0.3140625 0.4787037037037037 0.2953125 0.4787037037037037
2 0.5213541666666667 0.5925925925925926 0.609375 0.5925925925925926 0.609375 0.6712962962962963 0.5213541666666667 0.6712962962962963
2 0.4114583333333333 0.8064814814814815 0.46822916666666664 0.8064814814814815 0.46822916666666664 0.8518518518518519 0.4114583333333333 0.8518518518518519
2 0.425 0.7398148148148148 0.478125 0.7398148148148148 0.478125 0.7861111111111111 0.425 0.7861111111111111
2 0.390625 0.7620370370370371 0.44166666666666665 0.7620370370370371 0.44166666666666665 0.812962962962963 0.390625 0.812962962962963
2 0.4 0.6907407407407408 0.44166666666666665 0.6907407407407408 0.44166666666666665 0.7351851851851852 0.4 0.7351851851851852
2 0.3802083333333333 0.7361111111111112 0.4109375 0.7361111111111112 0.4109375 0.7712962962962963 0.3802083333333333 0.7712962962962963
2 0.3640625 0.6907407407407408 0.40520833333333334 0.6907407407407408 0.40520833333333334 0.7129629629629629 0.3640625 0.7129629629629629
2 0.34739583333333335 0.7296296296296296 0.3802083333333333 0.7296296296296296 0.3802083333333333 0.7611111111111111 0.34739583333333335 0.7611111111111111
2 0.353125 0.7111111111111111 0.39166666666666666 0.7111111111111111 0.39166666666666666 0.7398148148148148 0.353125 0.7398148148148148
2 0.36770833333333336 0.6351851851851852 0.4114583333333333 0.6351851851851852 0.4114583333333333 0.6638888888888889 0.36770833333333336 0.6638888888888889
2 0.37552083333333336 0.5935185185185186 0.4296875 0.5935185185185186 0.4296875 0.6166666666666667 0.37552083333333336 0.6166666666666667
2 0.3619791666666667 0.5509259259259259 0.4 0.5509259259259259 0.4 0.5851851851851851 0.3619791666666667 0.5851851851851851
2 0.375 0.28888888888888886 0.4244791666666667 0.28888888888888886 0.4244791666666667 0.32222222222222224 0.375 0.32222222222222224
2 0.36041666666666666 0.23333333333333334 0.39947916666666666 0.23333333333333334 0.39947916666666666 0.2740740740740741 0.36041666666666666 0.2740740740740741
2 0.34010416666666665 0.2722222222222222 0.375 0.2722222222222222 0.375 0.30648148148148147 0.34010416666666665 0.30648148148148147
2 0.3265625 0.33611111111111114 0.3609375 0.33611111111111114 0.3609375 0.3685185185185185 0.3265625 0.3685185185185185
2 0.32083333333333336 0.31574074074074077 0.34739583333333335 0.31574074074074077 0.34739583333333335 0.3398148148148148 0.32083333333333336 0.3398148148148148
2 0.3255208333333333 0.5092592592592593 0.35833333333333334 0.5092592592592593 0.35833333333333334 0.5370370370370371 0.3255208333333333 0.5370370370370371
2 0.33489583333333334 0.47685185185185186 0.36770833333333336 0.47685185185185186 0.36770833333333336 0.5185185185185185 0.33489583333333334 0.5185185185185185
2 0.3380208333333333 0.6074074074074074 0.3671875 0.6074074074074074 0.3671875 0.6462962962962963 0.3380208333333333 0.6462962962962963
2 0.33958333333333335 0.6509259259259259 0.365625 0.6509259259259259 0.365625 0.6805555555555556 0.33958333333333335 0.6805555555555556
2 0.353125 0.6398148148148148 0.3828125 0.6398148148148148 0.3828125 0.6805555555555556 0.353125 0.6805555555555556
2 0.32447916666666665 0.6240740740740741 0.3536458333333333 0.6240740740740741 0.3536458333333333 0.65 0.32447916666666665 0.65