1 0.5005208333333333 0 0.6010416666666667 0 0.6010416666666667 0.08981481481481482 0.5005208333333333 0.08981481481481482
1 0.6786458333333333 0.4388888888888889 0.7046875 0.4388888888888889 0.7046875 0.49537037037037035 0.6786458333333333 0.49537037037037035
1 0.646875 0.20185185185185187 0.6828125 0.20185185185185187 0.6828125 0.29444444444444445 0.646875 0.29444444444444445
2 0.31875 0 0.4671875 0 0.4671875 0.07037037037037037 0.31875 0.07037037037037037
2 0.3328125 0.20925925925925926 0.4583333333333333 0.20925925925925926 0.4583333333333333 0.275 0.3328125 0.275
2 0.32708333333333334 0.9629629629629629 0.4515625 0.9629629629629629 0.4515625 1 0.32708333333333334 1
2 0.484375 0.11388888888888889 0.559375 0.11388888888888889 0.559375 0.1824074074074074 0.484375 0.1824074074074074
2 0.46458333333333335 0.1787037037037037 0.5494791666666666 0.1787037037037037 0.5494791666666666 0.2574074074074074 0.46458333333333335 0.2574074074074074
2 0.4505208333333333 0.3074074074074074 0.5354166666666667 0.3074074074074074 0.5354166666666667 0.3416666666666667 0.4505208333333333 0.3416666666666667
2 0.55625 0.18703703703703703 0.6005208333333333 0.18703703703703703 0.6005208333333333 0.22685185185185186 0.55625 0.22685185185185186
2 0.5901041666666667 0.20833333333333334 0.6375 0.20833333333333334 0.6375 0.25462962962962965 0.5901041666666667 0.25462962962962965
2 0.5526041666666667 0.30092592592592593 0.6098958333333333 0.30092592592592593 0.6098958333333333 0.3398148148148148 0.5526041666666667 0.3398148148148148
2 0.5296875 0.39814814814814814 0.6010416666666667 0.39814814814814814 0.6010416666666667 0.45092592592592595 0.5296875 0.45092592592592595
2 0.6145833333333334 0.4009259259259259 0.6536458333333334 0.4009259259259259 0.6536458333333334 0.42777777777777776 0.6145833333333334 0.42777777777777776
2 0.6197916666666666 0.42592592592592593 0.6630208333333333 0.42592592592592593 0.6630208333333333 0.4564814814814815 0.6197916666666666 0.4564814814814815
2 0.6536458333333334 0.4305555555555556 0.6833333333333333 0.4305555555555556 0.6833333333333333 0.4537037037037037 0.6536458333333334 0.4537037037037037
2 0.6546875 0.38981481481481484 0.6833333333333333 0.38981481481481484 0.6833333333333333 0.4111111111111111 0.6546875 0.4111111111111111
2 0.6666666666666666 0.37037037037037035 0.6927083333333334 0.37037037037037035 0.6927083333333334 0.387037037037037 0.6666666666666666 0.387037037037037
2 0.6442708333333333 0.3453703703703704 0.6776041666666667 0.3453703703703704 0.6776041666666667 0.3731481481481482 0.6442708333333333 0.3731481481481482
2 0.6333333333333333 0.28055555555555556 0.6697916666666667 0.28055555555555556 0.6697916666666667 0.30092592592592593 0.6333333333333333 0.30092592592592593
2 0.6057291666666667 0.3333333333333333 0.6536458333333334 0.3333333333333333 0.6536458333333334 0.37222222222222223 0.6057291666666667 0.37222222222222223
2 0.6885416666666667 0.3962962962962963 0.7130208333333333 0.3962962962962963 0.7130208333333333 0.4101851851851852 0.6885416666666667 0.4101851851851852
2 0.6807291666666667 0.4111111111111111 0.7057291666666666 0.4111111111111111 0.7057291666666666 0.4212962962962963 0.6807291666666667 0.4212962962962963
2 0.6901041666666666 0.42592592592592593 0.7119791666666667 0.42592592592592593 0.7119791666666667 0.44074074074074077 0.6901041666666666 0.44074074074074077
2 0.6979166666666666 0.44907407407407407 0.7182291666666667 0.44907407407407407 0.7182291666666667 0.4638888888888889 0.6979166666666666 0.4638888888888889
2 0.6885416666666667 0.5 0.7135416666666666 0.5 0.7135416666666666 0.5203703703703704 0.6885416666666667 0.5203703703703704
2 0.6942708333333333 0.37777777777777777 0.7177083333333333 0.37777777777777777 0.7177083333333333 0.387037037037037 0.6942708333333333 0.387037037037037
2 0.7067708333333333 0.4046296296296296 0.7208333333333333 0.4046296296296296 0.7208333333333333 0.4203703703703704 0.7067708333333333 0.4203703703703704
2 0.6802083333333333 0.6712962962962963 0.6994791666666667 0.6712962962962963 0.6994791666666667 0.6935185185185185 0.6802083333333333 0.6935185185185185
2 0.6515625 0.6768518518518518 0.6885416666666667 0.6768518518518518 0.6885416666666667 0.700925925925926 0.6515625 0.700925925925926
2 0.675 0.7203703703703703 0.696875 0.7203703703703703 0.696875 0.7333333333333333 0.675 0.7333333333333333
2 0.659375 0.7416666666666667 0.6890625 0.7416666666666667 0.6890625 0.7537037037037037 0.659375 0.7537037037037037
1 0.6947916666666667 0.6824074074074075 0.7166666666666667 0.6824074074074075 0.7166666666666667 0.7583333333333333 0.6947916666666667 0.7583333333333333
2 0.7015625 0.637962962962963 0.7208333333333333 0.637962962962963 0.7208333333333333 0.6564814814814814 0.7015625 0.6564814814814814