1 0.5057291666666667 0 0.6078125 0 0.6078125 0.07962962962962963 0.5057291666666667 0.07962962962962963
1 0.39739583333333334 0.8444444444444444 0.5104166666666666 0.8444444444444444 0.5104166666666666 1 0.39739583333333334 1
1 0.6911458333333333 0.562037037037037 0.7151041666666667 0.562037037037037 0.7151041666666667 0.6175925925925926 0.6911458333333333 0.6175925925925926
2 0.6567708333333333 0.5925925925925926 0.6869791666666667 0.5925925925925926 0.6869791666666667 0.6342592592592593 0.6567708333333333 0.6342592592592593
2 0.3458333333333333 0.27037037037037037 0.45 0.27037037037037037 0.45 0.3731481481481482 0.3458333333333333 0.3731481481481482
0 0.6166666666666667 0.2212962962962963 0.7098958333333333 0.2212962962962963 0.7098958333333333 0.3537037037037037 0.6166666666666667 0.3537037037037037
2 0.44947916666666665 0.2101851851851852 0.5322916666666667 0.2101851851851852 0.5322916666666667 0.27314814814814814 0.44947916666666665 0.27314814814814814
2 0.43385416666666665 0.044444444444444446 0.5213541666666667 0.044444444444444446 0.5213541666666667 0.13333333333333333 0.43385416666666665 0.13333333333333333
2 0.6067708333333334 0.7509259259259259 0.6442708333333333 0.7509259259259259 0.6442708333333333 0.7916666666666666 0.6067708333333334 0.7916666666666666
2 0.6489583333333333 0.7611111111111111 0.6796875 0.7611111111111111 0.6796875 0.8 0.6489583333333333 0.8
2 0.5348958333333333 0.08611111111111111 0.5911458333333334 0.08611111111111111 0.5911458333333334 0.1398148148148148 0.5348958333333333 0.1398148148148148
2 0.25052083333333336 0.8953703703703704 0.34739583333333335 0.8953703703703704 0.34739583333333335 1 0.25052083333333336 1
2 0.5640625 0.3111111111111111 0.6171875 0.3111111111111111 0.6171875 0.36666666666666664 0.5640625 0.36666666666666664
1 0.6744791666666666 0.6342592592592593 0.7057291666666666 0.6342592592592593 0.7057291666666666 0.7083333333333334 0.6744791666666666 0.7083333333333334
2 0.540625 0.7398148148148148 0.5973958333333333 0.7398148148148148 0.5973958333333333 0.7972222222222223 0.540625 0.7972222222222223
2 0.646875 0.4148148148148148 0.6776041666666667 0.4148148148148148 0.6776041666666667 0.4546296296296296 0.646875 0.4546296296296296
2 0.5979166666666667 0.35185185185185186 0.640625 0.35185185185185186 0.640625 0.4027777777777778 0.5979166666666667 0.4027777777777778
2 0.61875 0.40370370370370373 0.6625 0.40370370370370373 0.6625 0.44351851851851853 0.61875 0.44351851851851853