1 0.39895833333333336 0.9083333333333333 0.49895833333333334 0.9083333333333333 0.49895833333333334 1 0.39895833333333336 1
1 0.31875 0.6907407407407408 0.35520833333333335 0.6907407407407408 0.35520833333333335 0.7944444444444444 0.31875 0.7944444444444444
1 0.28958333333333336 0.5 0.3151041666666667 0.5 0.3151041666666667 0.5527777777777778 0.28958333333333336 0.5527777777777778
1 0.2859375 0.21944444444444444 0.3072916666666667 0.21944444444444444 0.3072916666666667 0.3074074074074074 0.2859375 0.3074074074074074
2 0.45989583333333334 0.8092592592592592 0.5494791666666666 0.8092592592592592 0.5494791666666666 0.8787037037037037 0.45989583333333334 0.8787037037037037
2 0.4015625 0.7509259259259259 0.4630208333333333 0.7509259259259259 0.4630208333333333 0.8018518518518518 0.4015625 0.8018518518518518
2 0.3765625 0.7175925925925926 0.4125 0.7175925925925926 0.4125 0.7527777777777778 0.3765625 0.7527777777777778
2 0.346875 0.7129629629629629 0.38385416666666666 0.7129629629629629 0.38385416666666666 0.7444444444444445 0.346875 0.7444444444444445
2 0.3619791666666667 0.6212962962962963 0.403125 0.6212962962962963 0.403125 0.662962962962963 0.3619791666666667 0.662962962962963
2 0.4114583333333333 0.6962962962962963 0.4734375 0.6962962962962963 0.4734375 0.7277777777777777 0.4114583333333333 0.7277777777777777
2 0.459375 0.6342592592592593 0.5458333333333333 0.6342592592592593 0.5458333333333333 0.6861111111111111 0.459375 0.6861111111111111
2 0.4088541666666667 0.600925925925926 0.4661458333333333 0.600925925925926 0.4661458333333333 0.6472222222222223 0.4088541666666667 0.6472222222222223
2 0.36666666666666664 0.5277777777777778 0.41770833333333335 0.5277777777777778 0.41770833333333335 0.5814814814814815 0.36666666666666664 0.5814814814814815
2 0.32447916666666665 0.6759259259259259 0.3567708333333333 0.6759259259259259 0.3567708333333333 0.7018518518518518 0.32447916666666665 0.7018518518518518
2 0.3171875 0.6527777777777778 0.3453125 0.6527777777777778 0.3453125 0.6648148148148149 0.3171875 0.6648148148148149
2 0.3255208333333333 0.6333333333333333 0.3515625 0.6333333333333333 0.3515625 0.6537037037037037 0.3255208333333333 0.6537037037037037
2 0.33229166666666665 0.6101851851851852 0.3609375 0.6101851851851852 0.3609375 0.6370370370370371 0.33229166666666665 0.6370370370370371
2 0.3463541666666667 0.6388888888888888 0.375 0.6388888888888888 0.375 0.6657407407407407 0.3463541666666667 0.6657407407407407
2 0.32760416666666664 0.562037037037037 0.3651041666666667 0.562037037037037 0.3651041666666667 0.5824074074074074 0.32760416666666664 0.5824074074074074
2 0.3265625 0.5305555555555556 0.35885416666666664 0.5305555555555556 0.35885416666666664 0.5583333333333333 0.3265625 0.5583333333333333
2 0.30833333333333335 0.5842592592592593 0.33541666666666664 0.5842592592592593 0.33541666666666664 0.6037037037037037 0.30833333333333335 0.6037037037037037
2 0.3015625 0.5962962962962963 0.32760416666666664 0.5962962962962963 0.32760416666666664 0.6148148148148148 0.3015625 0.6148148148148148
2 0.30520833333333336 0.55 0.3234375 0.55 0.3234375 0.5638888888888889 0.30520833333333336 0.5638888888888889
2 0.2890625 0.5638888888888889 0.3109375 0.5638888888888889 0.3109375 0.5796296296296296 0.2890625 0.5796296296296296
2 0.2828125 0.5879629629629629 0.30416666666666664 0.5879629629629629 0.30416666666666664 0.6046296296296296 0.2828125 0.6046296296296296
2 0.28177083333333336 0.4842592592592593 0.3026041666666667 0.4842592592592593 0.3026041666666667 0.5027777777777778 0.28177083333333336 0.5027777777777778
2 0.28125 0.32407407407407407 0.3046875 0.32407407407407407 0.3046875 0.3453703703703704 0.28125 0.3453703703703704
2 0.30416666666666664 0.3111111111111111 0.3302083333333333 0.3111111111111111 0.3302083333333333 0.34444444444444444 0.30416666666666664 0.34444444444444444
2 0.31875 0.28888888888888886 0.35052083333333334 0.28888888888888886 0.35052083333333334 0.3101851851851852 0.31875 0.3101851851851852
2 0.30520833333333336 0.26481481481481484 0.3302083333333333 0.26481481481481484 0.3302083333333333 0.28703703703703703 0.30520833333333336 0.28703703703703703
1 0.3145833333333333 0.23703703703703705 0.346875 0.23703703703703705 0.346875 0.25925925925925924 0.3145833333333333 0.25925925925925924