1 0.14479166666666668 0.32037037037037036 0.2703125 0.32037037037037036 0.2703125 0.5009259259259259 0.14479166666666668 0.5009259259259259
1 0.334375 0.17685185185185184 0.39114583333333336 0.17685185185185184 0.39114583333333336 0.24074074074074073 0.334375 0.24074074074074073
1 0.47760416666666666 0.10925925925925926 0.5036458333333333 0.10925925925925926 0.5036458333333333 0.15 0.47760416666666666 0.15
2 0.017708333333333333 0.7092592592592593 0.11041666666666666 0.7092592592592593 0.11041666666666666 0.9851851851851852 0.017708333333333333 0.9851851851851852
2 0.2359375 0.674074074074074 0.29322916666666665 0.674074074074074 0.29322916666666665 0.9564814814814815 0.2359375 0.9564814814814815
2 0.22552083333333334 0.462037037037037 0.271875 0.462037037037037 0.271875 0.6175925925925926 0.22552083333333334 0.6175925925925926
2 0.3098958333333333 0.43796296296296294 0.3421875 0.43796296296296294 0.3421875 0.5962962962962963 0.3098958333333333 0.5962962962962963
2 0.309375 0.3398148148148148 0.3416666666666667 0.3398148148148148 0.3416666666666667 0.46296296296296297 0.309375 0.46296296296296297
2 0.3729166666666667 0.42314814814814816 0.4119791666666667 0.42314814814814816 0.4119791666666667 0.5935185185185186 0.3729166666666667 0.5935185185185186
2 0.3859375 0.27314814814814814 0.4036458333333333 0.27314814814814814 0.4036458333333333 0.37592592592592594 0.3859375 0.37592592592592594
2 0.4192708333333333 0.2388888888888889 0.434375 0.2388888888888889 0.434375 0.3138888888888889 0.4192708333333333 0.3138888888888889
2 0.45416666666666666 0.2537037037037037 0.471875 0.2537037037037037 0.471875 0.33425925925925926 0.45416666666666666 0.33425925925925926
2 0.40520833333333334 0.20185185185185187 0.415625 0.20185185185185187 0.415625 0.2601851851851852 0.40520833333333334 0.2601851851851852
2 0.3984375 0.1814814814814815 0.40729166666666666 0.1814814814814815 0.40729166666666666 0.23796296296296296 0.3984375 0.23796296296296296
2 0.4427083333333333 0.19074074074074074 0.45260416666666664 0.19074074074074074 0.45260416666666664 0.2462962962962963 0.4427083333333333 0.2462962962962963
2 0.43645833333333334 0.17407407407407408 0.44427083333333334 0.17407407407407408 0.44427083333333334 0.2222222222222222 0.43645833333333334 0.2222222222222222
2 0.4322916666666667 0.1574074074074074 0.4395833333333333 0.1574074074074074 0.4395833333333333 0.19537037037037036 0.4322916666666667 0.19537037037037036
2 0.41354166666666664 0.14907407407407408 0.4197916666666667 0.14907407407407408 0.4197916666666667 0.1962962962962963 0.41354166666666664 0.1962962962962963
2 0.48020833333333335 0.18796296296296297 0.49270833333333336 0.18796296296296297 0.49270833333333336 0.2462962962962963 0.48020833333333335 0.2462962962962963
2 0.47708333333333336 0.14814814814814814 0.48854166666666665 0.14814814814814814 0.48854166666666665 0.19074074074074074 0.47708333333333336 0.19074074074074074
2 0.4588541666666667 0.14907407407407408 0.4708333333333333 0.14907407407407408 0.4708333333333333 0.19537037037037036 0.4588541666666667 0.19537037037037036
2 0.465625 0.13055555555555556 0.47604166666666664 0.13055555555555556 0.47604166666666664 0.16574074074074074 0.465625 0.16574074074074074
2 0.44895833333333335 0.15925925925925927 0.4578125 0.15925925925925927 0.4578125 0.19722222222222222 0.44895833333333335 0.19722222222222222
2 0.44635416666666666 0.13240740740740742 0.4546875 0.13240740740740742 0.4546875 0.1648148148148148 0.44635416666666666 0.1648148148148148
2 0.5848958333333333 0.15833333333333333 0.596875 0.15833333333333333 0.596875 0.21203703703703702 0.5848958333333333 0.21203703703703702
2 0.6067708333333334 0.13796296296296295 0.6135416666666667 0.13796296296296295 0.6135416666666667 0.16574074074074074 0.6067708333333334 0.16574074074074074
2 0.60625 0.1712962962962963 0.621875 0.1712962962962963 0.621875 0.2212962962962963 0.60625 0.2212962962962963
2 0.6473958333333333 0.1962962962962963 0.6625 0.1962962962962963 0.6625 0.24722222222222223 0.6473958333333333 0.24722222222222223
2 0.628125 0.2212962962962963 0.646875 0.2212962962962963 0.646875 0.287962962962963 0.628125 0.287962962962963
1 0.6328125 0.12037037037037036 0.6890625 0.12037037037037036 0.6890625 0.17314814814814813 0.6328125 0.17314814814814813