1 0.5 0 0.5989583333333334 0 0.5989583333333334 0.09444444444444444 0.5 0.09444444444444444
1 0.6458333333333334 0.18611111111111112 0.68125 0.18611111111111112 0.68125 0.30648148148148147 0.6458333333333334 0.30648148148148147
1 0.60625 0.38333333333333336 0.6536458333333334 0.38333333333333336 0.6536458333333334 0.47129629629629627 0.60625 0.47129629629629627
2 0.42291666666666666 0.009259259259259259 0.509375 0.009259259259259259 0.509375 0.11018518518518519 0.42291666666666666 0.11018518518518519
2 0.5307291666666667 0.8916666666666667 0.5885416666666666 0.8916666666666667 0.5885416666666666 0.9537037037037037 0.5307291666666667 0.9537037037037037
2 0.5520833333333334 0.7916666666666666 0.603125 0.7916666666666666 0.603125 0.8537037037037037 0.5520833333333334 0.8537037037037037
2 0.5541666666666667 0.23703703703703705 0.603125 0.23703703703703705 0.603125 0.2861111111111111 0.5541666666666667 0.2861111111111111
2 0.3140625 0.16666666666666666 0.4270833333333333 0.16666666666666666 0.4270833333333333 0.2657407407407407 0.3140625 0.2657407407407407
2 0.6416666666666667 0.36666666666666664 0.66875 0.36666666666666664 0.66875 0.39814814814814814 0.6416666666666667 0.39814814814814814
2 0.48385416666666664 0.2962962962962963 0.553125 0.2962962962962963 0.553125 0.3638888888888889 0.48385416666666664 0.3638888888888889
2 0.50625 0.1259259259259259 0.575 0.1259259259259259 0.575 0.18611111111111112 0.50625 0.18611111111111112
2 0.60625 0.7777777777777778 0.65 0.7777777777777778 0.65 0.8342592592592593 0.60625 0.8342592592592593
2 0.6838541666666667 0.4601851851851852 0.70625 0.4601851851851852 0.70625 0.48333333333333334 0.6838541666666667 0.48333333333333334
2 0.5942708333333333 0.3351851851851852 0.6385416666666667 0.3351851851851852 0.6385416666666667 0.375 0.5942708333333333 0.375
2 0.59375 0.25833333333333336 0.6338541666666667 0.25833333333333336 0.6338541666666667 0.3055555555555556 0.59375 0.3055555555555556
2 0.65625 0.41944444444444445 0.6786458333333333 0.41944444444444445 0.6786458333333333 0.44722222222222224 0.65625 0.44722222222222224
2 0.6161458333333333 0.7185185185185186 0.6614583333333334 0.7185185185185186 0.6614583333333334 0.7638888888888888 0.6161458333333333 0.7638888888888888
2 0.6557291666666667 0.49444444444444446 0.6833333333333333 0.49444444444444446 0.6833333333333333 0.524074074074074 0.6557291666666667 0.524074074074074
2 0.6760416666666667 0.4287037037037037 0.6989583333333333 0.4287037037037037 0.6989583333333333 0.4564814814814815 0.6760416666666667 0.4564814814814815
2 0.6916666666666667 0.6351851851851852 0.7114583333333333 0.6351851851851852 0.7114583333333333 0.662962962962963 0.6916666666666667 0.662962962962963
2 0.5697916666666667 0.13518518518518519 0.5984375 0.13518518518518519 0.5984375 0.18888888888888888 0.5697916666666667 0.18888888888888888
2 0.684375 0.6916666666666667 0.7078125 0.6916666666666667 0.7078125 0.7212962962962963 0.684375 0.7212962962962963
2 0.6776041666666667 0.3527777777777778 0.6984375 0.3527777777777778 0.6984375 0.3787037037037037 0.6776041666666667 0.3787037037037037