1 0.14479166666666668 0.31296296296296294 0.2708333333333333 0.31296296296296294 0.2708333333333333 0.48703703703703705 0.14479166666666668 0.48703703703703705
1 0.3260416666666667 0.17222222222222222 0.39427083333333335 0.17222222222222222 0.39427083333333335 0.2361111111111111 0.3260416666666667 0.2361111111111111
2 0.7901041666666667 0.6814814814814815 0.8651041666666667 0.6814814814814815 0.8651041666666667 0.8861111111111111 0.7901041666666667 0.8861111111111111
2 0.1828125 0.587037037037037 0.24322916666666666 0.587037037037037 0.24322916666666666 0.7703703703703704 0.1828125 0.7703703703703704
2 0.6916666666666667 0.3824074074074074 0.7286458333333333 0.3824074074074074 0.7286458333333333 0.4898148148148148 0.6916666666666667 0.4898148148148148
2 0.7979166666666667 0.5009259259259259 0.8473958333333333 0.5009259259259259 0.8473958333333333 0.6333333333333333 0.7979166666666667 0.6333333333333333
2 0.3203125 0.41574074074074074 0.36614583333333334 0.41574074074074074 0.36614583333333334 0.5407407407407407 0.3203125 0.5407407407407407
2 0.6083333333333333 0.1675925925925926 0.6317708333333333 0.1675925925925926 0.6317708333333333 0.21574074074074073 0.6083333333333333 0.21574074074074073
2 0.5848958333333333 0.23425925925925925 0.6104166666666667 0.23425925925925925 0.6104166666666667 0.3111111111111111 0.5848958333333333 0.3111111111111111
2 0.5526041666666667 0.18518518518518517 0.5817708333333333 0.18518518518518517 0.5817708333333333 0.25277777777777777 0.5526041666666667 0.25277777777777777
2 0.4010416666666667 0.3314814814814815 0.4390625 0.3314814814814815 0.4390625 0.45092592592592595 0.4010416666666667 0.45092592592592595
2 0.6307291666666667 0.2518518518518518 0.6546875 0.2518518518518518 0.6546875 0.3277777777777778 0.6307291666666667 0.3277777777777778
2 0.375 0.2972222222222222 0.4036458333333333 0.2972222222222222 0.4036458333333333 0.3907407407407407 0.375 0.3907407407407407
2 0.6203125 0.31851851851851853 0.6541666666666667 0.31851851851851853 0.6541666666666667 0.41759259259259257 0.6203125 0.41759259259259257
2 0.6494791666666667 0.1814814814814815 0.6734375 0.1814814814814815 0.6734375 0.24351851851851852 0.6494791666666667 0.24351851851851852
2 0.5828125 0.13425925925925927 0.596875 0.13425925925925927 0.596875 0.1712962962962963 0.5828125 0.1712962962962963
2 0.503125 0.16111111111111112 0.5328125 0.16111111111111112 0.5328125 0.22592592592592592 0.503125 0.22592592592592592
2 0.4328125 0.19907407407407407 0.45677083333333335 0.19907407407407407 0.45677083333333335 0.26666666666666666 0.4328125 0.26666666666666666
2 0.415625 0.17222222222222222 0.4348958333333333 0.17222222222222222 0.4348958333333333 0.21851851851851853 0.415625 0.21851851851851853
2 0.4635416666666667 0.17592592592592593 0.4822916666666667 0.17592592592592593 0.4822916666666667 0.2351851851851852 0.4635416666666667 0.2351851851851852