1 0.13697916666666668 0.33611111111111114 0.25885416666666666 0.33611111111111114 0.25885416666666666 0.5231481481481481 0.13697916666666668 0.5231481481481481
1 0.43125 0.22314814814814815 0.4822916666666667 0.22314814814814815 0.4822916666666667 0.3111111111111111 0.43125 0.3111111111111111
1 0.3234375 0.19074074074074074 0.38125 0.19074074074074074 0.38125 0.2564814814814815 0.3234375 0.2564814814814815
1 0.5510416666666667 0.20185185185185187 0.5989583333333334 0.20185185185185187 0.5989583333333334 0.2814814814814815 0.5510416666666667 0.2814814814814815
1 0.5286458333333334 0.13518518518518519 0.5588541666666667 0.13518518518518519 0.5588541666666667 0.17592592592592593 0.5286458333333334 0.17592592592592593
2 0.27239583333333334 0.5388888888888889 0.315625 0.5388888888888889 0.315625 0.7574074074074074 0.27239583333333334 0.7574074074074074
2 0.10260416666666666 0.6342592592592593 0.1625 0.6342592592592593 0.1625 0.8398148148148148 0.10260416666666666 0.8398148148148148
1 0.6515625 0.14537037037037037 0.7 0.14537037037037037 0.7 0.18888888888888888 0.6515625 0.18888888888888888
2 0.18489583333333334 0.6092592592592593 0.228125 0.6092592592592593 0.228125 0.8296296296296296 0.18489583333333334 0.8296296296296296
2 0.2484375 0.4166666666666667 0.2869791666666667 0.4166666666666667 0.2869791666666667 0.5555555555555556 0.2484375 0.5555555555555556
2 0.29583333333333334 0.43425925925925923 0.33958333333333335 0.43425925925925923 0.33958333333333335 0.5712962962962963 0.29583333333333334 0.5712962962962963
2 0.33697916666666666 0.35833333333333334 0.3723958333333333 0.35833333333333334 0.3723958333333333 0.4666666666666667 0.33697916666666666 0.4666666666666667
2 0.38385416666666666 0.35555555555555557 0.4041666666666667 0.35555555555555557 0.4041666666666667 0.475 0.38385416666666666 0.475
2 0.7838541666666666 0.45740740740740743 0.8234375 0.45740740740740743 0.8234375 0.6037037037037037 0.7838541666666666 0.6037037037037037
2 0.6375 0.2564814814814815 0.6552083333333333 0.2564814814814815 0.6552083333333333 0.3574074074074074 0.6375 0.3574074074074074
2 0.3572916666666667 0.26944444444444443 0.37864583333333335 0.26944444444444443 0.37864583333333335 0.3472222222222222 0.3572916666666667 0.3472222222222222
2 0.39791666666666664 0.2537037037037037 0.41510416666666666 0.2537037037037037 0.41510416666666666 0.3287037037037037 0.39791666666666664 0.3287037037037037
2 0.3723958333333333 0.21481481481481482 0.3927083333333333 0.21481481481481482 0.3927083333333333 0.287962962962963 0.3723958333333333 0.287962962962963
2 0.40572916666666664 0.16666666666666666 0.41458333333333336 0.16666666666666666 0.41458333333333336 0.22777777777777777 0.40572916666666664 0.22777777777777777
2 0.40260416666666665 0.10555555555555556 0.41302083333333334 0.10555555555555556 0.41302083333333334 0.16018518518518518 0.40260416666666665 0.16018518518518518
2 0.4203125 0.13240740740740742 0.4276041666666667 0.13240740740740742 0.4276041666666667 0.17314814814814813 0.4203125 0.17314814814814813
2 0.43125 0.1574074074074074 0.4432291666666667 0.1574074074074074 0.4432291666666667 0.2064814814814815 0.43125 0.2064814814814815
2 0.44583333333333336 0.15092592592592594 0.4552083333333333 0.15092592592592594 0.4552083333333333 0.1962962962962963 0.44583333333333336 0.1962962962962963
2 0.4640625 0.1537037037037037 0.47239583333333335 0.1537037037037037 0.47239583333333335 0.20462962962962963 0.4640625 0.20462962962962963
2 0.503125 0.18888888888888888 0.5270833333333333 0.18888888888888888 0.5270833333333333 0.24814814814814815 0.503125 0.24814814814814815
2 0.5661458333333333 0.14537037037037037 0.5755208333333334 0.14537037037037037 0.5755208333333334 0.18333333333333332 0.5661458333333333 0.18333333333333332
2 0.5875 0.14444444444444443 0.5953125 0.14444444444444443 0.5953125 0.18703703703703703 0.5875 0.18703703703703703
2 0.5807291666666666 0.13518518518518519 0.5859375 0.13518518518518519 0.5859375 0.1648148148148148 0.5807291666666666 0.1648148148148148
2 0.4432291666666667 0.12777777777777777 0.45208333333333334 0.12777777777777777 0.45208333333333334 0.15555555555555556 0.4432291666666667 0.15555555555555556
2 0.44947916666666665 0.12129629629629629 0.4583333333333333 0.12129629629629629 0.4583333333333333 0.16018518518518518 0.44947916666666665 0.16018518518518518
2 0.46197916666666666 0.11666666666666667 0.4713541666666667 0.11666666666666667 0.4713541666666667 0.15833333333333333 0.46197916666666666 0.15833333333333333