1 0.5026041666666666 0 0.6072916666666667 0 0.6072916666666667 0.09166666666666666 0.5026041666666666 0.09166666666666666
2 0.6526041666666667 0.5509259259259259 0.68125 0.5509259259259259 0.68125 0.6148148148148148 0.6526041666666667 0.6148148148148148
1 0.6427083333333333 0.17592592592592593 0.6807291666666667 0.17592592592592593 0.6807291666666667 0.29074074074074074 0.6427083333333333 0.29074074074074074
2 0.4859375 0.9472222222222222 0.5557291666666667 0.9472222222222222 0.5557291666666667 1 0.4859375 1
2 0.5927083333333333 0.275 0.640625 0.275 0.640625 0.32407407407407407 0.5927083333333333 0.32407407407407407
2 0.6114583333333333 0.40370370370370373 0.6541666666666667 0.40370370370370373 0.6541666666666667 0.44722222222222224 0.6114583333333333 0.44722222222222224
2 0.4359375 0.22962962962962963 0.5286458333333334 0.22962962962962963 0.5286458333333334 0.3074074074074074 0.4359375 0.3074074074074074
2 0.5880208333333333 0.7351851851851852 0.6348958333333333 0.7351851851851852 0.6348958333333333 0.7777777777777778 0.5880208333333333 0.7777777777777778
2 0.4234375 0.36203703703703705 0.5171875 0.36203703703703705 0.5171875 0.43425925925925923 0.4234375 0.43425925925925923
2 0.6755208333333333 0.3731481481481482 0.7 0.3731481481481482 0.7 0.4 0.6755208333333333 0.4
2 0.6697916666666667 0.46296296296296297 0.696875 0.46296296296296297 0.696875 0.49166666666666664 0.6697916666666667 0.49166666666666664
2 0.6369791666666667 0.7324074074074074 0.66875 0.7324074074074074 0.66875 0.7712962962962963 0.6369791666666667 0.7712962962962963
2 0.6598958333333333 0.6351851851851852 0.6822916666666666 0.6351851851851852 0.6822916666666666 0.6648148148148149 0.6598958333333333 0.6648148148148149
2 0.6885416666666667 0.5981481481481481 0.7104166666666667 0.5981481481481481 0.7104166666666667 0.6268518518518519 0.6885416666666667 0.6268518518518519
2 0.5635416666666667 0.3398148148148148 0.6229166666666667 0.3398148148148148 0.6229166666666667 0.37962962962962965 0.5635416666666667 0.37962962962962965
2 0.6125 0.362962962962963 0.65625 0.362962962962963 0.65625 0.3907407407407407 0.6125 0.3907407407407407
2 0.6197916666666666 0.3138888888888889 0.6619791666666667 0.3138888888888889 0.6619791666666667 0.34074074074074073 0.6197916666666666 0.34074074074074073
2 0.6578125 0.325 0.6958333333333333 0.325 0.6958333333333333 0.35185185185185186 0.6578125 0.35185185185185186
2 0.6770833333333334 0.662962962962963 0.7078125 0.662962962962963 0.7078125 0.6851851851851852 0.6770833333333334 0.6851851851851852
2 0.6682291666666667 0.7620370370370371 0.7010416666666667 0.7620370370370371 0.7010416666666667 0.7870370370370371 0.6682291666666667 0.7870370370370371
2 0.5916666666666667 0.7916666666666666 0.6369791666666667 0.7916666666666666 0.6369791666666667 0.8324074074074074 0.5916666666666667 0.8324074074074074
2 0.6546875 0.40925925925925927 0.690625 0.40925925925925927 0.690625 0.43703703703703706 0.6546875 0.43703703703703706