1 0.5036458333333333 0 0.6026041666666667 0 0.6026041666666667 0.09166666666666666 0.5036458333333333 0.09166666666666666
1 0.5630208333333333 0.3398148148148148 0.6234375 0.3398148148148148 0.6234375 0.4546296296296296 0.5630208333333333 0.4546296296296296
1 0.6463541666666667 0.18333333333333332 0.6817708333333333 0.18333333333333332 0.6817708333333333 0.3037037037037037 0.6463541666666667 0.3037037037037037
2 0.23958333333333334 0.08703703703703704 0.3807291666666667 0.08703703703703704 0.3807291666666667 0.20092592592592592 0.23958333333333334 0.20092592592592592
2 0.521875 0.27314814814814814 0.58125 0.27314814814814814 0.58125 0.3388888888888889 0.521875 0.3388888888888889
2 0.4348958333333333 0.18703703703703703 0.5151041666666667 0.18703703703703703 0.5151041666666667 0.26851851851851855 0.4348958333333333 0.26851851851851855
2 0.6489583333333333 0.4962962962962963 0.6833333333333333 0.4962962962962963 0.6833333333333333 0.5342592592592592 0.6489583333333333 0.5342592592592592
2 0.5442708333333334 0.18518518518518517 0.59375 0.18518518518518517 0.59375 0.23981481481481481 0.5442708333333334 0.23981481481481481
2 0.6489583333333333 0.6972222222222222 0.6822916666666666 0.6972222222222222 0.6822916666666666 0.7342592592592593 0.6489583333333333 0.7342592592592593
2 0.6182291666666667 0.7277777777777777 0.6567708333333333 0.7277777777777777 0.6567708333333333 0.7712962962962963 0.6182291666666667 0.7712962962962963
2 0.4734375 0.008333333333333333 0.5390625 0.008333333333333333 0.5390625 0.09074074074074075 0.4734375 0.09074074074074075
2 0.65625 0.4185185185185185 0.6848958333333334 0.4185185185185185 0.6848958333333334 0.45 0.65625 0.45
2 0.6057291666666667 0.3101851851851852 0.6401041666666667 0.3101851851851852 0.6401041666666667 0.34814814814814815 0.6057291666666667 0.34814814814814815
2 0.615625 0.7953703703703704 0.6552083333333333 0.7953703703703704 0.6552083333333333 0.8351851851851851 0.615625 0.8351851851851851
2 0.5135416666666667 0.16018518518518518 0.5557291666666667 0.16018518518518518 0.5557291666666667 0.21481481481481482 0.5135416666666667 0.21481481481481482
2 0.6682291666666667 0.45740740740740743 0.6953125 0.45740740740740743 0.6953125 0.48518518518518516 0.6682291666666667 0.48518518518518516
2 0.6234375 0.3907407407407407 0.6651041666666667 0.3907407407407407 0.6651041666666667 0.4212962962962963 0.6234375 0.4212962962962963