1 0.49583333333333335 0 0.5953125 0 0.5953125 0.08518518518518518 0.49583333333333335 0.08518518518518518
1 0.26510416666666664 0.12407407407407407 0.4609375 0.12407407407407407 0.4609375 0.3925925925925926 0.26510416666666664 0.3925925925925926
1 0.6427083333333333 0.20277777777777778 0.6786458333333333 0.20277777777777778 0.6786458333333333 0.3055555555555556 0.6427083333333333 0.3055555555555556
1 0.6833333333333333 0.7851851851851852 0.7078125 0.7851851851851852 0.7078125 0.8703703703703703 0.6833333333333333 0.8703703703703703
1 0.690625 0.5787037037037037 0.7135416666666666 0.5787037037037037 0.7135416666666666 0.6296296296296297 0.690625 0.6296296296296297
2 0.5333333333333333 0.8212962962962963 0.5973958333333333 0.8212962962962963 0.5973958333333333 0.8768518518518519 0.5333333333333333 0.8768518518518519
2 0.4640625 0.041666666666666664 0.5479166666666667 0.041666666666666664 0.5479166666666667 0.11018518518518519 0.4640625 0.11018518518518519
2 0.434375 0.1388888888888889 0.525 0.1388888888888889 0.525 0.19537037037037036 0.434375 0.19537037037037036
2 0.5557291666666667 0.20833333333333334 0.6208333333333333 0.20833333333333334 0.6208333333333333 0.25 0.5557291666666667 0.25
2 0.5494791666666666 0.3388888888888889 0.6 0.3388888888888889 0.6 0.37777777777777777 0.5494791666666666 0.37777777777777777
2 0.5807291666666666 0.3074074074074074 0.6307291666666667 0.3074074074074074 0.6307291666666667 0.33240740740740743 0.5807291666666666 0.33240740740740743
2 0.6151041666666667 0.2833333333333333 0.653125 0.2833333333333333 0.653125 0.3101851851851852 0.6151041666666667 0.3101851851851852
2 0.5921875 0.3675925925925926 0.6364583333333333 0.3675925925925926 0.6364583333333333 0.4064814814814815 0.5921875 0.4064814814814815
2 0.60625 0.7907407407407407 0.6484375 0.7907407407407407 0.6484375 0.8305555555555556 0.60625 0.8305555555555556
2 0.6453125 0.7379629629629629 0.675 0.7379629629629629 0.675 0.7675925925925926 0.6453125 0.7675925925925926
2 0.6484375 0.6148148148148148 0.6802083333333333 0.6148148148148148 0.6802083333333333 0.6712962962962963 0.6484375 0.6712962962962963
2 0.6598958333333333 0.4703703703703704 0.6869791666666667 0.4703703703703704 0.6869791666666667 0.4981481481481482 0.6598958333333333 0.4981481481481482
2 0.6614583333333334 0.4305555555555556 0.6885416666666667 0.4305555555555556 0.6885416666666667 0.4546296296296296 0.6614583333333334 0.4546296296296296
2 0.6427083333333333 0.39351851851851855 0.6770833333333334 0.39351851851851855 0.6770833333333334 0.41203703703703703 0.6427083333333333 0.41203703703703703
2 0.6510416666666666 0.35 0.6786458333333333 0.35 0.6786458333333333 0.3787037037037037 0.6510416666666666 0.3787037037037037
2 0.6776041666666667 0.33055555555555555 0.6989583333333333 0.33055555555555555 0.6989583333333333 0.3490740740740741 0.6776041666666667 0.3490740740740741
2 0.6786458333333333 0.36203703703703705 0.7005208333333334 0.36203703703703705 0.7005208333333334 0.37222222222222223 0.6786458333333333 0.37222222222222223
2 0.6703125 0.3768518518518518 0.6958333333333333 0.3768518518518518 0.6958333333333333 0.39537037037037037 0.6703125 0.39537037037037037
2 0.6848958333333334 0.3962962962962963 0.7067708333333333 0.3962962962962963 0.7067708333333333 0.4064814814814815 0.6848958333333334 0.4064814814814815
2 0.6828125 0.41388888888888886 0.7067708333333333 0.41388888888888886 0.7067708333333333 0.43148148148148147 0.6828125 0.43148148148148147
2 0.6848958333333334 0.4824074074074074 0.7067708333333333 0.4824074074074074 0.7067708333333333 0.49537037037037035 0.6848958333333334 0.49537037037037035
2 0.6875 0.43148148148148147 0.709375 0.43148148148148147 0.709375 0.4425925925925926 0.6875 0.4425925925925926
2 0.6895833333333333 0.45925925925925926 0.7135416666666666 0.45925925925925926 0.7135416666666666 0.46944444444444444 0.6895833333333333 0.46944444444444444
2 0.6932291666666667 0.6509259259259259 0.7166666666666667 0.6509259259259259 0.7166666666666667 0.6657407407407407 0.6932291666666667 0.6657407407407407