1 0.14375 0.32222222222222224 0.27239583333333334 0.32222222222222224 0.27239583333333334 0.49537037037037035 0.14375 0.49537037037037035
1 0.321875 0.1787037037037037 0.39166666666666666 0.1787037037037037 0.39166666666666666 0.2361111111111111 0.321875 0.2361111111111111
2 0.7026041666666667 0.3333333333333333 0.7380208333333333 0.3333333333333333 0.7380208333333333 0.4351851851851852 0.7026041666666667 0.4351851851851852
2 0.6583333333333333 0.3425925925925926 0.6973958333333333 0.3425925925925926 0.6973958333333333 0.45185185185185184 0.6583333333333333 0.45185185185185184
2 0.825 0.5305555555555556 0.890625 0.5305555555555556 0.890625 0.6981481481481482 0.825 0.6981481481481482
2 0.6453125 0.2462962962962963 0.6723958333333333 0.2462962962962963 0.6723958333333333 0.32407407407407407 0.6453125 0.32407407407407407
2 0.3953125 0.21388888888888888 0.4171875 0.21388888888888888 0.4171875 0.275 0.3953125 0.275
2 0.5932291666666667 0.21574074074074073 0.6130208333333333 0.21574074074074073 0.6130208333333333 0.26851851851851855 0.5932291666666667 0.26851851851851855
2 0.4046875 0.3111111111111111 0.4390625 0.3111111111111111 0.4390625 0.40555555555555556 0.4046875 0.40555555555555556
2 0.4348958333333333 0.12962962962962962 0.44895833333333335 0.12962962962962962 0.44895833333333335 0.1648148148148148 0.4348958333333333 0.1648148148148148
2 0.4515625 0.1824074074074074 0.47291666666666665 0.1824074074074074 0.47291666666666665 0.23796296296296296 0.4515625 0.23796296296296296
2 0.40520833333333334 0.18703703703703703 0.4276041666666667 0.18703703703703703 0.4276041666666667 0.2388888888888889 0.40520833333333334 0.2388888888888889
2 0.48385416666666664 0.13796296296296295 0.49895833333333334 0.13796296296296295 0.49895833333333334 0.18055555555555555 0.48385416666666664 0.18055555555555555
2 0.5567708333333333 0.14537037037037037 0.5807291666666666 0.14537037037037037 0.5807291666666666 0.19537037037037036 0.5567708333333333 0.19537037037037036
2 0.43020833333333336 0.22777777777777777 0.4510416666666667 0.22777777777777777 0.4510416666666667 0.2861111111111111 0.43020833333333336 0.2861111111111111
2 0.45416666666666666 0.2935185185185185 0.48072916666666665 0.2935185185185185 0.48072916666666665 0.3824074074074074 0.45416666666666666 0.3824074074074074
2 0.5838541666666667 0.16203703703703703 0.6010416666666667 0.16203703703703703 0.6010416666666667 0.2074074074074074 0.5838541666666667 0.2074074074074074
2 0.2953125 0.6787037037037037 0.346875 0.6787037037037037 0.346875 0.9361111111111111 0.2953125 0.9361111111111111
2 0.2947916666666667 0.5157407407407407 0.3338541666666667 0.5157407407407407 0.3338541666666667 0.6972222222222222 0.2947916666666667 0.6972222222222222