1 0.5885416666666666 0.6166666666666667 0.7604166666666666 0.6166666666666667 0.7604166666666666 0.9166666666666666 0.5885416666666666 0.9166666666666666
1 0.12083333333333333 0.3592592592592593 0.2484375 0.3592592592592593 0.2484375 0.5407407407407407 0.12083333333333333 0.5407407407407407
1 0.3770833333333333 0.3398148148148148 0.440625 0.3398148148148148 0.440625 0.45185185185185184 0.3770833333333333 0.45185185185185184
1 0.5364583333333334 0.2462962962962963 0.5796875 0.2462962962962963 0.5796875 0.31666666666666665 0.5364583333333334 0.31666666666666665
1 0.31302083333333336 0.21574074074074073 0.36614583333333334 0.21574074074074073 0.36614583333333334 0.27685185185185185 0.31302083333333336 0.27685185185185185
1 0.4515625 0.15 0.48072916666666665 0.15 0.48072916666666665 0.19444444444444445 0.4515625 0.19444444444444445
2 0.22083333333333333 0.49074074074074076 0.2677083333333333 0.49074074074074076 0.2677083333333333 0.5944444444444444 0.22083333333333333 0.5944444444444444
2 0.21875 0.43425925925925923 0.24375 0.43425925925925923 0.24375 0.5564814814814815 0.21875 0.5564814814814815
2 0.31197916666666664 0.37962962962962965 0.3421875 0.37962962962962965 0.3421875 0.487962962962963 0.31197916666666664 0.487962962962963
2 0.43125 0.40555555555555556 0.4630208333333333 0.40555555555555556 0.4630208333333333 0.5305555555555556 0.43125 0.5305555555555556
2 0.34739583333333335 0.28425925925925927 0.36666666666666664 0.28425925925925927 0.36666666666666664 0.3851851851851852 0.34739583333333335 0.3851851851851852
2 0.38333333333333336 0.2972222222222222 0.40729166666666666 0.2972222222222222 0.40729166666666666 0.3675925925925926 0.38333333333333336 0.3675925925925926
2 0.3578125 0.25462962962962965 0.37604166666666666 0.25462962962962965 0.37604166666666666 0.31851851851851853 0.3578125 0.31851851851851853
2 0.3453125 0.26851851851851855 0.359375 0.26851851851851855 0.359375 0.3194444444444444 0.3453125 0.3194444444444444
2 0.4515625 0.21203703703703702 0.4661458333333333 0.21203703703703702 0.4661458333333333 0.275 0.4515625 0.275
2 0.4390625 0.24537037037037038 0.4510416666666667 0.24537037037037038 0.4510416666666667 0.32222222222222224 0.4390625 0.32222222222222224
2 0.4270833333333333 0.22870370370370371 0.4427083333333333 0.22870370370370371 0.4427083333333333 0.30092592592592593 0.4270833333333333 0.30092592592592593
2 0.40572916666666664 0.22314814814814815 0.42291666666666666 0.22314814814814815 0.42291666666666666 0.2833333333333333 0.40572916666666664 0.2833333333333333
2 0.3875 0.2324074074074074 0.40208333333333335 0.2324074074074074 0.40208333333333335 0.2916666666666667 0.3875 0.2916666666666667
2 0.3692708333333333 0.21851851851851853 0.38177083333333334 0.21851851851851853 0.38177083333333334 0.27037037037037037 0.3692708333333333 0.27037037037037037
2 0.3770833333333333 0.2212962962962963 0.3875 0.2212962962962963 0.3875 0.27870370370370373 0.3770833333333333 0.27870370370370373
2 0.4739583333333333 0.19722222222222222 0.4859375 0.19722222222222222 0.4859375 0.25092592592592594 0.4739583333333333 0.25092592592592594
2 0.4088541666666667 0.1685185185185185 0.4197916666666667 0.1685185185185185 0.4197916666666667 0.2101851851851852 0.4088541666666667 0.2101851851851852
2 0.428125 0.19166666666666668 0.4401041666666667 0.19166666666666668 0.4401041666666667 0.2361111111111111 0.428125 0.2361111111111111
2 0.42083333333333334 0.17592592592592593 0.43125 0.17592592592592593 0.43125 0.2212962962962963 0.42083333333333334 0.2212962962962963
2 0.4244791666666667 0.15648148148148147 0.434375 0.15648148148148147 0.434375 0.18425925925925926 0.4244791666666667 0.18425925925925926
1 0.5104166666666666 0.1425925925925926 0.5359375 0.1425925925925926 0.5359375 0.1935185185185185 0.5104166666666666 0.1935185185185185
2 0.61875 0.35648148148148145 0.6510416666666666 0.35648148148148145 0.6510416666666666 0.45740740740740743 0.61875 0.45740740740740743
2 0.63125 0.25277777777777777 0.6510416666666666 0.25277777777777777 0.6510416666666666 0.3296296296296296 0.63125 0.3296296296296296
2 0.65 0.29259259259259257 0.6729166666666667 0.29259259259259257 0.6729166666666667 0.3851851851851852 0.65 0.3851851851851852
2 0.5890625 0.21296296296296297 0.6036458333333333 0.21296296296296297 0.6036458333333333 0.2777777777777778 0.5890625 0.2777777777777778
2 0.5973958333333333 0.2037037037037037 0.6140625 0.2037037037037037 0.6140625 0.25833333333333336 0.5973958333333333 0.25833333333333336
2 0.5828125 0.19444444444444445 0.59375 0.19444444444444445 0.59375 0.22777777777777777 0.5828125 0.22777777777777777
2 0.5489583333333333 0.15555555555555556 0.5578125 0.15555555555555556 0.5578125 0.20462962962962963 0.5489583333333333 0.20462962962962963
2 0.5546875 0.1685185185185185 0.565625 0.1685185185185185 0.565625 0.21203703703703702 0.5546875 0.21203703703703702
2 0.5640625 0.15555555555555556 0.575 0.15555555555555556 0.575 0.20185185185185187 0.5640625 0.20185185185185187
2 0.5776041666666667 0.1527777777777778 0.5901041666666667 0.1527777777777778 0.5901041666666667 0.19907407407407407 0.5776041666666667 0.19907407407407407
2 0.5375 0.1388888888888889 0.5473958333333333 0.1388888888888889 0.5473958333333333 0.18425925925925926 0.5375 0.18425925925925926