1 0.3177083333333333 0.6925925925925925 0.35260416666666666 0.6925925925925925 0.35260416666666666 0.8138888888888889 0.3177083333333333 0.8138888888888889
1 0.396875 0.9074074074074074 0.4953125 0.9074074074074074 0.4953125 1 0.396875 1
1 0.35833333333333334 0.5351851851851852 0.40989583333333335 0.5351851851851852 0.40989583333333335 0.6342592592592593 0.35833333333333334 0.6342592592592593
2 0.7182291666666667 0.8592592592592593 0.78125 0.8592592592592593 0.78125 1 0.7182291666666667 1
2 0.3697916666666667 0.18611111111111112 0.41302083333333334 0.18611111111111112 0.41302083333333334 0.23703703703703705 0.3697916666666667 0.23703703703703705
2 0.4635416666666667 0.8861111111111111 0.5395833333333333 0.8861111111111111 0.5395833333333333 0.9657407407407408 0.4635416666666667 0.9657407407407408
2 0.38385416666666666 0.7138888888888889 0.4234375 0.7138888888888889 0.4234375 0.762962962962963 0.38385416666666666 0.762962962962963
2 0.5005208333333333 0.6898148148148148 0.5942708333333333 0.6898148148148148 0.5942708333333333 0.7731481481481481 0.5005208333333333 0.7731481481481481
2 0.38125 0.6333333333333333 0.4328125 0.6333333333333333 0.4328125 0.6861111111111111 0.38125 0.6861111111111111
2 0.37552083333333336 0.10555555555555556 0.425 0.10555555555555556 0.425 0.15555555555555556 0.37552083333333336 0.15555555555555556
2 0.30416666666666664 0.5462962962962963 0.3328125 0.5462962962962963 0.3328125 0.5740740740740741 0.30416666666666664 0.5740740740740741
1 0.3020833333333333 0.3148148148148148 0.39114583333333336 0.3148148148148148 0.39114583333333336 0.42777777777777776 0.3020833333333333 0.42777777777777776
2 0.4140625 0.7462962962962963 0.46770833333333334 0.7462962962962963 0.46770833333333334 0.799074074074074 0.4140625 0.799074074074074
2 0.3421875 0.6175925925925926 0.3729166666666667 0.6175925925925926 0.3729166666666667 0.6527777777777778 0.3421875 0.6527777777777778
2 0.315625 0.4703703703703704 0.3489583333333333 0.4703703703703704 0.3489583333333333 0.5064814814814815 0.315625 0.5064814814814815
2 0.2984375 0.5138888888888888 0.321875 0.5138888888888888 0.321875 0.537962962962963 0.2984375 0.537962962962963
2 0.3296875 0.22870370370370371 0.36822916666666666 0.22870370370370371 0.36822916666666666 0.29074074074074074 0.3296875 0.29074074074074074
2 0.43072916666666666 0.6805555555555556 0.4859375 0.6805555555555556 0.4859375 0.7351851851851852 0.43072916666666666 0.7351851851851852
2 0.4239583333333333 0.8444444444444444 0.48489583333333336 0.8444444444444444 0.48489583333333336 0.9 0.4239583333333333 0.9
2 0.2828125 0.3425925925925926 0.30052083333333335 0.3425925925925926 0.30052083333333335 0.37037037037037035 0.2828125 0.37037037037037035
2 0.2875 0.29444444444444445 0.309375 0.29444444444444445 0.309375 0.32314814814814813 0.2875 0.32314814814814813