1 0.40260416666666665 0.912962962962963 0.5015625 0.912962962962963 0.5015625 1 0.40260416666666665 1
1 0.29791666666666666 0.5083333333333333 0.32864583333333336 0.5083333333333333 0.32864583333333336 0.5685185185185185 0.29791666666666666 0.5685185185185185
1 0.3177083333333333 0.7055555555555556 0.35260416666666666 0.7055555555555556 0.35260416666666666 0.7935185185185185 0.3177083333333333 0.7935185185185185
2 0.6161458333333333 0.7277777777777777 0.759375 0.7277777777777777 0.759375 0.8518518518518519 0.6161458333333333 0.8518518518518519
2 0.5067708333333333 0.01574074074074074 0.6104166666666667 0.01574074074074074 0.6104166666666667 0.10185185185185185 0.5067708333333333 0.10185185185185185
2 0.45625 0.8518518518518519 0.5447916666666667 0.8518518518518519 0.5447916666666667 0.924074074074074 0.45625 0.924074074074074
2 0.48385416666666664 0.7898148148148149 0.578125 0.7898148148148149 0.578125 0.8638888888888889 0.48385416666666664 0.8638888888888889
2 0.49166666666666664 0.6824074074074075 0.5791666666666667 0.6824074074074075 0.5791666666666667 0.7425925925925926 0.49166666666666664 0.7425925925925926
2 0.42083333333333334 0.5703703703703704 0.4875 0.5703703703703704 0.4875 0.6194444444444445 0.42083333333333334 0.6194444444444445
2 0.40572916666666664 0.6685185185185185 0.46510416666666665 0.6685185185185185 0.46510416666666665 0.725 0.40572916666666664 0.725
2 0.41302083333333334 0.8009259259259259 0.4744791666666667 0.8009259259259259 0.4744791666666667 0.8453703703703703 0.41302083333333334 0.8453703703703703
2 0.378125 0.7648148148148148 0.428125 0.7648148148148148 0.428125 0.8111111111111111 0.378125 0.8111111111111111
2 0.334375 0.700925925925926 0.371875 0.700925925925926 0.371875 0.7277777777777777 0.334375 0.7277777777777777
2 0.35833333333333334 0.6592592592592592 0.403125 0.6592592592592592 0.403125 0.6814814814814815 0.35833333333333334 0.6814814814814815
2 0.3614583333333333 0.5722222222222222 0.4046875 0.5722222222222222 0.4046875 0.6092592592592593 0.3614583333333333 0.6092592592592593
2 0.3484375 0.5546296296296296 0.3828125 0.5546296296296296 0.3828125 0.5842592592592593 0.3484375 0.5842592592592593
2 0.32395833333333335 0.5518518518518518 0.35208333333333336 0.5518518518518518 0.35208333333333336 0.5777777777777777 0.32395833333333335 0.5777777777777777
2 0.31979166666666664 0.5907407407407408 0.353125 0.5907407407407408 0.353125 0.6157407407407407 0.31979166666666664 0.6157407407407407
2 0.309375 0.6138888888888889 0.3390625 0.6138888888888889 0.3390625 0.637962962962963 0.309375 0.637962962962963
2 0.32864583333333336 0.6407407407407407 0.3619791666666667 0.6407407407407407 0.3619791666666667 0.6601851851851852 0.32864583333333336 0.6601851851851852
2 0.296875 0.5787037037037037 0.325 0.5787037037037037 0.325 0.600925925925926 0.296875 0.600925925925926
2 0.28802083333333334 0.4861111111111111 0.31302083333333336 0.4861111111111111 0.31302083333333336 0.5027777777777778 0.28802083333333334 0.5027777777777778
2 0.28541666666666665 0.5398148148148149 0.30625 0.5398148148148149 0.30625 0.5537037037037037 0.28541666666666665 0.5537037037037037
2 0.29010416666666666 0.5583333333333333 0.3109375 0.5583333333333333 0.3109375 0.5731481481481482 0.29010416666666666 0.5731481481481482
2 0.2833333333333333 0.6037037037037037 0.30625 0.6037037037037037 0.30625 0.6212962962962963 0.2833333333333333 0.6212962962962963
2 0.2828125 0.5842592592592593 0.29739583333333336 0.5842592592592593 0.29739583333333336 0.5953703703703703 0.2828125 0.5953703703703703
2 0.2890625 0.5944444444444444 0.3104166666666667 0.5944444444444444 0.3104166666666667 0.6101851851851852 0.2890625 0.6101851851851852
2 0.3104166666666667 0.30648148148148147 0.34270833333333334 0.30648148148148147 0.34270833333333334 0.3296296296296296 0.3104166666666667 0.3296296296296296
2 0.2989583333333333 0.3 0.3223958333333333 0.3 0.3223958333333333 0.3194444444444444 0.2989583333333333 0.3194444444444444
2 0.30572916666666666 0.2462962962962963 0.33645833333333336 0.2462962962962963 0.33645833333333336 0.2657407407407407 0.30572916666666666 0.2657407407407407
1 0.28229166666666666 0.2537037037037037 0.3067708333333333 0.2537037037037037 0.3067708333333333 0.3333333333333333 0.28229166666666666 0.3333333333333333