1 0.49322916666666666 0 0.5932291666666667 0 0.5932291666666667 0.08425925925925926 0.49322916666666666 0.08425925925925926
1 0.51875 0.32592592592592595 0.5984375 0.32592592592592595 0.5984375 0.45740740740740743 0.51875 0.45740740740740743
1 0.6411458333333333 0.2 0.6770833333333334 0.2 0.6770833333333334 0.30185185185185187 0.6411458333333333 0.30185185185185187
1 0.6666666666666666 0.5888888888888889 0.7005208333333334 0.5888888888888889 0.7005208333333334 0.6509259259259259 0.6666666666666666 0.6509259259259259
2 0.4348958333333333 0.16111111111111112 0.5213541666666667 0.16111111111111112 0.5213541666666667 0.22777777777777777 0.4348958333333333 0.22777777777777777
1 0.6817708333333333 0.7824074074074074 0.7052083333333333 0.7824074074074074 0.7052083333333333 0.8611111111111112 0.6817708333333333 0.8611111111111112
2 0.6255208333333333 0.40370370370370373 0.6692708333333334 0.40370370370370373 0.6692708333333334 0.44351851851851853 0.6255208333333333 0.44351851851851853
2 0.5192708333333333 0.9083333333333333 0.5796875 0.9083333333333333 0.5796875 0.9851851851851852 0.5192708333333333 0.9851851851851852
2 0.27395833333333336 0 0.40729166666666666 0 0.40729166666666666 0.058333333333333334 0.27395833333333336 0.058333333333333334
2 0.22708333333333333 0 0.35104166666666664 0 0.35104166666666664 0.125 0.22708333333333333 0.125
2 0.48333333333333334 0.07592592592592592 0.5541666666666667 0.07592592592592592 0.5541666666666667 0.16296296296296298 0.48333333333333334 0.16296296296296298
2 0.5541666666666667 0.19074074074074074 0.6197916666666666 0.19074074074074074 0.6197916666666666 0.25092592592592594 0.5541666666666667 0.25092592592592594
2 0.6239583333333333 0.2796296296296296 0.6536458333333334 0.2796296296296296 0.6536458333333334 0.3175925925925926 0.6239583333333333 0.3175925925925926
2 0.5765625 0.2962962962962963 0.6291666666666667 0.2962962962962963 0.6291666666666667 0.3277777777777778 0.5765625 0.3277777777777778
2 0.6546875 0.337037037037037 0.6848958333333334 0.337037037037037 0.6848958333333334 0.35648148148148145 0.6546875 0.35648148148148145
2 0.6895833333333333 0.3287037037037037 0.7098958333333333 0.3287037037037037 0.7098958333333333 0.3416666666666667 0.6895833333333333 0.3416666666666667
2 0.6338541666666667 0.35462962962962963 0.6677083333333333 0.35462962962962963 0.6677083333333333 0.37777777777777777 0.6338541666666667 0.37777777777777777
2 0.6713541666666667 0.3814814814814815 0.6973958333333333 0.3814814814814815 0.6973958333333333 0.40555555555555556 0.6713541666666667 0.40555555555555556
2 0.678125 0.41944444444444445 0.7010416666666667 0.41944444444444445 0.7010416666666667 0.4444444444444444 0.678125 0.4444444444444444
2 0.6859375 0.4537037037037037 0.7067708333333333 0.4537037037037037 0.7067708333333333 0.4675925925925926 0.6859375 0.4675925925925926
2 0.6833333333333333 0.4842592592592593 0.7078125 0.4842592592592593 0.7078125 0.5046296296296297 0.6833333333333333 0.5046296296296297
2 0.6880208333333333 0.39537037037037037 0.7072916666666667 0.39537037037037037 0.7072916666666667 0.41388888888888886 0.6880208333333333 0.41388888888888886
2 0.6473958333333333 0.5453703703703704 0.6796875 0.5453703703703704 0.6796875 0.6037037037037037 0.6473958333333333 0.6037037037037037
2 0.659375 0.6898148148148148 0.6921875 0.6898148148148148 0.6921875 0.7138888888888889 0.659375 0.7138888888888889
2 0.5848958333333333 0.8157407407407408 0.6359375 0.8157407407407408 0.6359375 0.8518518518518519 0.5848958333333333 0.8518518518518519