1 0.13854166666666667 0.3074074074074074 0.26510416666666664 0.3074074074074074 0.26510416666666664 0.4888888888888889 0.13854166666666667 0.4888888888888889
1 0.721875 0.5611111111111111 0.9114583333333334 0.5611111111111111 0.9114583333333334 0.8203703703703704 0.721875 0.8203703703703704
1 0.5348958333333333 0.125 0.56875 0.125 0.56875 0.17037037037037037 0.5348958333333333 0.17037037037037037
2 0.0375 0.6888888888888889 0.11979166666666667 0.6888888888888889 0.11979166666666667 0.8870370370370371 0.0375 0.8870370370370371
2 0.19947916666666668 0.17962962962962964 0.2375 0.17962962962962964 0.2375 0.2518518518518518 0.19947916666666668 0.2518518518518518
2 0.27395833333333336 0.41203703703703703 0.3171875 0.41203703703703703 0.3171875 0.5472222222222223 0.27395833333333336 0.5472222222222223
2 0.5588541666666667 0.17592592592592593 0.5817708333333333 0.17592592592592593 0.5817708333333333 0.24166666666666667 0.5588541666666667 0.24166666666666667
2 0.35520833333333335 0.3851851851851852 0.39427083333333335 0.3851851851851852 0.39427083333333335 0.5175925925925926 0.35520833333333335 0.5175925925925926
2 0.6526041666666667 0.27314814814814814 0.6786458333333333 0.27314814814814814 0.6786458333333333 0.35185185185185186 0.6526041666666667 0.35185185185185186
2 0.6541666666666667 0.19722222222222222 0.6791666666666667 0.19722222222222222 0.6791666666666667 0.25925925925925924 0.6541666666666667 0.25925925925925924
2 0.6453125 0.3768518518518518 0.6817708333333333 0.3768518518518518 0.6817708333333333 0.49166666666666664 0.6453125 0.49166666666666664
2 0.40260416666666665 0.2657407407407407 0.4322916666666667 0.2657407407407407 0.4322916666666667 0.35462962962962963 0.40260416666666665 0.35462962962962963
2 0.40625 0.48055555555555557 0.44947916666666665 0.48055555555555557 0.44947916666666665 0.6277777777777778 0.40625 0.6277777777777778
2 0.0015625 0.5453703703703704 0.08854166666666667 0.5453703703703704 0.08854166666666667 0.7129629629629629 0.0015625 0.7129629629629629
2 0.7984375 0.9333333333333333 0.8807291666666667 0.9333333333333333 0.8807291666666667 1 0.7984375 1
2 0.45989583333333334 0.1814814814814815 0.47604166666666664 0.1814814814814815 0.47604166666666664 0.22685185185185186 0.45989583333333334 0.22685185185185186
2 0.44635416666666666 0.20277777777777778 0.4635416666666667 0.20277777777777778 0.4635416666666667 0.2564814814814815 0.44635416666666666 0.2564814814814815
1 0.5822916666666667 0.14814814814814814 0.6260416666666667 0.14814814814814814 0.6260416666666667 0.20555555555555555 0.5822916666666667 0.20555555555555555
0 0.3494791666666667 0.11944444444444445 0.41822916666666665 0.11944444444444445 0.41822916666666665 0.2740740740740741 0.3494791666666667 0.2740740740740741
2 0.2796875 0.29907407407407405 0.3109375 0.29907407407407405 0.3109375 0.41388888888888886 0.2796875 0.41388888888888886