1 0.13802083333333334 0.3351851851851852 0.2604166666666667 0.3351851851851852 0.2604166666666667 0.5166666666666667 0.13802083333333334 0.5166666666666667
1 0.4276041666666667 0.24814814814814815 0.4828125 0.24814814814814815 0.4828125 0.3425925925925926 0.4276041666666667 0.3425925925925926
1 0.5520833333333334 0.1814814814814815 0.5973958333333333 0.1814814814814815 0.5973958333333333 0.25925925925925924 0.5520833333333334 0.25925925925925924
1 0.328125 0.18888888888888888 0.38333333333333336 0.18888888888888888 0.38333333333333336 0.25462962962962965 0.328125 0.25462962962962965
1 0.528125 0.125 0.5541666666666667 0.125 0.5541666666666667 0.1648148148148148 0.528125 0.1648148148148148
2 0.8838541666666667 0.5564814814814815 0.9380208333333333 0.5564814814814815 0.9380208333333333 0.7157407407407408 0.8838541666666667 0.7157407407407408
2 0.005729166666666666 0.8092592592592592 0.07552083333333333 0.8092592592592592 0.07552083333333333 0.9972222222222222 0.005729166666666666 0.9972222222222222
2 0.07395833333333333 0.8083333333333333 0.16197916666666667 0.8083333333333333 0.16197916666666667 0.9898148148148148 0.07395833333333333 0.9898148148148148
2 0.1953125 0.7018518518518518 0.278125 0.7018518518518518 0.278125 0.9712962962962963 0.1953125 0.9712962962962963
2 0.20260416666666667 0.4925925925925926 0.24114583333333334 0.4925925925925926 0.24114583333333334 0.6555555555555556 0.20260416666666667 0.6555555555555556
2 0.21666666666666667 0.4444444444444444 0.24791666666666667 0.4444444444444444 0.24791666666666667 0.5453703703703704 0.21666666666666667 0.5453703703703704
2 0.2604166666666667 0.5259259259259259 0.30052083333333335 0.5259259259259259 0.30052083333333335 0.6722222222222223 0.2604166666666667 0.6722222222222223
2 0.30572916666666666 0.412962962962963 0.34375 0.412962962962963 0.34375 0.5583333333333333 0.30572916666666666 0.5583333333333333
2 0.3578125 0.4287037037037037 0.39479166666666665 0.4287037037037037 0.39479166666666665 0.5861111111111111 0.3578125 0.5861111111111111
2 0.340625 0.2962962962962963 0.36302083333333335 0.2962962962962963 0.36302083333333335 0.39537037037037037 0.340625 0.39537037037037037
2 0.36666666666666664 0.2324074074074074 0.37864583333333335 0.2324074074074074 0.37864583333333335 0.31666666666666665 0.36666666666666664 0.31666666666666665
2 0.39166666666666666 0.28703703703703703 0.40677083333333336 0.28703703703703703 0.40677083333333336 0.3888888888888889 0.39166666666666666 0.3888888888888889
2 0.39739583333333334 0.17962962962962964 0.4119791666666667 0.17962962962962964 0.4119791666666667 0.2361111111111111 0.39739583333333334 0.2361111111111111
2 0.40208333333333335 0.1175925925925926 0.4125 0.1175925925925926 0.4125 0.16018518518518518 0.40208333333333335 0.16018518518518518
2 0.4161458333333333 0.14444444444444443 0.42864583333333334 0.14444444444444443 0.42864583333333334 0.18703703703703703 0.4161458333333333 0.18703703703703703
2 0.4296875 0.1638888888888889 0.4395833333333333 0.1638888888888889 0.4395833333333333 0.22685185185185186 0.4296875 0.22685185185185186
2 0.44427083333333334 0.16018518518518518 0.4578125 0.16018518518518518 0.4578125 0.2064814814814815 0.44427083333333334 0.2064814814814815
2 0.4609375 0.17037037037037037 0.4734375 0.17037037037037037 0.4734375 0.2222222222222222 0.4609375 0.2222222222222222
2 0.4401041666666667 0.13425925925925927 0.4510416666666667 0.13425925925925927 0.4510416666666667 0.17222222222222222 0.4401041666666667 0.17222222222222222
2 0.45208333333333334 0.1287037037037037 0.45989583333333334 0.1287037037037037 0.45989583333333334 0.16666666666666666 0.45208333333333334 0.16666666666666666
2 0.5098958333333333 0.1824074074074074 0.534375 0.1824074074074074 0.534375 0.24259259259259258 0.5098958333333333 0.24259259259259258
2 0.7380208333333333 0.39166666666666666 0.771875 0.39166666666666666 0.771875 0.5046296296296297 0.7380208333333333 0.5046296296296297
2 0.625 0.21851851851851853 0.646875 0.21851851851851853 0.646875 0.30277777777777776 0.625 0.30277777777777776
2 0.5640625 0.13240740740740742 0.5729166666666666 0.13240740740740742 0.5729166666666666 0.1712962962962963 0.5640625 0.1712962962962963
2 0.46145833333333336 0.12129629629629629 0.46927083333333336 0.12129629629629629 0.46927083333333336 0.15925925925925927 0.46145833333333336 0.15925925925925927