1 0.39739583333333334 0.9046296296296297 0.4947916666666667 0.9046296296296297 0.4947916666666667 1 0.39739583333333334 1
1 0.4479166666666667 0.5777777777777777 0.5453125 0.5777777777777777 0.5453125 0.7564814814814815 0.4479166666666667 0.7564814814814815
2 0.484375 0.17037037037037037 0.5635416666666667 0.17037037037037037 0.5635416666666667 0.25925925925925924 0.484375 0.25925925925925924
2 0.43802083333333336 0.10277777777777777 0.5005208333333333 0.10277777777777777 0.5005208333333333 0.17037037037037037 0.43802083333333336 0.17037037037037037
2 0.5703125 0.9518518518518518 0.6744791666666666 0.9518518518518518 0.6744791666666666 1 0.5703125 1
2 0.4953125 0.9120370370370371 0.5494791666666666 0.9120370370370371 0.5494791666666666 0.9935185185185185 0.4953125 0.9935185185185185
2 0.3723958333333333 0.6972222222222222 0.4203125 0.6972222222222222 0.4203125 0.7509259259259259 0.3723958333333333 0.7509259259259259
2 0.4166666666666667 0.7453703703703703 0.4661458333333333 0.7453703703703703 0.4661458333333333 0.8018518518518518 0.4166666666666667 0.8018518518518518
1 0.31875 0.7074074074074074 0.3541666666666667 0.7074074074074074 0.3541666666666667 0.8203703703703704 0.31875 0.8203703703703704
2 0.39375 0.21203703703703702 0.44166666666666665 0.21203703703703702 0.44166666666666665 0.26296296296296295 0.39375 0.26296296296296295
2 0.36875 0.125 0.4109375 0.125 0.4109375 0.175 0.36875 0.175
2 0.3859375 0.6305555555555555 0.4328125 0.6305555555555555 0.4328125 0.6814814814814815 0.3859375 0.6814814814814815
2 0.3302083333333333 0.537962962962963 0.36614583333333334 0.537962962962963 0.36614583333333334 0.5694444444444444 0.3302083333333333 0.5694444444444444
2 0.3234375 0.5935185185185186 0.34791666666666665 0.5935185185185186 0.34791666666666665 0.625 0.3234375 0.625
2 0.29583333333333334 0.49166666666666664 0.32083333333333336 0.49166666666666664 0.32083333333333336 0.5185185185185185 0.29583333333333334 0.5185185185185185
2 0.28125 0.549074074074074 0.3 0.549074074074074 0.3 0.5731481481481482 0.28125 0.5731481481481482
2 0.63125 0.8425925925925926 0.7692708333333333 0.8425925925925926 0.7692708333333333 0.9657407407407408 0.63125 0.9657407407407408
2 0.2911458333333333 0.5814814814814815 0.3125 0.5814814814814815 0.3125 0.6064814814814815 0.2911458333333333 0.6064814814814815