1 0.4197916666666667 0.25833333333333336 0.48020833333333335 0.25833333333333336 0.48020833333333335 0.35555555555555557 0.4197916666666667 0.35555555555555557
1 0.15 0.3175925925925926 0.27447916666666666 0.3175925925925926 0.27447916666666666 0.4935185185185185 0.15 0.4935185185185185
1 0.3223958333333333 0.17592592592592593 0.390625 0.17592592592592593 0.390625 0.23796296296296296 0.3223958333333333 0.23796296296296296
2 0.11041666666666666 0.6574074074074074 0.19322916666666667 0.6574074074074074 0.19322916666666667 0.8888888888888888 0.11041666666666666 0.8888888888888888
2 0.8171875 0.4462962962962963 0.8703125 0.4462962962962963 0.8703125 0.5824074074074074 0.8171875 0.5824074074074074
2 0.6421875 0.25 0.6682291666666667 0.25 0.6682291666666667 0.32222222222222224 0.6421875 0.32222222222222224
2 0.3390625 0.30648148148148147 0.36822916666666666 0.30648148148148147 0.36822916666666666 0.3814814814814815 0.3390625 0.3814814814814815
2 0.6838541666666667 0.25555555555555554 0.7119791666666667 0.25555555555555554 0.7119791666666667 0.33425925925925926 0.6838541666666667 0.33425925925925926
1 0.5375 0.14444444444444443 0.5984375 0.14444444444444443 0.5984375 0.2916666666666667 0.5375 0.2916666666666667
2 0.3255208333333333 0.5527777777777778 0.37604166666666666 0.5527777777777778 0.37604166666666666 0.7333333333333333 0.3255208333333333 0.7333333333333333
2 0.4078125 0.22962962962962963 0.43020833333333336 0.22962962962962963 0.43020833333333336 0.29074074074074074 0.4078125 0.29074074074074074
2 0.21770833333333334 0.4601851851851852 0.26510416666666664 0.4601851851851852 0.26510416666666664 0.612037037037037 0.21770833333333334 0.612037037037037
2 0.45729166666666665 0.15925925925925927 0.47291666666666665 0.15925925925925927 0.47291666666666665 0.20925925925925926 0.45729166666666665 0.20925925925925926
2 0.6197916666666666 0.1787037037037037 0.63125 0.1787037037037037 0.63125 0.2518518518518518 0.6197916666666666 0.2518518518518518
2 0.3255208333333333 0.36666666666666664 0.35625 0.36666666666666664 0.35625 0.4703703703703704 0.3255208333333333 0.4703703703703704
2 0.4786458333333333 0.14351851851851852 0.4921875 0.14351851851851852 0.4921875 0.18703703703703703 0.4786458333333333 0.18703703703703703
2 0.49635416666666665 0.17037037037037037 0.5171875 0.17037037037037037 0.5171875 0.23148148148148148 0.49635416666666665 0.23148148148148148
2 0.38645833333333335 0.3101851851851852 0.4166666666666667 0.3101851851851852 0.4166666666666667 0.4027777777777778 0.38645833333333335 0.4027777777777778
2 0.359375 0.4009259259259259 0.39791666666666664 0.4009259259259259 0.39791666666666664 0.5148148148148148 0.359375 0.5148148148148148
2 0.571875 0.1111111111111111 0.5880208333333333 0.1111111111111111 0.5880208333333333 0.14351851851851852 0.571875 0.14351851851851852
2 0.2609375 0.38333333333333336 0.29739583333333336 0.38333333333333336 0.29739583333333336 0.4935185185185185 0.2609375 0.4935185185185185
2 0.44895833333333335 0.09907407407407408 0.46197916666666666 0.09907407407407408 0.46197916666666666 0.1287037037037037 0.44895833333333335 0.1287037037037037
2 0.6322916666666667 0.17592592592592593 0.6505208333333333 0.17592592592592593 0.6505208333333333 0.23796296296296296 0.6322916666666667 0.23796296296296296