1 0.3859375 0.33611111111111114 0.46979166666666666 0.33611111111111114 0.46979166666666666 0.4722222222222222 0.3859375 0.4722222222222222
1 0.14791666666666667 0.3175925925925926 0.271875 0.3175925925925926 0.271875 0.4925925925925926 0.14791666666666667 0.4925925925925926
2 0 0.8027777777777778 0.078125 0.8027777777777778 0.078125 0.9962962962962963 0 0.9962962962962963
2 0.7416666666666667 0.525 0.79375 0.525 0.79375 0.6777777777777778 0.7416666666666667 0.6777777777777778
2 0.7104166666666667 0.3138888888888889 0.7494791666666667 0.3138888888888889 0.7494791666666667 0.3972222222222222 0.7104166666666667 0.3972222222222222
2 0.21145833333333333 0.6768518518518518 0.28020833333333334 0.6768518518518518 0.28020833333333334 0.8888888888888888 0.21145833333333333 0.8888888888888888
1 0.3203125 0.17685185185185184 0.3859375 0.17685185185185184 0.3859375 0.23981481481481481 0.3203125 0.23981481481481481
2 0.2708333333333333 0.4074074074074074 0.31145833333333334 0.4074074074074074 0.31145833333333334 0.5092592592592593 0.2708333333333333 0.5092592592592593
2 0.15208333333333332 0.5166666666666667 0.21354166666666666 0.5166666666666667 0.21354166666666666 0.6611111111111111 0.15208333333333332 0.6611111111111111
2 0.32447916666666665 0.5046296296296297 0.3729166666666667 0.5046296296296297 0.3729166666666667 0.6574074074074074 0.32447916666666665 0.6574074074074074
2 0.25833333333333336 0.4962962962962963 0.3026041666666667 0.4962962962962963 0.3026041666666667 0.6472222222222223 0.25833333333333336 0.6472222222222223
2 0.3640625 0.2935185185185185 0.3932291666666667 0.2935185185185185 0.3932291666666667 0.37592592592592594 0.3640625 0.37592592592592594
2 0.6588541666666666 0.40370370370370373 0.6963541666666667 0.40370370370370373 0.6963541666666667 0.524074074074074 0.6588541666666666 0.524074074074074
2 0.38229166666666664 0.24351851851851852 0.40677083333333336 0.24351851851851852 0.40677083333333336 0.3148148148148148 0.38229166666666664 0.3148148148148148
2 0.6036458333333333 0.18611111111111112 0.6239583333333333 0.18611111111111112 0.6239583333333333 0.23981481481481481 0.6036458333333333 0.23981481481481481
2 0.6411458333333333 0.18518518518518517 0.6604166666666667 0.18518518518518517 0.6604166666666667 0.24166666666666667 0.6411458333333333 0.24166666666666667
2 0.446875 0.19074074074074074 0.46770833333333334 0.19074074074074074 0.46770833333333334 0.25555555555555554 0.446875 0.25555555555555554
2 0.7130208333333333 0.8203703703703704 0.7822916666666667 0.8203703703703704 0.7822916666666667 0.9685185185185186 0.7130208333333333 0.9685185185185186
2 0.41770833333333335 0.2518518518518518 0.44375 0.2518518518518518 0.44375 0.32407407407407407 0.41770833333333335 0.32407407407407407
2 0.46979166666666666 0.17685185185185184 0.4859375 0.17685185185185184 0.4859375 0.23425925925925925 0.46979166666666666 0.23425925925925925
2 0.478125 0.11944444444444445 0.4921875 0.11944444444444445 0.4921875 0.15 0.478125 0.15