0 0.48020833333333335 0.012037037037037037 0.6135416666666667 0.012037037037037037 0.6135416666666667 0.30462962962962964 0.48020833333333335 0.30462962962962964
1 0.50625 0 0.6078125 0 0.6078125 0.05 0.50625 0.05
2 0.5276041666666667 0.7824074074074074 0.5859375 0.7824074074074074 0.5859375 0.8453703703703703 0.5276041666666667 0.8453703703703703
2 0.5953125 0.41574074074074074 0.6359375 0.41574074074074074 0.6359375 0.4638888888888889 0.5953125 0.4638888888888889
2 0.22083333333333333 0.16666666666666666 0.34739583333333335 0.16666666666666666 0.34739583333333335 0.29814814814814816 0.22083333333333333 0.29814814814814816
1 0.6427083333333333 0.3888888888888889 0.6817708333333333 0.3888888888888889 0.6817708333333333 0.47129629629629627 0.6427083333333333 0.47129629629629627
2 0.5760416666666667 0.8361111111111111 0.625 0.8361111111111111 0.625 0.887962962962963 0.5760416666666667 0.887962962962963
2 0.621875 0.6064814814814815 0.6630208333333333 0.6064814814814815 0.6630208333333333 0.6462962962962963 0.621875 0.6462962962962963
2 0.4817708333333333 0.3574074074074074 0.5510416666666667 0.3574074074074074 0.5510416666666667 0.4222222222222222 0.4817708333333333 0.4222222222222222
2 0.6239583333333333 0.8083333333333333 0.6640625 0.8083333333333333 0.6640625 0.8518518518518519 0.6239583333333333 0.8518518518518519
2 0.5385416666666667 0.4064814814814815 0.5958333333333333 0.4064814814814815 0.5958333333333333 0.4675925925925926 0.5385416666666667 0.4675925925925926
2 0.6604166666666667 0.31203703703703706 0.6885416666666667 0.31203703703703706 0.6885416666666667 0.34629629629629627 0.6604166666666667 0.34629629629629627
2 0.46770833333333334 0.725925925925926 0.534375 0.725925925925926 0.534375 0.8018518518518518 0.46770833333333334 0.8018518518518518
2 0.675 0.6574074074074074 0.7041666666666667 0.6574074074074074 0.7041666666666667 0.6898148148148148 0.675 0.6898148148148148
1 0.6192708333333333 0.6768518518518518 0.6671875 0.6768518518518518 0.6671875 0.7796296296296297 0.6192708333333333 0.7796296296296297
2 0.36302083333333335 0.6833333333333333 0.4546875 0.6833333333333333 0.4546875 0.7722222222222223 0.36302083333333335 0.7722222222222223
2 0.5802083333333333 0.7342592592592593 0.6317708333333333 0.7342592592592593 0.6317708333333333 0.775 0.5802083333333333 0.775