1 0.1453125 0.31203703703703706 0.271875 0.31203703703703706 0.271875 0.487962962962963 0.1453125 0.487962962962963
1 0.3260416666666667 0.1712962962962963 0.39375 0.1712962962962963 0.39375 0.2361111111111111 0.3260416666666667 0.2361111111111111
2 0.7645833333333333 0.6194444444444445 0.8359375 0.6194444444444445 0.8359375 0.8083333333333333 0.7645833333333333 0.8083333333333333
2 0.6859375 0.3638888888888889 0.7223958333333333 0.3638888888888889 0.7223958333333333 0.46296296296296297 0.6859375 0.46296296296296297
2 0.7838541666666666 0.48055555555555557 0.8338541666666667 0.48055555555555557 0.8338541666666667 0.5925925925925926 0.7838541666666666 0.5925925925925926
2 0.30833333333333335 0.45185185185185184 0.3515625 0.45185185185185184 0.3515625 0.5740740740740741 0.30833333333333335 0.5740740740740741
2 0.159375 0.6296296296296297 0.22239583333333332 0.6296296296296297 0.22239583333333332 0.8296296296296296 0.159375 0.8296296296296296
2 0.5854166666666667 0.225 0.6083333333333333 0.225 0.6083333333333333 0.29907407407407405 0.5854166666666667 0.29907407407407405
2 0.38958333333333334 0.3527777777777778 0.43333333333333335 0.3527777777777778 0.43333333333333335 0.47685185185185186 0.38958333333333334 0.47685185185185186
2 0.6119791666666666 0.16574074074074074 0.634375 0.16574074074074074 0.634375 0.2175925925925926 0.6119791666666666 0.2175925925925926
2 0.43125 0.20185185185185187 0.45677083333333335 0.20185185185185187 0.45677083333333335 0.2712962962962963 0.43125 0.2712962962962963
2 0.5520833333333334 0.1824074074074074 0.5802083333333333 0.1824074074074074 0.5802083333333333 0.24814814814814815 0.5520833333333334 0.24814814814814815
2 0.41458333333333336 0.17222222222222222 0.4328125 0.17222222222222222 0.4328125 0.2212962962962963 0.41458333333333336 0.2212962962962963
2 0.6270833333333333 0.23796296296296296 0.6505208333333333 0.23796296296296296 0.6505208333333333 0.30462962962962964 0.6270833333333333 0.30462962962962964
2 0.371875 0.31203703703703706 0.40208333333333335 0.31203703703703706 0.40208333333333335 0.3851851851851852 0.371875 0.3851851851851852
2 0.61875 0.30648148148148147 0.6494791666666667 0.30648148148148147 0.6494791666666667 0.3962962962962963 0.61875 0.3962962962962963
2 0.5765625 0.1259259259259259 0.5916666666666667 0.1259259259259259 0.5916666666666667 0.16203703703703703 0.5765625 0.16203703703703703
2 0.6536458333333334 0.18796296296296297 0.675 0.18796296296296297 0.675 0.24259259259259258 0.6536458333333334 0.24259259259259258