1 0.14583333333333334 0.33055555555555555 0.26927083333333335 0.33055555555555555 0.26927083333333335 0.5046296296296297 0.14583333333333334 0.5046296296296297
1 0.33177083333333335 0.1787037037037037 0.3890625 0.1787037037037037 0.3890625 0.24259259259259258 0.33177083333333335 0.24259259259259258
1 0.5442708333333334 0.09907407407407408 0.56875 0.09907407407407408 0.56875 0.14444444444444443 0.5442708333333334 0.14444444444444443
1 0.6421875 0.11851851851851852 0.7015625 0.11851851851851852 0.7015625 0.18055555555555555 0.6421875 0.18055555555555555
2 0.12135416666666667 0.5814814814814815 0.1859375 0.5814814814814815 0.1859375 0.8111111111111111 0.12135416666666667 0.8111111111111111
2 0.32135416666666666 0.5111111111111111 0.359375 0.5111111111111111 0.359375 0.6796296296296296 0.32135416666666666 0.6796296296296296
2 0.2760416666666667 0.3972222222222222 0.3109375 0.3972222222222222 0.3109375 0.5416666666666666 0.2760416666666667 0.5416666666666666
2 0.3385416666666667 0.37037037037037035 0.3729166666666667 0.37037037037037035 0.3729166666666667 0.5055555555555555 0.3385416666666667 0.5055555555555555
2 0.4119791666666667 0.18888888888888888 0.4239583333333333 0.18888888888888888 0.4239583333333333 0.2388888888888889 0.4119791666666667 0.2388888888888889
2 0.39479166666666665 0.225 0.4114583333333333 0.225 0.4114583333333333 0.2833333333333333 0.39479166666666665 0.2833333333333333
2 0.40989583333333335 0.24351851851851852 0.4244791666666667 0.24351851851851852 0.4244791666666667 0.32592592592592595 0.40989583333333335 0.32592592592592595
2 0.42864583333333334 0.21203703703703702 0.44166666666666665 0.21203703703703702 0.44166666666666665 0.3 0.42864583333333334 0.3
2 0.4505208333333333 0.2064814814814815 0.46510416666666665 0.2064814814814815 0.46510416666666665 0.2712962962962963 0.4505208333333333 0.2712962962962963
2 0.4661458333333333 0.22037037037037038 0.48489583333333336 0.22037037037037038 0.48489583333333336 0.29074074074074074 0.4661458333333333 0.29074074074074074
2 0.4796875 0.1675925925925926 0.49375 0.1675925925925926 0.49375 0.21944444444444444 0.4796875 0.21944444444444444
2 0.4479166666666667 0.175 0.4578125 0.175 0.4578125 0.22407407407407406 0.4479166666666667 0.22407407407407406
2 0.4359375 0.14814814814814814 0.44166666666666665 0.14814814814814814 0.44166666666666665 0.19166666666666668 0.4359375 0.19166666666666668
2 0.45208333333333334 0.14814814814814814 0.459375 0.14814814814814814 0.459375 0.18518518518518517 0.45208333333333334 0.18518518518518517
2 0.4625 0.1388888888888889 0.46927083333333336 0.1388888888888889 0.46927083333333336 0.1787037037037037 0.4625 0.1787037037037037
2 0.478125 0.13703703703703704 0.4859375 0.13703703703703704 0.4859375 0.16666666666666666 0.478125 0.16666666666666666
2 0.4671875 0.12037037037037036 0.47291666666666665 0.12037037037037036 0.47291666666666665 0.15648148148148147 0.4671875 0.15648148148148147
2 0.44635416666666666 0.125 0.45260416666666664 0.125 0.45260416666666664 0.16018518518518518 0.44635416666666666 0.16018518518518518
2 0.6411458333333333 0.2490740740740741 0.6583333333333333 0.2490740740740741 0.6583333333333333 0.32222222222222224 0.6411458333333333 0.32222222222222224
2 0.6479166666666667 0.2037037037037037 0.6630208333333333 0.2037037037037037 0.6630208333333333 0.2611111111111111 0.6479166666666667 0.2611111111111111
2 0.5958333333333333 0.16944444444444445 0.6166666666666667 0.16944444444444445 0.6166666666666667 0.22777777777777777 0.5958333333333333 0.22777777777777777
2 0.5708333333333333 0.16111111111111112 0.5921875 0.16111111111111112 0.5921875 0.21851851851851853 0.5708333333333333 0.21851851851851853
2 0.6145833333333334 0.14907407407407408 0.6270833333333333 0.14907407407407408 0.6270833333333333 0.19907407407407407 0.6145833333333334 0.19907407407407407
2 0.40260416666666665 0.1685185185185185 0.4166666666666667 0.1685185185185185 0.4166666666666667 0.21481481481481482 0.40260416666666665 0.21481481481481482
2 0.3385416666666667 0.30092592592592593 0.36041666666666666 0.30092592592592593 0.36041666666666666 0.3972222222222222 0.3385416666666667 0.3972222222222222