1 0.14895833333333333 0.325 0.27239583333333334 0.325 0.27239583333333334 0.5018518518518519 0.14895833333333333 0.5018518518518519
2 0.24791666666666667 0.7787037037037037 0.3151041666666667 0.7787037037037037 0.3151041666666667 0.9962962962962963 0.24791666666666667 0.9962962962962963
1 0.4354166666666667 0.21481481481481482 0.48385416666666664 0.21481481481481482 0.48385416666666664 0.2916666666666667 0.4354166666666667 0.2916666666666667
2 0.08177083333333333 0.7981481481481482 0.15520833333333334 0.7981481481481482 0.15520833333333334 0.9962962962962963 0.08177083333333333 0.9962962962962963
1 0.3234375 0.17685185185185184 0.39114583333333336 0.17685185185185184 0.39114583333333336 0.23981481481481481 0.3234375 0.23981481481481481
2 0.6802083333333333 0.3648148148148148 0.7192708333333333 0.3648148148148148 0.7192708333333333 0.4666666666666667 0.6802083333333333 0.4666666666666667
2 0.05260416666666667 0.55 0.13020833333333334 0.55 0.13020833333333334 0.7305555555555555 0.05260416666666667 0.7305555555555555
2 0.7432291666666667 0.4046296296296296 0.7838541666666666 0.4046296296296296 0.7838541666666666 0.5212962962962963 0.7432291666666667 0.5212962962962963
2 0.19947916666666668 0.5731481481481482 0.2578125 0.5731481481481482 0.2578125 0.7509259259259259 0.19947916666666668 0.7509259259259259
2 0.3609375 0.29814814814814816 0.3885416666666667 0.29814814814814816 0.3885416666666667 0.38055555555555554 0.3609375 0.38055555555555554
2 0.328125 0.5268518518518519 0.39375 0.5268518518518519 0.39375 0.7027777777777777 0.328125 0.7027777777777777
2 0.475 0.13333333333333333 0.48802083333333335 0.13333333333333333 0.48802083333333335 0.1685185185185185 0.475 0.1685185185185185
2 0.2630208333333333 0.4351851851851852 0.31354166666666666 0.4351851851851852 0.31354166666666666 0.5675925925925925 0.2630208333333333 0.5675925925925925
2 0.6723958333333333 0.2574074074074074 0.70625 0.2574074074074074 0.70625 0.3398148148148148 0.6723958333333333 0.3398148148148148
2 0.4046875 0.362962962962963 0.44375 0.362962962962963 0.44375 0.4759259259259259 0.4046875 0.4759259259259259
2 0.9661458333333334 0.6805555555555556 1 0.6805555555555556 1 0.8462962962962963 0.9661458333333334 0.8462962962962963
2 0.41041666666666665 0.23796296296296296 0.43072916666666666 0.23796296296296296 0.43072916666666666 0.3037037037037037 0.41041666666666665 0.3037037037037037
2 0.3734375 0.25277777777777777 0.3958333333333333 0.25277777777777777 0.3958333333333333 0.3148148148148148 0.3734375 0.3148148148148148
2 0.6098958333333333 0.13703703703703704 0.625 0.13703703703703704 0.625 0.17777777777777778 0.6098958333333333 0.17777777777777778
2 0.45625 0.17037037037037037 0.4703125 0.17037037037037037 0.4703125 0.2074074074074074 0.45625 0.2074074074074074
2 0.41770833333333335 0.1425925925925926 0.43125 0.1425925925925926 0.43125 0.1787037037037037 0.41770833333333335 0.1787037037037037
2 0.46041666666666664 0.14074074074074075 0.475 0.14074074074074075 0.475 0.17685185185185184 0.46041666666666664 0.17685185185185184
2 0.5765625 0.12685185185185185 0.5932291666666667 0.12685185185185185 0.5932291666666667 0.16296296296296298 0.5765625 0.16296296296296298
2 0.40572916666666664 0.1787037037037037 0.4244791666666667 0.1787037037037037 0.4244791666666667 0.22407407407407406 0.40572916666666664 0.22407407407407406
2 0.30833333333333335 0.3472222222222222 0.34010416666666665 0.3472222222222222 0.34010416666666665 0.4527777777777778 0.30833333333333335 0.4527777777777778
2 0.6333333333333333 0.22870370370370371 0.6494791666666667 0.22870370370370371 0.6494791666666667 0.3055555555555556 0.6333333333333333 0.3055555555555556
2 0.403125 0.2861111111111111 0.42135416666666664 0.2861111111111111 0.42135416666666664 0.37037037037037035 0.403125 0.37037037037037035