1 0.13958333333333334 0.30833333333333335 0.265625 0.30833333333333335 0.265625 0.4898148148148148 0.13958333333333334 0.4898148148148148
1 0.6989583333333333 0.5222222222222223 0.8713541666666667 0.5222222222222223 0.8713541666666667 0.7472222222222222 0.6989583333333333 0.7472222222222222
2 0 0.7648148148148148 0.07864583333333333 0.7648148148148148 0.07864583333333333 0.9981481481481481 0 0.9981481481481481
1 0.5348958333333333 0.12037037037037036 0.5671875 0.12037037037037036 0.5671875 0.16666666666666666 0.5348958333333333 0.16666666666666666
2 0.005208333333333333 0.5425925925925926 0.08645833333333333 0.5425925925925926 0.08645833333333333 0.7268518518518519 0.005208333333333333 0.7268518518518519
2 0.390625 0.5185185185185185 0.4432291666666667 0.5185185185185185 0.4432291666666667 0.6972222222222222 0.390625 0.6972222222222222
2 0.26614583333333336 0.4361111111111111 0.3098958333333333 0.4361111111111111 0.3098958333333333 0.5777777777777777 0.26614583333333336 0.5777777777777777
2 0.646875 0.25462962962962965 0.66875 0.25462962962962965 0.66875 0.3287037037037037 0.646875 0.3287037037037037
2 0.3963541666666667 0.2740740740740741 0.4296875 0.2740740740740741 0.4296875 0.37037037037037035 0.3963541666666667 0.37037037037037035
2 0.753125 0.8092592592592592 0.825 0.8092592592592592 0.825 0.9990740740740741 0.753125 0.9990740740740741
2 0.3458333333333333 0.4083333333333333 0.38385416666666666 0.4083333333333333 0.38385416666666666 0.5537037037037037 0.3458333333333333 0.5537037037037037
2 0.5567708333333333 0.17407407407407408 0.578125 0.17407407407407408 0.578125 0.23425925925925925 0.5567708333333333 0.23425925925925925
0 0.3458333333333333 0.12407407407407407 0.421875 0.12407407407407407 0.421875 0.2833333333333333 0.3458333333333333 0.2833333333333333
2 0.9526041666666667 0.7861111111111111 1 0.7861111111111111 1 0.9962962962962963 0.9526041666666667 0.9962962962962963
2 0.45677083333333335 0.17962962962962964 0.475 0.17962962962962964 0.475 0.23148148148148148 0.45677083333333335 0.23148148148148148
2 0.42083333333333334 0.23148148148148148 0.4510416666666667 0.23148148148148148 0.4510416666666667 0.31203703703703706 0.42083333333333334 0.31203703703703706
2 0.6515625 0.19814814814814816 0.6744791666666666 0.19814814814814816 0.6744791666666666 0.25277777777777777 0.6515625 0.25277777777777777
2 0.44583333333333336 0.2064814814814815 0.46458333333333335 0.2064814814814815 0.46458333333333335 0.2490740740740741 0.44583333333333336 0.2490740740740741
2 0.2786458333333333 0.3101851851851852 0.30520833333333336 0.3101851851851852 0.30520833333333336 0.43425925925925923 0.2786458333333333 0.43425925925925923
2 0.640625 0.33055555555555555 0.6734375 0.33055555555555555 0.6734375 0.46574074074074073 0.640625 0.46574074074074073
1 0.5791666666666667 0.1388888888888889 0.6239583333333333 0.1388888888888889 0.6239583333333333 0.19722222222222222 0.5791666666666667 0.19722222222222222