1 0.14479166666666668 0.32037037037037036 0.2703125 0.32037037037037036 0.2703125 0.49537037037037035 0.14479166666666668 0.49537037037037035
1 0.321875 0.17407407407407408 0.39114583333333336 0.17407407407407408 0.39114583333333336 0.2361111111111111 0.321875 0.2361111111111111
2 0.04479166666666667 0.7759259259259259 0.1328125 0.7759259259259259 0.1328125 0.9981481481481481 0.04479166666666667 0.9981481481481481
2 0.21041666666666667 0.6351851851851852 0.28125 0.6351851851851852 0.28125 0.862037037037037 0.21041666666666667 0.862037037037037
2 0.7572916666666667 0.5425925925925926 0.8036458333333333 0.5425925925925926 0.8036458333333333 0.700925925925926 0.7572916666666667 0.700925925925926
2 0.6484375 0.45185185185185184 0.6942708333333333 0.45185185185185184 0.6942708333333333 0.5842592592592593 0.6484375 0.5842592592592593
2 0.8979166666666667 0.6796296296296296 0.9682291666666667 0.6796296296296296 0.9682291666666667 0.8805555555555555 0.8979166666666667 0.8805555555555555
2 0.29270833333333335 0.4398148148148148 0.33697916666666666 0.4398148148148148 0.33697916666666666 0.562037037037037 0.29270833333333335 0.562037037037037
2 0.6505208333333333 0.3138888888888889 0.6765625 0.3138888888888889 0.6765625 0.40555555555555556 0.6505208333333333 0.40555555555555556
2 0.5916666666666667 0.30277777777777776 0.6244791666666667 0.30277777777777776 0.6244791666666667 0.39444444444444443 0.5916666666666667 0.39444444444444443
2 0.42083333333333334 0.2611111111111111 0.45208333333333334 0.2611111111111111 0.45208333333333334 0.35 0.42083333333333334 0.35
2 0.6234375 0.2 0.6567708333333333 0.2 0.6567708333333333 0.2574074074074074 0.6234375 0.2574074074074074
2 0.39010416666666664 0.24259259259259258 0.41458333333333336 0.24259259259259258 0.41458333333333336 0.3055555555555556 0.39010416666666664 0.3055555555555556
2 0.36875 0.3111111111111111 0.40260416666666665 0.3111111111111111 0.40260416666666665 0.41759259259259257 0.36875 0.41759259259259257
2 0.4979166666666667 0.16018518518518518 0.5291666666666667 0.16018518518518518 0.5291666666666667 0.22592592592592592 0.4979166666666667 0.22592592592592592
2 0.5583333333333333 0.2222222222222222 0.5817708333333333 0.2222222222222222 0.5817708333333333 0.2916666666666667 0.5583333333333333 0.2916666666666667
2 0.553125 0.1259259259259259 0.5692708333333333 0.1259259259259259 0.5692708333333333 0.1648148148148148 0.553125 0.1648148148148148
2 0.5796875 0.2037037037037037 0.6005208333333333 0.2037037037037037 0.6005208333333333 0.26481481481481484 0.5796875 0.26481481481481484