1 0.14479166666666668 0.31296296296296294 0.2708333333333333 0.31296296296296294 0.2708333333333333 0.48703703703703705 0.14479166666666668 0.48703703703703705
1 0.3265625 0.17222222222222222 0.39375 0.17222222222222222 0.39375 0.2361111111111111 0.3265625 0.2361111111111111
2 0.8026041666666667 0.6833333333333333 0.8770833333333333 0.6833333333333333 0.8770833333333333 0.9046296296296297 0.8026041666666667 0.9046296296296297
2 0.6921875 0.38796296296296295 0.7291666666666666 0.38796296296296295 0.7291666666666666 0.49722222222222223 0.6921875 0.49722222222222223
2 0.7994791666666666 0.5074074074074074 0.8520833333333333 0.5074074074074074 0.8520833333333333 0.6388888888888888 0.7994791666666666 0.6388888888888888
2 0.190625 0.5796296296296296 0.24791666666666667 0.5796296296296296 0.24791666666666667 0.7620370370370371 0.190625 0.7620370370370371
2 0.6072916666666667 0.1675925925925926 0.6307291666666667 0.1675925925925926 0.6307291666666667 0.21666666666666667 0.6072916666666667 0.21666666666666667
2 0.321875 0.4074074074074074 0.365625 0.4074074074074074 0.365625 0.5333333333333333 0.321875 0.5333333333333333
2 0.5859375 0.23796296296296296 0.6104166666666667 0.23796296296296296 0.6104166666666667 0.3148148148148148 0.5859375 0.3148148148148148
2 0.5526041666666667 0.18518518518518517 0.5822916666666667 0.18518518518518517 0.5822916666666667 0.2537037037037037 0.5526041666666667 0.2537037037037037
2 0.6322916666666667 0.25555555555555554 0.6546875 0.25555555555555554 0.6546875 0.3296296296296296 0.6322916666666667 0.3296296296296296
2 0.4010416666666667 0.32222222222222224 0.440625 0.32222222222222224 0.440625 0.4462962962962963 0.4010416666666667 0.4462962962962963
2 0.6223958333333334 0.32407407407407407 0.6552083333333333 0.32407407407407407 0.6552083333333333 0.4222222222222222 0.6223958333333334 0.4222222222222222
2 0.37916666666666665 0.2972222222222222 0.4088541666666667 0.2972222222222222 0.4088541666666667 0.38333333333333336 0.37916666666666665 0.38333333333333336
2 0.503125 0.16111111111111112 0.5328125 0.16111111111111112 0.5328125 0.22592592592592592 0.503125 0.22592592592592592
2 0.5833333333333334 0.13333333333333333 0.5979166666666667 0.13333333333333333 0.5979166666666667 0.1712962962962963 0.5833333333333334 0.1712962962962963
2 0.6489583333333333 0.18055555555555555 0.6723958333333333 0.18055555555555555 0.6723958333333333 0.24537037037037038 0.6489583333333333 0.24537037037037038
2 0.43333333333333335 0.19444444444444445 0.45625 0.19444444444444445 0.45625 0.2611111111111111 0.43333333333333335 0.2611111111111111
2 0.4630208333333333 0.16296296296296298 0.48072916666666665 0.16296296296296298 0.48072916666666665 0.23796296296296296 0.4630208333333333 0.23796296296296296
2 0.41458333333333336 0.1537037037037037 0.4322916666666667 0.1537037037037037 0.4322916666666667 0.21574074074074073 0.41458333333333336 0.21574074074074073