1 0.40625 0.2916666666666667 0.4734375 0.2916666666666667 0.4734375 0.40185185185185185 0.40625 0.40185185185185185
1 0.14791666666666667 0.31666666666666665 0.2713541666666667 0.31666666666666665 0.2713541666666667 0.4888888888888889 0.14791666666666667 0.4888888888888889
2 0.23645833333333333 0.7916666666666666 0.2994791666666667 0.7916666666666666 0.2994791666666667 0.9981481481481481 0.23645833333333333 0.9981481481481481
1 0.321875 0.17777777777777778 0.3890625 0.17777777777777778 0.3890625 0.24074074074074073 0.321875 0.24074074074074073
2 0.21197916666666666 0.43425925925925923 0.26145833333333335 0.43425925925925923 0.26145833333333335 0.5601851851851852 0.21197916666666666 0.5601851851851852
2 0.7583333333333333 0.36944444444444446 0.803125 0.36944444444444446 0.803125 0.47314814814814815 0.7583333333333333 0.47314814814814815
2 0.29791666666666666 0.4111111111111111 0.33541666666666664 0.4111111111111111 0.33541666666666664 0.5083333333333333 0.29791666666666666 0.5083333333333333
2 0.30833333333333335 0.49444444444444446 0.35625 0.49444444444444446 0.35625 0.6416666666666667 0.30833333333333335 0.6416666666666667
2 0.1390625 0.5805555555555556 0.196875 0.5805555555555556 0.196875 0.7722222222222223 0.1390625 0.7722222222222223
2 0.7145833333333333 0.6203703703703703 0.7692708333333333 0.6203703703703703 0.7692708333333333 0.7833333333333333 0.7145833333333333 0.7833333333333333
2 0.6239583333333333 0.21481481481481482 0.6473958333333333 0.21481481481481482 0.6473958333333333 0.275 0.6239583333333333 0.275
2 0.6604166666666667 0.21481481481481482 0.6838541666666667 0.21481481481481482 0.6838541666666667 0.2814814814814815 0.6604166666666667 0.2814814814814815
2 0.8458333333333333 0.799074074074074 0.9203125 0.799074074074074 0.9203125 0.9972222222222222 0.8458333333333333 0.9972222222222222
2 0.3614583333333333 0.3768518518518518 0.4 0.3768518518518518 0.4 0.49444444444444446 0.3614583333333333 0.49444444444444446
2 0.3171875 0.3490740740740741 0.34479166666666666 0.3490740740740741 0.34479166666666666 0.42592592592592593 0.3171875 0.42592592592592593
2 0.45260416666666664 0.17685185185185184 0.4713541666666667 0.17685185185185184 0.4713541666666667 0.23148148148148148 0.45260416666666664 0.23148148148148148
2 0.4979166666666667 0.17407407407407408 0.5208333333333334 0.17407407407407408 0.5208333333333334 0.23703703703703705 0.4979166666666667 0.23703703703703705
2 0.44635416666666666 0.10555555555555556 0.4588541666666667 0.10555555555555556 0.4588541666666667 0.1388888888888889 0.44635416666666666 0.1388888888888889
2 0.475 0.15648148148148147 0.490625 0.15648148148148147 0.490625 0.2037037037037037 0.475 0.2037037037037037
2 0.3890625 0.25555555555555554 0.4119791666666667 0.25555555555555554 0.4119791666666667 0.325 0.3890625 0.325
2 0.4348958333333333 0.23148148148148148 0.4557291666666667 0.23148148148148148 0.4557291666666667 0.2916666666666667 0.4348958333333333 0.2916666666666667