1 0.14635416666666667 0.31851851851851853 0.2734375 0.31851851851851853 0.2734375 0.49722222222222223 0.14635416666666667 0.49722222222222223
1 0.334375 0.1787037037037037 0.3885416666666667 0.1787037037037037 0.3885416666666667 0.24166666666666667 0.334375 0.24166666666666667
1 0.475 0.11481481481481481 0.5020833333333333 0.11481481481481481 0.5020833333333333 0.15833333333333333 0.475 0.15833333333333333
1 0.6223958333333334 0.11944444444444445 0.6755208333333333 0.11944444444444445 0.6755208333333333 0.16574074074074074 0.6223958333333334 0.16574074074074074
2 0.1359375 0.587037037037037 0.19635416666666666 0.587037037037037 0.19635416666666666 0.8018518518518518 0.1359375 0.8018518518518518
2 0.23072916666666668 0.5787037037037037 0.2796875 0.5787037037037037 0.2796875 0.787962962962963 0.23072916666666668 0.787962962962963
2 0.26458333333333334 0.4203703703703704 0.29739583333333336 0.4203703703703704 0.29739583333333336 0.5638888888888889 0.26458333333333334 0.5638888888888889
2 0.3203125 0.55 0.38385416666666666 0.55 0.38385416666666666 0.762962962962963 0.3203125 0.762962962962963
2 0.34375 0.34074074074074073 0.38229166666666664 0.34074074074074073 0.38229166666666664 0.46574074074074073 0.34375 0.46574074074074073
2 0.37135416666666665 0.275 0.390625 0.275 0.390625 0.3574074074074074 0.37135416666666665 0.3574074074074074
2 0.3890625 0.225 0.4005208333333333 0.225 0.4005208333333333 0.29074074074074074 0.3890625 0.29074074074074074
2 0.39895833333333336 0.2814814814814815 0.4239583333333333 0.2814814814814815 0.4239583333333333 0.37962962962962965 0.39895833333333336 0.37962962962962965
2 0.4317708333333333 0.31666666666666665 0.4484375 0.31666666666666665 0.4484375 0.412962962962963 0.4317708333333333 0.412962962962963
2 0.4328125 0.22037037037037038 0.4473958333333333 0.22037037037037038 0.4473958333333333 0.28425925925925927 0.4328125 0.28425925925925927
2 0.4765625 0.2111111111111111 0.4942708333333333 0.2111111111111111 0.4942708333333333 0.28888888888888886 0.4765625 0.28888888888888886
2 0.6161458333333333 0.20277777777777778 0.634375 0.20277777777777778 0.634375 0.2611111111111111 0.6161458333333333 0.2611111111111111
2 0.6416666666666667 0.1814814814814815 0.6526041666666667 0.1814814814814815 0.6526041666666667 0.22962962962962963 0.6416666666666667 0.22962962962962963
2 0.6140625 0.16111111111111112 0.6291666666666667 0.16111111111111112 0.6291666666666667 0.2064814814814815 0.6140625 0.2064814814814815
2 0.5880208333333333 0.14814814814814814 0.6010416666666667 0.14814814814814814 0.6010416666666667 0.20833333333333334 0.5880208333333333 0.20833333333333334
2 0.5994791666666667 0.12222222222222222 0.6088541666666667 0.12222222222222222 0.6088541666666667 0.1648148148148148 0.5994791666666667 0.1648148148148148
2 0.44166666666666665 0.27037037037037037 0.45677083333333335 0.27037037037037037 0.45677083333333335 0.3425925925925926 0.44166666666666665 0.3425925925925926
2 0.47604166666666664 0.16018518518518518 0.48541666666666666 0.16018518518518518 0.48541666666666666 0.21388888888888888 0.47604166666666664 0.21388888888888888
2 0.4588541666666667 0.1638888888888889 0.47239583333333335 0.1638888888888889 0.47239583333333335 0.22037037037037038 0.4588541666666667 0.22037037037037038
2 0.43854166666666666 0.17222222222222222 0.45 0.17222222222222222 0.45 0.22592592592592592 0.43854166666666666 0.22592592592592592
2 0.42291666666666666 0.19166666666666668 0.43802083333333336 0.19166666666666668 0.43802083333333336 0.24722222222222223 0.42291666666666666 0.24722222222222223
2 0.4270833333333333 0.1675925925925926 0.43385416666666665 0.1675925925925926 0.43385416666666665 0.2037037037037037 0.4270833333333333 0.2037037037037037
2 0.4119791666666667 0.15925925925925927 0.42291666666666666 0.15925925925925927 0.42291666666666666 0.21388888888888888 0.4119791666666667 0.21388888888888888
2 0.396875 0.1685185185185185 0.40989583333333335 0.1685185185185185 0.40989583333333335 0.22685185185185186 0.396875 0.22685185185185186
2 0.3828125 0.19537037037037036 0.39427083333333335 0.19537037037037036 0.39427083333333335 0.25277777777777777 0.3828125 0.25277777777777777
2 0.44583333333333336 0.1425925925925926 0.4515625 0.1425925925925926 0.4515625 0.1824074074074074 0.44583333333333336 0.1824074074074074
2 0.4661458333333333 0.1361111111111111 0.47604166666666664 0.1361111111111111 0.47604166666666664 0.17685185185185184 0.4661458333333333 0.17685185185185184
2 0.49947916666666664 0.10092592592592593 0.5104166666666666 0.10092592592592593 0.5104166666666666 0.14351851851851852 0.49947916666666664 0.14351851851851852
2 0.46041666666666664 0.1111111111111111 0.46927083333333336 0.1111111111111111 0.46927083333333336 0.14537037037037037 0.46041666666666664 0.14537037037037037