1 0.5072916666666667 0 0.6036458333333333 0 0.6036458333333333 0.09351851851851851 0.5072916666666667 0.09351851851851851
1 0.646875 0.175 0.6802083333333333 0.175 0.6802083333333333 0.29444444444444445 0.646875 0.29444444444444445
2 0.59375 0.3592592592592593 0.6333333333333333 0.3592592592592593 0.6333333333333333 0.4027777777777778 0.59375 0.4027777777777778
2 0.5692708333333333 0.8212962962962963 0.6166666666666667 0.8212962962962963 0.6166666666666667 0.8768518518518519 0.5692708333333333 0.8768518518518519
2 0.63125 0.4074074074074074 0.66875 0.4074074074074074 0.66875 0.45092592592592595 0.63125 0.45092592592592595
2 0.6098958333333333 0.2962962962962963 0.6489583333333333 0.2962962962962963 0.6489583333333333 0.34074074074074073 0.6098958333333333 0.34074074074074073
2 0.6182291666666667 0.7462962962962963 0.6515625 0.7462962962962963 0.6515625 0.787962962962963 0.6182291666666667 0.787962962962963
2 0.5666666666666667 0.7527777777777778 0.6161458333333333 0.7527777777777778 0.6161458333333333 0.8037037037037037 0.5666666666666667 0.8037037037037037
2 0.6494791666666667 0.6527777777777778 0.6760416666666667 0.6527777777777778 0.6760416666666667 0.6861111111111111 0.6494791666666667 0.6861111111111111
2 0.49895833333333334 0.28425925925925927 0.5744791666666667 0.28425925925925927 0.5744791666666667 0.35648148148148145 0.49895833333333334 0.35648148148148145
2 0.6796875 0.5981481481481481 0.7057291666666666 0.5981481481481481 0.7057291666666666 0.6370370370370371 0.6796875 0.6370370370370371
2 0.6760416666666667 0.4703703703703704 0.6994791666666667 0.4703703703703704 0.6994791666666667 0.4981481481481482 0.6760416666666667 0.4981481481481482
2 0.503125 0.3925925925925926 0.5822916666666667 0.3925925925925926 0.5822916666666667 0.4537037037037037 0.503125 0.4537037037037037
2 0.6338541666666667 0.3648148148148148 0.6651041666666667 0.3648148148148148 0.6651041666666667 0.40555555555555556 0.6338541666666667 0.40555555555555556
2 0.68125 0.37962962962962965 0.703125 0.37962962962962965 0.703125 0.4046296296296296 0.68125 0.4046296296296296
2 0.6671875 0.6703703703703704 0.6927083333333334 0.6703703703703704 0.6927083333333334 0.7027777777777777 0.6671875 0.7027777777777777
2 0.24739583333333334 0 0.3697916666666667 0 0.3697916666666667 0.09814814814814815 0.24739583333333334 0.09814814814814815