1 0.4979166666666667 0 0.596875 0 0.596875 0.08611111111111111 0.4979166666666667 0.08611111111111111
1 0.696875 0.674074074074074 0.7177083333333333 0.674074074074074 0.7177083333333333 0.7453703703703703 0.696875 0.7453703703703703
1 0.671875 0.4361111111111111 0.7005208333333334 0.4361111111111111 0.7005208333333334 0.49074074074074076 0.671875 0.49074074074074076
1 0.6473958333333333 0.2 0.6822916666666666 0.2 0.6822916666666666 0.29444444444444445 0.6473958333333333 0.29444444444444445
2 0.4088541666666667 0.8898148148148148 0.5052083333333334 0.8898148148148148 0.5052083333333334 0.9703703703703703 0.4088541666666667 0.9703703703703703
2 0.21875 0.13518518518518519 0.365625 0.13518518518518519 0.365625 0.23333333333333334 0.21875 0.23333333333333334
2 0.39895833333333336 0.25277777777777777 0.4890625 0.25277777777777777 0.4890625 0.31574074074074077 0.39895833333333336 0.31574074074074077
2 0.4171875 0.13518518518518519 0.5015625 0.13518518518518519 0.5015625 0.19814814814814816 0.4171875 0.19814814814814816
2 0.4473958333333333 0.07407407407407407 0.5276041666666667 0.07407407407407407 0.5276041666666667 0.13148148148148148 0.4473958333333333 0.13148148148148148
2 0.51875 0.13148148148148148 0.58125 0.13148148148148148 0.58125 0.18518518518518517 0.51875 0.18518518518518517
2 0.5645833333333333 0.1787037037037037 0.6171875 0.1787037037037037 0.6171875 0.22407407407407406 0.5645833333333333 0.22407407407407406
2 0.5302083333333333 0.26851851851851855 0.5859375 0.26851851851851855 0.5859375 0.31203703703703706 0.5302083333333333 0.31203703703703706
2 0.49322916666666666 0.37407407407407406 0.5692708333333333 0.37407407407407406 0.5692708333333333 0.4203703703703704 0.49322916666666666 0.4203703703703704
2 0.6276041666666666 0.27037037037037037 0.6609375 0.27037037037037037 0.6609375 0.2953703703703704 0.6276041666666666 0.2953703703703704
2 0.5947916666666667 0.3101851851851852 0.6416666666666667 0.3101851851851852 0.6416666666666667 0.3388888888888889 0.5947916666666667 0.3388888888888889
2 0.5880208333333333 0.3814814814814815 0.6375 0.3814814814814815 0.6375 0.4212962962962963 0.5880208333333333 0.4212962962962963
2 0.6130208333333333 0.41203703703703703 0.6505208333333333 0.41203703703703703 0.6505208333333333 0.4398148148148148 0.6130208333333333 0.4398148148148148
2 0.6447916666666667 0.41944444444444445 0.678125 0.41944444444444445 0.678125 0.44907407407407407 0.6447916666666667 0.44907407407407407
2 0.6473958333333333 0.37962962962962965 0.6786458333333333 0.37962962962962965 0.6786458333333333 0.40555555555555556 0.6473958333333333 0.40555555555555556
2 0.640625 0.34074074074074073 0.6729166666666667 0.34074074074074073 0.6729166666666667 0.3638888888888889 0.640625 0.3638888888888889
2 0.6583333333333333 0.36203703703703705 0.6838541666666667 0.36203703703703705 0.6838541666666667 0.38055555555555554 0.6583333333333333 0.38055555555555554
2 0.6875 0.3925925925925926 0.7109375 0.3925925925925926 0.7109375 0.4046296296296296 0.6875 0.4046296296296296
2 0.6723958333333333 0.3990740740740741 0.7015625 0.3990740740740741 0.7015625 0.4185185185185185 0.6723958333333333 0.4185185185185185
2 0.6864583333333333 0.425 0.709375 0.425 0.709375 0.43425925925925923 0.6864583333333333 0.43425925925925923
2 0.6932291666666667 0.44537037037037036 0.7151041666666667 0.44537037037037036 0.7151041666666667 0.462037037037037 0.6932291666666667 0.462037037037037
2 0.684375 0.49444444444444446 0.7114583333333333 0.49444444444444446 0.7114583333333333 0.512962962962963 0.684375 0.512962962962963
2 0.6932291666666667 0.37407407407407406 0.715625 0.37407407407407406 0.715625 0.3925925925925926 0.6932291666666667 0.3925925925925926
2 0.7010416666666667 0.40370370370370373 0.715625 0.40370370370370373 0.715625 0.4148148148148148 0.7010416666666667 0.4148148148148148
2 0.7046875 0.4324074074074074 0.7244791666666667 0.4324074074074074 0.7244791666666667 0.44351851851851853 0.7046875 0.44351851851851853
2 0.6588541666666666 0.6731481481481482 0.6927083333333334 0.6731481481481482 0.6927083333333334 0.6907407407407408 0.6588541666666666 0.6907407407407408
2 0.6791666666666667 0.6851851851851852 0.703125 0.6851851851851852 0.703125 0.7037037037037037 0.6791666666666667 0.7037037037037037
2 0.6630208333333333 0.7333333333333333 0.6916666666666667 0.7333333333333333 0.6916666666666667 0.7537037037037037 0.6630208333333333 0.7537037037037037