1 0.5005208333333333 0 0.6015625 0 0.6015625 0.09259259259259259 0.5005208333333333 0.09259259259259259
1 0.6479166666666667 0.2064814814814815 0.6833333333333333 0.2064814814814815 0.6833333333333333 0.30185185185185187 0.6479166666666667 0.30185185185185187
1 0.6901041666666666 0.4527777777777778 0.7130208333333333 0.4527777777777778 0.7130208333333333 0.5009259259259259 0.6901041666666666 0.5009259259259259
2 0.26927083333333335 0 0.4109375 0 0.4109375 0.04259259259259259 0.26927083333333335 0.04259259259259259
2 0.42916666666666664 0.028703703703703703 0.5364583333333334 0.028703703703703703 0.5364583333333334 0.11666666666666667 0.42916666666666664 0.11666666666666667
2 0.28489583333333335 0.14166666666666666 0.4239583333333333 0.14166666666666666 0.4239583333333333 0.23981481481481481 0.28489583333333335 0.23981481481481481
2 0.49114583333333334 0.1814814814814815 0.56875 0.1814814814814815 0.56875 0.26296296296296295 0.49114583333333334 0.26296296296296295
2 0.5651041666666666 0.24074074074074073 0.6192708333333333 0.24074074074074073 0.6192708333333333 0.2861111111111111 0.5651041666666666 0.2861111111111111
2 0.6036458333333333 0.2851851851851852 0.6453125 0.2851851851851852 0.6453125 0.31666666666666665 0.6036458333333333 0.31666666666666665
2 0.5484375 0.3074074074074074 0.6135416666666667 0.3074074074074074 0.6135416666666667 0.3490740740740741 0.5484375 0.3490740740740741
2 0.5213541666666667 0.35648148148148145 0.5927083333333333 0.35648148148148145 0.5927083333333333 0.38333333333333336 0.5213541666666667 0.38333333333333336
2 0.5557291666666667 0.38333333333333336 0.6223958333333334 0.38333333333333336 0.6223958333333334 0.4166666666666667 0.5557291666666667 0.4166666666666667
2 0.6052083333333333 0.44814814814814813 0.6515625 0.44814814814814813 0.6515625 0.4787037037037037 0.6052083333333333 0.4787037037037037
2 0.6161458333333333 0.36203703703703705 0.6536458333333334 0.36203703703703705 0.6536458333333334 0.3925925925925926 0.6161458333333333 0.3925925925925926
2 0.6484375 0.38425925925925924 0.675 0.38425925925925924 0.675 0.40555555555555556 0.6484375 0.40555555555555556
2 0.6567708333333333 0.3101851851851852 0.6828125 0.3101851851851852 0.6828125 0.3287037037037037 0.6567708333333333 0.3287037037037037
2 0.6598958333333333 0.3388888888888889 0.6875 0.3388888888888889 0.6875 0.35555555555555557 0.6598958333333333 0.35555555555555557
2 0.6578125 0.36018518518518516 0.6838541666666667 0.36018518518518516 0.6838541666666667 0.37962962962962965 0.6578125 0.37962962962962965
2 0.6505208333333333 0.42314814814814816 0.68125 0.42314814814814816 0.68125 0.44722222222222224 0.6505208333333333 0.44722222222222224
2 0.6598958333333333 0.4546296296296296 0.6864583333333333 0.4546296296296296 0.6864583333333333 0.48148148148148145 0.6598958333333333 0.48148148148148145
2 0.6765625 0.44166666666666665 0.6989583333333333 0.44166666666666665 0.6989583333333333 0.4546296296296296 0.6765625 0.4546296296296296
2 0.6744791666666666 0.40185185185185185 0.6984375 0.40185185185185185 0.6984375 0.4185185185185185 0.6744791666666666 0.4185185185185185
2 0.6427083333333333 0.7018518518518518 0.6765625 0.7018518518518518 0.6765625 0.7212962962962963 0.6427083333333333 0.7212962962962963
2 0.6505208333333333 0.75 0.6807291666666667 0.75 0.6807291666666667 0.7694444444444445 0.6505208333333333 0.7694444444444445
2 0.6703125 0.7083333333333334 0.6921875 0.7083333333333334 0.6921875 0.7277777777777777 0.6703125 0.7277777777777777
2 0.66875 0.6546296296296297 0.6942708333333333 0.6546296296296297 0.6942708333333333 0.6833333333333333 0.66875 0.6833333333333333
2 0.6921875 0.6638888888888889 0.7161458333333334 0.6638888888888889 0.7161458333333334 0.6888888888888889 0.6921875 0.6888888888888889
2 0.7010416666666667 0.5018518518518519 0.7234375 0.5018518518518519 0.7234375 0.5194444444444445 0.7010416666666667 0.5194444444444445
2 0.6942708333333333 0.42685185185185187 0.715625 0.42685185185185187 0.715625 0.44351851851851853 0.6942708333333333 0.44351851851851853
2 0.7020833333333333 0.4009259259259259 0.7203125 0.4009259259259259 0.7203125 0.4166666666666667 0.7020833333333333 0.4166666666666667
1 0.6911458333333333 0.7101851851851851 0.7171875 0.7101851851851851 0.7171875 0.7935185185185185 0.6911458333333333 0.7935185185185185