1 0.5067708333333333 0 0.6088541666666667 0 0.6088541666666667 0.08425925925925926 0.5067708333333333 0.08425925925925926
1 0.540625 0.7361111111111112 0.6135416666666667 0.7361111111111112 0.6135416666666667 0.8944444444444445 0.540625 0.8944444444444445
0 0.5682291666666667 0.16018518518518518 0.684375 0.16018518518518518 0.684375 0.3490740740740741 0.5682291666666667 0.3490740740740741
2 0.4239583333333333 0.8805555555555555 0.5046875 0.8805555555555555 0.5046875 0.9722222222222222 0.4239583333333333 0.9722222222222222
2 0.5239583333333333 0.24259259259259258 0.5807291666666666 0.24259259259259258 0.5807291666666666 0.30648148148148147 0.5239583333333333 0.30648148148148147
1 0.709375 0.5537037037037037 0.7291666666666666 0.5537037037037037 0.7291666666666666 0.600925925925926 0.709375 0.600925925925926
2 0.4328125 0.175 0.5177083333333333 0.175 0.5177083333333333 0.2722222222222222 0.4328125 0.2722222222222222
2 0.684375 0.5833333333333334 0.7098958333333333 0.5833333333333334 0.7098958333333333 0.612037037037037 0.684375 0.612037037037037
2 0.5411458333333333 0.3712962962962963 0.6 0.3712962962962963 0.6 0.43333333333333335 0.5411458333333333 0.43333333333333335
2 0.6 0.4027777777777778 0.6453125 0.4027777777777778 0.6453125 0.45185185185185184 0.6 0.45185185185185184
2 0.5114583333333333 0.9527777777777777 0.5739583333333333 0.9527777777777777 0.5739583333333333 1 0.5114583333333333 1
2 0.6239583333333333 0.6962962962962963 0.6619791666666667 0.6962962962962963 0.6619791666666667 0.7361111111111112 0.6239583333333333 0.7361111111111112
1 0.6770833333333334 0.42314814814814816 0.709375 0.42314814814814816 0.709375 0.4888888888888889 0.6770833333333334 0.4888888888888889
2 0.5171875 0.6620370370370371 0.5833333333333334 0.6620370370370371 0.5833333333333334 0.7287037037037037 0.5171875 0.7287037037037037
2 0.659375 0.5018518518518519 0.6927083333333334 0.5018518518518519 0.6927083333333334 0.5444444444444444 0.659375 0.5444444444444444
2 0.6932291666666667 0.387037037037037 0.7171875 0.387037037037037 0.7171875 0.4148148148148148 0.6932291666666667 0.4148148148148148