1 0.39114583333333336 0.9157407407407407 0.49322916666666666 0.9157407407407407 0.49322916666666666 1 0.39114583333333336 1
1 0.3770833333333333 0.12222222222222222 0.4453125 0.12222222222222222 0.4453125 0.2722222222222222 0.3770833333333333 0.2722222222222222
0 0.309375 0.6574074074074074 0.4432291666666667 0.6574074074074074 0.4432291666666667 0.8611111111111112 0.309375 0.8611111111111112
2 0.46927083333333336 0.08796296296296297 0.5421875 0.08796296296296297 0.5421875 0.1638888888888889 0.46927083333333336 0.1638888888888889
2 0.2875 0.3907407407407407 0.3104166666666667 0.3907407407407407 0.3104166666666667 0.41759259259259257 0.2875 0.41759259259259257
2 0.42083333333333334 0.5824074074074074 0.48385416666666664 0.5824074074074074 0.48385416666666664 0.6462962962962963 0.42083333333333334 0.6462962962962963
1 0.2682291666666667 0.40185185185185185 0.28802083333333334 0.40185185185185185 0.28802083333333334 0.44907407407407407 0.2682291666666667 0.44907407407407407
2 0.4375 0.7277777777777777 0.5026041666666666 0.7277777777777777 0.5026041666666666 0.7953703703703704 0.4375 0.7953703703703704
2 0.3625 0.5462962962962963 0.409375 0.5462962962962963 0.409375 0.6018518518518519 0.3625 0.6018518518518519
2 0.5177083333333333 0.7611111111111111 0.6072916666666667 0.7611111111111111 0.6072916666666667 0.8462962962962963 0.5177083333333333 0.8462962962962963
2 0.39947916666666666 0.29074074074074074 0.4583333333333333 0.29074074074074074 0.4583333333333333 0.34814814814814815 0.39947916666666666 0.34814814814814815
1 0.2942708333333333 0.5111111111111111 0.32708333333333334 0.5111111111111111 0.32708333333333334 0.5805555555555556 0.2942708333333333 0.5805555555555556
2 0.32864583333333336 0.27314814814814814 0.3645833333333333 0.27314814814814814 0.3645833333333333 0.3101851851851852 0.32864583333333336 0.3101851851851852
2 0.40572916666666664 0.018518518518518517 0.46770833333333334 0.018518518518518517 0.46770833333333334 0.07777777777777778 0.40572916666666664 0.07777777777777778