1 0.13697916666666668 0.33611111111111114 0.2604166666666667 0.33611111111111114 0.2604166666666667 0.512962962962963 0.13697916666666668 0.512962962962963
1 0.5484375 0.17592592592592593 0.5942708333333333 0.17592592592592593 0.5942708333333333 0.2537037037037037 0.5484375 0.2537037037037037
1 0.4234375 0.25462962962962965 0.4786458333333333 0.25462962962962965 0.4786458333333333 0.35185185185185186 0.4234375 0.35185185185185186
1 0.3265625 0.18981481481481483 0.384375 0.18981481481481483 0.384375 0.2518518518518518 0.3265625 0.2518518518518518
1 0.528125 0.12222222222222222 0.5546875 0.12222222222222222 0.5546875 0.16111111111111112 0.528125 0.16111111111111112
2 0.17135416666666667 0.7944444444444444 0.25052083333333336 0.7944444444444444 0.25052083333333336 0.9824074074074074 0.17135416666666667 0.9824074074074074
2 0.18802083333333333 0.524074074074074 0.22135416666666666 0.524074074074074 0.22135416666666666 0.6861111111111111 0.18802083333333333 0.6861111111111111
2 0.19947916666666668 0.45925925925925926 0.24010416666666667 0.45925925925925926 0.24010416666666667 0.5583333333333333 0.19947916666666668 0.5583333333333333
2 0.2359375 0.5583333333333333 0.28177083333333336 0.5583333333333333 0.28177083333333336 0.7453703703703703 0.2359375 0.7453703703703703
2 0.30625 0.3990740740740741 0.33177083333333335 0.3990740740740741 0.33177083333333335 0.5527777777777778 0.30625 0.5527777777777778
2 0.3515625 0.4462962962962963 0.3859375 0.4462962962962963 0.3859375 0.6101851851851852 0.3515625 0.6101851851851852
2 0.8604166666666667 0.524074074074074 0.9072916666666667 0.524074074074074 0.9072916666666667 0.6787037037037037 0.8604166666666667 0.6787037037037037
2 0.7291666666666666 0.3648148148148148 0.7682291666666666 0.3648148148148148 0.7682291666666666 0.4722222222222222 0.7291666666666666 0.4722222222222222
2 0.3338541666666667 0.30648148148148147 0.3578125 0.30648148148148147 0.3578125 0.3907407407407407 0.3338541666666667 0.3907407407407407
2 0.3619791666666667 0.23425925925925925 0.384375 0.23425925925925925 0.384375 0.3111111111111111 0.3619791666666667 0.3111111111111111
2 0.3807291666666667 0.3037037037037037 0.40677083333333336 0.3037037037037037 0.40677083333333336 0.40370370370370373 0.3807291666666667 0.40370370370370373
2 0.3963541666666667 0.17777777777777778 0.4109375 0.17777777777777778 0.4109375 0.24166666666666667 0.3963541666666667 0.24166666666666667
2 0.40260416666666665 0.10648148148148148 0.4114583333333333 0.10648148148148148 0.4114583333333333 0.16574074074074074 0.40260416666666665 0.16574074074074074
2 0.4197916666666667 0.14444444444444443 0.4270833333333333 0.14444444444444443 0.4270833333333333 0.1925925925925926 0.4197916666666667 0.1925925925925926
2 0.4296875 0.16666666666666666 0.4401041666666667 0.16666666666666666 0.4401041666666667 0.22407407407407406 0.4296875 0.22407407407407406
2 0.4125 0.21203703703703702 0.4265625 0.21203703703703702 0.4265625 0.28055555555555556 0.4125 0.28055555555555556
2 0.4473958333333333 0.16111111111111112 0.4583333333333333 0.16111111111111112 0.4583333333333333 0.21296296296296297 0.4473958333333333 0.21296296296296297
2 0.46041666666666664 0.1685185185185185 0.47239583333333335 0.1685185185185185 0.47239583333333335 0.225 0.46041666666666664 0.225
2 0.509375 0.18333333333333332 0.5354166666666667 0.18333333333333332 0.5354166666666667 0.2518518518518518 0.509375 0.2518518518518518
2 0.6244791666666667 0.21851851851851853 0.6411458333333333 0.21851851851851853 0.6411458333333333 0.2824074074074074 0.6244791666666667 0.2824074074074074
2 0.440625 0.13703703703703704 0.4479166666666667 0.13703703703703704 0.4479166666666667 0.17685185185185184 0.440625 0.17685185185185184
2 0.4546875 0.13240740740740742 0.4635416666666667 0.13240740740740742 0.4635416666666667 0.1675925925925926 0.4546875 0.1675925925925926
2 0.45989583333333334 0.12129629629629629 0.4708333333333333 0.12129629629629629 0.4708333333333333 0.16018518518518518 0.45989583333333334 0.16018518518518518
2 0.47552083333333334 0.1175925925925926 0.4828125 0.1175925925925926 0.4828125 0.15462962962962962 0.47552083333333334 0.15462962962962962
2 0.5640625 0.12685185185185185 0.5729166666666666 0.12685185185185185 0.5729166666666666 0.16944444444444445 0.5640625 0.16944444444444445
2 0.58125 0.12407407407407407 0.5921875 0.12407407407407407 0.5921875 0.1675925925925926 0.58125 0.1675925925925926