1 0.4015625 0.9138888888888889 0.5 0.9138888888888889 0.5 1 0.4015625 1
1 0.31979166666666664 0.6953703703703704 0.3546875 0.6953703703703704 0.3546875 0.7972222222222223 0.31979166666666664 0.7972222222222223
1 0.29270833333333335 0.12962962962962962 0.31666666666666665 0.12962962962962962 0.31666666666666665 0.22592592592592592 0.29270833333333335 0.22592592592592592
1 0.2838541666666667 0.3731481481481482 0.3072916666666667 0.3731481481481482 0.3072916666666667 0.42314814814814816 0.2838541666666667 0.42314814814814816
2 0.4890625 0.9555555555555556 0.5734375 0.9555555555555556 0.5734375 1 0.4890625 1
2 0.4395833333333333 0.6638888888888889 0.5109375 0.6638888888888889 0.5109375 0.725 0.4395833333333333 0.725
2 0.40260416666666665 0.7870370370370371 0.4734375 0.7870370370370371 0.4734375 0.8268518518518518 0.40260416666666665 0.8268518518518518
2 0.3703125 0.7101851851851851 0.4125 0.7101851851851851 0.4125 0.7527777777777778 0.3703125 0.7527777777777778
2 0.3875 0.6148148148148148 0.44375 0.6148148148148148 0.44375 0.6444444444444445 0.3875 0.6444444444444445
2 0.3927083333333333 0.6787037037037037 0.4348958333333333 0.6787037037037037 0.4348958333333333 0.7287037037037037 0.3927083333333333 0.7287037037037037
2 0.3125 0.35462962962962963 0.3458333333333333 0.35462962962962963 0.3458333333333333 0.40185185185185185 0.3125 0.40185185185185185
2 0.3145833333333333 0.3074074074074074 0.35 0.3074074074074074 0.35 0.3537037037037037 0.3145833333333333 0.3537037037037037
2 0.31666666666666665 0.25833333333333336 0.34010416666666665 0.25833333333333336 0.34010416666666665 0.2796296296296296 0.31666666666666665 0.2796296296296296
2 0.3453125 0.1925925925925926 0.378125 0.1925925925925926 0.378125 0.23333333333333334 0.3453125 0.23333333333333334
2 0.3770833333333333 0.17037037037037037 0.4239583333333333 0.17037037037037037 0.4239583333333333 0.2111111111111111 0.3770833333333333 0.2111111111111111
2 0.33177083333333335 0.6370370370370371 0.3640625 0.6370370370370371 0.3640625 0.662962962962963 0.33177083333333335 0.662962962962963
2 0.3421875 0.5990740740740741 0.37135416666666665 0.5990740740740741 0.37135416666666665 0.6259259259259259 0.3421875 0.6259259259259259
2 0.3255208333333333 0.5851851851851851 0.3567708333333333 0.5851851851851851 0.3567708333333333 0.6111111111111112 0.3255208333333333 0.6111111111111112
2 0.3234375 0.5509259259259259 0.3515625 0.5509259259259259 0.3515625 0.575925925925926 0.3234375 0.575925925925926
2 0.325 0.5212962962962963 0.3536458333333333 0.5212962962962963 0.3536458333333333 0.5407407407407407 0.325 0.5407407407407407
2 0.30104166666666665 0.5055555555555555 0.32708333333333334 0.5055555555555555 0.32708333333333334 0.5277777777777778 0.30104166666666665 0.5277777777777778
2 0.2921875 0.5268518518518519 0.31197916666666664 0.5268518518518519 0.31197916666666664 0.5407407407407407 0.2921875 0.5407407407407407
2 0.303125 0.6537037037037037 0.32708333333333334 0.6537037037037037 0.32708333333333334 0.6685185185185185 0.303125 0.6685185185185185
2 0.30520833333333336 0.6361111111111111 0.3328125 0.6361111111111111 0.3328125 0.6518518518518519 0.30520833333333336 0.6518518518518519
2 0.3109375 0.6203703703703703 0.3359375 0.6203703703703703 0.3359375 0.6388888888888888 0.3109375 0.6388888888888888
2 0.29739583333333336 0.6037037037037037 0.3203125 0.6037037037037037 0.3203125 0.6101851851851852 0.29739583333333336 0.6101851851851852
2 0.3026041666666667 0.5796296296296296 0.325 0.5796296296296296 0.325 0.5953703703703703 0.3026041666666667 0.5953703703703703
2 0.3078125 0.5592592592592592 0.32760416666666664 0.5592592592592592 0.32760416666666664 0.5777777777777777 0.3078125 0.5777777777777777
2 0.29322916666666665 0.5481481481481482 0.3125 0.5481481481481482 0.3125 0.5657407407407408 0.29322916666666665 0.5657407407407408
2 0.2859375 0.5851851851851851 0.303125 0.5851851851851851 0.303125 0.5972222222222222 0.2859375 0.5972222222222222