1 0.459375 0.5611111111111111 0.58125 0.5611111111111111 0.58125 0.7518518518518519 0.459375 0.7518518518518519
1 0.4010416666666667 0.9111111111111111 0.5010416666666667 0.9111111111111111 0.5010416666666667 1 0.4010416666666667 1
1 0.3203125 0.6972222222222222 0.35572916666666665 0.6972222222222222 0.35572916666666665 0.8018518518518518 0.3203125 0.8018518518518518
1 0.2869791666666667 0.125 0.31875 0.125 0.31875 0.22407407407407406 0.2869791666666667 0.22407407407407406
1 0.290625 0.35462962962962963 0.31927083333333334 0.35462962962962963 0.31927083333333334 0.41944444444444445 0.290625 0.41944444444444445
2 0.43802083333333336 0.040740740740740744 0.5291666666666667 0.040740740740740744 0.5291666666666667 0.10555555555555556 0.43802083333333336 0.10555555555555556
2 0.6692708333333334 0.950925925925926 0.78125 0.950925925925926 0.78125 1 0.6692708333333334 1
2 0.4166666666666667 0.8194444444444444 0.47552083333333334 0.8194444444444444 0.47552083333333334 0.8703703703703703 0.4166666666666667 0.8703703703703703
2 0.42083333333333334 0.7296296296296296 0.4713541666666667 0.7296296296296296 0.4713541666666667 0.7796296296296297 0.42083333333333334 0.7796296296296297
2 0.3578125 0.7148148148148148 0.4041666666666667 0.7148148148148148 0.4041666666666667 0.7527777777777778 0.3578125 0.7527777777777778
2 0.3484375 0.6453703703703704 0.3885416666666667 0.6453703703703704 0.3885416666666667 0.6712962962962963 0.3484375 0.6712962962962963
2 0.3307291666666667 0.6555555555555556 0.3651041666666667 0.6555555555555556 0.3651041666666667 0.687037037037037 0.3307291666666667 0.687037037037037
2 0.340625 0.5879629629629629 0.3734375 0.5879629629629629 0.3734375 0.6222222222222222 0.340625 0.6222222222222222
2 0.3692708333333333 0.5805555555555556 0.41822916666666665 0.5805555555555556 0.41822916666666665 0.6138888888888889 0.3692708333333333 0.6138888888888889
2 0.37552083333333336 0.125 0.41822916666666665 0.125 0.41822916666666665 0.1574074074074074 0.37552083333333336 0.1574074074074074
2 0.3385416666666667 0.19444444444444445 0.37083333333333335 0.19444444444444445 0.37083333333333335 0.23796296296296296 0.3385416666666667 0.23796296296296296
2 0.3182291666666667 0.3453703703703704 0.3515625 0.3453703703703704 0.3515625 0.42407407407407405 0.3182291666666667 0.42407407407407405
2 0.29322916666666665 0.6462962962962963 0.3145833333333333 0.6462962962962963 0.3145833333333333 0.6694444444444444 0.29322916666666665 0.6694444444444444
2 0.31197916666666664 0.6148148148148148 0.3411458333333333 0.6148148148148148 0.3411458333333333 0.6324074074074074 0.31197916666666664 0.6324074074074074
2 0.31197916666666664 0.5648148148148148 0.3411458333333333 0.5648148148148148 0.3411458333333333 0.5851851851851851 0.31197916666666664 0.5851851851851851
2 0.2989583333333333 0.5407407407407407 0.3260416666666667 0.5407407407407407 0.3260416666666667 0.5611111111111111 0.2989583333333333 0.5611111111111111
2 0.3 0.49722222222222223 0.32760416666666664 0.49722222222222223 0.32760416666666664 0.5166666666666667 0.3 0.5166666666666667
2 0.28541666666666665 0.49907407407407406 0.303125 0.49907407407407406 0.303125 0.5166666666666667 0.28541666666666665 0.5166666666666667
2 0.28229166666666666 0.5305555555555556 0.30052083333333335 0.5305555555555556 0.30052083333333335 0.55 0.28229166666666666 0.55
2 0.2859375 0.5527777777777778 0.30104166666666665 0.5527777777777778 0.30104166666666665 0.5638888888888889 0.2859375 0.5638888888888889
2 0.28802083333333334 0.5638888888888889 0.303125 0.5638888888888889 0.303125 0.5731481481481482 0.28802083333333334 0.5731481481481482
2 0.2859375 0.5861111111111111 0.30885416666666665 0.5861111111111111 0.30885416666666665 0.600925925925926 0.2859375 0.600925925925926
2 0.296875 0.5981481481481481 0.3223958333333333 0.5981481481481481 0.3223958333333333 0.6129629629629629 0.296875 0.6129629629629629
2 0.2953125 0.6129629629629629 0.31354166666666666 0.6129629629629629 0.31354166666666666 0.6240740740740741 0.2953125 0.6240740740740741
2 0.2890625 0.31851851851851853 0.31979166666666664 0.31851851851851853 0.31979166666666664 0.33425925925925926 0.2890625 0.33425925925925926