1 0.14375 0.32314814814814813 0.2703125 0.32314814814814813 0.2703125 0.4981481481481482 0.14375 0.4981481481481482
1 0.31979166666666664 0.17407407407407408 0.3932291666666667 0.17407407407407408 0.3932291666666667 0.23425925925925925 0.31979166666666664 0.23425925925925925
2 0.11145833333333334 0.8240740740740741 0.196875 0.8240740740740741 0.196875 1 0.11145833333333334 1
2 0.6677083333333333 0.35833333333333334 0.7104166666666667 0.35833333333333334 0.7104166666666667 0.4777777777777778 0.6677083333333333 0.4777777777777778
2 0.4078125 0.18055555555555555 0.4296875 0.18055555555555555 0.4296875 0.22777777777777777 0.4078125 0.22777777777777777
2 0.7104166666666667 0.3435185185185185 0.7489583333333333 0.3435185185185185 0.7489583333333333 0.4444444444444444 0.7104166666666667 0.4444444444444444
2 0.596875 0.22777777777777777 0.6171875 0.22777777777777777 0.6171875 0.2833333333333333 0.596875 0.2833333333333333
2 0.8447916666666667 0.5611111111111111 0.9130208333333333 0.5611111111111111 0.9130208333333333 0.7407407407407407 0.8447916666666667 0.7407407407407407
2 0.453125 0.17777777777777778 0.47291666666666665 0.17777777777777778 0.47291666666666665 0.23055555555555557 0.453125 0.23055555555555557
2 0.5541666666666667 0.15185185185185185 0.5765625 0.15185185185185185 0.5765625 0.20462962962962963 0.5541666666666667 0.20462962962962963
2 0.4317708333333333 0.21296296296296297 0.45208333333333334 0.21296296296296297 0.45208333333333334 0.26944444444444443 0.4317708333333333 0.26944444444444443
2 0.646875 0.26666666666666666 0.675 0.26666666666666666 0.675 0.34074074074074073 0.646875 0.34074074074074073
2 0.484375 0.13796296296296295 0.49895833333333334 0.13796296296296295 0.49895833333333334 0.1787037037037037 0.484375 0.1787037037037037
2 0.43697916666666664 0.12962962962962962 0.45 0.12962962962962962 0.45 0.16296296296296298 0.43697916666666664 0.16296296296296298
2 0.39791666666666664 0.20277777777777778 0.4197916666666667 0.20277777777777778 0.4197916666666667 0.26296296296296295 0.39791666666666664 0.26296296296296295
2 0.409375 0.2851851851851852 0.4427083333333333 0.2851851851851852 0.4427083333333333 0.37962962962962965 0.409375 0.37962962962962965
2 0.584375 0.17222222222222222 0.6026041666666667 0.17222222222222222 0.6026041666666667 0.22407407407407406 0.584375 0.22407407407407406
2 0.45625 0.26666666666666666 0.4822916666666667 0.26666666666666666 0.4822916666666667 0.35648148148148145 0.45625 0.35648148148148145
2 0.6041666666666666 0.18981481481481483 0.6239583333333333 0.18981481481481483 0.6239583333333333 0.23981481481481481 0.6041666666666666 0.23981481481481481
2 0.6265625 0.15833333333333333 0.6427083333333333 0.15833333333333333 0.6427083333333333 0.20185185185185187 0.6265625 0.20185185185185187
2 0.3171875 0.4842592592592593 0.3494791666666667 0.4842592592592593 0.3494791666666667 0.6268518518518519 0.3171875 0.6268518518518519
2 0.3177083333333333 0.6083333333333333 0.3697916666666667 0.6083333333333333 0.3697916666666667 0.8490740740740741 0.3177083333333333 0.8490740740740741