1 0.14427083333333332 0.3212962962962963 0.26979166666666665 0.3212962962962963 0.26979166666666665 0.5009259259259259 0.14427083333333332 0.5009259259259259
1 0.33177083333333335 0.17777777777777778 0.39010416666666664 0.17777777777777778 0.39010416666666664 0.24166666666666667 0.33177083333333335 0.24166666666666667
1 0.47708333333333336 0.10833333333333334 0.5041666666666667 0.10833333333333334 0.5041666666666667 0.14629629629629629 0.47708333333333336 0.14629629629629629
1 0.6359375 0.11666666666666667 0.696875 0.11666666666666667 0.696875 0.1685185185185185 0.6359375 0.1685185185185185
2 0.065625 0.6398148148148148 0.13489583333333333 0.6398148148148148 0.13489583333333333 0.9037037037037037 0.065625 0.9037037037037037
2 0.2713541666666667 0.6138888888888889 0.32760416666666664 0.6138888888888889 0.32760416666666664 0.7981481481481482 0.2713541666666667 0.7981481481481482
2 0.24791666666666667 0.4287037037037037 0.2838541666666667 0.4287037037037037 0.2838541666666667 0.5796296296296296 0.24791666666666667 0.5796296296296296
2 0.3260416666666667 0.40925925925925927 0.35208333333333336 0.40925925925925927 0.35208333333333336 0.5398148148148149 0.3260416666666667 0.5398148148148149
2 0.321875 0.3138888888888889 0.35104166666666664 0.3138888888888889 0.35104166666666664 0.4287037037037037 0.321875 0.4287037037037037
2 0.3828125 0.37962962962962965 0.4140625 0.37962962962962965 0.4140625 0.5037037037037037 0.3828125 0.5037037037037037
2 0.39114583333333336 0.26666666666666666 0.41458333333333336 0.26666666666666666 0.41458333333333336 0.35462962962962963 0.39114583333333336 0.35462962962962963
2 0.3885416666666667 0.23333333333333334 0.40625 0.23333333333333334 0.40625 0.2953703703703704 0.3885416666666667 0.2953703703703704
2 0.4234375 0.22592592592592592 0.43854166666666666 0.22592592592592592 0.43854166666666666 0.30277777777777776 0.4234375 0.30277777777777776
2 0.4588541666666667 0.2361111111111111 0.4734375 0.2361111111111111 0.4734375 0.32037037037037036 0.4588541666666667 0.32037037037037036
2 0.44895833333333335 0.2212962962962963 0.4625 0.2212962962962963 0.4625 0.27870370370370373 0.44895833333333335 0.27870370370370373
2 0.3984375 0.17222222222222222 0.4088541666666667 0.17222222222222222 0.4088541666666667 0.2212962962962963 0.3984375 0.2212962962962963
2 0.41041666666666665 0.19444444444444445 0.4197916666666667 0.19444444444444445 0.4197916666666667 0.24444444444444444 0.41041666666666665 0.24444444444444444
2 0.4328125 0.15 0.43854166666666666 0.15 0.43854166666666666 0.18981481481481483 0.4328125 0.18981481481481483
2 0.4390625 0.1685185185185185 0.44947916666666665 0.1685185185185185 0.44947916666666665 0.21388888888888888 0.4390625 0.21388888888888888
2 0.4427083333333333 0.18425925925925926 0.4557291666666667 0.18425925925925926 0.4557291666666667 0.2388888888888889 0.4427083333333333 0.2388888888888889
2 0.4505208333333333 0.16018518518518518 0.4583333333333333 0.16018518518518518 0.4583333333333333 0.2 0.4505208333333333 0.2
2 0.45989583333333334 0.14629629629629629 0.46770833333333334 0.14629629629629629 0.46770833333333334 0.1925925925925926 0.45989583333333334 0.1925925925925926
2 0.4791666666666667 0.1425925925925926 0.4869791666666667 0.1425925925925926 0.4869791666666667 0.1787037037037037 0.4791666666666667 0.1787037037037037
2 0.48072916666666665 0.17777777777777778 0.4947916666666667 0.17777777777777778 0.4947916666666667 0.2324074074074074 0.48072916666666665 0.2324074074074074
2 0.634375 0.22592592592592592 0.6473958333333333 0.22592592592592592 0.6473958333333333 0.29814814814814816 0.634375 0.29814814814814816
2 0.6489583333333333 0.1935185185185185 0.6609375 0.1935185185185185 0.6609375 0.25277777777777777 0.6489583333333333 0.25277777777777777
2 0.6057291666666667 0.16296296296296298 0.6203125 0.16296296296296298 0.6203125 0.21851851851851853 0.6057291666666667 0.21851851851851853
2 0.5770833333333333 0.1638888888888889 0.5958333333333333 0.1638888888888889 0.5958333333333333 0.21666666666666667 0.5770833333333333 0.21666666666666667
2 0.6083333333333333 0.13796296296296295 0.6208333333333333 0.13796296296296295 0.6208333333333333 0.18796296296296297 0.6083333333333333 0.18796296296296297
2 0.465625 0.12777777777777777 0.47552083333333334 0.12777777777777777 0.47552083333333334 0.1648148148148148 0.465625 0.1648148148148148
2 0.44479166666666664 0.13148148148148148 0.45416666666666666 0.13148148148148148 0.45416666666666666 0.16203703703703703 0.44479166666666664 0.16203703703703703