1 0.14375 0.32314814814814813 0.2734375 0.32314814814814813 0.2734375 0.4981481481481482 0.14375 0.4981481481481482
1 0.3265625 0.175 0.3927083333333333 0.175 0.3927083333333333 0.2351851851851852 0.3265625 0.2351851851851852
2 0.5848958333333333 0.1814814814814815 0.6046875 0.1814814814814815 0.6046875 0.23703703703703705 0.5848958333333333 0.23703703703703705
2 0.41510416666666666 0.2611111111111111 0.44635416666666666 0.2611111111111111 0.44635416666666666 0.34629629629629627 0.41510416666666666 0.34629629629629627
2 0.45364583333333336 0.16666666666666666 0.47239583333333335 0.16666666666666666 0.47239583333333335 0.21481481481481482 0.45364583333333336 0.21481481481481482
2 0.3333333333333333 0.44074074074074077 0.371875 0.44074074074074077 0.371875 0.5416666666666666 0.3333333333333333 0.5416666666666666
2 0.434375 0.2064814814814815 0.45364583333333336 0.2064814814814815 0.45364583333333336 0.25833333333333336 0.434375 0.25833333333333336
2 0.6802083333333333 0.3888888888888889 0.7328125 0.3888888888888889 0.7328125 0.5277777777777778 0.6802083333333333 0.5277777777777778
2 0.6515625 0.2851851851851852 0.6807291666666667 0.2851851851851852 0.6807291666666667 0.36203703703703705 0.6515625 0.36203703703703705
2 0.48489583333333336 0.13425925925925927 0.49895833333333334 0.13425925925925927 0.49895833333333334 0.17222222222222222 0.48489583333333336 0.17222222222222222
2 0.6072916666666667 0.20092592592592592 0.6307291666666667 0.20092592592592592 0.6307291666666667 0.2564814814814815 0.6072916666666667 0.2564814814814815
2 0.4046875 0.1962962962962963 0.4270833333333333 0.1962962962962963 0.4270833333333333 0.2537037037037037 0.4046875 0.2537037037037037
2 0.553125 0.15925925925925927 0.5755208333333334 0.15925925925925927 0.5755208333333334 0.21388888888888888 0.553125 0.21388888888888888
2 0.4583333333333333 0.24444444444444444 0.484375 0.24444444444444444 0.484375 0.32592592592592595 0.4583333333333333 0.32592592592592595
2 0.8682291666666667 0.6129629629629629 0.9395833333333333 0.6129629629629629 0.9395833333333333 0.8027777777777778 0.8682291666666667 0.8027777777777778
2 0.5380208333333333 0.09074074074074075 0.55 0.09074074074074075 0.55 0.11944444444444445 0.5380208333333333 0.11944444444444445
2 0.43854166666666666 0.12407407407407407 0.4515625 0.12407407407407407 0.4515625 0.15648148148148147 0.43854166666666666 0.15648148148148147
2 0.6005208333333333 0.24351851851851852 0.6239583333333333 0.24351851851851852 0.6239583333333333 0.30648148148148147 0.6005208333333333 0.30648148148148147
2 0.6239583333333333 0.15925925925925927 0.6432291666666666 0.15925925925925927 0.6432291666666666 0.2037037037037037 0.6239583333333333 0.2037037037037037
2 0.7223958333333333 0.37222222222222223 0.7598958333333333 0.37222222222222223 0.7598958333333333 0.48055555555555557 0.7223958333333333 0.48055555555555557
2 0.16197916666666667 0.7092592592592593 0.2526041666666667 0.7092592592592593 0.2526041666666667 0.937037037037037 0.16197916666666667 0.937037037037037
2 0.3375 0.5342592592592592 0.396875 0.5342592592592592 0.396875 0.7101851851851851 0.3375 0.7101851851851851