1 0.1296875 0.3527777777777778 0.2546875 0.3527777777777778 0.2546875 0.5314814814814814 0.1296875 0.5314814814814814
1 0.5572916666666666 0.3296296296296296 0.6354166666666666 0.3296296296296296 0.6354166666666666 0.4537037037037037 0.5572916666666666 0.4537037037037037
1 0.259375 0.6064814814814815 0.41041666666666665 0.6064814814814815 0.41041666666666665 0.9018518518518519 0.259375 0.9018518518518519
1 0.32083333333333336 0.2037037037037037 0.37916666666666665 0.2037037037037037 0.37916666666666665 0.26851851851851855 0.32083333333333336 0.26851851851851855
1 0.4427083333333333 0.175 0.4791666666666667 0.175 0.4791666666666667 0.23055555555555557 0.4427083333333333 0.23055555555555557
1 0.6395833333333333 0.16018518518518518 0.6880208333333333 0.16018518518518518 0.6880208333333333 0.2 0.6395833333333333 0.2
2 0.1203125 0.6861111111111111 0.21458333333333332 0.6861111111111111 0.21458333333333332 0.9435185185185185 0.1203125 0.9435185185185185
2 0.3578125 0.8305555555555556 0.4114583333333333 0.8305555555555556 0.4114583333333333 0.9990740740740741 0.3578125 0.9990740740740741
2 0.24270833333333333 0.43148148148148147 0.2765625 0.43148148148148147 0.2765625 0.5518518518518518 0.24270833333333333 0.5518518518518518
2 0.25729166666666664 0.5148148148148148 0.32083333333333336 0.5148148148148148 0.32083333333333336 0.6620370370370371 0.25729166666666664 0.6620370370370371
2 0.32135416666666666 0.4 0.34375 0.4 0.34375 0.5194444444444445 0.32135416666666666 0.5194444444444445
2 0.28541666666666665 0.3527777777777778 0.315625 0.3527777777777778 0.315625 0.46111111111111114 0.28541666666666665 0.46111111111111114
2 0.32135416666666666 0.3333333333333333 0.34322916666666664 0.3333333333333333 0.34322916666666664 0.4148148148148148 0.32135416666666666 0.4148148148148148
2 0.3338541666666667 0.23796296296296296 0.35208333333333336 0.23796296296296296 0.35208333333333336 0.32407407407407407 0.3338541666666667 0.32407407407407407
2 0.33541666666666664 0.25555555555555554 0.3671875 0.25555555555555554 0.3671875 0.36666666666666664 0.33541666666666664 0.36666666666666664
2 0.3614583333333333 0.2916666666666667 0.384375 0.2916666666666667 0.384375 0.37592592592592594 0.3614583333333333 0.37592592592592594
2 0.3776041666666667 0.3296296296296296 0.39739583333333334 0.3296296296296296 0.39739583333333334 0.4462962962962963 0.3776041666666667 0.4462962962962963
2 0.4192708333333333 0.35 0.4328125 0.35 0.4328125 0.46296296296296297 0.4192708333333333 0.46296296296296297
2 0.45 0.30925925925925923 0.4765625 0.30925925925925923 0.4765625 0.43148148148148147 0.45 0.43148148148148147
2 0.39166666666666666 0.2814814814814815 0.415625 0.2814814814814815 0.415625 0.35833333333333334 0.39166666666666666 0.35833333333333334
2 0.3921875 0.24722222222222223 0.4083333333333333 0.24722222222222223 0.4083333333333333 0.29814814814814816 0.3921875 0.29814814814814816
2 0.4192708333333333 0.2361111111111111 0.4359375 0.2361111111111111 0.4359375 0.31851851851851853 0.4192708333333333 0.31851851851851853
2 0.4088541666666667 0.21481481481481482 0.42083333333333334 0.21481481481481482 0.42083333333333334 0.25833333333333336 0.4088541666666667 0.25833333333333336
2 0.4 0.17407407407407408 0.41302083333333334 0.17407407407407408 0.41302083333333334 0.22870370370370371 0.4 0.22870370370370371
2 0.42083333333333334 0.18333333333333332 0.4354166666666667 0.18333333333333332 0.4354166666666667 0.2361111111111111 0.42083333333333334 0.2361111111111111
2 0.4895833333333333 0.19722222222222222 0.5177083333333333 0.19722222222222222 0.5177083333333333 0.2611111111111111 0.4895833333333333 0.2611111111111111
2 0.5875 0.225 0.6026041666666667 0.225 0.6026041666666667 0.28425925925925927 0.5875 0.28425925925925927
2 0.6114583333333333 0.20185185185185187 0.6197916666666666 0.20185185185185187 0.6197916666666666 0.2712962962962963 0.6114583333333333 0.2712962962962963
2 0.5598958333333334 0.1638888888888889 0.56875 0.1638888888888889 0.56875 0.2037037037037037 0.5598958333333334 0.2037037037037037
2 0.5880208333333333 0.16203703703703703 0.6020833333333333 0.16203703703703703 0.6020833333333333 0.2101851851851852 0.5880208333333333 0.2101851851851852
2 0.6015625 0.17777777777777778 0.6104166666666667 0.17777777777777778 0.6104166666666667 0.2222222222222222 0.6015625 0.2222222222222222
1 0.5302083333333333 0.18425925925925926 0.5640625 0.18425925925925926 0.5640625 0.2361111111111111 0.5302083333333333 0.2361111111111111
2 0.7833333333333333 0.6462962962962963 0.8953125 0.6462962962962963 0.8953125 0.8833333333333333 0.7833333333333333 0.8833333333333333