1 0.5052083333333334 0 0.6026041666666667 0 0.6026041666666667 0.09351851851851851 0.5052083333333334 0.09351851851851851
1 0.453125 0.23333333333333334 0.5515625 0.23333333333333334 0.5515625 0.4166666666666667 0.453125 0.4166666666666667
2 0.5020833333333333 0.8240740740740741 0.5630208333333333 0.8240740740740741 0.5630208333333333 0.8916666666666667 0.5020833333333333 0.8916666666666667
2 0.44375 0.7398148148148148 0.5208333333333334 0.7398148148148148 0.5208333333333334 0.8314814814814815 0.44375 0.8314814814814815
2 0.31927083333333334 0 0.42291666666666666 0 0.42291666666666666 0.041666666666666664 0.31927083333333334 0.041666666666666664
2 0.5328125 0.19537037037037036 0.5838541666666667 0.19537037037037036 0.5838541666666667 0.25277777777777777 0.5328125 0.25277777777777777
2 0.5901041666666667 0.8240740740740741 0.6333333333333333 0.8240740740740741 0.6333333333333333 0.8740740740740741 0.5901041666666667 0.8740740740740741
1 0.6463541666666667 0.18055555555555555 0.6817708333333333 0.18055555555555555 0.6817708333333333 0.2935185185185185 0.6463541666666667 0.2935185185185185
2 0.5786458333333333 0.2490740740740741 0.6260416666666667 0.2490740740740741 0.6260416666666667 0.30092592592592593 0.5786458333333333 0.30092592592592593
2 0.43020833333333336 0 0.5020833333333333 0 0.5020833333333333 0.07962962962962963 0.43020833333333336 0.07962962962962963
2 0.5604166666666667 0.7379629629629629 0.6098958333333333 0.7379629629629629 0.6098958333333333 0.787962962962963 0.5604166666666667 0.787962962962963
2 0.6333333333333333 0.4305555555555556 0.6703125 0.4305555555555556 0.6703125 0.46296296296296297 0.6333333333333333 0.46296296296296297
2 0.3723958333333333 0 0.4265625 0 0.4265625 0.040740740740740744 0.3723958333333333 0.040740740740740744
2 0.5651041666666666 0.3212962962962963 0.6145833333333334 0.3212962962962963 0.6145833333333334 0.37037037037037035 0.5651041666666666 0.37037037037037035
2 0.6994791666666667 0.42777777777777776 0.7182291666666667 0.42777777777777776 0.7182291666666667 0.45185185185185184 0.6994791666666667 0.45185185185185184
2 0.6505208333333333 0.37592592592592594 0.6760416666666667 0.37592592592592594 0.6760416666666667 0.4083333333333333 0.6505208333333333 0.4083333333333333
2 0.6791666666666667 0.48148148148148145 0.7046875 0.48148148148148145 0.7046875 0.5083333333333333 0.6791666666666667 0.5083333333333333
2 0.6171875 0.387037037037037 0.6510416666666666 0.387037037037037 0.6510416666666666 0.4287037037037037 0.6171875 0.4287037037037037
2 0.6869791666666667 0.39444444444444443 0.7083333333333334 0.39444444444444443 0.7083333333333334 0.4185185185185185 0.6869791666666667 0.4185185185185185
2 0.22135416666666666 0.021296296296296296 0.3619791666666667 0.021296296296296296 0.3619791666666667 0.1425925925925926 0.22135416666666666 0.1425925925925926