1 0.49322916666666666 0 0.59375 0 0.59375 0.08333333333333333 0.49322916666666666 0.08333333333333333
1 0.51875 0.325 0.5979166666666667 0.325 0.5979166666666667 0.4546296296296296 0.51875 0.4546296296296296
1 0.6416666666666667 0.2 0.6776041666666667 0.2 0.6776041666666667 0.30185185185185187 0.6416666666666667 0.30185185185185187
1 0.6677083333333333 0.5888888888888889 0.7005208333333334 0.5888888888888889 0.7005208333333334 0.6527777777777778 0.6677083333333333 0.6527777777777778
1 0.6822916666666666 0.7824074074074074 0.7052083333333333 0.7824074074074074 0.7052083333333333 0.8611111111111112 0.6822916666666666 0.8611111111111112
2 0.5614583333333333 0.19444444444444445 0.6177083333333333 0.19444444444444445 0.6177083333333333 0.2518518518518518 0.5614583333333333 0.2518518518518518
2 0.625 0.4111111111111111 0.6614583333333334 0.4111111111111111 0.6614583333333334 0.4462962962962963 0.625 0.4462962962962963
2 0.27239583333333334 0 0.4015625 0 0.4015625 0.025 0.27239583333333334 0.025
2 0.2359375 0 0.334375 0 0.334375 0.1037037037037037 0.2359375 0.1037037037037037
2 0.4734375 0.07685185185185185 0.5572916666666666 0.07685185185185185 0.5572916666666666 0.14629629629629629 0.4734375 0.14629629629629629
2 0.42864583333333334 0.14907407407407408 0.5177083333333333 0.14907407407407408 0.5177083333333333 0.22407407407407406 0.42864583333333334 0.22407407407407406
2 0.5734375 0.2972222222222222 0.6255208333333333 0.2972222222222222 0.6255208333333333 0.33240740740740743 0.5734375 0.33240740740740743
2 0.6302083333333334 0.27870370370370373 0.6578125 0.27870370370370373 0.6578125 0.3111111111111111 0.6302083333333334 0.3111111111111111
2 0.628125 0.3527777777777778 0.671875 0.3527777777777778 0.671875 0.3888888888888889 0.628125 0.3888888888888889
2 0.6541666666666667 0.33055555555555555 0.6885416666666667 0.33055555555555555 0.6885416666666667 0.3574074074074074 0.6541666666666667 0.3574074074074074
2 0.6885416666666667 0.3277777777777778 0.7114583333333333 0.3277777777777778 0.7114583333333333 0.35 0.6885416666666667 0.35
2 0.6697916666666667 0.38425925925925924 0.6963541666666667 0.38425925925925924 0.6963541666666667 0.40555555555555556 0.6697916666666667 0.40555555555555556
2 0.6713541666666667 0.4287037037037037 0.6994791666666667 0.4287037037037037 0.6994791666666667 0.44351851851851853 0.6713541666666667 0.44351851851851853
2 0.6833333333333333 0.45185185185185184 0.7046875 0.45185185185185184 0.7046875 0.4675925925925926 0.6833333333333333 0.4675925925925926
2 0.6895833333333333 0.4898148148148148 0.7088541666666667 0.4898148148148148 0.7088541666666667 0.5074074074074074 0.6895833333333333 0.5074074074074074
2 0.6453125 0.5407407407407407 0.68125 0.5407407407407407 0.68125 0.6101851851851852 0.6453125 0.6101851851851852
2 0.6635416666666667 0.6861111111111111 0.6932291666666667 0.6861111111111111 0.6932291666666667 0.7185185185185186 0.6635416666666667 0.7185185185185186
2 0.5270833333333333 0.9185185185185185 0.5807291666666666 0.9185185185185185 0.5807291666666666 0.9768518518518519 0.5270833333333333 0.9768518518518519
2 0.6885416666666667 0.3925925925925926 0.7088541666666667 0.3925925925925926 0.7088541666666667 0.41574074074074074 0.6885416666666667 0.41574074074074074