1 0.32447916666666665 0.1712962962962963 0.390625 0.1712962962962963 0.390625 0.2351851851851852 0.32447916666666665 0.2351851851851852
1 0.14583333333333334 0.31574074074074077 0.2708333333333333 0.31574074074074077 0.2708333333333333 0.4935185185185185 0.14583333333333334 0.4935185185185185
2 0.08385416666666666 0.7305555555555555 0.16875 0.7305555555555555 0.16875 0.9611111111111111 0.08385416666666666 0.9611111111111111
2 0.7375 0.5324074074074074 0.7921875 0.5324074074074074 0.7921875 0.7064814814814815 0.7375 0.7064814814814815
2 0.2760416666666667 0.4981481481481482 0.32864583333333336 0.4981481481481482 0.32864583333333336 0.6564814814814814 0.2760416666666667 0.6564814814814814
2 0.6734375 0.325 0.70625 0.325 0.70625 0.42407407407407405 0.6734375 0.42407407407407405
2 0.4276041666666667 0.2222222222222222 0.45208333333333334 0.2222222222222222 0.45208333333333334 0.2916666666666667 0.4276041666666667 0.2916666666666667
2 0.5854166666666667 0.2037037037037037 0.6078125 0.2037037037037037 0.6078125 0.2722222222222222 0.5854166666666667 0.2722222222222222
2 0.7619791666666667 0.43425925925925923 0.7994791666666666 0.43425925925925923 0.7994791666666666 0.5564814814814815 0.7619791666666667 0.5564814814814815
2 0.4609375 0.19907407407407407 0.4828125 0.19907407407407407 0.4828125 0.26481481481481484 0.4609375 0.26481481481481484
2 0.6177083333333333 0.16018518518518518 0.6369791666666667 0.16018518518518518 0.6369791666666667 0.20833333333333334 0.6177083333333333 0.20833333333333334
2 0.4119791666666667 0.17777777777777778 0.43072916666666666 0.17777777777777778 0.43072916666666666 0.23148148148148148 0.4119791666666667 0.23148148148148148
2 0.38177083333333334 0.39537037037037037 0.4239583333333333 0.39537037037037037 0.4239583333333333 0.5287037037037037 0.38177083333333334 0.5287037037037037
2 0.9598958333333333 0.7722222222222223 1 0.7722222222222223 1 0.9861111111111112 0.9598958333333333 0.9861111111111112
2 0.5635416666666667 0.16018518518518518 0.5833333333333334 0.16018518518518518 0.5833333333333334 0.21574074074074073 0.5635416666666667 0.21574074074074073
2 0.5723958333333333 0.11481481481481481 0.5864583333333333 0.11481481481481481 0.5864583333333333 0.1527777777777778 0.5723958333333333 0.1527777777777778
2 0.6088541666666667 0.27870370370370373 0.6359375 0.27870370370370373 0.6359375 0.36203703703703705 0.6088541666666667 0.36203703703703705
2 0.365625 0.3435185185185185 0.4 0.3435185185185185 0.4 0.42407407407407405 0.365625 0.42407407407407405