1 0.39895833333333336 0.29907407407407405 0.4713541666666667 0.29907407407407405 0.4713541666666667 0.4166666666666667 0.39895833333333336 0.4166666666666667
1 0.14791666666666667 0.3175925925925926 0.2713541666666667 0.3175925925925926 0.2713541666666667 0.49074074074074076 0.14791666666666667 0.49074074074074076
1 0.32083333333333336 0.17777777777777778 0.39010416666666664 0.17777777777777778 0.39010416666666664 0.23981481481481481 0.32083333333333336 0.23981481481481481
2 0.3026041666666667 0.36203703703703705 0.33697916666666666 0.36203703703703705 0.33697916666666666 0.4462962962962963 0.3026041666666667 0.4462962962962963
2 0.8109375 0.7037037037037037 0.878125 0.7037037037037037 0.878125 0.9194444444444444 0.8109375 0.9194444444444444
2 0.1953125 0.44351851851851853 0.246875 0.44351851851851853 0.246875 0.5824074074074074 0.1953125 0.5824074074074074
2 0.2 0.9027777777777778 0.27447916666666666 0.9027777777777778 0.27447916666666666 0.9990740740740741 0.2 0.9990740740740741
2 0.7458333333333333 0.35462962962962963 0.7875 0.35462962962962963 0.7875 0.4527777777777778 0.7458333333333333 0.4527777777777778
2 0.10677083333333333 0.6296296296296297 0.17239583333333333 0.6296296296296297 0.17239583333333333 0.8453703703703703 0.10677083333333333 0.8453703703703703
2 0.28802083333333334 0.5370370370370371 0.346875 0.5370370370370371 0.346875 0.687962962962963 0.28802083333333334 0.687962962962963
2 0.28854166666666664 0.42777777777777776 0.32708333333333334 0.42777777777777776 0.32708333333333334 0.5342592592592592 0.28854166666666664 0.5342592592592592
2 0.6880208333333333 0.5342592592592592 0.7385416666666667 0.5342592592592592 0.7385416666666667 0.6925925925925925 0.6880208333333333 0.6925925925925925
2 0.3541666666666667 0.40185185185185185 0.396875 0.40185185185185185 0.396875 0.5287037037037037 0.3541666666666667 0.5287037037037037
2 0.4453125 0.10462962962962963 0.4583333333333333 0.10462962962962963 0.4583333333333333 0.14074074074074075 0.4453125 0.14074074074074075
2 0.615625 0.21388888888888888 0.6364583333333333 0.21388888888888888 0.6364583333333333 0.2675925925925926 0.615625 0.2675925925925926
2 0.38177083333333334 0.26481481481481484 0.40677083333333336 0.26481481481481484 0.40677083333333336 0.33611111111111114 0.38177083333333334 0.33611111111111114
2 0.6552083333333333 0.20833333333333334 0.678125 0.20833333333333334 0.678125 0.2712962962962963 0.6552083333333333 0.2712962962962963
2 0.471875 0.16018518518518518 0.4901041666666667 0.16018518518518518 0.4901041666666667 0.2101851851851852 0.471875 0.2101851851851852
2 0.43125 0.2388888888888889 0.45208333333333334 0.2388888888888889 0.45208333333333334 0.30185185185185187 0.43125 0.30185185185185187
2 0.421875 0.19537037037037036 0.43802083333333336 0.19537037037037036 0.43802083333333336 0.24444444444444444 0.421875 0.24444444444444444
2 0.4510416666666667 0.18425925925925926 0.4703125 0.18425925925925926 0.4703125 0.23796296296296296 0.4510416666666667 0.23796296296296296