1 0.14583333333333334 0.3194444444444444 0.2708333333333333 0.3194444444444444 0.2708333333333333 0.49907407407407406 0.14583333333333334 0.49907407407407406
1 0.33489583333333334 0.175 0.3880208333333333 0.175 0.3880208333333333 0.23703703703703705 0.33489583333333334 0.23703703703703705
1 0.47291666666666665 0.12129629629629629 0.5005208333333333 0.12129629629629629 0.5005208333333333 0.16296296296296298 0.47291666666666665 0.16296296296296298
2 0.08020833333333334 0.6722222222222223 0.15677083333333333 0.6722222222222223 0.15677083333333333 0.9092592592592592 0.08020833333333334 0.9092592592592592
2 0.17864583333333334 0.6583333333333333 0.24270833333333333 0.6583333333333333 0.24270833333333333 0.9101851851851852 0.17864583333333334 0.9101851851851852
2 0.23489583333333333 0.4361111111111111 0.2838541666666667 0.4361111111111111 0.2838541666666667 0.6259259259259259 0.23489583333333333 0.6259259259259259
2 0.29791666666666666 0.6361111111111111 0.353125 0.6361111111111111 0.353125 0.8824074074074074 0.29791666666666666 0.8824074074074074
2 0.32083333333333336 0.37777777777777777 0.36666666666666664 0.37777777777777777 0.36666666666666664 0.5166666666666667 0.32083333333333336 0.5166666666666667
2 0.3541666666666667 0.287962962962963 0.37916666666666665 0.287962962962963 0.37916666666666665 0.38425925925925924 0.3541666666666667 0.38425925925925924
2 0.37916666666666665 0.24259259259259258 0.396875 0.24259259259259258 0.396875 0.31666666666666665 0.37916666666666665 0.31666666666666665
2 0.39166666666666666 0.29814814814814816 0.41510416666666666 0.29814814814814816 0.41510416666666666 0.41388888888888886 0.39166666666666666 0.41388888888888886
2 0.4192708333333333 0.3351851851851852 0.434375 0.3351851851851852 0.434375 0.462037037037037 0.4192708333333333 0.462037037037037
2 0.434375 0.2824074074074074 0.453125 0.2824074074074074 0.453125 0.4009259259259259 0.434375 0.4009259259259259
2 0.4708333333333333 0.23148148148148148 0.4875 0.23148148148148148 0.4875 0.31296296296296294 0.4708333333333333 0.31296296296296294
2 0.42239583333333336 0.22685185185185186 0.4395833333333333 0.22685185185185186 0.4395833333333333 0.29444444444444445 0.42239583333333336 0.29444444444444445
2 0.4348958333333333 0.18888888888888888 0.44635416666666666 0.18888888888888888 0.44635416666666666 0.2361111111111111 0.4348958333333333 0.2361111111111111
2 0.3932291666666667 0.17592592592592593 0.4036458333333333 0.17592592592592593 0.4036458333333333 0.2222222222222222 0.3932291666666667 0.2222222222222222
2 0.409375 0.16666666666666666 0.41822916666666665 0.16666666666666666 0.41822916666666665 0.21574074074074073 0.409375 0.21574074074074073
2 0.42083333333333334 0.17314814814814813 0.4322916666666667 0.17314814814814813 0.4322916666666667 0.22037037037037038 0.42083333333333334 0.22037037037037038
2 0.45677083333333335 0.17777777777777778 0.4703125 0.17777777777777778 0.4703125 0.2324074074074074 0.45677083333333335 0.2324074074074074
2 0.4744791666666667 0.1685185185185185 0.4895833333333333 0.1685185185185185 0.4895833333333333 0.21666666666666667 0.4744791666666667 0.21666666666666667
2 0.4671875 0.14629629629629629 0.4744791666666667 0.14629629629629629 0.4744791666666667 0.18611111111111112 0.4671875 0.18611111111111112
2 0.44479166666666664 0.14814814814814814 0.45416666666666666 0.14814814814814814 0.45416666666666666 0.19074074074074074 0.44479166666666664 0.19074074074074074
2 0.6135416666666667 0.18703703703703703 0.6244791666666667 0.18703703703703703 0.6244791666666667 0.24722222222222223 0.6135416666666667 0.24722222222222223
2 0.640625 0.1787037037037037 0.6510416666666666 0.1787037037037037 0.6510416666666666 0.2324074074074074 0.640625 0.2324074074074074
2 0.6171875 0.15925925925925927 0.628125 0.15925925925925927 0.628125 0.19722222222222222 0.6171875 0.19722222222222222
2 0.5864583333333333 0.15555555555555556 0.603125 0.15555555555555556 0.603125 0.2 0.5864583333333333 0.2
2 0.5921875 0.11574074074074074 0.60625 0.11574074074074074 0.60625 0.15833333333333333 0.5921875 0.15833333333333333
2 0.5010416666666667 0.10277777777777777 0.5109375 0.10277777777777777 0.5109375 0.14351851851851852 0.5010416666666667 0.14351851851851852
2 0.4588541666666667 0.11666666666666667 0.46822916666666664 0.11666666666666667 0.46822916666666664 0.15462962962962962 0.4588541666666667 0.15462962962962962
2 0.44375 0.10833333333333334 0.453125 0.10833333333333334 0.453125 0.14074074074074075 0.44375 0.14074074074074075
1 0.6182291666666667 0.11481481481481481 0.6645833333333333 0.11481481481481481 0.6645833333333333 0.16018518518518518 0.6182291666666667 0.16018518518518518