1 0.32395833333333335 0.5064814814814815 0.4510416666666667 0.5064814814814815 0.4510416666666667 0.7824074074074074 0.32395833333333335 0.7824074074074074
1 0.140625 0.32407407407407407 0.26927083333333335 0.32407407407407407 0.26927083333333335 0.5027777777777778 0.140625 0.5027777777777778
1 0.33229166666666665 0.18333333333333332 0.39010416666666664 0.18333333333333332 0.39010416666666664 0.24722222222222223 0.33229166666666665 0.24722222222222223
2 0.103125 0.6694444444444444 0.16302083333333334 0.6694444444444444 0.16302083333333334 0.9444444444444444 0.103125 0.9444444444444444
2 0.2703125 0.3787037037037037 0.30104166666666665 0.3787037037037037 0.30104166666666665 0.5388888888888889 0.2703125 0.5388888888888889
2 0.321875 0.4212962962962963 0.3463541666666667 0.4212962962962963 0.3463541666666667 0.5481481481481482 0.321875 0.5481481481481482
2 0.6994791666666667 0.3675925925925926 0.728125 0.3675925925925926 0.728125 0.5009259259259259 0.6994791666666667 0.5009259259259259
2 0.41822916666666665 0.30277777777777776 0.440625 0.30277777777777776 0.440625 0.38796296296296295 0.41822916666666665 0.38796296296296295
2 0.3484375 0.2759259259259259 0.371875 0.2759259259259259 0.371875 0.36666666666666664 0.3484375 0.36666666666666664
2 0.39895833333333336 0.25092592592592594 0.4125 0.25092592592592594 0.4125 0.3277777777777778 0.39895833333333336 0.3277777777777778
2 0.3848958333333333 0.2101851851851852 0.39947916666666666 0.2101851851851852 0.39947916666666666 0.28888888888888886 0.3848958333333333 0.28888888888888886
2 0.4348958333333333 0.23796296296296296 0.45 0.23796296296296296 0.45 0.31203703703703706 0.4348958333333333 0.31203703703703706
2 0.6708333333333333 0.2601851851851852 0.6953125 0.2601851851851852 0.6953125 0.33611111111111114 0.6708333333333333 0.33611111111111114
2 0.5557291666666667 0.175 0.5953125 0.175 0.5953125 0.23425925925925925 0.5557291666666667 0.23425925925925925
2 0.6364583333333333 0.19722222222222222 0.6609375 0.19722222222222222 0.6609375 0.2564814814814815 0.6364583333333333 0.2564814814814815
2 0.42083333333333334 0.17222222222222222 0.43072916666666666 0.17222222222222222 0.43072916666666666 0.23148148148148148 0.42083333333333334 0.23148148148148148
2 0.40677083333333336 0.14074074074074075 0.4171875 0.14074074074074075 0.4171875 0.1814814814814815 0.40677083333333336 0.1814814814814815
2 0.44427083333333334 0.17777777777777778 0.4552083333333333 0.17777777777777778 0.4552083333333333 0.23703703703703705 0.44427083333333334 0.23703703703703705
2 0.46458333333333335 0.16203703703703703 0.4744791666666667 0.16203703703703703 0.4744791666666667 0.20555555555555555 0.46458333333333335 0.20555555555555555
2 0.48802083333333335 0.16111111111111112 0.4953125 0.16111111111111112 0.4953125 0.2111111111111111 0.48802083333333335 0.2111111111111111
2 0.4875 0.13148148148148148 0.4979166666666667 0.13148148148148148 0.4979166666666667 0.1638888888888889 0.4875 0.1638888888888889
2 0.47291666666666665 0.11574074074074074 0.4828125 0.11574074074074074 0.4828125 0.14814814814814814 0.47291666666666665 0.14814814814814814
2 0.4546875 0.1287037037037037 0.46197916666666666 0.1287037037037037 0.46197916666666666 0.17592592592592593 0.4546875 0.17592592592592593
2 0.4432291666666667 0.12777777777777777 0.4479166666666667 0.12777777777777777 0.4479166666666667 0.16574074074074074 0.4432291666666667 0.16574074074074074
2 0.4317708333333333 0.14722222222222223 0.4390625 0.14722222222222223 0.4390625 0.18981481481481483 0.4317708333333333 0.18981481481481483
2 0.4265625 0.1388888888888889 0.4317708333333333 0.1388888888888889 0.4317708333333333 0.17222222222222222 0.4265625 0.17222222222222222
2 0.5880208333333333 0.12407407407407407 0.5958333333333333 0.12407407407407407 0.5958333333333333 0.1648148148148148 0.5880208333333333 0.1648148148148148
1 0.5447916666666667 0.12407407407407407 0.575 0.12407407407407407 0.575 0.1685185185185185 0.5447916666666667 0.1685185185185185
1 0.65625 0.13240740740740742 0.7114583333333333 0.13240740740740742 0.7114583333333333 0.17777777777777778 0.65625 0.17777777777777778