1 0.50625 0 0.6041666666666666 0 0.6041666666666666 0.09074074074074075 0.50625 0.09074074074074075
1 0.6484375 0.18425925925925926 0.6833333333333333 0.18425925925925926 0.6833333333333333 0.30462962962962964 0.6484375 0.30462962962962964
2 0.3645833333333333 0.05 0.46927083333333336 0.05 0.46927083333333336 0.1537037037037037 0.3645833333333333 0.1537037037037037
2 0.39479166666666665 0.7888888888888889 0.490625 0.7888888888888889 0.490625 0.8907407407407407 0.39479166666666665 0.8907407407407407
2 0.6520833333333333 0.6027777777777777 0.6791666666666667 0.6027777777777777 0.6791666666666667 0.662962962962963 0.6520833333333333 0.662962962962963
2 0.5322916666666667 0.6712962962962963 0.5911458333333334 0.6712962962962963 0.5911458333333334 0.7351851851851852 0.5322916666666667 0.7351851851851852
2 0.49322916666666666 0.18518518518518517 0.5588541666666667 0.18518518518518517 0.5588541666666667 0.24722222222222223 0.49322916666666666 0.24722222222222223
2 0.6375 0.7064814814814815 0.6682291666666667 0.7064814814814815 0.6682291666666667 0.7638888888888888 0.6375 0.7638888888888888
2 0.5328125 0.7842592592592592 0.5890625 0.7842592592592592 0.5890625 0.8351851851851851 0.5328125 0.8351851851851851
2 0.225 0 0.3578125 0 0.3578125 0.07685185185185185 0.225 0.07685185185185185
2 0.5640625 0.29259259259259257 0.6171875 0.29259259259259257 0.6171875 0.34629629629629627 0.5640625 0.34629629629629627
2 0.6067708333333334 0.6083333333333333 0.6484375 0.6083333333333333 0.6484375 0.6518518518518519 0.6067708333333334 0.6518518518518519
2 0.6208333333333333 0.3175925925925926 0.6552083333333333 0.3175925925925926 0.6552083333333333 0.36203703703703705 0.6208333333333333 0.36203703703703705
2 0.6182291666666667 0.6574074074074074 0.6578125 0.6574074074074074 0.6578125 0.6944444444444444 0.6182291666666667 0.6944444444444444
2 0.5984375 0.3648148148148148 0.6447916666666667 0.3648148148148148 0.6447916666666667 0.4148148148148148 0.5984375 0.4148148148148148