1 0.14375 0.3138888888888889 0.26979166666666665 0.3138888888888889 0.26979166666666665 0.487962962962963 0.14375 0.487962962962963
1 0.321875 0.175 0.38958333333333334 0.175 0.38958333333333334 0.2361111111111111 0.321875 0.2361111111111111
2 0.2421875 0.5648148148148148 0.3026041666666667 0.5648148148148148 0.3026041666666667 0.7527777777777778 0.2421875 0.7527777777777778
2 0.784375 0.6268518518518519 0.8421875 0.6268518518518519 0.8421875 0.7981481481481482 0.784375 0.7981481481481482
2 0.9463541666666667 0.7564814814814815 1 0.7564814814814815 1 0.9824074074074074 0.9463541666666667 0.9824074074074074
2 0.1015625 0.687962962962963 0.1734375 0.687962962962963 0.1734375 0.9027777777777778 0.1015625 0.9027777777777778
2 0.6635416666666667 0.5055555555555555 0.7151041666666667 0.5055555555555555 0.7151041666666667 0.6703703703703704 0.6635416666666667 0.6703703703703704
2 0.5921875 0.3314814814814815 0.6276041666666666 0.3314814814814815 0.6276041666666666 0.44166666666666665 0.5921875 0.44166666666666665
2 0.32083333333333336 0.4 0.3546875 0.4 0.3546875 0.5185185185185185 0.32083333333333336 0.5185185185185185
2 0.18802083333333333 0.7685185185185185 0.25364583333333335 0.7685185185185185 0.25364583333333335 0.9907407407407407 0.18802083333333333 0.9907407407407407
2 0.615625 0.2 0.6505208333333333 0.2 0.6505208333333333 0.25555555555555554 0.615625 0.25555555555555554
2 0.5604166666666667 0.18055555555555555 0.5942708333333333 0.18055555555555555 0.5942708333333333 0.22962962962962963 0.5604166666666667 0.22962962962962963
2 0.6583333333333333 0.3388888888888889 0.6859375 0.3388888888888889 0.6859375 0.4388888888888889 0.6583333333333333 0.4388888888888889
2 0.39375 0.22685185185185186 0.4166666666666667 0.22685185185185186 0.4166666666666667 0.29074074074074074 0.39375 0.29074074074074074
2 0.38229166666666664 0.29444444444444445 0.41302083333333334 0.29444444444444445 0.41302083333333334 0.3888888888888889 0.38229166666666664 0.3888888888888889
2 0.5572916666666666 0.13055555555555556 0.575 0.13055555555555556 0.575 0.175 0.5572916666666666 0.175
2 0.425 0.24722222222222223 0.45208333333333334 0.24722222222222223 0.45208333333333334 0.3296296296296296 0.425 0.3296296296296296
2 0.5619791666666667 0.24074074074074073 0.5854166666666667 0.24074074074074073 0.5854166666666667 0.3074074074074074 0.5619791666666667 0.3074074074074074
2 0.5885416666666666 0.2212962962962963 0.6078125 0.2212962962962963 0.6078125 0.28888888888888886 0.5885416666666666 0.28888888888888886