1 0.1390625 0.3074074074074074 0.2703125 0.3074074074074074 0.2703125 0.487962962962963 0.1390625 0.487962962962963
0 0.25625 0.20185185185185187 0.39947916666666666 0.20185185185185187 0.39947916666666666 0.48055555555555557 0.25625 0.48055555555555557
2 0.2234375 0.5768518518518518 0.28541666666666665 0.5768518518518518 0.28541666666666665 0.7824074074074074 0.2234375 0.7824074074074074
1 0.440625 0.16018518518518518 0.48489583333333336 0.16018518518518518 0.48489583333333336 0.22685185185185186 0.440625 0.22685185185185186
2 0.6916666666666667 0.41574074074074074 0.7364583333333333 0.41574074074074074 0.7364583333333333 0.5398148148148149 0.6916666666666667 0.5398148148148149
2 0.36302083333333335 0.5740740740740741 0.4166666666666667 0.5740740740740741 0.4166666666666667 0.7722222222222223 0.36302083333333335 0.7722222222222223
2 0.6427083333333333 0.5268518518518519 0.69375 0.5268518518518519 0.69375 0.6777777777777778 0.6427083333333333 0.6777777777777778
2 0.7984375 0.41944444444444445 0.8421875 0.41944444444444445 0.8421875 0.5444444444444444 0.7984375 0.5444444444444444
2 0.011979166666666667 0.5416666666666666 0.08802083333333334 0.5416666666666666 0.08802083333333334 0.7111111111111111 0.011979166666666667 0.7111111111111111
2 0.8541666666666666 0.7305555555555555 0.9307291666666667 0.7305555555555555 0.9307291666666667 0.9787037037037037 0.8541666666666666 0.9787037037037037
1 0.6109375 0.225 0.6734375 0.225 0.6734375 0.31574074074074077 0.6109375 0.31574074074074077
2 0.5614583333333333 0.23796296296296296 0.5869791666666667 0.23796296296296296 0.5869791666666667 0.3175925925925926 0.5614583333333333 0.3175925925925926
2 0.896875 0.525 0.9838541666666667 0.525 0.9838541666666667 0.6638888888888889 0.896875 0.6638888888888889
2 0.690625 0.25092592592592594 0.7171875 0.25092592592592594 0.7171875 0.32222222222222224 0.690625 0.32222222222222224
2 0.7130208333333333 0.31574074074074077 0.7427083333333333 0.31574074074074077 0.7427083333333333 0.41574074074074074 0.7130208333333333 0.41574074074074074
2 0.6442708333333333 0.3037037037037037 0.6739583333333333 0.3037037037037037 0.6739583333333333 0.40555555555555556 0.6442708333333333 0.40555555555555556
2 0.43072916666666666 0.33796296296296297 0.471875 0.33796296296296297 0.471875 0.45 0.43072916666666666 0.45
2 0.5953125 0.14722222222222223 0.6109375 0.14722222222222223 0.6109375 0.2064814814814815 0.5953125 0.2064814814814815
2 0.6244791666666667 0.7277777777777777 0.6848958333333334 0.7277777777777777 0.6848958333333334 0.9805555555555555 0.6244791666666667 0.9805555555555555
2 0.4578125 0.27314814814814814 0.4791666666666667 0.27314814814814814 0.4791666666666667 0.3851851851851852 0.4578125 0.3851851851851852