1 0.41302083333333334 0.9314814814814815 0.5135416666666667 0.9314814814814815 0.5135416666666667 1 0.41302083333333334 1
1 0.3546875 0.30185185185185187 0.4078125 0.30185185185185187 0.4078125 0.40185185185185185 0.3546875 0.40185185185185185
1 0.3307291666666667 0.7138888888888889 0.36614583333333334 0.7138888888888889 0.36614583333333334 0.8148148148148148 0.3307291666666667 0.8148148148148148
1 0.30416666666666664 0.39814814814814814 0.3296875 0.39814814814814814 0.3296875 0.45 0.30416666666666664 0.45
1 0.33125 0.5444444444444444 0.3723958333333333 0.5444444444444444 0.3723958333333333 0.6111111111111112 0.33125 0.6111111111111112
1 0.3020833333333333 0.15185185185185185 0.32864583333333336 0.15185185185185185 0.32864583333333336 0.2324074074074074 0.3020833333333333 0.2324074074074074
2 0.48072916666666665 0.9481481481481482 0.5713541666666667 0.9481481481481482 0.5713541666666667 1 0.48072916666666665 1
2 0.6114583333333333 0.9583333333333334 0.7354166666666667 0.9583333333333334 0.7354166666666667 1 0.6114583333333333 1
2 0.5182291666666666 0.812962962962963 0.6114583333333333 0.812962962962963 0.6114583333333333 0.8907407407407407 0.5182291666666666 0.8907407407407407
2 0.5286458333333334 0.6907407407407408 0.6234375 0.6907407407407408 0.6234375 0.7768518518518519 0.5286458333333334 0.7768518518518519
2 0.5583333333333333 0.6157407407407407 0.653125 0.6157407407407407 0.653125 0.6916666666666667 0.5583333333333333 0.6916666666666667
2 0.4734375 0.8407407407407408 0.5296875 0.8407407407407408 0.5296875 0.9111111111111111 0.4734375 0.9111111111111111
2 0.3953125 0.8277777777777777 0.43385416666666665 0.8277777777777777 0.43385416666666665 0.862037037037037 0.3953125 0.862037037037037
2 0.4109375 0.7907407407407407 0.4734375 0.7907407407407407 0.4734375 0.8527777777777777 0.4109375 0.8527777777777777
2 0.4401041666666667 0.7379629629629629 0.5114583333333333 0.7379629629629629 0.5114583333333333 0.812037037037037 0.4401041666666667 0.812037037037037
2 0.4125 0.7231481481481481 0.46927083333333336 0.7231481481481481 0.46927083333333336 0.7657407407407407 0.4125 0.7657407407407407
2 0.3880208333333333 0.6962962962962963 0.4354166666666667 0.6962962962962963 0.4354166666666667 0.7453703703703703 0.3880208333333333 0.7453703703703703
2 0.38697916666666665 0.6351851851851852 0.4354166666666667 0.6351851851851852 0.4354166666666667 0.6768518518518518 0.38697916666666665 0.6768518518518518
2 0.3515625 0.6796296296296296 0.3796875 0.6796296296296296 0.3796875 0.7092592592592593 0.3515625 0.7092592592592593
2 0.3265625 0.6731481481481482 0.3619791666666667 0.6731481481481482 0.3619791666666667 0.6981481481481482 0.3265625 0.6981481481481482
2 0.33958333333333335 0.6370370370370371 0.37083333333333335 0.6370370370370371 0.37083333333333335 0.6694444444444444 0.33958333333333335 0.6694444444444444
2 0.30833333333333335 0.6388888888888888 0.33645833333333336 0.6388888888888888 0.33645833333333336 0.662962962962963 0.30833333333333335 0.662962962962963
2 0.31666666666666665 0.6157407407407407 0.3458333333333333 0.6157407407407407 0.3458333333333333 0.6388888888888888 0.31666666666666665 0.6388888888888888
2 0.41875 0.1574074074074074 0.48802083333333335 0.1574074074074074 0.48802083333333335 0.2 0.41875 0.2
2 0.3307291666666667 0.4564814814814815 0.35885416666666664 0.4564814814814815 0.35885416666666664 0.5018518518518519 0.3307291666666667 0.5018518518518519
2 0.30364583333333334 0.5953703703703703 0.3255208333333333 0.5953703703703703 0.3255208333333333 0.6157407407407407 0.30364583333333334 0.6157407407407407
2 0.29739583333333336 0.575925925925926 0.31927083333333334 0.575925925925926 0.31927083333333334 0.5898148148148148 0.29739583333333336 0.5898148148148148
2 0.29791666666666666 0.5416666666666666 0.31875 0.5416666666666666 0.31875 0.5657407407407408 0.29791666666666666 0.5657407407407408
2 0.28958333333333336 0.6074074074074074 0.309375 0.6074074074074074 0.309375 0.625 0.28958333333333336 0.625
2 0.31614583333333335 0.35 0.3416666666666667 0.35 0.3416666666666667 0.3685185185185185 0.31614583333333335 0.3685185185185185
2 0.3125 0.3138888888888889 0.33958333333333335 0.3138888888888889 0.33958333333333335 0.32685185185185184 0.3125 0.32685185185185184
2 0.3015625 0.33240740740740743 0.31979166666666664 0.33240740740740743 0.31979166666666664 0.3490740740740741 0.3015625 0.3490740740740741
2 0.2947916666666667 0.3787037037037037 0.3145833333333333 0.3787037037037037 0.3145833333333333 0.3972222222222222 0.2947916666666667 0.3972222222222222