1 0.39739583333333334 0.9064814814814814 0.4947916666666667 0.9064814814814814 0.4947916666666667 1 0.39739583333333334 1
1 0.3880208333333333 0.5518518518518518 0.45260416666666664 0.5518518518518518 0.45260416666666664 0.6777777777777778 0.3880208333333333 0.6777777777777778
1 0.31875 0.6962962962962963 0.3541666666666667 0.6962962962962963 0.3541666666666667 0.8185185185185185 0.31875 0.8185185185185185
2 0.7135416666666666 0.8916666666666667 0.7802083333333333 0.8916666666666667 0.7802083333333333 1 0.7135416666666666 1
2 0.42083333333333334 0.7861111111111111 0.46875 0.7861111111111111 0.46875 0.8472222222222222 0.42083333333333334 0.8472222222222222
2 0.46770833333333334 0.9462962962962963 0.5421875 0.9462962962962963 0.5421875 1 0.46770833333333334 1
2 0.4609375 0.8064814814814815 0.5166666666666667 0.8064814814814815 0.5166666666666667 0.8740740740740741 0.4609375 0.8740740740740741
2 0.4171875 0 0.47552083333333334 0 0.47552083333333334 0.05925925925925926 0.4171875 0.05925925925925926
2 0.5177083333333333 0.7712962962962963 0.6015625 0.7712962962962963 0.6015625 0.8703703703703703 0.5177083333333333 0.8703703703703703
2 0.5203125 0.06759259259259259 0.6161458333333333 0.06759259259259259 0.6161458333333333 0.16018518518518518 0.5203125 0.16018518518518518
2 0.44114583333333335 0.6777777777777778 0.5104166666666666 0.6777777777777778 0.5104166666666666 0.7509259259259259 0.44114583333333335 0.7509259259259259
2 0.371875 0.6657407407407407 0.40729166666666666 0.6657407407407407 0.40729166666666666 0.7064814814814815 0.371875 0.7064814814814815
2 0.3385416666666667 0.25462962962962965 0.37135416666666665 0.25462962962962965 0.37135416666666665 0.29259259259259257 0.3385416666666667 0.29259259259259257
2 0.27760416666666665 0.575 0.29791666666666666 0.575 0.29791666666666666 0.5972222222222222 0.27760416666666665 0.5972222222222222
2 0.33645833333333336 0.18333333333333332 0.37083333333333335 0.18333333333333332 0.37083333333333335 0.2222222222222222 0.33645833333333336 0.2222222222222222
2 0.3296875 0.6092592592592593 0.3567708333333333 0.6092592592592593 0.3567708333333333 0.6388888888888888 0.3296875 0.6388888888888888
2 0.32083333333333336 0.5518518518518518 0.35208333333333336 0.5518518518518518 0.35208333333333336 0.5861111111111111 0.32083333333333336 0.5861111111111111
2 0.35 0.6472222222222223 0.38177083333333334 0.6472222222222223 0.38177083333333334 0.6842592592592592 0.35 0.6842592592592592
2 0.3046875 0.2722222222222222 0.3380208333333333 0.2722222222222222 0.3380208333333333 0.31574074074074077 0.3046875 0.31574074074074077
2 0.30885416666666665 0.5175925925925926 0.33697916666666666 0.5175925925925926 0.33697916666666666 0.549074074074074 0.30885416666666665 0.549074074074074