1 0.4984375 0 0.5979166666666667 0 0.5979166666666667 0.09351851851851851 0.4984375 0.09351851851851851
1 0.6458333333333334 0.2064814814814815 0.6817708333333333 0.2064814814814815 0.6817708333333333 0.30925925925925923 0.6458333333333334 0.30925925925925923
1 0.6958333333333333 0.4601851851851852 0.7197916666666667 0.4601851851851852 0.7197916666666667 0.5083333333333333 0.6958333333333333 0.5083333333333333
1 0.6869791666666667 0.7435185185185185 0.7125 0.7435185185185185 0.7125 0.8398148148148148 0.6869791666666667 0.8398148148148148
2 0.21875 0 0.34739583333333335 0 0.34739583333333335 0.09722222222222222 0.21875 0.09722222222222222
2 0.4119791666666667 0 0.5104166666666666 0 0.5104166666666666 0.06111111111111111 0.4119791666666667 0.06111111111111111
2 0.4359375 0.13703703703703704 0.5130208333333334 0.13703703703703704 0.5130208333333334 0.19907407407407407 0.4359375 0.19907407407407407
2 0.5098958333333333 0.14166666666666666 0.5802083333333333 0.14166666666666666 0.5802083333333333 0.2111111111111111 0.5098958333333333 0.2111111111111111
2 0.4375 0.2537037037037037 0.5348958333333333 0.2537037037037037 0.5348958333333333 0.31666666666666665 0.4375 0.31666666666666665
2 0.5609375 0.2740740740740741 0.6125 0.2740740740740741 0.6125 0.33055555555555555 0.5609375 0.33055555555555555
2 0.6041666666666666 0.2953703703703704 0.6375 0.2953703703703704 0.6375 0.32314814814814813 0.6041666666666666 0.32314814814814813
2 0.5984375 0.34444444444444444 0.6427083333333333 0.34444444444444444 0.6427083333333333 0.3787037037037037 0.5984375 0.3787037037037037
2 0.5875 0.4074074074074074 0.6307291666666667 0.4074074074074074 0.6307291666666667 0.44074074074074077 0.5875 0.44074074074074077
2 0.61875 0.4009259259259259 0.6484375 0.4009259259259259 0.6484375 0.4305555555555556 0.61875 0.4305555555555556
2 0.6364583333333333 0.32407407407407407 0.6651041666666667 0.32407407407407407 0.6651041666666667 0.3453703703703704 0.6364583333333333 0.3453703703703704
2 0.6526041666666667 0.31203703703703706 0.6776041666666667 0.31203703703703706 0.6776041666666667 0.33055555555555555 0.6526041666666667 0.33055555555555555
2 0.6677083333333333 0.32592592592592595 0.6901041666666666 0.32592592592592595 0.6901041666666666 0.3435185185185185 0.6677083333333333 0.3435185185185185
2 0.6401041666666667 0.3962962962962963 0.6708333333333333 0.3962962962962963 0.6708333333333333 0.412962962962963 0.6401041666666667 0.412962962962963
2 0.64375 0.4666666666666667 0.6739583333333333 0.4666666666666667 0.6739583333333333 0.4861111111111111 0.64375 0.4861111111111111
2 0.6729166666666667 0.45925925925925926 0.6947916666666667 0.45925925925925926 0.6947916666666667 0.4777777777777778 0.6729166666666667 0.4777777777777778
2 0.6682291666666667 0.4324074074074074 0.6942708333333333 0.4324074074074074 0.6942708333333333 0.44722222222222224 0.6682291666666667 0.44722222222222224
2 0.6640625 0.4064814814814815 0.6885416666666667 0.4064814814814815 0.6885416666666667 0.4222222222222222 0.6640625 0.4222222222222222
2 0.6734375 0.375 0.6921875 0.375 0.6921875 0.3888888888888889 0.6734375 0.3888888888888889
2 0.6677083333333333 0.3453703703703704 0.6932291666666667 0.3453703703703704 0.6932291666666667 0.3648148148148148 0.6677083333333333 0.3648148148148148
2 0.6864583333333333 0.40185185185185185 0.70625 0.40185185185185185 0.70625 0.4212962962962963 0.6864583333333333 0.4212962962962963
2 0.6630208333333333 0.6472222222222223 0.6927083333333334 0.6472222222222223 0.6927083333333334 0.6787037037037037 0.6630208333333333 0.6787037037037037
2 0.6817708333333333 0.687037037037037 0.7046875 0.687037037037037 0.7046875 0.7092592592592593 0.6817708333333333 0.7092592592592593
2 0.6598958333333333 0.6907407407407408 0.6880208333333333 0.6907407407407408 0.6880208333333333 0.7203703703703703 0.6598958333333333 0.7203703703703703
2 0.6192708333333333 0.7222222222222222 0.6619791666666667 0.7222222222222222 0.6619791666666667 0.7546296296296297 0.6192708333333333 0.7546296296296297
2 0.6875 0.43703703703703706 0.7083333333333334 0.43703703703703706 0.7083333333333334 0.4546296296296296 0.6875 0.4546296296296296