1 0.14479166666666668 0.31851851851851853 0.2703125 0.31851851851851853 0.2703125 0.4898148148148148 0.14479166666666668 0.4898148148148148
1 0.321875 0.4648148148148148 0.44427083333333334 0.4648148148148148 0.44427083333333334 0.675 0.321875 0.675
1 0.3203125 0.17685185185185184 0.3854166666666667 0.17685185185185184 0.3854166666666667 0.23981481481481481 0.3203125 0.23981481481481481
2 0.93125 0.8537037037037037 1 0.8537037037037037 1 1 0.93125 1
2 0.0036458333333333334 0.7185185185185186 0.08802083333333334 0.7185185185185186 0.08802083333333334 0.9453703703703704 0.0036458333333333334 0.9453703703703704
2 0.659375 0.34074074074074073 0.6916666666666667 0.34074074074074073 0.6916666666666667 0.42685185185185187 0.659375 0.42685185185185187
2 0.34010416666666665 0.30277777777777776 0.37135416666666665 0.30277777777777776 0.37135416666666665 0.3962962962962963 0.34010416666666665 0.3962962962962963
2 0.30520833333333336 0.387037037037037 0.34010416666666665 0.387037037037037 0.34010416666666665 0.49537037037037035 0.30520833333333336 0.49537037037037035
2 0.6239583333333333 0.26481481481481484 0.6494791666666667 0.26481481481481484 0.6494791666666667 0.34444444444444444 0.6239583333333333 0.34444444444444444
2 0.3802083333333333 0.3333333333333333 0.41041666666666665 0.3333333333333333 0.41041666666666665 0.43148148148148147 0.3802083333333333 0.43148148148148147
2 0.5114583333333333 0.18425925925925926 0.5427083333333333 0.18425925925925926 0.5427083333333333 0.2490740740740741 0.5114583333333333 0.2490740740740741
2 0.17291666666666666 0.5740740740740741 0.23020833333333332 0.5740740740740741 0.23020833333333332 0.7185185185185186 0.17291666666666666 0.7185185185185186
2 0.621875 0.38425925925925924 0.6583333333333333 0.38425925925925924 0.6583333333333333 0.487962962962963 0.621875 0.487962962962963
2 0.45677083333333335 0.2101851851851852 0.4791666666666667 0.2101851851851852 0.4791666666666667 0.28888888888888886 0.45677083333333335 0.28888888888888886
2 0.6651041666666667 0.24259259259259258 0.690625 0.24259259259259258 0.690625 0.31666666666666665 0.6651041666666667 0.31666666666666665
2 0.1203125 0.7462962962962963 0.19427083333333334 0.7462962962962963 0.19427083333333334 0.9842592592592593 0.1203125 0.9842592592592593
2 0.5859375 0.1425925925925926 0.6046875 0.1425925925925926 0.6046875 0.1925925925925926 0.5859375 0.1925925925925926
2 0.6119791666666666 0.14722222222222223 0.6291666666666667 0.14722222222222223 0.6291666666666667 0.19537037037037036 0.6119791666666666 0.19537037037037036
2 0.4859375 0.14444444444444443 0.503125 0.14444444444444443 0.503125 0.18981481481481483 0.4859375 0.18981481481481483
2 0.43072916666666666 0.24259259259259258 0.45416666666666666 0.24259259259259258 0.45416666666666666 0.32222222222222224 0.43072916666666666 0.32222222222222224
2 0.43802083333333336 0.1361111111111111 0.45260416666666664 0.1361111111111111 0.45260416666666664 0.17685185185185184 0.43802083333333336 0.17685185185185184