1 0.5083333333333333 0 0.603125 0 0.603125 0.09351851851851851 0.5083333333333333 0.09351851851851851
1 0.6453125 0.175 0.6802083333333333 0.175 0.6802083333333333 0.29907407407407405 0.6453125 0.29907407407407405
2 0.4635416666666667 0.9777777777777777 0.5421875 0.9777777777777777 0.5421875 1 0.4635416666666667 1
2 0.578125 0.8037037037037037 0.6223958333333334 0.8037037037037037 0.6223958333333334 0.8546296296296296 0.578125 0.8546296296296296
2 0.6203125 0.4074074074074074 0.659375 0.4074074074074074 0.659375 0.44814814814814813 0.6203125 0.44814814814814813
2 0.6291666666666667 0.7425925925925926 0.659375 0.7425925925925926 0.659375 0.7824074074074074 0.6291666666666667 0.7824074074074074
2 0.6026041666666667 0.28703703703703703 0.6458333333333334 0.28703703703703703 0.6458333333333334 0.33796296296296297 0.6026041666666667 0.33796296296296297
2 0.5817708333333333 0.35185185185185186 0.6260416666666667 0.35185185185185186 0.6260416666666667 0.3962962962962963 0.5817708333333333 0.3962962962962963
2 0.6557291666666667 0.649074074074074 0.68125 0.649074074074074 0.68125 0.6787037037037037 0.6557291666666667 0.6787037037037037
2 0.47239583333333335 0.2638888888888889 0.5557291666666667 0.2638888888888889 0.5557291666666667 0.34444444444444444 0.47239583333333335 0.34444444444444444
2 0.6828125 0.5944444444444444 0.7052083333333333 0.5944444444444444 0.7052083333333333 0.6305555555555555 0.6828125 0.6305555555555555
2 0.5776041666666667 0.7435185185185185 0.6255208333333333 0.7435185185185185 0.6255208333333333 0.7907407407407407 0.5776041666666667 0.7907407407407407
2 0.6546875 0.5518518518518518 0.68125 0.5518518518518518 0.68125 0.6083333333333333 0.6546875 0.6083333333333333
2 0.6645833333333333 0.4101851851851852 0.6885416666666667 0.4101851851851852 0.6885416666666667 0.44166666666666665 0.6645833333333333 0.44166666666666665
2 0.6239583333333333 0.35833333333333334 0.6572916666666667 0.35833333333333334 0.6572916666666667 0.3990740740740741 0.6239583333333333 0.3990740740740741
2 0.46927083333333336 0.3787037037037037 0.5541666666666667 0.3787037037037037 0.5541666666666667 0.44907407407407407 0.46927083333333336 0.44907407407407407
2 0.6708333333333333 0.6675925925925926 0.6953125 0.6675925925925926 0.6953125 0.6990740740740741 0.6708333333333333 0.6990740740740741