1 0.49322916666666666 0 0.59375 0 0.59375 0.0824074074074074 0.49322916666666666 0.0824074074074074
1 0.5296875 0.33055555555555555 0.6057291666666667 0.33055555555555555 0.6057291666666667 0.4546296296296296 0.5296875 0.4546296296296296
1 0.6416666666666667 0.19722222222222222 0.6760416666666667 0.19722222222222222 0.6760416666666667 0.29814814814814816 0.6416666666666667 0.29814814814814816
1 0.6671875 0.5898148148148148 0.6979166666666666 0.5898148148148148 0.6979166666666666 0.6527777777777778 0.6671875 0.6527777777777778
1 0.6828125 0.7870370370370371 0.7046875 0.7870370370370371 0.7046875 0.8648148148148148 0.6828125 0.8648148148148148
2 0.5692708333333333 0.20925925925925926 0.6213541666666667 0.20925925925925926 0.6213541666666667 0.26296296296296295 0.5692708333333333 0.26296296296296295
2 0.2989583333333333 0 0.4479166666666667 0 0.4479166666666667 0.06574074074074074 0.2989583333333333 0.06574074074074074
2 0.253125 0.030555555555555555 0.3848958333333333 0.030555555555555555 0.3848958333333333 0.17314814814814813 0.253125 0.17314814814814813
2 0.4401041666666667 0.18888888888888888 0.5484375 0.18888888888888888 0.5484375 0.225 0.4401041666666667 0.225
2 0.6255208333333333 0.29259259259259257 0.6651041666666667 0.29259259259259257 0.6651041666666667 0.3175925925925926 0.6255208333333333 0.3175925925925926
2 0.5822916666666667 0.31203703703703706 0.6328125 0.31203703703703706 0.6328125 0.337037037037037 0.5822916666666667 0.337037037037037
2 0.6338541666666667 0.3611111111111111 0.6770833333333334 0.3611111111111111 0.6770833333333334 0.3824074074074074 0.6338541666666667 0.3824074074074074
2 0.6588541666666666 0.3388888888888889 0.6901041666666666 0.3388888888888889 0.6901041666666666 0.3611111111111111 0.6588541666666666 0.3611111111111111
2 0.690625 0.33055555555555555 0.7166666666666667 0.33055555555555555 0.7166666666666667 0.3435185185185185 0.690625 0.3435185185185185
2 0.6302083333333334 0.4148148148148148 0.6645833333333333 0.4148148148148148 0.6645833333333333 0.44166666666666665 0.6302083333333334 0.44166666666666665
2 0.6432291666666666 0.39537037037037037 0.6770833333333334 0.39537037037037037 0.6770833333333334 0.425 0.6432291666666666 0.425
2 0.6760416666666667 0.3814814814814815 0.6989583333333333 0.3814814814814815 0.6989583333333333 0.40185185185185185 0.6760416666666667 0.40185185185185185
2 0.6708333333333333 0.4185185185185185 0.70625 0.4185185185185185 0.70625 0.44722222222222224 0.6708333333333333 0.44722222222222224
2 0.6447916666666667 0.5388888888888889 0.6796875 0.5388888888888889 0.6796875 0.6101851851851852 0.6447916666666667 0.6101851851851852
2 0.578125 0.8268518518518518 0.6286458333333333 0.8268518518518518 0.6286458333333333 0.8601851851851852 0.578125 0.8601851851851852
2 0.5104166666666666 0.9305555555555556 0.5723958333333333 0.9305555555555556 0.5723958333333333 1 0.5104166666666666 1
2 0.6557291666666667 0.6962962962962963 0.6911458333333333 0.6962962962962963 0.6911458333333333 0.7166666666666667 0.6557291666666667 0.7166666666666667
2 0.6854166666666667 0.45185185185185184 0.7109375 0.45185185185185184 0.7109375 0.4685185185185185 0.6854166666666667 0.4685185185185185
2 0.6869791666666667 0.48518518518518516 0.7125 0.48518518518518516 0.7125 0.5046296296296297 0.6869791666666667 0.5046296296296297
2 0.6895833333333333 0.3925925925925926 0.7098958333333333 0.3925925925925926 0.7098958333333333 0.4166666666666667 0.6895833333333333 0.4166666666666667
2 0.4921875 0.09907407407407408 0.5661458333333333 0.09907407407407408 0.5661458333333333 0.1638888888888889 0.4921875 0.1638888888888889