1 0.490625 0 0.5921875 0 0.5921875 0.07685185185185185 0.490625 0.07685185185185185
1 0.5723958333333333 0.3574074074074074 0.6322916666666667 0.3574074074074074 0.6322916666666667 0.4583333333333333 0.5723958333333333 0.4583333333333333
1 0.640625 0.1925925925925926 0.6760416666666667 0.1925925925925926 0.6760416666666667 0.2962962962962963 0.640625 0.2962962962962963
1 0.6442708333333333 0.5888888888888889 0.6859375 0.5888888888888889 0.6859375 0.6703703703703704 0.6442708333333333 0.6703703703703704
2 0.2989583333333333 0 0.4317708333333333 0 0.4317708333333333 0.058333333333333334 0.2989583333333333 0.058333333333333334
1 0.6921875 0.549074074074074 0.7135416666666666 0.549074074074074 0.7135416666666666 0.5925925925925926 0.6921875 0.5925925925925926
2 0.425 0.11574074074074074 0.5166666666666667 0.11574074074074074 0.5166666666666667 0.18518518518518517 0.425 0.18518518518518517
2 0.3963541666666667 0.18333333333333332 0.5036458333333333 0.18333333333333332 0.5036458333333333 0.2777777777777778 0.3963541666666667 0.2777777777777778
2 0.5380208333333333 0.18796296296296297 0.6026041666666667 0.18796296296296297 0.6026041666666667 0.22314814814814815 0.5380208333333333 0.22314814814814815
2 0.5911458333333334 0.24722222222222223 0.6421875 0.24722222222222223 0.6421875 0.28703703703703703 0.5911458333333334 0.28703703703703703
2 0.5380208333333333 0.2657407407407407 0.5973958333333333 0.2657407407407407 0.5973958333333333 0.30648148148148147 0.5380208333333333 0.30648148148148147
2 0.6364583333333333 0.3111111111111111 0.6703125 0.3111111111111111 0.6703125 0.3351851851851852 0.6364583333333333 0.3351851851851852
2 0.6161458333333333 0.33796296296296297 0.6572916666666667 0.33796296296296297 0.6572916666666667 0.36666666666666664 0.6161458333333333 0.36666666666666664
2 0.6848958333333334 0.32314814814814813 0.7145833333333333 0.32314814814814813 0.7145833333333333 0.34444444444444444 0.6848958333333334 0.34444444444444444
2 0.6619791666666667 0.3435185185185185 0.6979166666666666 0.3435185185185185 0.6979166666666666 0.36203703703703705 0.6619791666666667 0.36203703703703705
2 0.6526041666666667 0.36666666666666664 0.6854166666666667 0.36666666666666664 0.6854166666666667 0.39166666666666666 0.6526041666666667 0.39166666666666666
2 0.5322916666666667 0.8777777777777778 0.5916666666666667 0.8777777777777778 0.5916666666666667 0.9342592592592592 0.5322916666666667 0.9342592592592592
2 0.6291666666666667 0.712037037037037 0.6713541666666667 0.712037037037037 0.6713541666666667 0.7490740740740741 0.6291666666666667 0.7490740740740741
2 0.6427083333333333 0.5212962962962963 0.68125 0.5212962962962963 0.68125 0.5731481481481482 0.6427083333333333 0.5731481481481482
2 0.6583333333333333 0.4064814814814815 0.6885416666666667 0.4064814814814815 0.6885416666666667 0.42777777777777776 0.6583333333333333 0.42777777777777776
2 0.6520833333333333 0.42592592592592593 0.6833333333333333 0.42592592592592593 0.6833333333333333 0.44814814814814813 0.6520833333333333 0.44814814814814813
2 0.675 0.38796296296296295 0.7020833333333333 0.38796296296296295 0.7020833333333333 0.4111111111111111 0.675 0.4111111111111111
2 0.684375 0.41944444444444445 0.7078125 0.41944444444444445 0.7078125 0.44074074074074077 0.684375 0.44074074074074077
2 0.6932291666666667 0.4009259259259259 0.7130208333333333 0.4009259259259259 0.7130208333333333 0.41759259259259257 0.6932291666666667 0.41759259259259257
2 0.6901041666666666 0.4537037037037037 0.7151041666666667 0.4537037037037037 0.7151041666666667 0.47314814814814815 0.6901041666666666 0.47314814814814815
2 0.6916666666666667 0.6129629629629629 0.7125 0.6129629629629629 0.7125 0.6240740740740741 0.6916666666666667 0.6240740740740741
2 0.6864583333333333 0.6444444444444445 0.7125 0.6444444444444445 0.7125 0.6592592592592592 0.6864583333333333 0.6592592592592592