1 0.5473958333333333 0.32037037037037036 0.6130208333333333 0.32037037037037036 0.6130208333333333 0.44907407407407407 0.5473958333333333 0.44907407407407407
1 0.5052083333333334 0 0.6026041666666667 0 0.6026041666666667 0.09259259259259259 0.5052083333333334 0.09259259259259259
1 0.6463541666666667 0.1814814814814815 0.6817708333333333 0.1814814814814815 0.6817708333333333 0.30462962962962964 0.6463541666666667 0.30462962962962964
2 0.5302083333333333 0.14907407407407408 0.5776041666666667 0.14907407407407408 0.5776041666666667 0.2111111111111111 0.5302083333333333 0.2111111111111111
2 0.45364583333333336 0 0.5317708333333333 0 0.5317708333333333 0.05 0.45364583333333336 0.05
2 0.21927083333333333 0 0.2734375 0 0.2734375 0.09814814814814815 0.21927083333333333 0.09814814814814815
2 0.5265625 0.9361111111111111 0.5817708333333333 0.9361111111111111 0.5817708333333333 1 0.5265625 1
2 0.39427083333333335 0.12407407407407407 0.4791666666666667 0.12407407407407407 0.4791666666666667 0.22870370370370371 0.39427083333333335 0.22870370370370371
2 0.48072916666666665 0.125 0.5411458333333333 0.125 0.5411458333333333 0.1935185185185185 0.48072916666666665 0.1935185185185185
2 0.3921875 0.8351851851851851 0.48072916666666665 0.8351851851851851 0.48072916666666665 0.925 0.3921875 0.925
2 0.48385416666666664 0.24074074074074073 0.5552083333333333 0.24074074074074073 0.5552083333333333 0.31666666666666665 0.48385416666666664 0.31666666666666665
2 0.7020833333333333 0.4027777777777778 0.7223958333333333 0.4027777777777778 0.7223958333333333 0.42592592592592593 0.7020833333333333 0.42592592592592593
2 0.6307291666666667 0.7055555555555556 0.6609375 0.7055555555555556 0.6609375 0.7435185185185185 0.6307291666666667 0.7435185185185185
2 0.5921875 0.29074074074074074 0.6322916666666667 0.29074074074074074 0.6322916666666667 0.33425925925925926 0.5921875 0.33425925925925926
2 0.6286458333333333 0.7759259259259259 0.6640625 0.7759259259259259 0.6640625 0.8166666666666667 0.6286458333333333 0.8166666666666667
2 0.6630208333333333 0.45 0.6916666666666667 0.45 0.6916666666666667 0.4824074074074074 0.6630208333333333 0.4824074074074074
2 0.6114583333333333 0.37777777777777777 0.646875 0.37777777777777777 0.646875 0.41574074074074074 0.6114583333333333 0.41574074074074074
2 0.6442708333333333 0.36203703703703705 0.6713541666666667 0.36203703703703705 0.6713541666666667 0.3907407407407407 0.6442708333333333 0.3907407407407407
2 0.6473958333333333 0.412962962962963 0.6776041666666667 0.412962962962963 0.6776041666666667 0.44722222222222224 0.6473958333333333 0.44722222222222224