1 0.33125 0.17592592592592593 0.39114583333333336 0.17592592592592593 0.39114583333333336 0.24074074074074073 0.33125 0.24074074074074073
1 0.45208333333333334 0.16944444444444445 0.48854166666666665 0.16944444444444445 0.48854166666666665 0.2351851851851852 0.45208333333333334 0.2351851851851852
1 0.575 0.30833333333333335 0.73125 0.30833333333333335 0.73125 0.7027777777777777 0.575 0.7027777777777777
1 0.1515625 0.3037037037037037 0.25052083333333336 0.3037037037037037 0.25052083333333336 0.4777777777777778 0.1515625 0.4777777777777778
2 0.35104166666666664 0.6361111111111111 0.4 0.6361111111111111 0.4 0.8740740740740741 0.35104166666666664 0.8740740740740741
2 0.0984375 0.6666666666666666 0.15989583333333332 0.6666666666666666 0.15989583333333332 0.8759259259259259 0.0984375 0.8759259259259259
2 0.16458333333333333 0.5166666666666667 0.21145833333333333 0.5166666666666667 0.21145833333333333 0.6731481481481482 0.16458333333333333 0.6731481481481482
2 0.284375 0.4898148148148148 0.3234375 0.4898148148148148 0.3234375 0.6407407407407407 0.284375 0.6407407407407407
2 0.31145833333333334 0.3962962962962963 0.340625 0.3962962962962963 0.340625 0.5203703703703704 0.31145833333333334 0.5203703703703704
2 0.24635416666666668 0.375 0.2791666666666667 0.375 0.2791666666666667 0.5055555555555555 0.24635416666666668 0.5055555555555555
2 0.12604166666666666 0.8453703703703703 0.18697916666666667 0.8453703703703703 0.18697916666666667 1 0.12604166666666666 1
2 0.39895833333333336 0.3611111111111111 0.42552083333333335 0.3611111111111111 0.42552083333333335 0.48518518518518516 0.39895833333333336 0.48518518518518516
2 0.4234375 0.3194444444444444 0.4479166666666667 0.3194444444444444 0.4479166666666667 0.41759259259259257 0.4234375 0.41759259259259257
2 0.3463541666666667 0.33611111111111114 0.3697916666666667 0.33611111111111114 0.3697916666666667 0.4305555555555556 0.3463541666666667 0.4305555555555556
2 0.35572916666666665 0.2898148148148148 0.3703125 0.2898148148148148 0.3703125 0.36666666666666664 0.35572916666666665 0.36666666666666664
2 0.34791666666666665 0.2537037037037037 0.36614583333333334 0.2537037037037037 0.36614583333333334 0.3055555555555556 0.34791666666666665 0.3055555555555556
2 0.3729166666666667 0.24537037037037038 0.3890625 0.24537037037037038 0.3890625 0.3296296296296296 0.3729166666666667 0.3296296296296296
2 0.4 0.22777777777777777 0.4125 0.22777777777777777 0.4125 0.2851851851851852 0.4 0.2851851851851852
2 0.4239583333333333 0.2175925925925926 0.43645833333333334 0.2175925925925926 0.43645833333333334 0.28703703703703703 0.4239583333333333 0.28703703703703703
2 0.44635416666666666 0.24074074074074073 0.4583333333333333 0.24074074074074073 0.4583333333333333 0.3138888888888889 0.44635416666666666 0.3138888888888889
2 0.40572916666666664 0.19537037037037036 0.41770833333333335 0.19537037037037036 0.41770833333333335 0.2361111111111111 0.40572916666666664 0.2361111111111111
2 0.42864583333333334 0.17777777777777778 0.43802083333333336 0.17777777777777778 0.43802083333333336 0.21296296296296297 0.42864583333333334 0.21296296296296297
2 0.4395833333333333 0.14351851851851852 0.4473958333333333 0.14351851851851852 0.4473958333333333 0.18796296296296297 0.4395833333333333 0.18796296296296297
2 0.45208333333333334 0.14814814814814814 0.46041666666666664 0.14814814814814814 0.46041666666666664 0.18055555555555555 0.45208333333333334 0.18055555555555555
2 0.465625 0.1361111111111111 0.4739583333333333 0.1361111111111111 0.4739583333333333 0.1675925925925926 0.465625 0.1675925925925926
2 0.49322916666666666 0.13796296296296295 0.5036458333333333 0.13796296296296295 0.5036458333333333 0.19074074074074074 0.49322916666666666 0.19074074074074074
2 0.45989583333333334 0.11388888888888889 0.46875 0.11388888888888889 0.46875 0.1527777777777778 0.45989583333333334 0.1527777777777778
2 0.4317708333333333 0.1287037037037037 0.4375 0.1287037037037037 0.4375 0.17037037037037037 0.4317708333333333 0.17037037037037037
2 0.42604166666666665 0.12037037037037036 0.43385416666666665 0.12037037037037036 0.43385416666666665 0.15462962962962962 0.42604166666666665 0.15462962962962962
2 0.5911458333333334 0.1398148148148148 0.5989583333333334 0.1398148148148148 0.5989583333333334 0.18796296296296297 0.5911458333333334 0.18796296296296297
2 0.61875 0.14907407407407408 0.6333333333333333 0.14907407407407408 0.6333333333333333 0.1962962962962963 0.61875 0.1962962962962963
1 0.5875 0.10740740740740741 0.6182291666666667 0.10740740740740741 0.6182291666666667 0.14351851851851852 0.5875 0.14351851851851852
2 0.7885416666666667 0.48333333333333334 0.8375 0.48333333333333334 0.8375 0.6305555555555555 0.7885416666666667 0.6305555555555555