1 0.40260416666666665 0.9111111111111111 0.5010416666666667 0.9111111111111111 0.5010416666666667 1 0.40260416666666665 1
1 0.303125 0.5064814814814815 0.334375 0.5064814814814815 0.334375 0.5703703703703704 0.303125 0.5703703703703704
1 0.28125 0.25833333333333336 0.30416666666666664 0.25833333333333336 0.30416666666666664 0.3277777777777778 0.28125 0.3277777777777778
1 0.5572916666666666 0 0.78125 0 0.78125 0.2722222222222222 0.5572916666666666 0.2722222222222222
2 0.47708333333333336 0.05277777777777778 0.5635416666666667 0.05277777777777778 0.5635416666666667 0.1574074074074074 0.47708333333333336 0.1574074074074074
2 0.48072916666666665 0.9037037037037037 0.571875 0.9037037037037037 0.571875 0.9629629629629629 0.48072916666666665 0.9629629629629629
2 0.5171875 0.825925925925926 0.6114583333333333 0.825925925925926 0.6114583333333333 0.9027777777777778 0.5171875 0.9027777777777778
2 0.5161458333333333 0.7185185185185186 0.640625 0.7185185185185186 0.640625 0.7962962962962963 0.5161458333333333 0.7962962962962963
2 0.4354166666666667 0.5851851851851851 0.5260416666666666 0.5851851851851851 0.5260416666666666 0.6518518518518519 0.4354166666666667 0.6518518518518519
2 0.42135416666666664 0.6935185185185185 0.4791666666666667 0.6935185185185185 0.4791666666666667 0.75 0.42135416666666664 0.75
2 0.425 0.8203703703703704 0.49583333333333335 0.8203703703703704 0.49583333333333335 0.8925925925925926 0.425 0.8925925925925926
2 0.3859375 0.7824074074074074 0.4390625 0.7824074074074074 0.4390625 0.8305555555555556 0.3859375 0.8305555555555556
2 0.37135416666666665 0.5851851851851851 0.421875 0.5851851851851851 0.421875 0.6222222222222222 0.37135416666666665 0.6222222222222222
2 0.3546875 0.5666666666666667 0.396875 0.5666666666666667 0.396875 0.5972222222222222 0.3546875 0.5972222222222222
2 0.36770833333333336 0.6703703703703704 0.40729166666666666 0.6703703703703704 0.40729166666666666 0.6972222222222222 0.36770833333333336 0.6972222222222222
2 0.3875 0.7018518518518518 0.428125 0.7018518518518518 0.428125 0.7435185185185185 0.3875 0.7435185185185185
2 0.3385416666666667 0.7037037037037037 0.37916666666666665 0.7037037037037037 0.37916666666666665 0.7351851851851852 0.3385416666666667 0.7351851851851852
2 0.3307291666666667 0.637962962962963 0.3645833333333333 0.637962962962963 0.3645833333333333 0.6592592592592592 0.3307291666666667 0.6592592592592592
2 0.3234375 0.6018518518518519 0.35625 0.6018518518518519 0.35625 0.6231481481481481 0.3234375 0.6231481481481481
2 0.325 0.5537037037037037 0.35885416666666664 0.5537037037037037 0.35885416666666664 0.5768518518518518 0.325 0.5768518518518518
2 0.31614583333333335 0.6231481481481481 0.34270833333333334 0.6231481481481481 0.34270833333333334 0.6407407407407407 0.31614583333333335 0.6407407407407407
2 0.3026041666666667 0.5888888888888889 0.32864583333333336 0.5888888888888889 0.32864583333333336 0.6074074074074074 0.3026041666666667 0.6074074074074074
2 0.2911458333333333 0.5638888888888889 0.31197916666666664 0.5638888888888889 0.31197916666666664 0.5805555555555556 0.2911458333333333 0.5805555555555556
2 0.2890625 0.4925925925925926 0.3145833333333333 0.4925925925925926 0.3145833333333333 0.5083333333333333 0.2890625 0.5083333333333333
2 0.2859375 0.5407407407407407 0.3067708333333333 0.5407407407407407 0.3067708333333333 0.5592592592592592 0.2859375 0.5592592592592592
2 0.2828125 0.6083333333333333 0.30364583333333334 0.6083333333333333 0.30364583333333334 0.6268518518518519 0.2828125 0.6268518518518519
2 0.28177083333333336 0.5879629629629629 0.2984375 0.5879629629629629 0.2984375 0.600925925925926 0.28177083333333336 0.600925925925926
2 0.3067708333333333 0.30925925925925923 0.3390625 0.30925925925925923 0.3390625 0.3333333333333333 0.3067708333333333 0.3333333333333333
2 0.30052083333333335 0.29259259259259257 0.3223958333333333 0.29259259259259257 0.3223958333333333 0.31203703703703706 0.30052083333333335 0.31203703703703706
1 0.31666666666666665 0.700925925925926 0.35 0.700925925925926 0.35 0.799074074074074 0.31666666666666665 0.799074074074074
2 0.3078125 0.2462962962962963 0.33541666666666664 0.2462962962962963 0.33541666666666664 0.2722222222222222 0.3078125 0.2722222222222222
2 0.29270833333333335 0.5962962962962963 0.31302083333333336 0.5962962962962963 0.31302083333333336 0.6101851851851852 0.29270833333333335 0.6101851851851852