1 0.14895833333333333 0.32407407407407407 0.27291666666666664 0.32407407407407407 0.27291666666666664 0.5 0.14895833333333333 0.5
1 0.3234375 0.17685185185185184 0.390625 0.17685185185185184 0.390625 0.2388888888888889 0.3234375 0.2388888888888889
1 0.4322916666666667 0.22962962962962963 0.48385416666666664 0.22962962962962963 0.48385416666666664 0.31574074074074077 0.4322916666666667 0.31574074074074077
2 0 0.6203703703703703 0.06770833333333333 0.6203703703703703 0.06770833333333333 0.8240740740740741 0 0.8240740740740741
2 0.8932291666666666 0.5611111111111111 0.96875 0.5611111111111111 0.96875 0.7416666666666667 0.8932291666666666 0.7416666666666667
2 0.2203125 0.49907407407407406 0.26875 0.49907407407407406 0.26875 0.6592592592592592 0.2203125 0.6592592592592592
2 0.12083333333333333 0.7064814814814815 0.19322916666666667 0.7064814814814815 0.19322916666666667 0.9444444444444444 0.12083333333333333 0.9444444444444444
2 0.7197916666666667 0.33055555555555555 0.7510416666666667 0.33055555555555555 0.7510416666666667 0.43703703703703706 0.7197916666666667 0.43703703703703706
2 0.6645833333333333 0.30925925925925923 0.6963541666666667 0.30925925925925923 0.6963541666666667 0.39814814814814814 0.6645833333333333 0.39814814814814814
2 0.35 0.31666666666666665 0.37864583333333335 0.31666666666666665 0.37864583333333335 0.4111111111111111 0.35 0.4111111111111111
2 0.4244791666666667 0.20462962962962963 0.4421875 0.20462962962962963 0.4421875 0.25 0.4244791666666667 0.25
2 0.3645833333333333 0.26666666666666666 0.38958333333333334 0.26666666666666666 0.38958333333333334 0.33425925925925926 0.3645833333333333 0.33425925925925926
2 0.2994791666666667 0.6583333333333333 0.365625 0.6583333333333333 0.365625 0.8703703703703703 0.2994791666666667 0.8703703703703703
2 0.38229166666666664 0.4166666666666667 0.42552083333333335 0.4166666666666667 0.42552083333333335 0.5518518518518518 0.38229166666666664 0.5518518518518518
2 0.28072916666666664 0.3712962962962963 0.32135416666666666 0.3712962962962963 0.32135416666666666 0.5018518518518519 0.28072916666666664 0.5018518518518519
2 0.653125 0.22037037037037038 0.6838541666666667 0.22037037037037038 0.6838541666666667 0.29814814814814816 0.653125 0.29814814814814816
2 0.6223958333333334 0.20833333333333334 0.6484375 0.20833333333333334 0.6484375 0.2898148148148148 0.6223958333333334 0.2898148148148148
2 0.38697916666666665 0.3296296296296296 0.41510416666666666 0.3296296296296296 0.41510416666666666 0.40370370370370373 0.38697916666666665 0.40370370370370373
2 0.478125 0.13333333333333333 0.490625 0.13333333333333333 0.490625 0.17222222222222222 0.478125 0.17222222222222222
2 0.4046875 0.2564814814814815 0.428125 0.2564814814814815 0.428125 0.3351851851851852 0.4046875 0.3351851851851852
2 0.5755208333333334 0.12222222222222222 0.5911458333333334 0.12222222222222222 0.5911458333333334 0.15833333333333333 0.5755208333333334 0.15833333333333333
2 0.459375 0.14907407407407408 0.475 0.14907407407407408 0.475 0.19074074074074074 0.459375 0.19074074074074074
2 0.6078125 0.13148148148148148 0.6239583333333333 0.13148148148148148 0.6239583333333333 0.17037037037037037 0.6078125 0.17037037037037037
2 0.496875 0.17407407407407408 0.5140625 0.17407407407407408 0.5140625 0.22407407407407406 0.496875 0.22407407407407406
2 0.4005208333333333 0.1787037037037037 0.421875 0.1787037037037037 0.421875 0.22685185185185186 0.4005208333333333 0.22685185185185186
2 0.4166666666666667 0.14814814814814814 0.43125 0.14814814814814814 0.43125 0.18518518518518517 0.4166666666666667 0.18518518518518517
2 0.2911458333333333 0.33055555555555555 0.3203125 0.33055555555555555 0.3203125 0.3787037037037037 0.2911458333333333 0.3787037037037037
2 0.45416666666666666 0.18425925925925926 0.4708333333333333 0.18425925925925926 0.4708333333333333 0.225 0.45416666666666666 0.225