1 0.5140625 0.7425925925925926 0.5932291666666667 0.7425925925925926 0.5932291666666667 0.9324074074074075 0.5140625 0.9324074074074075
1 0.5072916666666667 0 0.6083333333333333 0 0.6083333333333333 0.0824074074074074 0.5072916666666667 0.0824074074074074
2 0.35833333333333334 0.9259259259259259 0.46145833333333336 0.9259259259259259 0.46145833333333336 1 0.35833333333333334 1
2 0.6786458333333333 0.5851851851851851 0.7046875 0.5851851851851851 0.7046875 0.6148148148148148 0.6786458333333333 0.6148148148148148
2 0.55 0.2675925925925926 0.6067708333333334 0.2675925925925926 0.6067708333333334 0.32592592592592595 0.55 0.32592592592592595
2 0.47552083333333334 0.23148148148148148 0.55 0.23148148148148148 0.55 0.3 0.47552083333333334 0.3
0 0.58125 0.1824074074074074 0.690625 0.1824074074074074 0.690625 0.3509259259259259 0.58125 0.3509259259259259
2 0.5651041666666666 0.38425925925925924 0.6171875 0.38425925925925924 0.6171875 0.43425925925925923 0.5651041666666666 0.43425925925925923
2 0.61875 0.4074074074074074 0.6567708333333333 0.4074074074074074 0.6567708333333333 0.44814814814814813 0.61875 0.44814814814814813
1 0.7052083333333333 0.5537037037037037 0.7255208333333333 0.5537037037037037 0.7255208333333333 0.6027777777777777 0.7052083333333333 0.6027777777777777
2 0.675 0.725 0.6979166666666666 0.725 0.6979166666666666 0.7620370370370371 0.675 0.7620370370370371
2 0.6083333333333333 0.7101851851851851 0.65 0.7101851851851851 0.65 0.7574074074074074 0.6083333333333333 0.7574074074074074
2 0.21979166666666666 0 0.34791666666666665 0 0.34791666666666665 0.08518518518518518 0.21979166666666666 0.08518518518518518
0 0.46770833333333334 0.700925925925926 0.5567708333333333 0.700925925925926 0.5567708333333333 0.7805555555555556 0.46770833333333334 0.7805555555555556