1 0.5614583333333333 0.3907407407407407 0.6546875 0.3907407407407407 0.6546875 0.5435185185185185 0.5614583333333333 0.5435185185185185
1 0.32395833333333335 0.4740740740740741 0.4328125 0.4740740740740741 0.4328125 0.6694444444444444 0.32395833333333335 0.6694444444444444
1 0.12708333333333333 0.3537037037037037 0.2552083333333333 0.3537037037037037 0.2552083333333333 0.5305555555555556 0.12708333333333333 0.5305555555555556
1 0.3182291666666667 0.2074074074074074 0.37395833333333334 0.2074074074074074 0.37395833333333334 0.2712962962962963 0.3182291666666667 0.2712962962962963
1 0.44635416666666666 0.16574074074074074 0.48020833333333335 0.16574074074074074 0.48020833333333335 0.21944444444444444 0.44635416666666666 0.21944444444444444
1 0.5307291666666667 0.20277777777777778 0.5682291666666667 0.20277777777777778 0.5682291666666667 0.2611111111111111 0.5307291666666667 0.2611111111111111
1 0.6432291666666666 0.16018518518518518 0.6890625 0.16018518518518518 0.6890625 0.20185185185185187 0.6432291666666666 0.20185185185185187
2 0.21666666666666667 0.6018518518518519 0.2682291666666667 0.6018518518518519 0.2682291666666667 0.7203703703703703 0.21666666666666667 0.7203703703703703
2 0.01875 0.6731481481481482 0.09010416666666667 0.6731481481481482 0.09010416666666667 0.8435185185185186 0.01875 0.8435185185185186
2 0.08489583333333334 0.6981481481481482 0.14791666666666667 0.6981481481481482 0.14791666666666667 0.9101851851851852 0.08489583333333334 0.9101851851851852
2 0.3958333333333333 0.6435185185185185 0.44895833333333335 0.6435185185185185 0.44895833333333335 0.8944444444444445 0.3958333333333333 0.8944444444444445
2 0.2875 0.37222222222222223 0.3140625 0.37222222222222223 0.3140625 0.4861111111111111 0.2875 0.4861111111111111
2 0.3177083333333333 0.40555555555555556 0.34322916666666664 0.40555555555555556 0.34322916666666664 0.5324074074074074 0.3177083333333333 0.5324074074074074
2 0.34270833333333334 0.3574074074074074 0.3703125 0.3574074074074074 0.3703125 0.4462962962962963 0.34270833333333334 0.4462962962962963
2 0.3046875 0.32222222222222224 0.33958333333333335 0.32222222222222224 0.33958333333333335 0.40925925925925927 0.3046875 0.40925925925925927
2 0.4234375 0.3101851851851852 0.4484375 0.3101851851851852 0.4484375 0.3972222222222222 0.4234375 0.3972222222222222
2 0.45416666666666666 0.2759259259259259 0.4765625 0.2759259259259259 0.4765625 0.3592592592592593 0.45416666666666666 0.3592592592592593
2 0.33958333333333335 0.2962962962962963 0.3703125 0.2962962962962963 0.3703125 0.3768518518518518 0.33958333333333335 0.3768518518518518
2 0.3921875 0.29444444444444445 0.4166666666666667 0.29444444444444445 0.4166666666666667 0.38333333333333336 0.3921875 0.38333333333333336
2 0.36822916666666666 0.29074074074074074 0.39479166666666665 0.29074074074074074 0.39479166666666665 0.36203703703703705 0.36822916666666666 0.36203703703703705
2 0.34739583333333335 0.25555555555555554 0.3609375 0.25555555555555554 0.3609375 0.30648148148148147 0.34739583333333335 0.30648148148148147
2 0.35520833333333335 0.25555555555555554 0.3796875 0.25555555555555554 0.3796875 0.32222222222222224 0.35520833333333335 0.32222222222222224
2 0.39739583333333334 0.22962962962962963 0.41041666666666665 0.22962962962962963 0.41041666666666665 0.2833333333333333 0.39739583333333334 0.2833333333333333
2 0.4239583333333333 0.22685185185185186 0.4427083333333333 0.22685185185185186 0.4427083333333333 0.29074074074074074 0.4239583333333333 0.29074074074074074
2 0.5953125 0.25462962962962965 0.6145833333333334 0.25462962962962965 0.6145833333333334 0.33055555555555555 0.5953125 0.33055555555555555
2 0.6223958333333334 0.2212962962962963 0.64375 0.2212962962962963 0.64375 0.30185185185185187 0.6223958333333334 0.30185185185185187
2 0.6098958333333333 0.19814814814814816 0.6197916666666666 0.19814814814814816 0.6197916666666666 0.2564814814814815 0.6098958333333333 0.2564814814814815
2 0.5708333333333333 0.1685185185185185 0.5828125 0.1685185185185185 0.5828125 0.22777777777777777 0.5708333333333333 0.22777777777777777
2 0.5833333333333334 0.17962962962962964 0.6 0.17962962962962964 0.6 0.22592592592592592 0.5833333333333334 0.22592592592592592
2 0.4109375 0.19537037037037036 0.4244791666666667 0.19537037037037036 0.4244791666666667 0.24351851851851852 0.4109375 0.24351851851851852
2 0.4046875 0.175 0.425 0.175 0.425 0.22314814814814815 0.4046875 0.22314814814814815
2 0.4276041666666667 0.17407407407407408 0.440625 0.17407407407407408 0.440625 0.2111111111111111 0.4276041666666667 0.2111111111111111