1 0.14322916666666666 0.33425925925925926 0.265625 0.33425925925925926 0.265625 0.512962962962963 0.14322916666666666 0.512962962962963
1 0.40520833333333334 0.30462962962962964 0.478125 0.30462962962962964 0.478125 0.44074074074074077 0.40520833333333334 0.44074074074074077
1 0.32916666666666666 0.18796296296296297 0.3880208333333333 0.18796296296296297 0.3880208333333333 0.2490740740740741 0.32916666666666666 0.2490740740740741
1 0.5510416666666667 0.15 0.5869791666666667 0.15 0.5869791666666667 0.20925925925925926 0.5510416666666667 0.20925925925925926
1 0.6609375 0.13703703703703704 0.7046875 0.13703703703703704 0.7046875 0.17592592592592593 0.6609375 0.17592592592592593
2 0.0067708333333333336 0.7898148148148149 0.08802083333333334 0.7898148148148149 0.08802083333333334 0.9537037037037037 0.0067708333333333336 0.9537037037037037
2 0.05625 0.6694444444444444 0.12239583333333333 0.6694444444444444 0.12239583333333333 0.8277777777777777 0.05625 0.8277777777777777
2 0.20885416666666667 0.6046296296296296 0.2546875 0.6046296296296296 0.2546875 0.8203703703703704 0.20885416666666667 0.8203703703703704
2 0.24739583333333334 0.6787037037037037 0.3104166666666667 0.6787037037037037 0.3104166666666667 0.9092592592592592 0.24739583333333334 0.9092592592592592
2 0.890625 0.7574074074074074 0.9640625 0.7574074074074074 0.9640625 0.9925925925925926 0.890625 0.9925925925925926
2 0.28177083333333336 0.37592592592592594 0.3171875 0.37592592592592594 0.3171875 0.49074074074074076 0.28177083333333336 0.49074074074074076
2 0.32708333333333334 0.4203703703703704 0.3625 0.4203703703703704 0.3625 0.5342592592592592 0.32708333333333334 0.5342592592592592
2 0.340625 0.27314814814814814 0.3645833333333333 0.27314814814814814 0.3645833333333333 0.37962962962962965 0.340625 0.37962962962962965
2 0.3958333333333333 0.26296296296296295 0.4125 0.26296296296296295 0.4125 0.32685185185185184 0.3958333333333333 0.32685185185185184
2 0.384375 0.20925925925925926 0.3958333333333333 0.20925925925925926 0.3958333333333333 0.27870370370370373 0.384375 0.27870370370370373
2 0.41822916666666665 0.1935185185185185 0.43125 0.1935185185185185 0.43125 0.2675925925925926 0.41822916666666665 0.2675925925925926
2 0.41041666666666665 0.1638888888888889 0.42239583333333336 0.1638888888888889 0.42239583333333336 0.22314814814814815 0.41041666666666665 0.22314814814814815
2 0.4479166666666667 0.17962962962962964 0.4578125 0.17962962962962964 0.4578125 0.22592592592592592 0.4479166666666667 0.22592592592592592
2 0.44635416666666666 0.19537037037037036 0.4703125 0.19537037037037036 0.4703125 0.27870370370370373 0.44635416666666666 0.27870370370370373
2 0.6838541666666667 0.2833333333333333 0.7057291666666666 0.2833333333333333 0.7057291666666666 0.362962962962963 0.6838541666666667 0.362962962962963
2 0.7546875 0.37037037037037035 0.7911458333333333 0.37037037037037035 0.7911458333333333 0.4842592592592593 0.7546875 0.4842592592592593
2 0.6109375 0.17037037037037037 0.6234375 0.17037037037037037 0.6234375 0.22037037037037038 0.6109375 0.22037037037037038
2 0.5307291666666667 0.18981481481481483 0.5541666666666667 0.18981481481481483 0.5541666666666667 0.2361111111111111 0.5307291666666667 0.2361111111111111
2 0.4036458333333333 0.12222222222222222 0.415625 0.12222222222222222 0.415625 0.16203703703703703 0.4036458333333333 0.16203703703703703
2 0.43385416666666665 0.14907407407407408 0.44635416666666666 0.14907407407407408 0.44635416666666666 0.1935185185185185 0.43385416666666665 0.1935185185185185
2 0.45625 0.13148148148148148 0.46822916666666664 0.13148148148148148 0.46822916666666664 0.18611111111111112 0.45625 0.18611111111111112
2 0.4734375 0.1259259259259259 0.48072916666666665 0.1259259259259259 0.48072916666666665 0.1675925925925926 0.4734375 0.1675925925925926
2 0.49375 0.1259259259259259 0.5015625 0.1259259259259259 0.5015625 0.16203703703703703 0.49375 0.16203703703703703