1 0.49947916666666664 0 0.5989583333333334 0 0.5989583333333334 0.09537037037037037 0.49947916666666664 0.09537037037037037
1 0.48854166666666665 0.2712962962962963 0.5729166666666666 0.2712962962962963 0.5729166666666666 0.43703703703703706 0.48854166666666665 0.43703703703703706
2 0.45729166666666665 0.8712962962962963 0.5276041666666667 0.8712962962962963 0.5276041666666667 0.95 0.45729166666666665 0.95
2 0.571875 0.8472222222222222 0.6171875 0.8472222222222222 0.6171875 0.9046296296296297 0.571875 0.9046296296296297
2 0.35989583333333336 0.7842592592592592 0.4557291666666667 0.7842592592592592 0.4557291666666667 0.9018518518518519 0.35989583333333336 0.9018518518518519
2 0.46875 0.05462962962962963 0.5338541666666666 0.05462962962962963 0.5338541666666666 0.13055555555555556 0.46875 0.13055555555555556
1 0.6458333333333334 0.18055555555555555 0.6817708333333333 0.18055555555555555 0.6817708333333333 0.2935185185185185 0.6458333333333334 0.2935185185185185
2 0.5557291666666667 0.2351851851851852 0.6015625 0.2351851851851852 0.6015625 0.287962962962963 0.5557291666666667 0.287962962962963
2 0.3770833333333333 0.011111111111111112 0.471875 0.011111111111111112 0.471875 0.09351851851851851 0.3770833333333333 0.09351851851851851
2 0.5916666666666667 0.27314814814814814 0.6359375 0.27314814814814814 0.6359375 0.32037037037037036 0.5916666666666667 0.32037037037037036
2 0.5286458333333334 0.7592592592592593 0.5869791666666667 0.7592592592592593 0.5869791666666667 0.8166666666666667 0.5286458333333334 0.8166666666666667
2 0.584375 0.3398148148148148 0.628125 0.3398148148148148 0.628125 0.387037037037037 0.584375 0.387037037037037
2 0.3411458333333333 0.14074074074074075 0.4546875 0.14074074074074075 0.4546875 0.22777777777777777 0.3411458333333333 0.22777777777777777
2 0.7036458333333333 0.43333333333333335 0.7213541666666666 0.43333333333333335 0.7213541666666666 0.45555555555555555 0.7036458333333333 0.45555555555555555
2 0.6432291666666666 0.43425925925925923 0.6739583333333333 0.43425925925925923 0.6739583333333333 0.46574074074074073 0.6432291666666666 0.46574074074074073
2 0.6578125 0.675 0.684375 0.675 0.684375 0.7055555555555556 0.6578125 0.7055555555555556
2 0.628125 0.3990740740740741 0.6645833333333333 0.3990740740740741 0.6645833333333333 0.4361111111111111 0.628125 0.4361111111111111
2 0.6932291666666667 0.45925925925925926 0.7125 0.45925925925925926 0.7125 0.4842592592592593 0.6932291666666667 0.4842592592592593
2 0.6822916666666666 0.48518518518518516 0.7072916666666667 0.48518518518518516 0.7072916666666667 0.5111111111111111 0.6822916666666666 0.5111111111111111