1 0.4015625 0.9037037037037037 0.5005208333333333 0.9037037037037037 0.5005208333333333 1 0.4015625 1
2 0.6447916666666667 0.8175925925925925 0.7791666666666667 0.8175925925925925 0.7791666666666667 0.9416666666666667 0.6447916666666667 0.9416666666666667
1 0.31875 0.6944444444444444 0.3541666666666667 0.6944444444444444 0.3541666666666667 0.8138888888888889 0.31875 0.8138888888888889
1 0.3390625 0.5287037037037037 0.38229166666666664 0.5287037037037037 0.38229166666666664 0.6148148148148148 0.3390625 0.6148148148148148
2 0.5338541666666666 0.9212962962962963 0.6317708333333333 0.9212962962962963 0.6317708333333333 1 0.5338541666666666 1
2 0.4276041666666667 0.10833333333333334 0.48489583333333336 0.10833333333333334 0.48489583333333336 0.17685185185185184 0.4276041666666667 0.17685185185185184
2 0.44895833333333335 0 0.5203125 0 0.5203125 0.06481481481481481 0.44895833333333335 0.06481481481481481
2 0.3859375 0.6972222222222222 0.43125 0.6972222222222222 0.43125 0.7435185185185185 0.3859375 0.7435185185185185
2 0.29375 0.5222222222222223 0.3140625 0.5222222222222223 0.3140625 0.5453703703703704 0.29375 0.5453703703703704
2 0.46145833333333336 0.8314814814814815 0.5354166666666667 0.8314814814814815 0.5354166666666667 0.9148148148148149 0.46145833333333336 0.9148148148148149
2 0.5114583333333333 0.6851851851851852 0.609375 0.6851851851851852 0.609375 0.7944444444444444 0.5114583333333333 0.7944444444444444
2 0.35989583333333336 0.6805555555555556 0.3921875 0.6805555555555556 0.3921875 0.7166666666666667 0.35989583333333336 0.7166666666666667
2 0.3645833333333333 0.13055555555555556 0.4119791666666667 0.13055555555555556 0.4119791666666667 0.18888888888888888 0.3645833333333333 0.18888888888888888
2 0.3515625 0.6222222222222222 0.38958333333333334 0.6222222222222222 0.38958333333333334 0.6583333333333333 0.3515625 0.6583333333333333
2 0.41770833333333335 0.6 0.4822916666666667 0.6 0.4822916666666667 0.6638888888888889 0.41770833333333335 0.6638888888888889
2 0.41458333333333336 0.7759259259259259 0.4703125 0.7759259259259259 0.4703125 0.8361111111111111 0.41458333333333336 0.8361111111111111
2 0.29583333333333334 0.27685185185185185 0.31875 0.27685185185185185 0.31875 0.30462962962962964 0.29583333333333334 0.30462962962962964
2 0.2989583333333333 0.6222222222222222 0.31927083333333334 0.6222222222222222 0.31927083333333334 0.6481481481481481 0.2989583333333333 0.6481481481481481
2 0.3145833333333333 0.5518518518518518 0.33645833333333336 0.5518518518518518 0.33645833333333336 0.5768518518518518 0.3145833333333333 0.5768518518518518
2 0.29010416666666666 0.33425925925925926 0.3109375 0.33425925925925926 0.3109375 0.3638888888888889 0.29010416666666666 0.3638888888888889
2 0.3203125 0.6342592592592593 0.3453125 0.6342592592592593 0.3453125 0.6657407407407407 0.3203125 0.6657407407407407
2 0.29635416666666664 0.5453703703703704 0.3177083333333333 0.5453703703703704 0.3177083333333333 0.5703703703703704 0.29635416666666664 0.5703703703703704
2 0.30572916666666666 0.48148148148148145 0.34010416666666665 0.48148148148148145 0.34010416666666665 0.5083333333333333 0.30572916666666666 0.5083333333333333
2 0.31927083333333334 0.6 0.3453125 0.6 0.3453125 0.6222222222222222 0.31927083333333334 0.6222222222222222
2 0.3796875 0.637962962962963 0.42291666666666666 0.637962962962963 0.42291666666666666 0.675 0.3796875 0.675
2 0.3489583333333333 0.24074074074074073 0.3953125 0.24074074074074073 0.3953125 0.2675925925925926 0.3489583333333333 0.2675925925925926