1 0.490625 0 0.5916666666666667 0 0.5916666666666667 0.07592592592592592 0.490625 0.07592592592592592
1 0.578125 0.36203703703703705 0.6395833333333333 0.36203703703703705 0.6395833333333333 0.45925925925925926 0.578125 0.45925925925925926
1 0.6416666666666667 0.5898148148148148 0.6838541666666667 0.5898148148148148 0.6838541666666667 0.6685185185185185 0.6416666666666667 0.6685185185185185
1 0.6401041666666667 0.1925925925925926 0.6755208333333333 0.1925925925925926 0.6755208333333333 0.29444444444444445 0.6401041666666667 0.29444444444444445
1 0.6890625 0.5481481481481482 0.7125 0.5481481481481482 0.7125 0.6 0.6890625 0.6
2 0.3453125 0.012962962962962963 0.46197916666666666 0.012962962962962963 0.46197916666666666 0.11388888888888889 0.3453125 0.11388888888888889
2 0.453125 0.13796296296296295 0.5229166666666667 0.13796296296296295 0.5229166666666667 0.20462962962962963 0.453125 0.20462962962962963
2 0.4276041666666667 0.21481481481481482 0.5234375 0.21481481481481482 0.5234375 0.30462962962962964 0.4276041666666667 0.30462962962962964
2 0.5510416666666667 0.19166666666666668 0.6046875 0.19166666666666668 0.6046875 0.2462962962962963 0.5510416666666667 0.2462962962962963
2 0.546875 0.28055555555555556 0.6046875 0.28055555555555556 0.6046875 0.32037037037037036 0.546875 0.32037037037037036
2 0.6041666666666666 0.2490740740740741 0.640625 0.2490740740740741 0.640625 0.28055555555555556 0.6041666666666666 0.28055555555555556
2 0.5213541666666667 0.887962962962963 0.5838541666666667 0.887962962962963 0.5838541666666667 0.9629629629629629 0.5213541666666667 0.9629629629629629
2 0.6234375 0.3333333333333333 0.6567708333333333 0.3333333333333333 0.6567708333333333 0.3675925925925926 0.6234375 0.3675925925925926
2 0.6489583333333333 0.3138888888888889 0.6770833333333334 0.3138888888888889 0.6770833333333334 0.34074074074074073 0.6489583333333333 0.34074074074074073
2 0.6729166666666667 0.3490740740740741 0.7010416666666667 0.3490740740740741 0.7010416666666667 0.36574074074074076 0.6729166666666667 0.36574074074074076
2 0.6552083333333333 0.37407407407407406 0.6854166666666667 0.37407407407407406 0.6854166666666667 0.3907407407407407 0.6552083333333333 0.3907407407407407
2 0.6557291666666667 0.4287037037037037 0.6848958333333334 0.4287037037037037 0.6848958333333334 0.45 0.6557291666666667 0.45
2 0.6619791666666667 0.40370370370370373 0.6885416666666667 0.40370370370370373 0.6885416666666667 0.41759259259259257 0.6619791666666667 0.41759259259259257
2 0.6432291666666666 0.5185185185185185 0.6802083333333333 0.5185185185185185 0.6802083333333333 0.5703703703703704 0.6432291666666666 0.5703703703703704
2 0.6213541666666667 0.7148148148148148 0.6578125 0.7148148148148148 0.6578125 0.7564814814814815 0.6213541666666667 0.7564814814814815
2 0.6885416666666667 0.6111111111111112 0.7078125 0.6111111111111112 0.7078125 0.6296296296296297 0.6885416666666667 0.6296296296296297
2 0.6901041666666666 0.6453703703703704 0.7078125 0.6453703703703704 0.7078125 0.6620370370370371 0.6901041666666666 0.6620370370370371
2 0.6807291666666667 0.38981481481481484 0.7052083333333333 0.38981481481481484 0.7052083333333333 0.4101851851851852 0.6807291666666667 0.4101851851851852
2 0.6869791666666667 0.4203703703703704 0.70625 0.4203703703703704 0.70625 0.4324074074074074 0.6869791666666667 0.4324074074074074
2 0.690625 0.4305555555555556 0.7098958333333333 0.4305555555555556 0.7098958333333333 0.44814814814814813 0.690625 0.44814814814814813
2 0.6932291666666667 0.45555555555555555 0.7130208333333333 0.45555555555555555 0.7130208333333333 0.4740740740740741 0.6932291666666667 0.4740740740740741
2 0.69375 0.4027777777777778 0.7130208333333333 0.4027777777777778 0.7130208333333333 0.41944444444444445 0.69375 0.41944444444444445
2 0.6916666666666667 0.32222222222222224 0.7135416666666666 0.32222222222222224 0.7135416666666666 0.3453703703703704 0.6916666666666667 0.3453703703703704