1 0.14322916666666666 0.32037037037037036 0.2671875 0.32037037037037036 0.2671875 0.4981481481481482 0.14322916666666666 0.4981481481481482
1 0.3296875 0.17592592592592593 0.390625 0.17592592592592593 0.390625 0.24074074074074073 0.3296875 0.24074074074074073
1 0.45677083333333335 0.15462962962962962 0.49166666666666664 0.15462962962962962 0.49166666666666664 0.21203703703703702 0.45677083333333335 0.21203703703703702
1 0.5942708333333333 0.10925925925925926 0.6276041666666666 0.10925925925925926 0.6276041666666666 0.14629629629629629 0.5942708333333333 0.14629629629629629
1 0.5979166666666667 0.4675925925925926 0.8390625 0.4675925925925926 0.8390625 1 0.5979166666666667 1
2 0.9161458333333333 0.7675925925925926 0.9963541666666667 0.7675925925925926 0.9963541666666667 0.9907407407407407 0.9161458333333333 0.9907407407407407
2 0.6890625 0.3962962962962963 0.7317708333333334 0.3962962962962963 0.7317708333333334 0.48333333333333334 0.6890625 0.48333333333333334
2 0.19583333333333333 0.5064814814814815 0.2453125 0.5064814814814815 0.2453125 0.700925925925926 0.19583333333333333 0.700925925925926
2 0.23125 0.6101851851851852 0.2864583333333333 0.6101851851851852 0.2864583333333333 0.8444444444444444 0.23125 0.8444444444444444
2 0.30520833333333336 0.6305555555555555 0.34739583333333335 0.6305555555555555 0.34739583333333335 0.8657407407407407 0.30520833333333336 0.8657407407407407
2 0.40677083333333336 0.45 0.43645833333333334 0.45 0.43645833333333334 0.6027777777777777 0.40677083333333336 0.6027777777777777
2 0.3453125 0.40925925925925927 0.371875 0.40925925925925927 0.371875 0.5342592592592592 0.3453125 0.5342592592592592
2 0.24791666666666667 0.41574074074074074 0.28229166666666666 0.41574074074074074 0.28229166666666666 0.5277777777777778 0.24791666666666667 0.5277777777777778
2 0.2984375 0.33240740740740743 0.31875 0.33240740740740743 0.31875 0.42962962962962964 0.2984375 0.42962962962962964
2 0.35104166666666664 0.32222222222222224 0.37604166666666666 0.32222222222222224 0.37604166666666666 0.41574074074074074 0.35104166666666664 0.41574074074074074
2 0.425 0.29814814814814816 0.44635416666666666 0.29814814814814816 0.44635416666666666 0.3972222222222222 0.425 0.3972222222222222
2 0.4427083333333333 0.2657407407407407 0.4583333333333333 0.2657407407407407 0.4583333333333333 0.3453703703703704 0.4427083333333333 0.3453703703703704
2 0.3734375 0.28055555555555556 0.39427083333333335 0.28055555555555556 0.39427083333333335 0.37037037037037035 0.3734375 0.37037037037037035
2 0.35833333333333334 0.2222222222222222 0.37447916666666664 0.2222222222222222 0.37447916666666664 0.3037037037037037 0.35833333333333334 0.3037037037037037
2 0.38958333333333334 0.21944444444444444 0.403125 0.21944444444444444 0.403125 0.28425925925925927 0.38958333333333334 0.28425925925925927
2 0.40208333333333335 0.2 0.4166666666666667 0.2 0.4166666666666667 0.2722222222222222 0.40208333333333335 0.2722222222222222
2 0.42916666666666664 0.19537037037037036 0.4421875 0.19537037037037036 0.4421875 0.26481481481481484 0.42916666666666664 0.26481481481481484
2 0.45677083333333335 0.2064814814814815 0.4671875 0.2064814814814815 0.4671875 0.2722222222222222 0.45677083333333335 0.2722222222222222
2 0.4166666666666667 0.17685185185185184 0.4270833333333333 0.17685185185185184 0.4270833333333333 0.22962962962962963 0.4166666666666667 0.22962962962962963
2 0.43645833333333334 0.14907407407407408 0.44583333333333336 0.14907407407407408 0.44583333333333336 0.2064814814814815 0.43645833333333334 0.2064814814814815
2 0.4979166666666667 0.12962962962962962 0.5078125 0.12962962962962962 0.5078125 0.1814814814814815 0.4979166666666667 0.1814814814814815
2 0.46927083333333336 0.12685185185185185 0.47604166666666664 0.12685185185185185 0.47604166666666664 0.16203703703703703 0.46927083333333336 0.16203703703703703
2 0.4552083333333333 0.13796296296296295 0.4640625 0.13796296296296295 0.4640625 0.17685185185185184 0.4552083333333333 0.17685185185185184
2 0.44479166666666664 0.11574074074074074 0.45208333333333334 0.11574074074074074 0.45208333333333334 0.14814814814814814 0.44479166666666664 0.14814814814814814
2 0.4317708333333333 0.12129629629629629 0.43854166666666666 0.12129629629629629 0.43854166666666666 0.15925925925925927 0.4317708333333333 0.15925925925925927
2 0.5921875 0.1537037037037037 0.6 0.1537037037037037 0.6 0.2 0.5921875 0.2
2 0.6109375 0.14629629629629629 0.6234375 0.14629629629629629 0.6234375 0.1814814814814815 0.6109375 0.1814814814814815
2 0.6255208333333333 0.15833333333333333 0.6395833333333333 0.15833333333333333 0.6395833333333333 0.2 0.6255208333333333 0.2
2 0.46197916666666666 0.10740740740740741 0.4671875 0.10740740740740741 0.4671875 0.1425925925925926 0.46197916666666666 0.1425925925925926