1 0.4979166666666667 0 0.5973958333333333 0 0.5973958333333333 0.08703703703703704 0.4979166666666667 0.08703703703703704
1 0.675 0.43703703703703706 0.7036458333333333 0.43703703703703706 0.7036458333333333 0.49722222222222223 0.675 0.49722222222222223
1 0.6473958333333333 0.20277777777777778 0.6828125 0.20277777777777778 0.6828125 0.2898148148148148 0.6473958333333333 0.2898148148148148
2 0.3296875 0 0.4546875 0 0.4546875 0.06944444444444445 0.3296875 0.06944444444444445
2 0.31927083333333334 0.19537037037037036 0.4427083333333333 0.19537037037037036 0.4427083333333333 0.29907407407407405 0.31927083333333334 0.29907407407407405
2 0.47552083333333334 0.10925925925925926 0.5578125 0.10925925925925926 0.5578125 0.17777777777777778 0.47552083333333334 0.17777777777777778
2 0.4557291666666667 0.18611111111111112 0.540625 0.18611111111111112 0.540625 0.2490740740740741 0.4557291666666667 0.2490740740740741
2 0.4557291666666667 0.2898148148148148 0.5369791666666667 0.2898148148148148 0.5369791666666667 0.3592592592592593 0.4557291666666667 0.3592592592592593
2 0.5369791666666667 0.3990740740740741 0.5958333333333333 0.3990740740740741 0.5958333333333333 0.4398148148148148 0.5369791666666667 0.4398148148148148
2 0.5489583333333333 0.1824074074074074 0.6 0.1824074074074074 0.6 0.2361111111111111 0.5489583333333333 0.2361111111111111
2 0.5854166666666667 0.20833333333333334 0.6322916666666667 0.20833333333333334 0.6322916666666667 0.25092592592592594 0.5854166666666667 0.25092592592592594
2 0.5598958333333334 0.2972222222222222 0.6072916666666667 0.2972222222222222 0.6072916666666667 0.33796296296296297 0.5598958333333334 0.33796296296296297
2 0.33541666666666664 0.95 0.45364583333333336 0.95 0.45364583333333336 1 0.33541666666666664 1
2 0.63125 0.27870370370370373 0.6661458333333333 0.27870370370370373 0.6661458333333333 0.3055555555555556 0.63125 0.3055555555555556
2 0.6125 0.3351851851851852 0.6515625 0.3351851851851852 0.6515625 0.3574074074074074 0.6125 0.3574074074074074
2 0.60625 0.4027777777777778 0.646875 0.4027777777777778 0.646875 0.42777777777777776 0.60625 0.42777777777777776
2 0.621875 0.4212962962962963 0.6588541666666666 0.4212962962962963 0.6588541666666666 0.45092592592592595 0.621875 0.45092592592592595
2 0.65 0.3425925925925926 0.6760416666666667 0.3425925925925926 0.6760416666666667 0.36666666666666664 0.65 0.36666666666666664
2 0.6552083333333333 0.37962962962962965 0.6833333333333333 0.37962962962962965 0.6833333333333333 0.4064814814814815 0.6552083333333333 0.4064814814814815
2 0.6671875 0.3685185185185185 0.6901041666666666 0.3685185185185185 0.6901041666666666 0.3861111111111111 0.6671875 0.3861111111111111
2 0.6588541666666666 0.42777777777777776 0.684375 0.42777777777777776 0.684375 0.45185185185185184 0.6588541666666666 0.45185185185185184
2 0.6807291666666667 0.4027777777777778 0.7078125 0.4027777777777778 0.7078125 0.42314814814814816 0.6807291666666667 0.42314814814814816
2 0.6885416666666667 0.39166666666666666 0.7151041666666667 0.39166666666666666 0.7151041666666667 0.4111111111111111 0.6885416666666667 0.4111111111111111
2 0.6947916666666667 0.37777777777777777 0.7166666666666667 0.37777777777777777 0.7166666666666667 0.3990740740740741 0.6947916666666667 0.3990740740740741
2 0.6916666666666667 0.4287037037037037 0.7130208333333333 0.4287037037037037 0.7130208333333333 0.4388888888888889 0.6916666666666667 0.4388888888888889
2 0.7 0.44722222222222224 0.7166666666666667 0.44722222222222224 0.7166666666666667 0.462037037037037 0.7 0.462037037037037
2 0.6875 0.4888888888888889 0.715625 0.4888888888888889 0.715625 0.5111111111111111 0.6875 0.5111111111111111
2 0.7005208333333334 0.6388888888888888 0.7223958333333333 0.6388888888888888 0.7223958333333333 0.6574074074074074 0.7005208333333334 0.6574074074074074
2 0.65625 0.6805555555555556 0.6885416666666667 0.6805555555555556 0.6885416666666667 0.6953703703703704 0.65625 0.6953703703703704
2 0.6765625 0.7240740740740741 0.6973958333333333 0.7240740740740741 0.6973958333333333 0.7324074074074074 0.6765625 0.7324074074074074
2 0.6640625 0.7388888888888889 0.690625 0.7388888888888889 0.690625 0.7592592592592593 0.6640625 0.7592592592592593
1 0.6942708333333333 0.6814814814814815 0.7182291666666667 0.6814814814814815 0.7182291666666667 0.7472222222222222 0.6942708333333333 0.7472222222222222