1 0.4953125 0 0.5958333333333333 0 0.5958333333333333 0.08703703703703704 0.4953125 0.08703703703703704
1 0.2515625 0.11574074074074074 0.45364583333333336 0.11574074074074074 0.45364583333333336 0.39537037037037037 0.2515625 0.39537037037037037
1 0.6447916666666667 0.2 0.6796875 0.2 0.6796875 0.30648148148148147 0.6447916666666667 0.30648148148148147
1 0.6901041666666666 0.5787037037037037 0.7145833333333333 0.5787037037037037 0.7145833333333333 0.6287037037037037 0.6901041666666666 0.6287037037037037
2 0.5364583333333334 0.8148148148148148 0.5953125 0.8148148148148148 0.5953125 0.8814814814814815 0.5364583333333334 0.8814814814814815
2 0.4708333333333333 0.041666666666666664 0.5473958333333333 0.041666666666666664 0.5473958333333333 0.10740740740740741 0.4708333333333333 0.10740740740740741
2 0.4322916666666667 0.12129629629629629 0.5213541666666667 0.12129629629629629 0.5213541666666667 0.19722222222222222 0.4322916666666667 0.19722222222222222
2 0.5359375 0.3351851851851852 0.6 0.3351851851851852 0.6 0.375 0.5359375 0.375
2 0.6098958333333333 0.2833333333333333 0.6557291666666667 0.2833333333333333 0.6557291666666667 0.3194444444444444 0.6098958333333333 0.3194444444444444
2 0.5765625 0.3037037037037037 0.6291666666666667 0.3037037037037037 0.6291666666666667 0.33425925925925926 0.5765625 0.33425925925925926
2 0.5848958333333333 0.3712962962962963 0.6369791666666667 0.3712962962962963 0.6369791666666667 0.4046296296296296 0.5848958333333333 0.4046296296296296
2 0.6494791666666667 0.35185185185185186 0.6765625 0.35185185185185186 0.6765625 0.3731481481481482 0.6494791666666667 0.3731481481481482
2 0.6447916666666667 0.38796296296296295 0.6755208333333333 0.38796296296296295 0.6755208333333333 0.4074074074074074 0.6447916666666667 0.4074074074074074
2 0.6588541666666666 0.42592592592592593 0.6875 0.42592592592592593 0.6875 0.44814814814814813 0.6588541666666666 0.44814814814814813
2 0.6546875 0.4666666666666667 0.6911458333333333 0.4666666666666667 0.6911458333333333 0.49444444444444446 0.6546875 0.49444444444444446
2 0.6760416666666667 0.3314814814814815 0.7 0.3314814814814815 0.7 0.34814814814814815 0.6760416666666667 0.34814814814814815
2 0.6802083333333333 0.3611111111111111 0.7 0.3611111111111111 0.7 0.37222222222222223 0.6802083333333333 0.37222222222222223
2 0.6703125 0.3712962962962963 0.6973958333333333 0.3712962962962963 0.6973958333333333 0.3907407407407407 0.6703125 0.3907407407407407
2 0.6864583333333333 0.3925925925925926 0.70625 0.3925925925925926 0.70625 0.4083333333333333 0.6864583333333333 0.4083333333333333
2 0.6822916666666666 0.4101851851851852 0.7046875 0.4101851851851852 0.7046875 0.4287037037037037 0.6822916666666666 0.4287037037037037
2 0.6880208333333333 0.4787037037037037 0.7057291666666666 0.4787037037037037 0.7057291666666666 0.49166666666666664 0.6880208333333333 0.49166666666666664
2 0.6947916666666667 0.4546296296296296 0.7119791666666667 0.4546296296296296 0.7119791666666667 0.4685185185185185 0.6947916666666667 0.4685185185185185
2 0.6489583333333333 0.6212962962962963 0.68125 0.6212962962962963 0.68125 0.674074074074074 0.6489583333333333 0.674074074074074
2 0.64375 0.7407407407407407 0.6791666666666667 0.7407407407407407 0.6791666666666667 0.7666666666666667 0.64375 0.7666666666666667
2 0.6020833333333333 0.7972222222222223 0.6421875 0.7972222222222223 0.6421875 0.8324074074074074 0.6020833333333333 0.8324074074074074
2 0.6984375 0.6527777777777778 0.7171875 0.6527777777777778 0.7171875 0.6648148148148149 0.6984375 0.6648148148148149
1 0.6796875 0.7712962962962963 0.7052083333333333 0.7712962962962963 0.7052083333333333 0.8703703703703703 0.6796875 0.8703703703703703
2 0.6848958333333334 0.42962962962962964 0.7098958333333333 0.42962962962962964 0.7098958333333333 0.44722222222222224 0.6848958333333334 0.44722222222222224