1 0.13958333333333334 0.30648148148148147 0.26666666666666666 0.30648148148148147 0.26666666666666666 0.487962962962963 0.13958333333333334 0.487962962962963
1 0.6255208333333333 0.27685185185185185 0.7088541666666667 0.27685185185185185 0.7088541666666667 0.39444444444444443 0.6255208333333333 0.39444444444444443
2 0.85625 0.7212962962962963 0.946875 0.7212962962962963 0.946875 0.9490740740740741 0.85625 0.9490740740740741
0 0.29583333333333334 0.17037037037037037 0.41041666666666665 0.17037037037037037 0.41041666666666665 0.4027777777777778 0.29583333333333334 0.4027777777777778
2 0.6833333333333333 0.42777777777777776 0.7270833333333333 0.42777777777777776 0.7270833333333333 0.5555555555555556 0.6833333333333333 0.5555555555555556
1 0.453125 0.1361111111111111 0.49322916666666666 0.1361111111111111 0.49322916666666666 0.19537037037037036 0.453125 0.19537037037037036
2 0.546875 0.11944444444444445 0.5614583333333333 0.11944444444444445 0.5614583333333333 0.16111111111111112 0.546875 0.16111111111111112
1 0.5286458333333334 0.08703703703703704 0.5541666666666667 0.08703703703703704 0.5541666666666667 0.12222222222222222 0.5286458333333334 0.12222222222222222
2 0.7708333333333334 0.425 0.809375 0.425 0.809375 0.5527777777777778 0.7708333333333334 0.5527777777777778
2 0.875 0.5305555555555556 0.9328125 0.5305555555555556 0.9328125 0.6777777777777778 0.875 0.6777777777777778
2 0.4432291666666667 0.25925925925925924 0.475 0.25925925925925924 0.475 0.3425925925925926 0.4432291666666667 0.3425925925925926
2 0.0234375 0.6990740740740741 0.09947916666666666 0.6990740740740741 0.09947916666666666 0.9268518518518518 0.0234375 0.9268518518518518
2 0.32864583333333336 0.4 0.36614583333333334 0.4 0.36614583333333334 0.5185185185185185 0.32864583333333336 0.5185185185185185
2 0.4161458333333333 0.37037037037037035 0.45260416666666664 0.37037037037037035 0.45260416666666664 0.4861111111111111 0.4161458333333333 0.4861111111111111
2 0.30104166666666665 0.5472222222222223 0.35104166666666664 0.5472222222222223 0.35104166666666664 0.7203703703703703 0.30104166666666665 0.7203703703703703
2 0.0005208333333333333 0.950925925925926 0.08020833333333334 0.950925925925926 0.08020833333333334 1 0.0005208333333333333 1
2 0.5833333333333334 0.31203703703703706 0.6151041666666667 0.31203703703703706 0.6151041666666667 0.4111111111111111 0.5833333333333334 0.4111111111111111
2 0.603125 0.18981481481481483 0.6234375 0.18981481481481483 0.6234375 0.25555555555555554 0.603125 0.25555555555555554
1 0.559375 0.10462962962962963 0.59375 0.10462962962962963 0.59375 0.14722222222222223 0.559375 0.14722222222222223
2 0.008854166666666666 0.5425925925925926 0.08489583333333334 0.5425925925925926 0.08489583333333334 0.712037037037037 0.008854166666666666 0.712037037037037
2 0.7354166666666667 0.325 0.7666666666666667 0.325 0.7666666666666667 0.42685185185185187 0.7354166666666667 0.42685185185185187