1 0.50625 0 0.6041666666666666 0 0.6041666666666666 0.09074074074074075 0.50625 0.09074074074074075
1 0.6484375 0.18425925925925926 0.6828125 0.18425925925925926 0.6828125 0.30462962962962964 0.6484375 0.30462962962962964
2 0.34427083333333336 0.02962962962962963 0.4546875 0.02962962962962963 0.4546875 0.13796296296296295 0.34427083333333336 0.13796296296296295
2 0.21979166666666666 0 0.32916666666666666 0 0.32916666666666666 0.046296296296296294 0.21979166666666666 0.046296296296296294
2 0.425 0.7824074074074074 0.50625 0.7824074074074074 0.50625 0.8694444444444445 0.425 0.8694444444444445
2 0.6140625 0.3101851851851852 0.6489583333333333 0.3101851851851852 0.6489583333333333 0.3509259259259259 0.6140625 0.3509259259259259
2 0.5463541666666667 0.6685185185185185 0.6005208333333333 0.6685185185185185 0.6005208333333333 0.7231481481481481 0.5463541666666667 0.7231481481481481
2 0.540625 0.7777777777777778 0.5947916666666667 0.7777777777777778 0.5947916666666667 0.8268518518518518 0.540625 0.8268518518518518
2 0.6380208333333334 0.7083333333333334 0.66875 0.7083333333333334 0.66875 0.7712962962962963 0.6380208333333334 0.7712962962962963
2 0.48125 0.17037037037037037 0.5489583333333333 0.17037037037037037 0.5489583333333333 0.2324074074074074 0.48125 0.2324074074074074
2 0.5921875 0.36666666666666664 0.6390625 0.36666666666666664 0.6390625 0.4148148148148148 0.5921875 0.4148148148148148
2 0.6859375 0.6018518518518519 0.7104166666666667 0.6018518518518519 0.7104166666666667 0.6314814814814815 0.6859375 0.6314814814814815
2 0.6666666666666666 0.6787037037037037 0.6901041666666666 0.6787037037037037 0.6901041666666666 0.7083333333333334 0.6666666666666666 0.7083333333333334
2 0.6536458333333334 0.6157407407407407 0.6807291666666667 0.6157407407407407 0.6807291666666667 0.6666666666666666 0.6536458333333334 0.6666666666666666
2 0.5572916666666666 0.28425925925925927 0.6130208333333333 0.28425925925925927 0.6130208333333333 0.33611111111111114 0.5572916666666666 0.33611111111111114
2 0.6223958333333334 0.6537037037037037 0.6598958333333333 0.6537037037037037 0.6598958333333333 0.687037037037037 0.6223958333333334 0.687037037037037
2 0.6104166666666667 0.6074074074074074 0.6494791666666667 0.6074074074074074 0.6494791666666667 0.6481481481481481 0.6104166666666667 0.6481481481481481