1 0.14375 0.32314814814814813 0.26927083333333335 0.32314814814814813 0.26927083333333335 0.4981481481481482 0.14375 0.4981481481481482
1 0.31979166666666664 0.17407407407407408 0.3932291666666667 0.17407407407407408 0.3932291666666667 0.23425925925925925 0.31979166666666664 0.23425925925925925
2 0.10208333333333333 0.8481481481481481 0.19270833333333334 0.8481481481481481 0.19270833333333334 1 0.10208333333333333 1
2 0.7088541666666667 0.3425925925925926 0.746875 0.3425925925925926 0.746875 0.44074074074074077 0.7088541666666667 0.44074074074074077
2 0.8411458333333334 0.5527777777777778 0.9109375 0.5527777777777778 0.9109375 0.7361111111111112 0.8411458333333334 0.7361111111111112
2 0.6666666666666666 0.3537037037037037 0.7078125 0.3537037037037037 0.7078125 0.4722222222222222 0.6666666666666666 0.4722222222222222
2 0.4078125 0.18333333333333332 0.4296875 0.18333333333333332 0.4296875 0.23148148148148148 0.4078125 0.23148148148148148
2 0.45260416666666664 0.17777777777777778 0.47239583333333335 0.17777777777777778 0.47239583333333335 0.23148148148148148 0.45260416666666664 0.23148148148148148
2 0.5958333333333333 0.22685185185185186 0.6166666666666667 0.22685185185185186 0.6166666666666667 0.2824074074074074 0.5958333333333333 0.2824074074074074
2 0.6463541666666667 0.2638888888888889 0.6739583333333333 0.2638888888888889 0.6739583333333333 0.33796296296296297 0.6463541666666667 0.33796296296296297
2 0.43125 0.21388888888888888 0.45208333333333334 0.21388888888888888 0.45208333333333334 0.27037037037037037 0.43125 0.27037037037037037
2 0.39739583333333334 0.20462962962962963 0.4192708333333333 0.20462962962962963 0.4192708333333333 0.26481481481481484 0.39739583333333334 0.26481481481481484
2 0.5546875 0.1527777777777778 0.575 0.1527777777777778 0.575 0.2037037037037037 0.5546875 0.2037037037037037
2 0.4109375 0.2935185185185185 0.4427083333333333 0.2935185185185185 0.4427083333333333 0.3824074074074074 0.4109375 0.3824074074074074
2 0.6036458333333333 0.18703703703703703 0.6234375 0.18703703703703703 0.6234375 0.23703703703703705 0.6036458333333333 0.23703703703703705
2 0.5848958333333333 0.1675925925925926 0.6026041666666667 0.1675925925925926 0.6026041666666667 0.21851851851851853 0.5848958333333333 0.21851851851851853
2 0.484375 0.13796296296296295 0.49895833333333334 0.13796296296296295 0.49895833333333334 0.1787037037037037 0.484375 0.1787037037037037
2 0.43645833333333334 0.12962962962962962 0.45 0.12962962962962962 0.45 0.1638888888888889 0.43645833333333334 0.1638888888888889
2 0.45625 0.27685185185185185 0.4828125 0.27685185185185185 0.4828125 0.3638888888888889 0.45625 0.3638888888888889
2 0.6265625 0.15925925925925927 0.6427083333333333 0.15925925925925927 0.6427083333333333 0.20185185185185187 0.6265625 0.20185185185185187
2 0.31302083333333336 0.6240740740740741 0.3645833333333333 0.6240740740740741 0.3645833333333333 0.8546296296296296 0.31302083333333336 0.8546296296296296