1 0.3875 0.33055555555555555 0.46875 0.33055555555555555 0.46875 0.46111111111111114 0.3875 0.46111111111111114
1 0.1484375 0.3175925925925926 0.271875 0.3175925925925926 0.271875 0.4935185185185185 0.1484375 0.4935185185185185
2 0.0203125 0.7574074074074074 0.0984375 0.7574074074074074 0.0984375 0.9962962962962963 0.0203125 0.9962962962962963
1 0.3203125 0.17685185185185184 0.38697916666666665 0.17685185185185184 0.38697916666666665 0.23981481481481481 0.3203125 0.23981481481481481
2 0.1671875 0.49537037037037035 0.221875 0.49537037037037035 0.221875 0.6333333333333333 0.1671875 0.6333333333333333
2 0.27708333333333335 0.4027777777777778 0.3171875 0.4027777777777778 0.3171875 0.4962962962962963 0.27708333333333335 0.4962962962962963
2 0.7515625 0.5666666666666667 0.8119791666666667 0.5666666666666667 0.8119791666666667 0.7296296296296296 0.7515625 0.7296296296296296
2 0.7161458333333334 0.3194444444444444 0.75625 0.3194444444444444 0.75625 0.4101851851851852 0.7161458333333334 0.4101851851851852
2 0.2677083333333333 0.48055555555555557 0.3104166666666667 0.48055555555555557 0.3104166666666667 0.6203703703703703 0.2677083333333333 0.6203703703703703
2 0.23072916666666668 0.6462962962962963 0.2953125 0.6462962962962963 0.2953125 0.8416666666666667 0.23072916666666668 0.8416666666666667
2 0.3338541666666667 0.4787037037037037 0.378125 0.4787037037037037 0.378125 0.6185185185185185 0.3338541666666667 0.6185185185185185
2 0.6442708333333333 0.18796296296296297 0.6630208333333333 0.18796296296296297 0.6630208333333333 0.24537037037037038 0.6442708333333333 0.24537037037037038
2 0.42083333333333334 0.25092592592592594 0.4453125 0.25092592592592594 0.4453125 0.3194444444444444 0.42083333333333334 0.3194444444444444
2 0.36875 0.2814814814814815 0.396875 0.2814814814814815 0.396875 0.36203703703703705 0.36875 0.36203703703703705
2 0.6067708333333334 0.18888888888888888 0.6260416666666667 0.18888888888888888 0.6260416666666667 0.24444444444444444 0.6067708333333334 0.24444444444444444
2 0.3859375 0.2611111111111111 0.4078125 0.2611111111111111 0.4078125 0.3074074074074074 0.3859375 0.3074074074074074
2 0.6666666666666666 0.4398148148148148 0.7072916666666667 0.4398148148148148 0.7072916666666667 0.562037037037037 0.6666666666666666 0.562037037037037
2 0.4473958333333333 0.18981481481481483 0.46770833333333334 0.18981481481481483 0.46770833333333334 0.25092592592592594 0.4473958333333333 0.25092592592592594
2 0.49166666666666664 0.1287037037037037 0.5088541666666667 0.1287037037037037 0.5088541666666667 0.17037037037037037 0.49166666666666664 0.17037037037037037
2 0.4708333333333333 0.1685185185185185 0.4875 0.1685185185185185 0.4875 0.225 0.4708333333333333 0.225
2 0.478125 0.11666666666666667 0.49166666666666664 0.11666666666666667 0.49166666666666664 0.14814814814814814 0.478125 0.14814814814814814