1 0.14322916666666666 0.32222222222222224 0.27291666666666664 0.32222222222222224 0.27291666666666664 0.4981481481481482 0.14322916666666666 0.4981481481481482
1 0.32760416666666664 0.17592592592592593 0.3927083333333333 0.17592592592592593 0.3927083333333333 0.23425925925925925 0.32760416666666664 0.23425925925925925
2 0.33541666666666664 0.4305555555555556 0.3729166666666667 0.4305555555555556 0.3729166666666667 0.5351851851851852 0.33541666666666664 0.5351851851851852
2 0.5848958333333333 0.1814814814814815 0.6046875 0.1814814814814815 0.6046875 0.23703703703703705 0.5848958333333333 0.23703703703703705
2 0.8729166666666667 0.6175925925925926 0.9447916666666667 0.6175925925925926 0.9447916666666667 0.8148148148148148 0.8729166666666667 0.8148148148148148
2 0.415625 0.2611111111111111 0.44583333333333336 0.2611111111111111 0.44583333333333336 0.3435185185185185 0.415625 0.3435185185185185
2 0.6520833333333333 0.28425925925925927 0.6807291666666667 0.28425925925925927 0.6807291666666667 0.36574074074074076 0.6520833333333333 0.36574074074074076
2 0.4348958333333333 0.20092592592592592 0.45364583333333336 0.20092592592592592 0.45364583333333336 0.25277777777777777 0.4348958333333333 0.25277777777777777
2 0.48489583333333336 0.13333333333333333 0.4984375 0.13333333333333333 0.4984375 0.1712962962962963 0.48489583333333336 0.1712962962962963
2 0.5380208333333333 0.08981481481481482 0.55 0.08981481481481482 0.55 0.11944444444444445 0.5380208333333333 0.11944444444444445
2 0.6067708333333334 0.2037037037037037 0.6296875 0.2037037037037037 0.6296875 0.2564814814814815 0.6067708333333334 0.2564814814814815
2 0.1765625 0.6824074074074075 0.25677083333333334 0.6824074074074075 0.25677083333333334 0.9009259259259259 0.1765625 0.9009259259259259
2 0.45364583333333336 0.1648148148148148 0.47239583333333335 0.1648148148148148 0.47239583333333335 0.21296296296296297 0.45364583333333336 0.21296296296296297
2 0.4046875 0.19537037037037036 0.4265625 0.19537037037037036 0.4265625 0.25277777777777777 0.4046875 0.25277777777777777
2 0.4578125 0.24074074074074073 0.48385416666666664 0.24074074074074073 0.48385416666666664 0.32314814814814813 0.4578125 0.32314814814814813
2 0.553125 0.16018518518518518 0.5744791666666667 0.16018518518518518 0.5744791666666667 0.21481481481481482 0.553125 0.21481481481481482
2 0.684375 0.3990740740740741 0.73125 0.3990740740740741 0.73125 0.5333333333333333 0.684375 0.5333333333333333
2 0.6010416666666667 0.24537037037037038 0.6234375 0.24537037037037038 0.6234375 0.30925925925925923 0.6010416666666667 0.30925925925925923
2 0.7229166666666667 0.37592592592592594 0.7640625 0.37592592592592594 0.7640625 0.4777777777777778 0.7229166666666667 0.4777777777777778
2 0.43854166666666666 0.12314814814814815 0.4515625 0.12314814814814815 0.4515625 0.15555555555555556 0.43854166666666666 0.15555555555555556
2 0.6239583333333333 0.15925925925925927 0.6432291666666666 0.15925925925925927 0.6432291666666666 0.20277777777777778 0.6239583333333333 0.20277777777777778
2 0.3458333333333333 0.5175925925925926 0.3953125 0.5175925925925926 0.3953125 0.6981481481481482 0.3458333333333333 0.6981481481481482