1 0.1390625 0.3074074074074074 0.26510416666666664 0.3074074074074074 0.26510416666666664 0.4888888888888889 0.1390625 0.4888888888888889
1 0.696875 0.487962962962963 0.8479166666666667 0.487962962962963 0.8479166666666667 0.6925925925925925 0.696875 0.6925925925925925
1 0.534375 0.11851851851851852 0.5666666666666667 0.11851851851851852 0.5666666666666667 0.16111111111111112 0.534375 0.16111111111111112
2 0 0.8268518518518518 0.05520833333333333 0.8268518518518518 0.05520833333333333 1 0 1
2 0.9171875 0.7185185185185186 0.9953125 0.7185185185185186 0.9953125 0.9490740740740741 0.9171875 0.9490740740740741
2 0.5536458333333333 0.1685185185185185 0.5770833333333333 0.1685185185185185 0.5770833333333333 0.225 0.5536458333333333 0.225
2 0.004166666666666667 0.5407407407407407 0.08697916666666666 0.5407407407407407 0.08697916666666666 0.725925925925926 0.004166666666666667 0.725925925925926
2 0.6421875 0.24537037037037038 0.6651041666666667 0.24537037037037038 0.6651041666666667 0.3148148148148148 0.6421875 0.3148148148148148
2 0.646875 0.18611111111111112 0.66875 0.18611111111111112 0.66875 0.24166666666666667 0.646875 0.24166666666666667
2 0.37395833333333334 0.562962962962963 0.4296875 0.562962962962963 0.4296875 0.7564814814814815 0.37395833333333334 0.7564814814814815
2 0.7255208333333333 0.7305555555555555 0.7947916666666667 0.7305555555555555 0.7947916666666667 0.9703703703703703 0.7255208333333333 0.9703703703703703
2 0.24739583333333334 0.4537037037037037 0.2953125 0.4537037037037037 0.2953125 0.6083333333333333 0.24739583333333334 0.6083333333333333
2 0.39479166666666665 0.2935185185185185 0.4239583333333333 0.2935185185185185 0.4239583333333333 0.3851851851851852 0.39479166666666665 0.3851851851851852
0 0.34427083333333336 0.12685185185185185 0.4197916666666667 0.12685185185185185 0.4197916666666667 0.29074074074074074 0.34427083333333336 0.29074074074074074
2 0.3385416666666667 0.43425925925925923 0.375 0.43425925925925923 0.375 0.5972222222222222 0.3385416666666667 0.5972222222222222
2 0.27291666666666664 0.3296296296296296 0.30364583333333334 0.3296296296296296 0.30364583333333334 0.4351851851851852 0.27291666666666664 0.4351851851851852
2 0.45416666666666666 0.18425925925925926 0.4744791666666667 0.18425925925925926 0.4744791666666667 0.23703703703703705 0.45416666666666666 0.23703703703703705
2 0.44479166666666664 0.21388888888888888 0.46458333333333335 0.21388888888888888 0.46458333333333335 0.2722222222222222 0.44479166666666664 0.2722222222222222
1 0.5765625 0.13518518518518519 0.6177083333333333 0.13518518518518519 0.6177083333333333 0.19074074074074074 0.5765625 0.19074074074074074
2 0.6364583333333333 0.33240740740740743 0.66875 0.33240740740740743 0.66875 0.43703703703703706 0.6364583333333333 0.43703703703703706
2 0.41875 0.2351851851851852 0.4432291666666667 0.2351851851851852 0.4432291666666667 0.32037037037037036 0.41875 0.32037037037037036