1 0.4796875 0.6092592592592593 0.5635416666666667 0.6092592592592593 0.5635416666666667 0.7722222222222223 0.4796875 0.7722222222222223
1 0.48333333333333334 0 0.5817708333333333 0 0.5817708333333333 0.06481481481481481 0.48333333333333334 0.06481481481481481
1 0.4005208333333333 0.17685185185185184 0.5114583333333333 0.17685185185185184 0.5114583333333333 0.37592592592592594 0.4005208333333333 0.37592592592592594
1 0.6578125 0.4046296296296296 0.6880208333333333 0.4046296296296296 0.6880208333333333 0.46574074074074073 0.6578125 0.46574074074074073
1 0.6286458333333333 0.17685185185185184 0.6645833333333333 0.17685185185185184 0.6645833333333333 0.2740740740740741 0.6286458333333333 0.2740740740740741
1 0.6359375 0.5537037037037037 0.66875 0.5537037037037037 0.66875 0.6194444444444445 0.6359375 0.6194444444444445
1 0.6682291666666667 0.7564814814814815 0.6916666666666667 0.7564814814814815 0.6916666666666667 0.8361111111111111 0.6682291666666667 0.8361111111111111
2 0.36875 0 0.4375 0 0.4375 0.08425925925925926 0.36875 0.08425925925925926
2 0.3151041666666667 0.30833333333333335 0.4244791666666667 0.30833333333333335 0.4244791666666667 0.38981481481481484 0.3151041666666667 0.38981481481481484
2 0.50625 0.11388888888888889 0.5708333333333333 0.11388888888888889 0.5708333333333333 0.16296296296296298 0.50625 0.16296296296296298
2 0.54375 0.1574074074074074 0.5932291666666667 0.1574074074074074 0.5932291666666667 0.20925925925925926 0.54375 0.20925925925925926
2 0.4864583333333333 0.1712962962962963 0.5510416666666667 0.1712962962962963 0.5510416666666667 0.225 0.4864583333333333 0.225
2 0.5286458333333334 0.23425925925925925 0.5880208333333333 0.23425925925925925 0.5880208333333333 0.27314814814814814 0.5286458333333334 0.27314814814814814
2 0.5713541666666667 0.21851851851851853 0.6109375 0.21851851851851853 0.6109375 0.25277777777777777 0.5713541666666667 0.25277777777777777
2 0.5635416666666667 0.3212962962962963 0.6166666666666667 0.3212962962962963 0.6166666666666667 0.35185185185185186 0.5635416666666667 0.35185185185185186
2 0.55 0.36944444444444446 0.609375 0.36944444444444446 0.609375 0.4027777777777778 0.55 0.4027777777777778
2 0.5786458333333333 0.42407407407407405 0.6265625 0.42407407407407405 0.6265625 0.4527777777777778 0.5786458333333333 0.4527777777777778
2 0.5838541666666667 0.27037037037037037 0.6265625 0.27037037037037037 0.6265625 0.3074074074074074 0.5838541666666667 0.3074074074074074
2 0.6052083333333333 0.22592592592592592 0.6453125 0.22592592592592592 0.6453125 0.25555555555555554 0.6052083333333333 0.25555555555555554
2 0.5932291666666667 0.24259259259259258 0.6421875 0.24259259259259258 0.6421875 0.275 0.5932291666666667 0.275
2 0.6291666666666667 0.31666666666666665 0.6567708333333333 0.31666666666666665 0.6567708333333333 0.3425925925925926 0.6291666666666667 0.3425925925925926
2 0.6057291666666667 0.31666666666666665 0.6416666666666667 0.31666666666666665 0.6416666666666667 0.3527777777777778 0.6057291666666667 0.3527777777777778
2 0.6244791666666667 0.3638888888888889 0.6572916666666667 0.3638888888888889 0.6572916666666667 0.39351851851851855 0.6244791666666667 0.39351851851851855
2 0.596875 0.6648148148148149 0.6411458333333333 0.6648148148148149 0.6411458333333333 0.7055555555555556 0.596875 0.7055555555555556
2 0.6135416666666667 0.7148148148148148 0.65625 0.7148148148148148 0.65625 0.7481481481481481 0.6135416666666667 0.7481481481481481
2 0.6395833333333333 0.6898148148148148 0.6755208333333333 0.6898148148148148 0.6755208333333333 0.712037037037037 0.6395833333333333 0.712037037037037
2 0.6515625 0.6212962962962963 0.6822916666666666 0.6212962962962963 0.6822916666666666 0.6472222222222223 0.6515625 0.6472222222222223
2 0.6552083333333333 0.6546296296296297 0.6880208333333333 0.6546296296296297 0.6880208333333333 0.6777777777777778 0.6552083333333333 0.6777777777777778
2 0.6625 0.33425925925925926 0.6854166666666667 0.33425925925925926 0.6854166666666667 0.3537037037037037 0.6625 0.3537037037037037
2 0.6572916666666667 0.36666666666666664 0.6875 0.36666666666666664 0.6875 0.3861111111111111 0.6572916666666667 0.3861111111111111
2 0.6463541666666667 0.3351851851851852 0.671875 0.3351851851851852 0.671875 0.3648148148148148 0.6463541666666667 0.3648148148148148