1 0.48541666666666666 0 0.5859375 0 0.5859375 0.06666666666666667 0.48541666666666666 0.06666666666666667
1 0.5864583333333333 0.5953703703703703 0.6375 0.5953703703703703 0.6375 0.6981481481481482 0.5864583333333333 0.6981481481481482
1 0.6328125 0.18425925925925926 0.66875 0.18425925925925926 0.66875 0.2861111111111111 0.6328125 0.2861111111111111
1 0.634375 0.3888888888888889 0.6734375 0.3888888888888889 0.6734375 0.4564814814814815 0.634375 0.4564814814814815
1 0.6645833333333333 0.5518518518518518 0.6932291666666667 0.5518518518518518 0.6932291666666667 0.6055555555555555 0.6645833333333333 0.6055555555555555
2 0.43125 0.14629629629629629 0.5260416666666666 0.14629629629629629 0.5260416666666666 0.225 0.43125 0.225
1 0.6661458333333333 0.7453703703703703 0.6963541666666667 0.7453703703703703 0.6963541666666667 0.8416666666666667 0.6661458333333333 0.8416666666666667
2 0.42239583333333336 0.25925925925925924 0.5119791666666667 0.25925925925925924 0.5119791666666667 0.32314814814814813 0.42239583333333336 0.32314814814814813
2 0.33125 0 0.45 0 0.45 0.07314814814814814 0.33125 0.07314814814814814
2 0.40729166666666666 0.3425925925925926 0.49270833333333336 0.3425925925925926 0.49270833333333336 0.412962962962963 0.40729166666666666 0.412962962962963
2 0.48802083333333335 0.8203703703703704 0.559375 0.8203703703703704 0.559375 0.8944444444444445 0.48802083333333335 0.8944444444444445
2 0.46875 0.020370370370370372 0.5291666666666667 0.020370370370370372 0.5291666666666667 0.075 0.46875 0.075
2 0.4921875 0.11666666666666667 0.5442708333333334 0.11666666666666667 0.5442708333333334 0.1648148148148148 0.4921875 0.1648148148148148
2 0.5114583333333333 0.18981481481481483 0.5744791666666667 0.18981481481481483 0.5744791666666667 0.2657407407407407 0.5114583333333333 0.2657407407407407
2 0.5598958333333334 0.15462962962962962 0.6072916666666667 0.15462962962962962 0.6072916666666667 0.19074074074074074 0.5598958333333334 0.19074074074074074
2 0.5494791666666666 0.1712962962962963 0.5994791666666667 0.1712962962962963 0.5994791666666667 0.21203703703703702 0.5494791666666666 0.21203703703703702
2 0.5442708333333334 0.25462962962962965 0.5973958333333333 0.25462962962962965 0.5973958333333333 0.29074074074074074 0.5442708333333334 0.29074074074074074
2 0.5791666666666667 0.2740740740740741 0.6182291666666667 0.2740740740740741 0.6182291666666667 0.3101851851851852 0.5791666666666667 0.3101851851851852
2 0.5713541666666667 0.3425925925925926 0.6244791666666667 0.3425925925925926 0.6244791666666667 0.37037037037037035 0.5713541666666667 0.37037037037037035
2 0.6239583333333333 0.29907407407407405 0.6510416666666666 0.29907407407407405 0.6510416666666666 0.33240740740740743 0.6239583333333333 0.33240740740740743
2 0.6453125 0.3037037037037037 0.6713541666666667 0.3037037037037037 0.6713541666666667 0.32592592592592595 0.6453125 0.32592592592592595
2 0.634375 0.3425925925925926 0.6635416666666667 0.3425925925925926 0.6635416666666667 0.3685185185185185 0.634375 0.3685185185185185
2 0.6692708333333334 0.3425925925925926 0.6916666666666667 0.3425925925925926 0.6916666666666667 0.36666666666666664 0.6692708333333334 0.36666666666666664
2 0.6557291666666667 0.36666666666666664 0.6859375 0.36666666666666664 0.6859375 0.38796296296296295 0.6557291666666667 0.38796296296296295
2 0.6776041666666667 0.38981481481481484 0.6989583333333333 0.38981481481481484 0.6989583333333333 0.4009259259259259 0.6776041666666667 0.4009259259259259
2 0.6807291666666667 0.40925925925925927 0.703125 0.40925925925925927 0.703125 0.4212962962962963 0.6807291666666667 0.4212962962962963
2 0.6776041666666667 0.43796296296296294 0.7 0.43796296296296294 0.7 0.4601851851851852 0.6776041666666667 0.4601851851851852
2 0.6411458333333333 0.4842592592592593 0.671875 0.4842592592592593 0.671875 0.5453703703703704 0.6411458333333333 0.5453703703703704
2 0.6520833333333333 0.6296296296296297 0.6796875 0.6296296296296297 0.6796875 0.6518518518518519 0.6520833333333333 0.6518518518518519
2 0.6572916666666667 0.6722222222222223 0.6869791666666667 0.6722222222222223 0.6869791666666667 0.6972222222222222 0.6572916666666667 0.6972222222222222
2 0.6713541666666667 0.6555555555555556 0.6947916666666667 0.6555555555555556 0.6947916666666667 0.675 0.6713541666666667 0.675
2 0.6828125 0.6046296296296296 0.7010416666666667 0.6046296296296296 0.7010416666666667 0.6305555555555555 0.6828125 0.6305555555555555
2 0.6885416666666667 0.6574074074074074 0.7046875 0.6574074074074074 0.7046875 0.6703703703703704 0.6885416666666667 0.6703703703703704