1 0.146875 0.31851851851851853 0.27239583333333334 0.31851851851851853 0.27239583333333334 0.49907407407407406 0.146875 0.49907407407407406
1 0.33541666666666664 0.17777777777777778 0.39479166666666665 0.17777777777777778 0.39479166666666665 0.24074074074074073 0.33541666666666664 0.24074074074074073
1 0.6291666666666667 0.12314814814814815 0.6828125 0.12314814814814815 0.6828125 0.1638888888888889 0.6291666666666667 0.1638888888888889
1 0.4765625 0.11296296296296296 0.5020833333333333 0.11296296296296296 0.5020833333333333 0.15555555555555556 0.4765625 0.15555555555555556
2 0.18645833333333334 0.5333333333333333 0.23072916666666668 0.5333333333333333 0.23072916666666668 0.7148148148148148 0.18645833333333334 0.7148148148148148
2 0.2713541666666667 0.5101851851851852 0.3109375 0.5101851851851852 0.3109375 0.6907407407407408 0.2713541666666667 0.6907407407407408
2 0.2875 0.3824074074074074 0.32083333333333336 0.3824074074074074 0.32083333333333336 0.5009259259259259 0.2875 0.5009259259259259
2 0.35052083333333334 0.4787037037037037 0.39010416666666664 0.4787037037037037 0.39010416666666664 0.6805555555555556 0.35052083333333334 0.6805555555555556
2 0.365625 0.31574074074074077 0.38697916666666665 0.31574074074074077 0.38697916666666665 0.41203703703703703 0.365625 0.41203703703703703
2 0.4421875 0.2833333333333333 0.4609375 0.2833333333333333 0.4609375 0.37592592592592594 0.4421875 0.37592592592592594
2 0.4119791666666667 0.2638888888888889 0.4270833333333333 0.2638888888888889 0.4270833333333333 0.3425925925925926 0.4119791666666667 0.3425925925925926
2 0.37916666666666665 0.26666666666666666 0.39895833333333336 0.26666666666666666 0.39895833333333336 0.32407407407407407 0.37916666666666665 0.32407407407407407
2 0.39479166666666665 0.21666666666666667 0.4119791666666667 0.21666666666666667 0.4119791666666667 0.2814814814814815 0.39479166666666665 0.2814814814814815
2 0.38958333333333334 0.18611111111111112 0.4005208333333333 0.18611111111111112 0.4005208333333333 0.23981481481481481 0.38958333333333334 0.23981481481481481
2 0.39791666666666664 0.16296296296296298 0.41041666666666665 0.16296296296296298 0.41041666666666665 0.21851851851851853 0.39791666666666664 0.21851851851851853
2 0.41458333333333336 0.1537037037037037 0.4239583333333333 0.1537037037037037 0.4239583333333333 0.2064814814814815 0.41458333333333336 0.2064814814814815
2 0.428125 0.15833333333333333 0.43697916666666664 0.15833333333333333 0.43697916666666664 0.20185185185185187 0.428125 0.20185185185185187
2 0.46041666666666664 0.16018518518518518 0.46822916666666664 0.16018518518518518 0.46822916666666664 0.2101851851851852 0.46041666666666664 0.2101851851851852
2 0.47708333333333336 0.15185185185185185 0.4895833333333333 0.15185185185185185 0.4895833333333333 0.20462962962962963 0.47708333333333336 0.20462962962962963
2 0.4390625 0.19907407407407407 0.44895833333333335 0.19907407407407407 0.44895833333333335 0.26296296296296295 0.4390625 0.26296296296296295
2 0.4453125 0.1675925925925926 0.45625 0.1675925925925926 0.45625 0.20833333333333334 0.4453125 0.20833333333333334
2 0.4473958333333333 0.13796296296296295 0.45416666666666666 0.13796296296296295 0.45416666666666666 0.17037037037037037 0.4473958333333333 0.17037037037037037
2 0.46770833333333334 0.1361111111111111 0.475 0.1361111111111111 0.475 0.17685185185185184 0.46770833333333334 0.17685185185185184
2 0.5864583333333333 0.16018518518518518 0.5984375 0.16018518518518518 0.5984375 0.20462962962962963 0.5864583333333333 0.20462962962962963
2 0.6015625 0.13055555555555556 0.6114583333333333 0.13055555555555556 0.6114583333333333 0.1685185185185185 0.6015625 0.1685185185185185
2 0.6098958333333333 0.16111111111111112 0.625 0.16111111111111112 0.625 0.21481481481481482 0.6098958333333333 0.21481481481481482
2 0.625 0.20462962962962963 0.6411458333333333 0.20462962962962963 0.6411458333333333 0.2722222222222222 0.625 0.2722222222222222
2 0.6421875 0.1787037037037037 0.6557291666666667 0.1787037037037037 0.6557291666666667 0.24351851851851852 0.6421875 0.24351851851851852