1 0.14375 0.30925925925925923 0.2713541666666667 0.30925925925925923 0.2713541666666667 0.48703703703703705 0.14375 0.48703703703703705
2 0.7588541666666667 0.4148148148148148 0.8046875 0.4148148148148148 0.8046875 0.5324074074074074 0.7588541666666667 0.5324074074074074
2 0.3546875 0.42962962962962964 0.39947916666666666 0.42962962962962964 0.39947916666666666 0.5768518518518518 0.3546875 0.5768518518518518
2 0.528125 0.17037037037037037 0.5645833333333333 0.17037037037037037 0.5645833333333333 0.22685185185185186 0.528125 0.22685185185185186
1 0.31614583333333335 0.1787037037037037 0.38229166666666664 0.1787037037037037 0.38229166666666664 0.2462962962962963 0.31614583333333335 0.2462962962962963
2 0.446875 0.21851851851851853 0.4703125 0.21851851851851853 0.4703125 0.287962962962963 0.446875 0.287962962962963
2 0.4828125 0.14537037037037037 0.4979166666666667 0.14537037037037037 0.4979166666666667 0.1925925925925926 0.4828125 0.1925925925925926
2 0.42864583333333334 0.43148148148148147 0.4666666666666667 0.43148148148148147 0.4666666666666667 0.5888888888888889 0.42864583333333334 0.5888888888888889
2 0.42916666666666664 0.14166666666666666 0.44427083333333334 0.14166666666666666 0.44427083333333334 0.18333333333333332 0.42916666666666664 0.18333333333333332
2 0.634375 0.26944444444444443 0.6588541666666666 0.26944444444444443 0.6588541666666666 0.3509259259259259 0.634375 0.3509259259259259
2 0.6328125 0.2037037037037037 0.6536458333333334 0.2037037037037037 0.6536458333333334 0.26296296296296295 0.6328125 0.26296296296296295
2 0.5817708333333333 0.1685185185185185 0.5979166666666667 0.1685185185185185 0.5979166666666667 0.21851851851851853 0.5817708333333333 0.21851851851851853
2 0.378125 0.24814814814814815 0.4036458333333333 0.24814814814814815 0.4036458333333333 0.3287037037037037 0.378125 0.3287037037037037
2 0.6666666666666666 0.2657407407407407 0.6911458333333333 0.2657407407407407 0.6911458333333333 0.3398148148148148 0.6666666666666666 0.3398148148148148
2 0.55625 0.12777777777777777 0.5713541666666667 0.12777777777777777 0.5713541666666667 0.16574074074074074 0.55625 0.16574074074074074
2 0.4125 0.2722222222222222 0.4348958333333333 0.2722222222222222 0.4348958333333333 0.37037037037037035 0.4125 0.37037037037037035
2 0.4244791666666667 0.21574074074074073 0.43697916666666664 0.21574074074074073 0.43697916666666664 0.28703703703703703 0.4244791666666667 0.28703703703703703
2 0.39739583333333334 0.2074074074074074 0.4114583333333333 0.2074074074074074 0.4114583333333333 0.2712962962962963 0.39739583333333334 0.2712962962962963
2 0.4036458333333333 0.15925925925925927 0.4161458333333333 0.15925925925925927 0.4161458333333333 0.2175925925925926 0.4036458333333333 0.2175925925925926
2 0.45260416666666664 0.16296296296296298 0.46458333333333335 0.16296296296296298 0.46458333333333335 0.2222222222222222 0.45260416666666664 0.2222222222222222
2 0.6520833333333333 0.14814814814814814 0.6630208333333333 0.14814814814814814 0.6630208333333333 0.20462962962962963 0.6520833333333333 0.20462962962962963