1 0.13697916666666668 0.33611111111111114 0.259375 0.33611111111111114 0.259375 0.5222222222222223 0.13697916666666668 0.5222222222222223
1 0.4317708333333333 0.22407407407407406 0.4822916666666667 0.22407407407407406 0.4822916666666667 0.31296296296296294 0.4317708333333333 0.31296296296296294
1 0.32395833333333335 0.19166666666666668 0.3807291666666667 0.19166666666666668 0.3807291666666667 0.2564814814814815 0.32395833333333335 0.2564814814814815
1 0.5526041666666667 0.20185185185185187 0.6005208333333333 0.20185185185185187 0.6005208333333333 0.2759259259259259 0.5526041666666667 0.2759259259259259
1 0.5286458333333334 0.13333333333333333 0.5583333333333333 0.13333333333333333 0.5583333333333333 0.17685185185185184 0.5286458333333334 0.17685185185185184
2 0.10260416666666666 0.6351851851851852 0.15572916666666667 0.6351851851851852 0.15572916666666667 0.8555555555555555 0.10260416666666666 0.8555555555555555
1 0.6520833333333333 0.14537037037037037 0.696875 0.14537037037037037 0.696875 0.18611111111111112 0.6520833333333333 0.18611111111111112
2 0.30052083333333335 0.4351851851851852 0.3380208333333333 0.4351851851851852 0.3380208333333333 0.5768518518518518 0.30052083333333335 0.5768518518518518
2 0.16822916666666668 0.6462962962962963 0.22447916666666667 0.6462962962962963 0.22447916666666667 0.8194444444444444 0.16822916666666668 0.8194444444444444
2 0.2671875 0.5888888888888889 0.3109375 0.5888888888888889 0.3109375 0.7638888888888888 0.2671875 0.7638888888888888
2 0.2453125 0.4425925925925926 0.2786458333333333 0.4425925925925926 0.2786458333333333 0.5814814814814815 0.2453125 0.5814814814814815
2 0.3296875 0.3611111111111111 0.35989583333333336 0.3611111111111111 0.35989583333333336 0.4759259259259259 0.3296875 0.4759259259259259
2 0.38177083333333334 0.36666666666666664 0.4114583333333333 0.36666666666666664 0.4114583333333333 0.5018518518518519 0.38177083333333334 0.5018518518518519
2 0.7765625 0.4703703703703704 0.81875 0.4703703703703704 0.81875 0.6166666666666667 0.7765625 0.6166666666666667
2 0.3567708333333333 0.2722222222222222 0.3796875 0.2722222222222222 0.3796875 0.34629629629629627 0.3567708333333333 0.34629629629629627
2 0.3723958333333333 0.21944444444444444 0.39010416666666664 0.21944444444444444 0.39010416666666664 0.2814814814814815 0.3723958333333333 0.2814814814814815
2 0.39739583333333334 0.2601851851851852 0.41302083333333334 0.2601851851851852 0.41302083333333334 0.3351851851851852 0.39739583333333334 0.3351851851851852
2 0.6364583333333333 0.26481481481481484 0.653125 0.26481481481481484 0.653125 0.3425925925925926 0.6364583333333333 0.3425925925925926
2 0.5010416666666667 0.18055555555555555 0.5286458333333334 0.18055555555555555 0.5286458333333334 0.2462962962962963 0.5010416666666667 0.2462962962962963
2 0.41770833333333335 0.1962962962962963 0.4296875 0.1962962962962963 0.4296875 0.25462962962962965 0.41770833333333335 0.25462962962962965
2 0.4046875 0.17314814814814813 0.4161458333333333 0.17314814814814813 0.4161458333333333 0.22962962962962963 0.4046875 0.22962962962962963
2 0.4015625 0.12129629629629629 0.40989583333333335 0.12129629629629629 0.40989583333333335 0.1527777777777778 0.4015625 0.1527777777777778
2 0.41770833333333335 0.13518518518518519 0.4317708333333333 0.13518518518518519 0.4317708333333333 0.17777777777777778 0.41770833333333335 0.17777777777777778
2 0.4348958333333333 0.16296296296296298 0.4427083333333333 0.16296296296296298 0.4427083333333333 0.21388888888888888 0.4348958333333333 0.21388888888888888
2 0.4479166666666667 0.15185185185185185 0.4588541666666667 0.15185185185185185 0.4588541666666667 0.20092592592592592 0.4479166666666667 0.20092592592592592
2 0.4640625 0.15555555555555556 0.47552083333333334 0.15555555555555556 0.47552083333333334 0.21203703703703702 0.4640625 0.21203703703703702
2 0.44479166666666664 0.13518518518518519 0.453125 0.13518518518518519 0.453125 0.1712962962962963 0.44479166666666664 0.1712962962962963
2 0.4515625 0.125 0.45729166666666665 0.125 0.45729166666666665 0.16296296296296298 0.4515625 0.16296296296296298
2 0.4630208333333333 0.11574074074074074 0.47239583333333335 0.11574074074074074 0.47239583333333335 0.15462962962962962 0.4630208333333333 0.15462962962962962
2 0.5682291666666667 0.1388888888888889 0.578125 0.1388888888888889 0.578125 0.18611111111111112 0.5682291666666667 0.18611111111111112
2 0.5854166666666667 0.1398148148148148 0.5984375 0.1398148148148148 0.5984375 0.17685185185185184 0.5854166666666667 0.17685185185185184
2 0.5776041666666667 0.12407407407407407 0.5848958333333333 0.12407407407407407 0.5848958333333333 0.1574074074074074 0.5776041666666667 0.1574074074074074