1 0.4192708333333333 0.24814814814814815 0.5411458333333333 0.24814814814814815 0.5411458333333333 0.4388888888888889 0.4192708333333333 0.4388888888888889
1 0.49895833333333334 0 0.5989583333333334 0 0.5989583333333334 0.08888888888888889 0.49895833333333334 0.08888888888888889
1 0.6442708333333333 0.19907407407407407 0.6796875 0.19907407407407407 0.6796875 0.3037037037037037 0.6442708333333333 0.3037037037037037
1 0.6817708333333333 0.7759259259259259 0.7135416666666666 0.7759259259259259 0.7135416666666666 0.875 0.6817708333333333 0.875
1 0.68125 0.5814814814814815 0.7098958333333333 0.5814814814814815 0.7098958333333333 0.6462962962962963 0.68125 0.6462962962962963
2 0.4708333333333333 0.8944444444444445 0.5619791666666667 0.8944444444444445 0.5619791666666667 0.9592592592592593 0.4708333333333333 0.9592592592592593
2 0.21875 0 0.3307291666666667 0 0.3307291666666667 0.049074074074074076 0.21875 0.049074074074074076
2 0.5244791666666667 0.13055555555555556 0.5833333333333334 0.13055555555555556 0.5833333333333334 0.1814814814814815 0.5244791666666667 0.1814814814814815
2 0.5286458333333334 0.22037037037037038 0.5791666666666667 0.22037037037037038 0.5791666666666667 0.27037037037037037 0.5286458333333334 0.27037037037037037
2 0.5958333333333333 0.24814814814814815 0.6421875 0.24814814814814815 0.6421875 0.2861111111111111 0.5958333333333333 0.2861111111111111
2 0.6119791666666666 0.3287037037037037 0.6520833333333333 0.3287037037037037 0.6520833333333333 0.35462962962962963 0.6119791666666666 0.35462962962962963
2 0.6354166666666666 0.31296296296296294 0.6697916666666667 0.31296296296296294 0.6697916666666667 0.34444444444444444 0.6354166666666666 0.34444444444444444
2 0.6270833333333333 0.3787037037037037 0.6598958333333333 0.3787037037037037 0.6598958333333333 0.412962962962963 0.6270833333333333 0.412962962962963
2 0.5822916666666667 0.3861111111111111 0.63125 0.3861111111111111 0.63125 0.41944444444444445 0.5822916666666667 0.41944444444444445
2 0.5822916666666667 0.8435185185185186 0.625 0.8435185185185186 0.625 0.8759259259259259 0.5822916666666667 0.8759259259259259
2 0.6291666666666667 0.7620370370370371 0.6614583333333334 0.7620370370370371 0.6614583333333334 0.8055555555555556 0.6291666666666667 0.8055555555555556
2 0.6489583333333333 0.575925925925926 0.6822916666666666 0.575925925925926 0.6822916666666666 0.6546296296296297 0.6489583333333333 0.6546296296296297
2 0.6859375 0.33055555555555555 0.7072916666666667 0.33055555555555555 0.7072916666666667 0.3537037037037037 0.6859375 0.3537037037037037
2 0.6588541666666666 0.3675925925925926 0.6880208333333333 0.3675925925925926 0.6880208333333333 0.3851851851851852 0.6588541666666666 0.3851851851851852
2 0.659375 0.41574074074074074 0.6885416666666667 0.41574074074074074 0.6885416666666667 0.4361111111111111 0.659375 0.4361111111111111
2 0.6744791666666666 0.4388888888888889 0.7015625 0.4388888888888889 0.7015625 0.45925925925925926 0.6744791666666666 0.45925925925925926
2 0.6729166666666667 0.48333333333333334 0.7005208333333334 0.48333333333333334 0.7005208333333334 0.5027777777777778 0.6729166666666667 0.5027777777777778
2 0.6973958333333333 0.48333333333333334 0.7151041666666667 0.48333333333333334 0.7151041666666667 0.5009259259259259 0.6973958333333333 0.5009259259259259
2 0.7 0.45 0.7182291666666667 0.45 0.7182291666666667 0.46944444444444444 0.7 0.46944444444444444
2 0.6989583333333333 0.43703703703703706 0.7140625 0.43703703703703706 0.7140625 0.44814814814814813 0.6989583333333333 0.44814814814814813
2 0.696875 0.42777777777777776 0.7119791666666667 0.42777777777777776 0.7119791666666667 0.43703703703703706 0.696875 0.43703703703703706
2 0.6911458333333333 0.3990740740740741 0.7140625 0.3990740740740741 0.7140625 0.41388888888888886 0.6911458333333333 0.41388888888888886
2 0.6776041666666667 0.38796296296296295 0.703125 0.38796296296296295 0.703125 0.4027777777777778 0.6776041666666667 0.4027777777777778
2 0.6869791666666667 0.3768518518518518 0.7052083333333333 0.3768518518518518 0.7052083333333333 0.38796296296296295 0.6869791666666667 0.38796296296296295
2 0.6807291666666667 0.6657407407407407 0.7114583333333333 0.6657407407407407 0.7114583333333333 0.6814814814814815 0.6807291666666667 0.6814814814814815