1 0.41354166666666664 0.9296296296296296 0.5130208333333334 0.9296296296296296 0.5130208333333334 1 0.41354166666666664 1
1 0.359375 0.3055555555555556 0.41041666666666665 0.3055555555555556 0.41041666666666665 0.4074074074074074 0.359375 0.4074074074074074
1 0.32916666666666666 0.7129629629629629 0.3640625 0.7129629629629629 0.3640625 0.8157407407407408 0.32916666666666666 0.8157407407407408
1 0.3296875 0.5453703703703704 0.3697916666666667 0.5453703703703704 0.3697916666666667 0.6111111111111112 0.3296875 0.6111111111111112
1 0.30625 0.39537037037037037 0.33229166666666665 0.39537037037037037 0.33229166666666665 0.44814814814814813 0.30625 0.44814814814814813
1 0.303125 0.15185185185185185 0.328125 0.15185185185185185 0.328125 0.23333333333333334 0.303125 0.23333333333333334
2 0.5072916666666667 0.9342592592592592 0.5614583333333333 0.9342592592592592 0.5614583333333333 1 0.5072916666666667 1
2 0.5307291666666667 0.7925925925925926 0.5932291666666667 0.7925925925925926 0.5932291666666667 0.8759259259259259 0.5307291666666667 0.8759259259259259
2 0.43125 0.14629629629629629 0.4953125 0.14629629629629629 0.4953125 0.1935185185185185 0.43125 0.1935185185185185
2 0.540625 0.5962962962962963 0.6473958333333333 0.5962962962962963 0.6473958333333333 0.6953703703703704 0.540625 0.6953703703703704
2 0.5166666666666667 0.6962962962962963 0.6098958333333333 0.6962962962962963 0.6098958333333333 0.7564814814814815 0.5166666666666667 0.7564814814814815
2 0.5854166666666667 0.9592592592592593 0.6916666666666667 0.9592592592592593 0.6916666666666667 1 0.5854166666666667 1
2 0.4640625 0.8453703703703703 0.5244791666666667 0.8453703703703703 0.5244791666666667 0.8962962962962963 0.4640625 0.8962962962962963
2 0.4395833333333333 0.7638888888888888 0.5041666666666667 0.7638888888888888 0.5041666666666667 0.8092592592592592 0.4395833333333333 0.8092592592592592
2 0.4140625 0.7935185185185185 0.4666666666666667 0.7935185185185185 0.4666666666666667 0.8398148148148148 0.4140625 0.8398148148148148
2 0.3958333333333333 0.8148148148148148 0.44947916666666665 0.8148148148148148 0.44947916666666665 0.8398148148148148 0.3958333333333333 0.8398148148148148
2 0.40989583333333335 0.7194444444444444 0.4609375 0.7194444444444444 0.4609375 0.7555555555555555 0.40989583333333335 0.7555555555555555
2 0.3927083333333333 0.6962962962962963 0.43125 0.6962962962962963 0.43125 0.737037037037037 0.3927083333333333 0.737037037037037
2 0.38385416666666666 0.6138888888888889 0.43072916666666666 0.6138888888888889 0.43072916666666666 0.662962962962963 0.38385416666666666 0.662962962962963
2 0.3296875 0.674074074074074 0.3614583333333333 0.674074074074074 0.3614583333333333 0.7018518518518518 0.3296875 0.7018518518518518
2 0.3536458333333333 0.6703703703703704 0.3828125 0.6703703703703704 0.3828125 0.7027777777777777 0.3536458333333333 0.7027777777777777
2 0.34427083333333336 0.6333333333333333 0.3692708333333333 0.6333333333333333 0.3692708333333333 0.6611111111111111 0.34427083333333336 0.6611111111111111
2 0.3078125 0.6351851851851852 0.3359375 0.6351851851851852 0.3359375 0.6546296296296297 0.3078125 0.6546296296296297
2 0.3171875 0.612037037037037 0.34322916666666664 0.612037037037037 0.34322916666666664 0.6342592592592593 0.3171875 0.6342592592592593
2 0.3020833333333333 0.5990740740740741 0.325 0.5990740740740741 0.325 0.6175925925925926 0.3020833333333333 0.6175925925925926
2 0.3 0.575925925925926 0.3223958333333333 0.575925925925926 0.3223958333333333 0.5925925925925926 0.3 0.5925925925925926
2 0.2984375 0.5546296296296296 0.3203125 0.5546296296296296 0.3203125 0.5638888888888889 0.2984375 0.5638888888888889
2 0.31927083333333334 0.3425925925925926 0.3411458333333333 0.3425925925925926 0.3411458333333333 0.36574074074074076 0.31927083333333334 0.36574074074074076
2 0.31197916666666664 0.31203703703703706 0.3411458333333333 0.31203703703703706 0.3411458333333333 0.3277777777777778 0.31197916666666664 0.3277777777777778
2 0.30572916666666666 0.3287037037037037 0.3234375 0.3287037037037037 0.3234375 0.3425925925925926 0.30572916666666666 0.3425925925925926
2 0.2994791666666667 0.3731481481481482 0.31927083333333334 0.3731481481481482 0.31927083333333334 0.3925925925925926 0.2994791666666667 0.3925925925925926
2 0.2994791666666667 0.3574074074074074 0.3098958333333333 0.3574074074074074 0.3098958333333333 0.3712962962962963 0.2994791666666667 0.3712962962962963
2 0.296875 0.33055555555555555 0.30520833333333336 0.33055555555555555 0.30520833333333336 0.3425925925925926 0.296875 0.3425925925925926