1 0.1453125 0.3287037037037037 0.2677083333333333 0.3287037037037037 0.2677083333333333 0.5074074074074074 0.1453125 0.5074074074074074
1 0.33177083333333335 0.17962962962962964 0.3890625 0.17962962962962964 0.3890625 0.24166666666666667 0.33177083333333335 0.24166666666666667
1 0.4791666666666667 0.09722222222222222 0.5010416666666667 0.09722222222222222 0.5010416666666667 0.12777777777777777 0.4791666666666667 0.12777777777777777
1 0.6552083333333333 0.13148148148148148 0.7078125 0.13148148148148148 0.7078125 0.17407407407407408 0.6552083333333333 0.17407407407407408
1 0.2557291666666667 0.7157407407407408 0.42552083333333335 0.7157407407407408 0.42552083333333335 1 0.2557291666666667 1
2 0.20572916666666666 0.4546296296296296 0.25677083333333334 0.4546296296296296 0.25677083333333334 0.6222222222222222 0.20572916666666666 0.6222222222222222
2 0.2328125 0.5472222222222223 0.28802083333333334 0.5472222222222223 0.28802083333333334 0.7601851851851852 0.2328125 0.7601851851851852
2 0.32760416666666664 0.31851851851851853 0.3515625 0.31851851851851853 0.3515625 0.4398148148148148 0.32760416666666664 0.4398148148148148
2 0.38697916666666665 0.3731481481481482 0.4078125 0.3731481481481482 0.4078125 0.4787037037037037 0.38697916666666665 0.4787037037037037
2 0.4203125 0.2601851851851852 0.4421875 0.2601851851851852 0.4421875 0.38425925925925924 0.4203125 0.38425925925925924
2 0.38385416666666666 0.2953703703703704 0.3963541666666667 0.2953703703703704 0.3963541666666667 0.38333333333333336 0.38385416666666666 0.38333333333333336
2 0.3671875 0.24537037037037038 0.3854166666666667 0.24537037037037038 0.3854166666666667 0.33055555555555555 0.3671875 0.33055555555555555
2 0.6671875 0.3 0.6911458333333333 0.3 0.6911458333333333 0.4027777777777778 0.6671875 0.4027777777777778
2 0.6588541666666666 0.21666666666666667 0.6729166666666667 0.21666666666666667 0.6729166666666667 0.2861111111111111 0.6588541666666666 0.2861111111111111
2 0.578125 0.17777777777777778 0.6057291666666667 0.17777777777777778 0.6057291666666667 0.2324074074074074 0.578125 0.2324074074074074
2 0.5520833333333334 0.17037037037037037 0.5765625 0.17037037037037037 0.5765625 0.22314814814814815 0.5520833333333334 0.22314814814814815
2 0.6296875 0.175 0.6385416666666667 0.175 0.6385416666666667 0.22407407407407406 0.6296875 0.22407407407407406
2 0.5776041666666667 0.1111111111111111 0.5911458333333334 0.1111111111111111 0.5911458333333334 0.14444444444444443 0.5776041666666667 0.14444444444444443
2 0.4114583333333333 0.19722222222222222 0.4244791666666667 0.19722222222222222 0.4244791666666667 0.2564814814814815 0.4114583333333333 0.2564814814814815
2 0.4317708333333333 0.20555555555555555 0.4453125 0.20555555555555555 0.4453125 0.2712962962962963 0.4317708333333333 0.2712962962962963
2 0.4401041666666667 0.1814814814814815 0.45416666666666666 0.1814814814814815 0.45416666666666666 0.23333333333333334 0.4401041666666667 0.23333333333333334
2 0.45989583333333334 0.1787037037037037 0.4713541666666667 0.1787037037037037 0.4713541666666667 0.23333333333333334 0.45989583333333334 0.23333333333333334
2 0.4796875 0.1814814814814815 0.49166666666666664 0.1814814814814815 0.49166666666666664 0.24074074074074073 0.4796875 0.24074074074074073
2 0.48541666666666666 0.14537037037037037 0.49635416666666665 0.14537037037037037 0.49635416666666665 0.18425925925925926 0.48541666666666666 0.18425925925925926
2 0.40520833333333334 0.14907407407407408 0.41458333333333336 0.14907407407407408 0.41458333333333336 0.19166666666666668 0.40520833333333334 0.19166666666666668
2 0.41510416666666666 0.1537037037037037 0.4265625 0.1537037037037037 0.4265625 0.19537037037037036 0.41510416666666666 0.19537037037037036
2 0.4234375 0.16111111111111112 0.4348958333333333 0.16111111111111112 0.4348958333333333 0.21203703703703702 0.4234375 0.21203703703703702
2 0.4390625 0.13518518518518519 0.44583333333333336 0.13518518518518519 0.44583333333333336 0.1675925925925926 0.4390625 0.1675925925925926
2 0.44947916666666665 0.14444444444444443 0.459375 0.14444444444444443 0.459375 0.18611111111111112 0.44947916666666665 0.18611111111111112
2 0.45989583333333334 0.1287037037037037 0.46458333333333335 0.1287037037037037 0.46458333333333335 0.15555555555555556 0.45989583333333334 0.15555555555555556
2 0.47552083333333334 0.125 0.484375 0.125 0.484375 0.16018518518518518 0.47552083333333334 0.16018518518518518
2 0.44635416666666666 0.12037037037037036 0.45416666666666666 0.12037037037037036 0.45416666666666666 0.14444444444444443 0.44635416666666666 0.14444444444444443
1 0.5463541666666667 0.11388888888888889 0.5739583333333333 0.11388888888888889 0.5739583333333333 0.1638888888888889 0.5463541666666667 0.1638888888888889