1 0.13697916666666668 0.33796296296296297 0.2598958333333333 0.33796296296296297 0.2598958333333333 0.5212962962962963 0.13697916666666668 0.5212962962962963
1 0.42864583333333334 0.23055555555555557 0.4796875 0.23055555555555557 0.4796875 0.31203703703703706 0.42864583333333334 0.31203703703703706
1 0.32447916666666665 0.19074074074074074 0.3796875 0.19074074074074074 0.3796875 0.25462962962962965 0.32447916666666665 0.25462962962962965
1 0.5526041666666667 0.19907407407407407 0.6010416666666667 0.19907407407407407 0.6010416666666667 0.2712962962962963 0.5526041666666667 0.2712962962962963
1 0.5286458333333334 0.13333333333333333 0.5578125 0.13333333333333333 0.5578125 0.17592592592592593 0.5286458333333334 0.17592592592592593
1 0.6515625 0.14537037037037037 0.696875 0.14537037037037037 0.696875 0.18518518518518517 0.6515625 0.18518518518518517
2 0.37864583333333335 0.36944444444444446 0.40729166666666666 0.36944444444444446 0.40729166666666666 0.5046296296296297 0.37864583333333335 0.5046296296296297
2 0.08385416666666666 0.6611111111111111 0.14427083333333332 0.6611111111111111 0.14427083333333332 0.8916666666666667 0.08385416666666666 0.8916666666666667
2 0.290625 0.4638888888888889 0.3296875 0.4638888888888889 0.3296875 0.5944444444444444 0.290625 0.5944444444444444
2 0.1546875 0.6814814814814815 0.215625 0.6814814814814815 0.215625 0.8907407407407407 0.1546875 0.8907407407407407
2 0.253125 0.5833333333333334 0.3067708333333333 0.5833333333333334 0.3067708333333333 0.7870370370370371 0.253125 0.7870370370370371
2 0.2359375 0.44537037037037036 0.27395833333333336 0.44537037037037036 0.27395833333333336 0.5694444444444444 0.2359375 0.5694444444444444
2 0.7666666666666667 0.44351851851851853 0.8078125 0.44351851851851853 0.8078125 0.600925925925926 0.7666666666666667 0.600925925925926
2 0.32916666666666666 0.3731481481481482 0.3609375 0.3731481481481482 0.3609375 0.4861111111111111 0.32916666666666666 0.4861111111111111
2 0.359375 0.2675925925925926 0.375 0.2675925925925926 0.375 0.35648148148148145 0.359375 0.35648148148148145
2 0.3697916666666667 0.22870370370370371 0.38958333333333334 0.22870370370370371 0.38958333333333334 0.2972222222222222 0.3697916666666667 0.2972222222222222
2 0.39947916666666666 0.2611111111111111 0.4109375 0.2611111111111111 0.4109375 0.35 0.39947916666666666 0.35
2 0.3984375 0.16574074074074074 0.41458333333333336 0.16574074074074074 0.41458333333333336 0.24351851851851852 0.3984375 0.24351851851851852
2 0.41822916666666665 0.1925925925925926 0.4276041666666667 0.1925925925925926 0.4276041666666667 0.25833333333333336 0.41822916666666665 0.25833333333333336
2 0.43072916666666666 0.15833333333333333 0.44583333333333336 0.15833333333333333 0.44583333333333336 0.2222222222222222 0.43072916666666666 0.2222222222222222
2 0.42083333333333334 0.14444444444444443 0.43020833333333336 0.14444444444444443 0.43020833333333336 0.18703703703703703 0.42083333333333334 0.18703703703703703
2 0.4 0.11574074074074074 0.415625 0.11574074074074074 0.415625 0.16203703703703703 0.4 0.16203703703703703
2 0.4484375 0.15 0.45677083333333335 0.15 0.45677083333333335 0.20277777777777778 0.4484375 0.20277777777777778
2 0.4630208333333333 0.15555555555555556 0.47604166666666664 0.15555555555555556 0.47604166666666664 0.20462962962962963 0.4630208333333333 0.20462962962962963
2 0.4421875 0.13148148148148148 0.45260416666666664 0.13148148148148148 0.45260416666666664 0.175 0.4421875 0.175
2 0.4515625 0.12222222222222222 0.46041666666666664 0.12222222222222222 0.46041666666666664 0.15833333333333333 0.4515625 0.15833333333333333
2 0.5036458333333333 0.18518518518518517 0.5286458333333334 0.18518518518518517 0.5286458333333334 0.24259259259259258 0.5036458333333333 0.24259259259259258
2 0.6322916666666667 0.25555555555555554 0.6494791666666667 0.25555555555555554 0.6494791666666667 0.3314814814814815 0.6322916666666667 0.3314814814814815
2 0.5635416666666667 0.13796296296296295 0.5760416666666667 0.13796296296296295 0.5760416666666667 0.18981481481481483 0.5635416666666667 0.18981481481481483
2 0.5833333333333334 0.13703703703703704 0.596875 0.13703703703703704 0.596875 0.17962962962962964 0.5833333333333334 0.17962962962962964
2 0.5744791666666667 0.12685185185185185 0.5838541666666667 0.12685185185185185 0.5838541666666667 0.15925925925925927 0.5744791666666667 0.15925925925925927