1 0.14947916666666666 0.3175925925925926 0.2703125 0.3175925925925926 0.2703125 0.49074074074074076 0.14947916666666666 0.49074074074074076
1 0.4265625 0.24074074074074073 0.4828125 0.24074074074074073 0.4828125 0.33055555555555555 0.4265625 0.33055555555555555
1 0.3223958333333333 0.17685185185185184 0.390625 0.17685185185185184 0.390625 0.24074074074074073 0.3223958333333333 0.24074074074074073
2 0.0484375 0.8296296296296296 0.13854166666666667 0.8296296296296296 0.13854166666666667 1 0.0484375 1
2 0.2604166666666667 0.7601851851851852 0.3328125 0.7601851851851852 0.3328125 0.9935185185185185 0.2604166666666667 0.9935185185185185
2 0.18541666666666667 0.5564814814814815 0.24739583333333334 0.5564814814814815 0.24739583333333334 0.7324074074074074 0.18541666666666667 0.7324074074074074
2 0.6557291666666667 0.287962962962963 0.6848958333333334 0.287962962962963 0.6848958333333334 0.36574074074074076 0.6557291666666667 0.36574074074074076
2 0.8583333333333333 0.5157407407407407 0.9223958333333333 0.5157407407407407 0.9223958333333333 0.6666666666666666 0.8583333333333333 0.6666666666666666
1 0.5385416666666667 0.1527777777777778 0.6109375 0.1527777777777778 0.6109375 0.32592592592592595 0.5385416666666667 0.32592592592592595
2 0.6984375 0.29259259259259257 0.7302083333333333 0.29259259259259257 0.7302083333333333 0.3888888888888889 0.6984375 0.3888888888888889
2 0.4 0.27685185185185185 0.4276041666666667 0.27685185185185185 0.4276041666666667 0.36018518518518516 0.4 0.36018518518518516
2 0.6442708333333333 0.20555555555555555 0.6713541666666667 0.20555555555555555 0.6713541666666667 0.2796296296296296 0.6442708333333333 0.2796296296296296
2 0.3380208333333333 0.3314814814814815 0.36770833333333336 0.3314814814814815 0.36770833333333336 0.42314814814814816 0.3380208333333333 0.42314814814814816
2 0.2598958333333333 0.40370370370370373 0.30520833333333336 0.40370370370370373 0.30520833333333336 0.5462962962962963 0.2598958333333333 0.5462962962962963
2 0.359375 0.4685185185185185 0.40260416666666665 0.4685185185185185 0.40260416666666665 0.6092592592592593 0.359375 0.6092592592592593
2 0.396875 0.17314814814814813 0.4166666666666667 0.17314814814814813 0.4166666666666667 0.22962962962962963 0.396875 0.22962962962962963
2 0.3572916666666667 0.27685185185185185 0.38229166666666664 0.27685185185185185 0.38229166666666664 0.3425925925925926 0.3572916666666667 0.3425925925925926
2 0 0.6861111111111111 0.036458333333333336 0.6861111111111111 0.036458333333333336 0.8425925925925926 0 0.8425925925925926
2 0.49635416666666665 0.1712962962962963 0.5161458333333333 0.1712962962962963 0.5161458333333333 0.22870370370370371 0.49635416666666665 0.22870370370370371
2 0.37552083333333336 0.35 0.40677083333333336 0.35 0.40677083333333336 0.4351851851851852 0.37552083333333336 0.4351851851851852
2 0.4786458333333333 0.14166666666666666 0.4921875 0.14166666666666666 0.4921875 0.18055555555555555 0.4786458333333333 0.18055555555555555
2 0.4583333333333333 0.1574074074074074 0.4744791666666667 0.1574074074074074 0.4744791666666667 0.19814814814814816 0.4583333333333333 0.19814814814814816
2 0.41770833333333335 0.2111111111111111 0.4375 0.2111111111111111 0.4375 0.26296296296296295 0.41770833333333335 0.26296296296296295
2 0.28177083333333336 0.3453703703703704 0.3140625 0.3453703703703704 0.3140625 0.4046296296296296 0.28177083333333336 0.4046296296296296
2 0.4171875 0.15092592592592594 0.4317708333333333 0.15092592592592594 0.4317708333333333 0.18888888888888888 0.4171875 0.18888888888888888
2 0.5739583333333333 0.11574074074074074 0.5901041666666667 0.11574074074074074 0.5901041666666667 0.14907407407407408 0.5739583333333333 0.14907407407407408
2 0.6151041666666667 0.19444444444444445 0.6375 0.19444444444444445 0.6375 0.2740740740740741 0.6151041666666667 0.2740740740740741