1 0.14635416666666667 0.3277777777777778 0.26927083333333335 0.3277777777777778 0.26927083333333335 0.5037037037037037 0.14635416666666667 0.5037037037037037
1 0.33125 0.17592592592592593 0.3890625 0.17592592592592593 0.3890625 0.24166666666666667 0.33125 0.24166666666666667
1 0.45989583333333334 0.1527777777777778 0.4947916666666667 0.1527777777777778 0.4947916666666667 0.20833333333333334 0.45989583333333334 0.20833333333333334
1 0.5958333333333333 0.11018518518518519 0.6333333333333333 0.11018518518518519 0.6333333333333333 0.14814814814814814 0.5958333333333333 0.14814814814814814
2 0.07864583333333333 0.812962962962963 0.1578125 0.812962962962963 0.1578125 1 0.07864583333333333 1
2 0.228125 0.48148148148148145 0.2682291666666667 0.48148148148148145 0.2682291666666667 0.6527777777777778 0.228125 0.6527777777777778
2 0.2609375 0.5324074074074074 0.3109375 0.5324074074074074 0.3109375 0.7657407407407407 0.2609375 0.7657407407407407
2 0.3260416666666667 0.5777777777777777 0.37083333333333335 0.5777777777777777 0.37083333333333335 0.7731481481481481 0.3260416666666667 0.7731481481481481
2 0.415625 0.4222222222222222 0.4390625 0.4222222222222222 0.4390625 0.5703703703703704 0.415625 0.5703703703703704
2 0.2671875 0.3925925925925926 0.30364583333333334 0.3925925925925926 0.30364583333333334 0.5157407407407407 0.2671875 0.5157407407407407
2 0.30833333333333335 0.3111111111111111 0.3328125 0.3111111111111111 0.3328125 0.4148148148148148 0.30833333333333335 0.4148148148148148
2 0.3536458333333333 0.38425925925925924 0.3828125 0.38425925925925924 0.3828125 0.5 0.3536458333333333 0.5
2 0.43020833333333336 0.28425925925925927 0.4515625 0.28425925925925927 0.4515625 0.37222222222222223 0.43020833333333336 0.37222222222222223
2 0.44375 0.25462962962962965 0.45989583333333334 0.25462962962962965 0.45989583333333334 0.32037037037037036 0.44375 0.32037037037037036
2 0.3859375 0.27314814814814814 0.4041666666666667 0.27314814814814814 0.4041666666666667 0.362962962962963 0.3859375 0.362962962962963
2 0.3619791666666667 0.21851851851851853 0.38333333333333336 0.21851851851851853 0.38333333333333336 0.2898148148148148 0.3619791666666667 0.2898148148148148
2 0.39375 0.2111111111111111 0.40677083333333336 0.2111111111111111 0.40677083333333336 0.26944444444444443 0.39375 0.26944444444444443
2 0.40625 0.20185185185185187 0.41822916666666665 0.20185185185185187 0.41822916666666665 0.26481481481481484 0.40625 0.26481481481481484
2 0.4322916666666667 0.19074074074074074 0.44375 0.19074074074074074 0.44375 0.25277777777777777 0.4322916666666667 0.25277777777777777
2 0.4557291666666667 0.1962962962962963 0.46770833333333334 0.1962962962962963 0.46770833333333334 0.26296296296296295 0.4557291666666667 0.26296296296296295
2 0.4192708333333333 0.17777777777777778 0.4296875 0.17777777777777778 0.4296875 0.225 0.4192708333333333 0.225
2 0.4390625 0.1527777777777778 0.45 0.1527777777777778 0.45 0.19814814814814816 0.4390625 0.19814814814814816
2 0.45416666666666666 0.13148148148148148 0.4661458333333333 0.13148148148148148 0.4661458333333333 0.17222222222222222 0.45416666666666666 0.17222222222222222
2 0.4703125 0.12037037037037036 0.48072916666666665 0.12037037037037036 0.48072916666666665 0.16574074074074074 0.4703125 0.16574074074074074
2 0.49583333333333335 0.13148148148148148 0.5088541666666667 0.13148148148148148 0.5088541666666667 0.1787037037037037 0.49583333333333335 0.1787037037037037
2 0.43125 0.12222222222222222 0.43802083333333336 0.12222222222222222 0.43802083333333336 0.15925925925925927 0.43125 0.15925925925925927
2 0.4473958333333333 0.11574074074074074 0.453125 0.11574074074074074 0.453125 0.14444444444444443 0.4473958333333333 0.14444444444444443
2 0.4588541666666667 0.10462962962962963 0.46875 0.10462962962962963 0.46875 0.14166666666666666 0.4588541666666667 0.14166666666666666
2 0.5932291666666667 0.15833333333333333 0.60625 0.15833333333333333 0.60625 0.20833333333333334 0.5932291666666667 0.20833333333333334
2 0.60625 0.1398148148148148 0.6197916666666666 0.1398148148148148 0.6197916666666666 0.18703703703703703 0.60625 0.18703703703703703
2 0.6265625 0.1527777777777778 0.6395833333333333 0.1527777777777778 0.6395833333333333 0.2064814814814815 0.6265625 0.2064814814814815
2 0.6911458333333333 0.43703703703703706 0.7348958333333333 0.43703703703703706 0.7348958333333333 0.5277777777777778 0.6911458333333333 0.5277777777777778
1 0.5947916666666667 0.5268518518518519 0.9 0.5268518518518519 0.9 1 0.5947916666666667 1