1 0.490625 0 0.5927083333333333 0 0.5927083333333333 0.07407407407407407 0.490625 0.07407407407407407
1 0.5885416666666666 0.3712962962962963 0.6416666666666667 0.3712962962962963 0.6416666666666667 0.46944444444444444 0.5885416666666666 0.46944444444444444
1 0.6354166666666666 0.5925925925925926 0.6791666666666667 0.5925925925925926 0.6791666666666667 0.674074074074074 0.6354166666666666 0.674074074074074
1 0.6380208333333334 0.19444444444444445 0.6755208333333333 0.19444444444444445 0.6755208333333333 0.29259259259259257 0.6380208333333334 0.29259259259259257
1 0.6885416666666667 0.55 0.7109375 0.55 0.7109375 0.5962962962962963 0.6885416666666667 0.5962962962962963
2 0.234375 0 0.38645833333333335 0 0.38645833333333335 0.10555555555555556 0.234375 0.10555555555555556
2 0.4125 0 0.5041666666666667 0 0.5041666666666667 0.03981481481481482 0.4125 0.03981481481481482
2 0.4744791666666667 0 0.53125 0 0.53125 0.05185185185185185 0.4744791666666667 0.05185185185185185
2 0.403125 0.075 0.48541666666666666 0.075 0.48541666666666666 0.14629629629629629 0.403125 0.14629629629629629
2 0.46770833333333334 0.15462962962962962 0.5494791666666666 0.15462962962962962 0.5494791666666666 0.2222222222222222 0.46770833333333334 0.2222222222222222
2 0.45208333333333334 0.24722222222222223 0.540625 0.24722222222222223 0.540625 0.31296296296296294 0.45208333333333334 0.31296296296296294
2 0.5588541666666667 0.21666666666666667 0.6145833333333334 0.21666666666666667 0.6145833333333334 0.2564814814814815 0.5588541666666667 0.2564814814814815
2 0.6036458333333333 0.26296296296296295 0.6510416666666666 0.26296296296296295 0.6510416666666666 0.2851851851851852 0.6036458333333333 0.2851851851851852
2 0.5630208333333333 0.30833333333333335 0.6203125 0.30833333333333335 0.6203125 0.33425925925925926 0.5630208333333333 0.33425925925925926
2 0.6484375 0.31851851851851853 0.6802083333333333 0.31851851851851853 0.6802083333333333 0.34444444444444444 0.6484375 0.34444444444444444
2 0.6911458333333333 0.32592592592592595 0.7151041666666667 0.32592592592592595 0.7151041666666667 0.34444444444444444 0.6911458333333333 0.34444444444444444
2 0.6760416666666667 0.3509259259259259 0.7005208333333334 0.3509259259259259 0.7005208333333334 0.37407407407407406 0.6760416666666667 0.37407407407407406
2 0.6536458333333334 0.375 0.6890625 0.375 0.6890625 0.39351851851851855 0.6536458333333334 0.39351851851851855
2 0.6651041666666667 0.4009259259259259 0.6911458333333333 0.4009259259259259 0.6911458333333333 0.425 0.6651041666666667 0.425
2 0.6567708333333333 0.4305555555555556 0.6859375 0.4305555555555556 0.6859375 0.4527777777777778 0.6567708333333333 0.4527777777777778
2 0.684375 0.39351851851851855 0.7057291666666666 0.39351851851851855 0.7057291666666666 0.412962962962963 0.684375 0.412962962962963
2 0.6875 0.41574074074074074 0.7088541666666667 0.41574074074074074 0.7088541666666667 0.42962962962962964 0.6875 0.42962962962962964
2 0.6447916666666667 0.5175925925925926 0.6786458333333333 0.5175925925925926 0.6786458333333333 0.5611111111111111 0.6447916666666667 0.5611111111111111
2 0.4973958333333333 0.924074074074074 0.5609375 0.924074074074074 0.5609375 0.9833333333333333 0.4973958333333333 0.9833333333333333
2 0.6109375 0.7231481481481481 0.6583333333333333 0.7231481481481481 0.6583333333333333 0.7620370370370371 0.6109375 0.7620370370370371
2 0.6854166666666667 0.6138888888888889 0.7067708333333333 0.6138888888888889 0.7067708333333333 0.6305555555555555 0.6854166666666667 0.6305555555555555
2 0.6916666666666667 0.43148148148148147 0.7130208333333333 0.43148148148148147 0.7130208333333333 0.44537037037037036 0.6916666666666667 0.44537037037037036