1 0.14322916666666666 0.3333333333333333 0.26666666666666666 0.3333333333333333 0.26666666666666666 0.5111111111111111 0.14322916666666666 0.5111111111111111
1 0.39895833333333336 0.3296296296296296 0.4744791666666667 0.3296296296296296 0.4744791666666667 0.475 0.39895833333333336 0.475
1 0.33125 0.18425925925925926 0.38958333333333334 0.18425925925925926 0.38958333333333334 0.2490740740740741 0.33125 0.2490740740740741
1 0.5505208333333333 0.1425925925925926 0.5854166666666667 0.1425925925925926 0.5854166666666667 0.20277777777777778 0.5505208333333333 0.20277777777777778
1 0.659375 0.1361111111111111 0.7057291666666666 0.1361111111111111 0.7057291666666666 0.17592592592592593 0.659375 0.17592592592592593
2 0 0.7601851851851852 0.06927083333333334 0.7601851851851852 0.06927083333333334 0.9166666666666666 0 0.9166666666666666
2 0.1734375 0.6972222222222222 0.22864583333333333 0.6972222222222222 0.22864583333333333 0.912962962962963 0.1734375 0.912962962962963
2 0.19114583333333332 0.7870370370370371 0.2765625 0.7870370370370371 0.2765625 1 0.19114583333333332 1
2 0.3046875 0.4564814814814815 0.3338541666666667 0.4564814814814815 0.3338541666666667 0.6555555555555556 0.3046875 0.6555555555555556
2 0.2609375 0.3990740740740741 0.29322916666666665 0.3990740740740741 0.29322916666666665 0.5555555555555556 0.2609375 0.5555555555555556
2 0.33125 0.2972222222222222 0.3619791666666667 0.2972222222222222 0.3619791666666667 0.4166666666666667 0.33125 0.4166666666666667
2 0.8302083333333333 0.6277777777777778 0.89375 0.6277777777777778 0.89375 0.8351851851851851 0.8302083333333333 0.8351851851851851
2 0.3854166666666667 0.28055555555555556 0.40989583333333335 0.28055555555555556 0.40989583333333335 0.36666666666666664 0.3854166666666667 0.36666666666666664
2 0.3776041666666667 0.20925925925925926 0.39479166666666665 0.20925925925925926 0.39479166666666665 0.2796296296296296 0.3776041666666667 0.2796296296296296
2 0.41510416666666666 0.20185185185185187 0.42916666666666664 0.20185185185185187 0.42916666666666664 0.27037037037037037 0.41510416666666666 0.27037037037037037
2 0.40729166666666666 0.1675925925925926 0.4244791666666667 0.1675925925925926 0.4244791666666667 0.23148148148148148 0.40729166666666666 0.23148148148148148
2 0.4401041666666667 0.19537037037037036 0.45625 0.19537037037037036 0.45625 0.24259259259259258 0.4401041666666667 0.24259259259259258
2 0.44895833333333335 0.2175925925925926 0.4666666666666667 0.2175925925925926 0.4666666666666667 0.28425925925925927 0.44895833333333335 0.28425925925925927
2 0.5260416666666666 0.18518518518518517 0.559375 0.18518518518518517 0.559375 0.24259259259259258 0.5260416666666666 0.24259259259259258
2 0.6052083333333333 0.16203703703703703 0.6203125 0.16203703703703703 0.6203125 0.21203703703703702 0.6052083333333333 0.21203703703703702
2 0.671875 0.262037037037037 0.6963541666666667 0.262037037037037 0.6963541666666667 0.3435185185185185 0.671875 0.3435185185185185
2 0.728125 0.34814814814814815 0.765625 0.34814814814814815 0.765625 0.4527777777777778 0.728125 0.4527777777777778
2 0.40520833333333334 0.12777777777777777 0.41302083333333334 0.12777777777777777 0.41302083333333334 0.16296296296296298 0.40520833333333334 0.16296296296296298
2 0.4322916666666667 0.15555555555555556 0.4453125 0.15555555555555556 0.4453125 0.19907407407407407 0.4322916666666667 0.19907407407407407
2 0.44166666666666665 0.13240740740740742 0.45260416666666664 0.13240740740740742 0.45260416666666664 0.16944444444444445 0.44166666666666665 0.16944444444444445
2 0.4578125 0.14722222222222223 0.4708333333333333 0.14722222222222223 0.4708333333333333 0.19166666666666668 0.4578125 0.19166666666666668
2 0.4734375 0.13333333333333333 0.48125 0.13333333333333333 0.48125 0.175 0.4734375 0.175
2 0.4947916666666667 0.13333333333333333 0.5057291666666667 0.13333333333333333 0.5057291666666667 0.1685185185185185 0.4947916666666667 0.1685185185185185