1 0.14635416666666667 0.3287037037037037 0.26927083333333335 0.3287037037037037 0.26927083333333335 0.5055555555555555 0.14635416666666667 0.5055555555555555
1 0.33177083333333335 0.17685185185185184 0.38958333333333334 0.17685185185185184 0.38958333333333334 0.24166666666666667 0.33177083333333335 0.24166666666666667
1 0.47760416666666666 0.10740740740740741 0.5036458333333333 0.10740740740740741 0.5036458333333333 0.14629629629629629 0.47760416666666666 0.14629629629629629
2 0.06614583333333333 0.6425925925925926 0.15 0.6425925925925926 0.15 0.887962962962963 0.06614583333333333 0.887962962962963
2 0.27760416666666665 0.5953703703703703 0.3390625 0.5953703703703703 0.3390625 0.8083333333333333 0.27760416666666665 0.8083333333333333
2 0.2453125 0.4361111111111111 0.28802083333333334 0.4361111111111111 0.28802083333333334 0.5694444444444444 0.2453125 0.5694444444444444
2 0.3265625 0.4101851851851852 0.353125 0.4101851851851852 0.353125 0.5305555555555556 0.3265625 0.5305555555555556
2 0.3229166666666667 0.3287037037037037 0.35 0.3287037037037037 0.35 0.4185185185185185 0.3229166666666667 0.4185185185185185
2 0.38229166666666664 0.3787037037037037 0.41458333333333336 0.3787037037037037 0.41458333333333336 0.5342592592592592 0.38229166666666664 0.5342592592592592
2 0.3927083333333333 0.23055555555555557 0.40625 0.23055555555555557 0.40625 0.2814814814814815 0.3927083333333333 0.2814814814814815
2 0.39739583333333334 0.26296296296296295 0.415625 0.26296296296296295 0.415625 0.35185185185185186 0.39739583333333334 0.35185185185185186
2 0.4244791666666667 0.22870370370370371 0.4359375 0.22870370370370371 0.4359375 0.30092592592592593 0.4244791666666667 0.30092592592592593
2 0.4505208333333333 0.21574074074074073 0.4609375 0.21574074074074073 0.4609375 0.2759259259259259 0.4505208333333333 0.2759259259259259
2 0.4557291666666667 0.23425925925925925 0.4739583333333333 0.23425925925925925 0.4739583333333333 0.3148148148148148 0.4557291666666667 0.3148148148148148
2 0.4088541666666667 0.19814814814814816 0.42135416666666664 0.19814814814814816 0.42135416666666664 0.24814814814814815 0.4088541666666667 0.24814814814814815
2 0.4 0.17685185185185184 0.41302083333333334 0.17685185185185184 0.41302083333333334 0.22407407407407406 0.4 0.22407407407407406
2 0.43333333333333335 0.1537037037037037 0.44166666666666665 0.1537037037037037 0.44166666666666665 0.1925925925925926 0.43333333333333335 0.1925925925925926
2 0.43854166666666666 0.1648148148148148 0.4479166666666667 0.1648148148148148 0.4479166666666667 0.2111111111111111 0.43854166666666666 0.2111111111111111
2 0.44375 0.1787037037037037 0.45677083333333335 0.1787037037037037 0.45677083333333335 0.23148148148148148 0.44375 0.23148148148148148
2 0.4505208333333333 0.1537037037037037 0.45729166666666665 0.1537037037037037 0.45729166666666665 0.1962962962962963 0.4505208333333333 0.1962962962962963
2 0.4817708333333333 0.17592592592592593 0.4901041666666667 0.17592592592592593 0.4901041666666667 0.22685185185185186 0.4817708333333333 0.22685185185185186
2 0.4588541666666667 0.14444444444444443 0.46979166666666666 0.14444444444444443 0.46979166666666666 0.18796296296296297 0.4588541666666667 0.18796296296296297
2 0.4765625 0.1425925925925926 0.484375 0.1425925925925926 0.484375 0.17407407407407408 0.4765625 0.17407407407407408
2 0.4671875 0.12777777777777777 0.4744791666666667 0.12777777777777777 0.4744791666666667 0.16296296296296298 0.4671875 0.16296296296296298
2 0.44583333333333336 0.13240740740740742 0.4515625 0.13240740740740742 0.4515625 0.16018518518518518 0.44583333333333336 0.16018518518518518
2 0.5770833333333333 0.16018518518518518 0.5973958333333333 0.16018518518518518 0.5973958333333333 0.21851851851851853 0.5770833333333333 0.21851851851851853
2 0.6036458333333333 0.17037037037037037 0.6161458333333333 0.17037037037037037 0.6161458333333333 0.21666666666666667 0.6036458333333333 0.21666666666666667
2 0.6114583333333333 0.14537037037037037 0.6234375 0.14537037037037037 0.6234375 0.18796296296296297 0.6114583333333333 0.18796296296296297
2 0.6479166666666667 0.19814814814814816 0.6630208333333333 0.19814814814814816 0.6630208333333333 0.2490740740740741 0.6479166666666667 0.2490740740740741
2 0.6348958333333333 0.22962962962962963 0.6541666666666667 0.22962962962962963 0.6541666666666667 0.3138888888888889 0.6348958333333333 0.3138888888888889
1 0.64375 0.1259259259259259 0.6994791666666667 0.1259259259259259 0.6994791666666667 0.17222222222222222 0.64375 0.17222222222222222