1 0.14166666666666666 0.31851851851851853 0.2791666666666667 0.31851851851851853 0.2791666666666667 0.49166666666666664 0.14166666666666666 0.49166666666666664
1 0.3260416666666667 0.17037037037037037 0.3927083333333333 0.17037037037037037 0.3927083333333333 0.2324074074074074 0.3260416666666667 0.2324074074074074
2 0.22604166666666667 0.6074074074074074 0.2838541666666667 0.6074074074074074 0.2838541666666667 0.7907407407407407 0.22604166666666667 0.7907407407407407
2 0.4078125 0.18981481481481483 0.428125 0.18981481481481483 0.428125 0.24537037037037038 0.4078125 0.24537037037037038
2 0.5864583333333333 0.19537037037037036 0.6067708333333334 0.19537037037037036 0.6067708333333334 0.25555555555555554 0.5864583333333333 0.25555555555555554
2 0.6598958333333333 0.18981481481481483 0.6765625 0.18981481481481483 0.6765625 0.23148148148148148 0.6598958333333333 0.23148148148148148
2 0.5385416666666667 0.09537037037037037 0.5515625 0.09537037037037037 0.5515625 0.1259259259259259 0.5385416666666667 0.1259259259259259
2 0.7380208333333333 0.4083333333333333 0.78125 0.4083333333333333 0.78125 0.5092592592592593 0.7380208333333333 0.5092592592592593
2 0.4375 0.18888888888888888 0.45625 0.18888888888888888 0.45625 0.23981481481481481 0.4375 0.23981481481481481
2 0.7041666666666667 0.4601851851851852 0.7515625 0.4601851851851852 0.7515625 0.6 0.7041666666666667 0.6
2 0.009375 0.8907407407407407 0.09166666666666666 0.8907407407407407 0.09166666666666666 1 0.009375 1
2 0.4203125 0.24814814814814815 0.4484375 0.24814814814814815 0.4484375 0.32037037037037036 0.4203125 0.32037037037037036
2 0.45416666666666666 0.15833333333333333 0.4703125 0.15833333333333333 0.4703125 0.2 0.45416666666666666 0.2
2 0.3640625 0.46944444444444444 0.40520833333333334 0.46944444444444444 0.40520833333333334 0.6268518518518519 0.3640625 0.6268518518518519
2 0.35104166666666664 0.387037037037037 0.39375 0.387037037037037 0.39375 0.5138888888888888 0.35104166666666664 0.5138888888888888
2 0.659375 0.3037037037037037 0.6901041666666666 0.3037037037037037 0.6901041666666666 0.3925925925925926 0.659375 0.3925925925925926
2 0.603125 0.25925925925925924 0.628125 0.25925925925925924 0.628125 0.3314814814814815 0.603125 0.3314814814814815
2 0.5885416666666666 0.1037037037037037 0.6020833333333333 0.1037037037037037 0.6020833333333333 0.13425925925925927 0.5885416666666666 0.13425925925925927
2 0.5526041666666667 0.17037037037037037 0.5739583333333333 0.17037037037037037 0.5739583333333333 0.22592592592592592 0.5526041666666667 0.22592592592592592
2 0.45989583333333334 0.22962962962962963 0.48333333333333334 0.22962962962962963 0.48333333333333334 0.2962962962962963 0.45989583333333334 0.2962962962962963
2 0.6213541666666667 0.16203703703703703 0.6416666666666667 0.16203703703703703 0.6416666666666667 0.2064814814814815 0.6213541666666667 0.2064814814814815
2 0.6125 0.2111111111111111 0.6348958333333333 0.2111111111111111 0.6348958333333333 0.27037037037037037 0.6125 0.27037037037037037