1 0.5005208333333333 0 0.6010416666666667 0 0.6010416666666667 0.09074074074074075 0.5005208333333333 0.09074074074074075
1 0.6453125 0.2037037037037037 0.6817708333333333 0.2037037037037037 0.6817708333333333 0.31296296296296294 0.6453125 0.31296296296296294
1 0.6864583333333333 0.45 0.7119791666666667 0.45 0.7119791666666667 0.5009259259259259 0.6864583333333333 0.5009259259259259
1 0.6921875 0.6944444444444444 0.7140625 0.6944444444444444 0.7140625 0.7805555555555556 0.6921875 0.7805555555555556
2 0.21875 0.05092592592592592 0.3411458333333333 0.05092592592592592 0.3411458333333333 0.1685185185185185 0.21875 0.1685185185185185
2 0.3651041666666667 0 0.4796875 0 0.4796875 0.06388888888888888 0.3651041666666667 0.06388888888888888
2 0.4552083333333333 0.14814814814814814 0.5442708333333334 0.14814814814814814 0.5442708333333334 0.21203703703703702 0.4552083333333333 0.21203703703703702
2 0.5375 0.2175925925925926 0.6015625 0.2175925925925926 0.6015625 0.26851851851851855 0.5375 0.26851851851851855
2 0.5302083333333333 0.26944444444444443 0.5958333333333333 0.26944444444444443 0.5958333333333333 0.32407407407407407 0.5302083333333333 0.32407407407407407
2 0.478125 0.3111111111111111 0.5552083333333333 0.3111111111111111 0.5552083333333333 0.3685185185185185 0.478125 0.3685185185185185
2 0.5354166666666667 0.36203703703703705 0.5921875 0.36203703703703705 0.5921875 0.39814814814814814 0.5354166666666667 0.39814814814814814
2 0.590625 0.2601851851851852 0.6302083333333334 0.2601851851851852 0.6302083333333334 0.287962962962963 0.590625 0.287962962962963
2 0.5958333333333333 0.3425925925925926 0.6442708333333333 0.3425925925925926 0.6442708333333333 0.37777777777777777 0.5958333333333333 0.37777777777777777
2 0.6276041666666666 0.25462962962962965 0.6546875 0.25462962962962965 0.6546875 0.2861111111111111 0.6276041666666666 0.2861111111111111
2 0.5921875 0.43796296296296294 0.6364583333333333 0.43796296296296294 0.6364583333333333 0.47314814814814815 0.5921875 0.47314814814814815
2 0.6359375 0.41759259259259257 0.6755208333333333 0.41759259259259257 0.6755208333333333 0.4425925925925926 0.6359375 0.4425925925925926
2 0.6447916666666667 0.44907407407407407 0.6807291666666667 0.44907407407407407 0.6807291666666667 0.4722222222222222 0.6447916666666667 0.4722222222222222
2 0.6380208333333334 0.3685185185185185 0.6703125 0.3685185185185185 0.6703125 0.3925925925925926 0.6380208333333334 0.3925925925925926
2 0.6484375 0.3527777777777778 0.675 0.3527777777777778 0.675 0.36944444444444446 0.6484375 0.36944444444444446
2 0.6588541666666666 0.33425925925925926 0.6822916666666666 0.33425925925925926 0.6822916666666666 0.3509259259259259 0.6588541666666666 0.3509259259259259
2 0.6416666666666667 0.30185185185185187 0.6786458333333333 0.30185185185185187 0.6786458333333333 0.32685185185185184 0.6416666666666667 0.32685185185185184
2 0.671875 0.43425925925925923 0.6953125 0.43425925925925923 0.6953125 0.4564814814814815 0.671875 0.4564814814814815
2 0.6692708333333334 0.4 0.69375 0.4 0.69375 0.41388888888888886 0.6692708333333334 0.41388888888888886
2 0.6791666666666667 0.3861111111111111 0.7 0.3861111111111111 0.7 0.3972222222222222 0.6791666666666667 0.3972222222222222
2 0.690625 0.4222222222222222 0.7114583333333333 0.4222222222222222 0.7114583333333333 0.43703703703703706 0.690625 0.43703703703703706
2 0.69375 0.39444444444444443 0.7166666666666667 0.39444444444444443 0.7166666666666667 0.41574074074074074 0.69375 0.41574074074074074
2 0.6942708333333333 0.4981481481481482 0.7197916666666667 0.4981481481481482 0.7197916666666667 0.5185185185185185 0.6942708333333333 0.5185185185185185
2 0.696875 0.6601851851851852 0.7166666666666667 0.6601851851851852 0.7166666666666667 0.6759259259259259 0.696875 0.6759259259259259
2 0.6651041666666667 0.6537037037037037 0.6963541666666667 0.6537037037037037 0.6963541666666667 0.6805555555555556 0.6651041666666667 0.6805555555555556
2 0.6453125 0.6953703703703704 0.6796875 0.6953703703703704 0.6796875 0.7157407407407408 0.6453125 0.7157407407407408
2 0.66875 0.7083333333333334 0.6953125 0.7083333333333334 0.6953125 0.7361111111111112 0.66875 0.7361111111111112