1 0.14114583333333333 0.31851851851851853 0.27291666666666664 0.31851851851851853 0.27291666666666664 0.4925925925925926 0.14114583333333333 0.4925925925925926
1 0.3255208333333333 0.1685185185185185 0.3927083333333333 0.1685185185185185 0.3927083333333333 0.23148148148148148 0.3255208333333333 0.23148148148148148
2 0.2635416666666667 0.5351851851851852 0.3171875 0.5351851851851852 0.3171875 0.687037037037037 0.2635416666666667 0.687037037037037
2 0.41041666666666665 0.18055555555555555 0.4296875 0.18055555555555555 0.4296875 0.23148148148148148 0.41041666666666665 0.23148148148148148
2 0.65625 0.18888888888888888 0.6744791666666666 0.18888888888888888 0.6744791666666666 0.2351851851851852 0.65625 0.2351851851851852
2 0.6640625 0.32685185185185184 0.6994791666666667 0.32685185185185184 0.6994791666666667 0.42407407407407405 0.6640625 0.42407407407407405
2 0.5859375 0.2111111111111111 0.6078125 0.2111111111111111 0.6078125 0.275 0.5859375 0.275
2 0.6182291666666667 0.1648148148148148 0.6380208333333334 0.1648148148148148 0.6380208333333334 0.2101851851851852 0.6182291666666667 0.2101851851851852
2 0.5395833333333333 0.09907407407407408 0.5526041666666667 0.09907407407407408 0.5526041666666667 0.13055555555555556 0.5395833333333333 0.13055555555555556
2 0.7307291666666667 0.524074074074074 0.78125 0.524074074074074 0.78125 0.6777777777777778 0.7307291666666667 0.6777777777777778
2 0.42604166666666665 0.22870370370370371 0.4510416666666667 0.22870370370370371 0.4510416666666667 0.2972222222222222 0.42604166666666665 0.2972222222222222
2 0.6083333333333333 0.27870370370370373 0.6359375 0.27870370370370373 0.6359375 0.3574074074074074 0.6083333333333333 0.3574074074074074
2 0.07291666666666667 0.7537037037037037 0.159375 0.7537037037037037 0.159375 0.9592592592592593 0.07291666666666667 0.9592592592592593
2 0.5901041666666667 0.10555555555555556 0.6041666666666666 0.10555555555555556 0.6041666666666666 0.1388888888888889 0.5901041666666667 0.1388888888888889
2 0.615625 0.22962962962962963 0.640625 0.22962962962962963 0.640625 0.2916666666666667 0.615625 0.2916666666666667
2 0.5552083333333333 0.16574074074074074 0.5833333333333334 0.16574074074074074 0.5833333333333334 0.225 0.5552083333333333 0.225
2 0.46041666666666664 0.20833333333333334 0.4822916666666667 0.20833333333333334 0.4822916666666667 0.2712962962962963 0.46041666666666664 0.2712962962962963
2 0.36770833333333336 0.3398148148148148 0.3875 0.3398148148148148 0.3875 0.4527777777777778 0.36770833333333336 0.4527777777777778
2 0.3848958333333333 0.4074074074074074 0.41510416666666666 0.4074074074074074 0.41510416666666666 0.5407407407407407 0.3848958333333333 0.5407407407407407
2 0.7583333333333333 0.4166666666666667 0.7953125 0.4166666666666667 0.7953125 0.5546296296296296 0.7583333333333333 0.5546296296296296
2 0.9442708333333333 0.7305555555555555 1 0.7305555555555555 1 0.9685185185185186 0.9442708333333333 0.9685185185185186