1 0.14375 0.3333333333333333 0.26614583333333336 0.3333333333333333 0.26614583333333336 0.5120370370370371 0.14375 0.5120370370370371
1 0.4015625 0.32592592592592595 0.4744791666666667 0.32592592592592595 0.4744791666666667 0.4666666666666667 0.4015625 0.4666666666666667
1 0.33125 0.18425925925925926 0.3885416666666667 0.18425925925925926 0.3885416666666667 0.24814814814814815 0.33125 0.24814814814814815
1 0.55 0.14444444444444443 0.5859375 0.14444444444444443 0.5859375 0.20277777777777778 0.55 0.20277777777777778
1 0.6588541666666666 0.13518518518518519 0.703125 0.13518518518518519 0.703125 0.17592592592592593 0.6588541666666666 0.17592592592592593
2 0.328125 0.2916666666666667 0.36041666666666666 0.2916666666666667 0.36041666666666666 0.39166666666666666 0.328125 0.39166666666666666
2 0.45 0.21388888888888888 0.46979166666666666 0.21388888888888888 0.46979166666666666 0.27870370370370373 0.45 0.27870370370370373
2 0.8223958333333333 0.6018518518518519 0.8942708333333333 0.6018518518518519 0.8942708333333333 0.85 0.8223958333333333 0.85
2 0.016666666666666666 0.7361111111111112 0.078125 0.7361111111111112 0.078125 0.899074074074074 0.016666666666666666 0.899074074074074
2 0.1703125 0.675 0.2328125 0.675 0.2328125 0.9046296296296297 0.1703125 0.9046296296296297
2 0.20104166666666667 0.7944444444444444 0.27760416666666665 0.7944444444444444 0.27760416666666665 0.9694444444444444 0.20104166666666667 0.9694444444444444
2 0.26197916666666665 0.3990740740740741 0.30104166666666665 0.3990740740740741 0.30104166666666665 0.5481481481481482 0.26197916666666665 0.5481481481481482
2 0.3026041666666667 0.46944444444444444 0.34479166666666666 0.46944444444444444 0.34479166666666666 0.6277777777777778 0.3026041666666667 0.6277777777777778
2 0.3859375 0.27685185185185185 0.40572916666666664 0.27685185185185185 0.40572916666666664 0.36944444444444446 0.3859375 0.36944444444444446
2 0.37552083333333336 0.22037037037037038 0.39375 0.22037037037037038 0.39375 0.26944444444444443 0.37552083333333336 0.26944444444444443
2 0.4171875 0.19444444444444445 0.4375 0.19444444444444445 0.4375 0.2722222222222222 0.4171875 0.2722222222222222
2 0.4046875 0.16574074074074074 0.4197916666666667 0.16574074074074074 0.4197916666666667 0.22685185185185186 0.4046875 0.22685185185185186
2 0.403125 0.125 0.415625 0.125 0.415625 0.16574074074074074 0.403125 0.16574074074074074
2 0.4348958333333333 0.15092592592592594 0.446875 0.15092592592592594 0.446875 0.19814814814814816 0.4348958333333333 0.19814814814814816
2 0.45989583333333334 0.14537037037037037 0.46822916666666664 0.14537037037037037 0.46822916666666664 0.19537037037037036 0.45989583333333334 0.19537037037037036
2 0.47291666666666665 0.13703703703703704 0.4817708333333333 0.13703703703703704 0.4817708333333333 0.175 0.47291666666666665 0.175
2 0.4942708333333333 0.12962962962962962 0.5041666666666667 0.12962962962962962 0.5041666666666667 0.1638888888888889 0.4942708333333333 0.1638888888888889
2 0.5229166666666667 0.17777777777777778 0.5619791666666667 0.17777777777777778 0.5619791666666667 0.24166666666666667 0.5229166666666667 0.24166666666666667
2 0.6046875 0.15648148148148147 0.6229166666666667 0.15648148148148147 0.6229166666666667 0.20925925925925926 0.6046875 0.20925925925925926
2 0.7354166666666667 0.35648148148148145 0.7682291666666666 0.35648148148148145 0.7682291666666666 0.45185185185185184 0.7354166666666667 0.45185185185185184
2 0.4395833333333333 0.1287037037037037 0.45260416666666664 0.1287037037037037 0.45260416666666664 0.1648148148148148 0.4395833333333333 0.1648148148148148