1 0.484375 0 0.5822916666666667 0 0.5822916666666667 0.06388888888888888 0.484375 0.06388888888888888
1 0.4890625 0.6074074074074074 0.5708333333333333 0.6074074074074074 0.5708333333333333 0.7694444444444445 0.4890625 0.7694444444444445
1 0.38229166666666664 0.16666666666666666 0.49947916666666664 0.16666666666666666 0.49947916666666664 0.37037037037037035 0.38229166666666664 0.37037037037037035
1 0.6567708333333333 0.4046296296296296 0.6869791666666667 0.4046296296296296 0.6869791666666667 0.4638888888888889 0.6567708333333333 0.4638888888888889
1 0.6286458333333333 0.17685185185185184 0.6651041666666667 0.17685185185185184 0.6651041666666667 0.28055555555555556 0.6286458333333333 0.28055555555555556
1 0.6390625 0.5555555555555556 0.671875 0.5555555555555556 0.671875 0.6185185185185185 0.6390625 0.6185185185185185
1 0.6682291666666667 0.7555555555555555 0.6916666666666667 0.7555555555555555 0.6916666666666667 0.837037037037037 0.6682291666666667 0.837037037037037
2 0.3515625 0 0.43645833333333334 0 0.43645833333333334 0.06111111111111111 0.3515625 0.06111111111111111
2 0.278125 0.2851851851851852 0.40729166666666666 0.2851851851851852 0.40729166666666666 0.38055555555555554 0.278125 0.38055555555555554
2 0.4921875 0.10555555555555556 0.5661458333333333 0.10555555555555556 0.5661458333333333 0.1574074074074074 0.4921875 0.1574074074074074
2 0.478125 0.16111111111111112 0.5390625 0.16111111111111112 0.5390625 0.21666666666666667 0.478125 0.21666666666666667
2 0.5442708333333334 0.16296296296296298 0.5953125 0.16296296296296298 0.5953125 0.20092592592592592 0.5442708333333334 0.20092592592592592
2 0.525 0.22777777777777777 0.5875 0.22777777777777777 0.5875 0.25833333333333336 0.525 0.25833333333333336
2 0.5661458333333333 0.2175925925925926 0.6119791666666666 0.2175925925925926 0.6119791666666666 0.2462962962962963 0.5661458333333333 0.2462962962962963
2 0.5588541666666667 0.31203703703703706 0.6166666666666667 0.31203703703703706 0.6166666666666667 0.3527777777777778 0.5588541666666667 0.3527777777777778
2 0.5458333333333333 0.362962962962963 0.6119791666666666 0.362962962962963 0.6119791666666666 0.4111111111111111 0.5458333333333333 0.4111111111111111
2 0.5703125 0.41574074074074074 0.6255208333333333 0.41574074074074074 0.6255208333333333 0.4601851851851852 0.5703125 0.4601851851851852
2 0.5734375 0.2722222222222222 0.6234375 0.2722222222222222 0.6234375 0.31203703703703706 0.5734375 0.31203703703703706
2 0.6020833333333333 0.2175925925925926 0.6447916666666667 0.2175925925925926 0.6447916666666667 0.2537037037037037 0.6020833333333333 0.2537037037037037
2 0.5927083333333333 0.2490740740740741 0.6354166666666666 0.2490740740740741 0.6354166666666666 0.2722222222222222 0.5927083333333333 0.2722222222222222
2 0.6244791666666667 0.3111111111111111 0.6552083333333333 0.3111111111111111 0.6552083333333333 0.3416666666666667 0.6244791666666667 0.3416666666666667
2 0.6046875 0.32222222222222224 0.6364583333333333 0.32222222222222224 0.6364583333333333 0.3527777777777778 0.6046875 0.3527777777777778
2 0.6208333333333333 0.36666666666666664 0.6526041666666667 0.36666666666666664 0.6526041666666667 0.38796296296296295 0.6208333333333333 0.38796296296296295
2 0.6338541666666667 0.337037037037037 0.6692708333333334 0.337037037037037 0.6692708333333334 0.3685185185185185 0.6338541666666667 0.3685185185185185
2 0.6541666666666667 0.3685185185185185 0.6822916666666666 0.3685185185185185 0.6822916666666666 0.37962962962962965 0.6541666666666667 0.37962962962962965
2 0.6588541666666666 0.3277777777777778 0.6838541666666667 0.3277777777777778 0.6838541666666667 0.35185185185185186 0.6588541666666666 0.35185185185185186
2 0.6328125 0.48055555555555557 0.6692708333333334 0.48055555555555557 0.6692708333333334 0.5314814814814814 0.6328125 0.5314814814814814
2 0.6052083333333333 0.6546296296296297 0.6442708333333333 0.6546296296296297 0.6442708333333333 0.6953703703703704 0.6052083333333333 0.6953703703703704
2 0.6171875 0.7092592592592593 0.6583333333333333 0.7092592592592593 0.6583333333333333 0.7453703703703703 0.6171875 0.7453703703703703
2 0.6416666666666667 0.6814814814814815 0.6708333333333333 0.6814814814814815 0.6708333333333333 0.7148148148148148 0.6416666666666667 0.7148148148148148
2 0.6505208333333333 0.6175925925925926 0.6796875 0.6175925925925926 0.6796875 0.6574074074074074 0.6505208333333333 0.6574074074074074
2 0.6604166666666667 0.6509259259259259 0.6833333333333333 0.6509259259259259 0.6833333333333333 0.6777777777777778 0.6604166666666667 0.6777777777777778