1 0.14375 0.3138888888888889 0.2708333333333333 0.3138888888888889 0.2708333333333333 0.487962962962963 0.14375 0.487962962962963
1 0.32395833333333335 0.17407407407407408 0.390625 0.17407407407407408 0.390625 0.2351851851851852 0.32395833333333335 0.2351851851851852
2 0.8432291666666667 0.7777777777777778 0.9203125 0.7777777777777778 0.9203125 0.9981481481481481 0.8432291666666667 0.9981481481481481
2 0.8239583333333333 0.5472222222222223 0.88125 0.5472222222222223 0.88125 0.6981481481481482 0.8239583333333333 0.6981481481481482
2 0.7057291666666666 0.42407407407407405 0.7442708333333333 0.42407407407407405 0.7442708333333333 0.537962962962963 0.7057291666666666 0.537962962962963
2 0.5864583333333333 0.2518518518518518 0.6130208333333333 0.2518518518518518 0.6130208333333333 0.3333333333333333 0.5864583333333333 0.3333333333333333
2 0.40625 0.3074074074074074 0.4421875 0.3074074074074074 0.4421875 0.412962962962963 0.40625 0.412962962962963
2 0.6005208333333333 0.17407407407407408 0.6255208333333333 0.17407407407407408 0.6255208333333333 0.22407407407407406 0.6005208333333333 0.22407407407407406
2 0.10885416666666667 0.8814814814814815 0.19114583333333332 0.8814814814814815 0.19114583333333332 1 0.10885416666666667 1
2 0.3390625 0.3712962962962963 0.37864583333333335 0.3712962962962963 0.37864583333333335 0.4935185185185185 0.3390625 0.4935185185185185
2 0.23020833333333332 0.5324074074074074 0.28072916666666664 0.5324074074074074 0.28072916666666664 0.6898148148148148 0.23020833333333332 0.6898148148148148
2 0.628125 0.36018518518518516 0.6651041666666667 0.36018518518518516 0.6651041666666667 0.46574074074074073 0.628125 0.46574074074074073
2 0.6427083333333333 0.18796296296296297 0.6661458333333333 0.18796296296296297 0.6661458333333333 0.24814814814814815 0.6427083333333333 0.24814814814814815
2 0.5020833333333333 0.16111111111111112 0.53125 0.16111111111111112 0.53125 0.22777777777777777 0.5020833333333333 0.22777777777777777
2 0.6364583333333333 0.2675925925925926 0.659375 0.2675925925925926 0.659375 0.34629629629629627 0.6364583333333333 0.34629629629629627
2 0.5557291666666667 0.19074074074074074 0.584375 0.19074074074074074 0.584375 0.26296296296296295 0.5557291666666667 0.26296296296296295
2 0.4401041666666667 0.1712962962962963 0.459375 0.1712962962962963 0.459375 0.23981481481481481 0.4401041666666667 0.23981481481481481
2 0.4661458333333333 0.15092592592592594 0.48020833333333335 0.15092592592592594 0.48020833333333335 0.22592592592592592 0.4661458333333333 0.22592592592592592
2 0.41822916666666665 0.14629629629629629 0.43697916666666664 0.14629629629629629 0.43697916666666664 0.21203703703703702 0.41822916666666665 0.21203703703703702
2 0.3854166666666667 0.27685185185185185 0.409375 0.27685185185185185 0.409375 0.36574074074074076 0.3854166666666667 0.36574074074074076