1 0.1359375 0.3416666666666667 0.25885416666666666 0.3416666666666667 0.25885416666666666 0.525 0.1359375 0.525
1 0.5520833333333334 0.21388888888888888 0.6020833333333333 0.21388888888888888 0.6020833333333333 0.29907407407407405 0.5520833333333334 0.29907407407407405
1 0.32708333333333334 0.19444444444444445 0.3859375 0.19444444444444445 0.3859375 0.25833333333333336 0.32708333333333334 0.25833333333333336
1 0.4322916666666667 0.21574074074074073 0.4791666666666667 0.21574074074074073 0.4791666666666667 0.2935185185185185 0.4322916666666667 0.2935185185185185
1 0.5276041666666667 0.14166666666666666 0.5572916666666666 0.14166666666666666 0.5572916666666666 0.18518518518518517 0.5276041666666667 0.18518518518518517
1 0.6489583333333333 0.14722222222222223 0.6994791666666667 0.14722222222222223 0.6994791666666667 0.1925925925925926 0.6489583333333333 0.1925925925925926
2 0.14322916666666666 0.5666666666666667 0.1921875 0.5666666666666667 0.1921875 0.7074074074074074 0.14322916666666666 0.7074074074074074
2 0.1703125 0.7296296296296296 0.23802083333333332 0.7296296296296296 0.23802083333333332 0.9666666666666667 0.1703125 0.9666666666666667
2 0.28229166666666666 0.7574074074074074 0.33541666666666664 0.7574074074074074 0.33541666666666664 0.9805555555555555 0.28229166666666666 0.9805555555555555
2 0.215625 0.5768518518518518 0.2640625 0.5768518518518518 0.2640625 0.7138888888888889 0.215625 0.7138888888888889
2 0.29270833333333335 0.4962962962962963 0.33697916666666666 0.4962962962962963 0.33697916666666666 0.6666666666666666 0.29270833333333335 0.6666666666666666
2 0.26510416666666664 0.37962962962962965 0.29322916666666665 0.37962962962962965 0.29322916666666665 0.5138888888888888 0.26510416666666664 0.5138888888888888
2 0.328125 0.4083333333333333 0.3567708333333333 0.4083333333333333 0.3567708333333333 0.5092592592592593 0.328125 0.5092592592592593
2 0.3489583333333333 0.34444444444444444 0.37395833333333334 0.34444444444444444 0.37395833333333334 0.4388888888888889 0.3489583333333333 0.4388888888888889
2 0.38697916666666665 0.3416666666666667 0.41510416666666666 0.3416666666666667 0.41510416666666666 0.45 0.38697916666666665 0.45
2 0.36666666666666664 0.25555555555555554 0.38333333333333336 0.25555555555555554 0.38333333333333336 0.3333333333333333 0.36666666666666664 0.3333333333333333
2 0.3802083333333333 0.21296296296296297 0.3932291666666667 0.21296296296296297 0.3932291666666667 0.27037037037037037 0.3802083333333333 0.27037037037037037
2 0.39739583333333334 0.24166666666666667 0.42083333333333334 0.24166666666666667 0.42083333333333334 0.31296296296296294 0.39739583333333334 0.31296296296296294
2 0.409375 0.1638888888888889 0.41875 0.1638888888888889 0.41875 0.21203703703703702 0.409375 0.21203703703703702
2 0.42239583333333336 0.18425925925925926 0.43125 0.18425925925925926 0.43125 0.24166666666666667 0.42239583333333336 0.24166666666666667
2 0.4322916666666667 0.14907407407407408 0.44375 0.14907407407407408 0.44375 0.2064814814814815 0.4322916666666667 0.2064814814814815
2 0.44583333333333336 0.15 0.4552083333333333 0.15 0.4552083333333333 0.20277777777777778 0.44583333333333336 0.20277777777777778
2 0.4640625 0.15 0.47552083333333334 0.15 0.47552083333333334 0.19907407407407407 0.4640625 0.19907407407407407
2 0.5052083333333334 0.18703703703703703 0.525 0.18703703703703703 0.525 0.2462962962962963 0.5052083333333334 0.2462962962962963
2 0.6421875 0.2953703703703704 0.6682291666666667 0.2953703703703704 0.6682291666666667 0.37222222222222223 0.6421875 0.37222222222222223
2 0.8177083333333334 0.5231481481481481 0.8588541666666667 0.5231481481481481 0.8588541666666667 0.6925925925925925 0.8177083333333334 0.6925925925925925
2 0.5682291666666667 0.1527777777777778 0.5807291666666666 0.1527777777777778 0.5807291666666666 0.19444444444444445 0.5682291666666667 0.19444444444444445
2 0.5895833333333333 0.15 0.5973958333333333 0.15 0.5973958333333333 0.19537037037037036 0.5895833333333333 0.19537037037037036
2 0.58125 0.13796296296296295 0.5895833333333333 0.13796296296296295 0.5895833333333333 0.1675925925925926 0.58125 0.1675925925925926
2 0.421875 0.13333333333333333 0.4348958333333333 0.13333333333333333 0.4348958333333333 0.17685185185185184 0.421875 0.17685185185185184
2 0.4010416666666667 0.11944444444444445 0.41302083333333334 0.11944444444444445 0.41302083333333334 0.1527777777777778 0.4010416666666667 0.1527777777777778
2 0.4473958333333333 0.12962962962962962 0.45364583333333336 0.12962962962962962 0.45364583333333336 0.14907407407407408 0.4473958333333333 0.14907407407407408