1 0.49583333333333335 0 0.5958333333333333 0 0.5958333333333333 0.08611111111111111 0.49583333333333335 0.08611111111111111
1 0.6447916666666667 0.2 0.6802083333333333 0.2 0.6802083333333333 0.3037037037037037 0.6447916666666667 0.3037037037037037
2 0.5473958333333333 0.8157407407407408 0.6078125 0.8157407407407408 0.6078125 0.8472222222222222 0.5473958333333333 0.8472222222222222
2 0.43802083333333336 0.026851851851851852 0.5385416666666667 0.026851851851851852 0.5385416666666667 0.09166666666666666 0.43802083333333336 0.09166666666666666
2 0.40520833333333334 0.08981481481481482 0.49947916666666664 0.08981481481481482 0.49947916666666664 0.17314814814814813 0.40520833333333334 0.17314814814814813
2 0.5484375 0.20277777777777778 0.6130208333333333 0.20277777777777778 0.6130208333333333 0.24722222222222223 0.5484375 0.24722222222222223
2 0.5213541666666667 0.32222222222222224 0.5890625 0.32222222222222224 0.5890625 0.37037037037037035 0.5213541666666667 0.37037037037037035
2 0.578125 0.3648148148148148 0.6354166666666666 0.3648148148148148 0.6354166666666666 0.4046296296296296 0.578125 0.4046296296296296
2 0.5713541666666667 0.3 0.6203125 0.3 0.6203125 0.33796296296296297 0.5713541666666667 0.33796296296296297
2 0.6010416666666667 0.27685185185185185 0.6494791666666667 0.27685185185185185 0.6494791666666667 0.30462962962962964 0.6010416666666667 0.30462962962962964
2 0.6036458333333333 0.7870370370370371 0.6463541666666667 0.7870370370370371 0.6463541666666667 0.8231481481481482 0.6036458333333333 0.8231481481481482
2 0.6401041666666667 0.7351851851851852 0.68125 0.7351851851851852 0.68125 0.7601851851851852 0.6401041666666667 0.7601851851851852
2 0.65 0.6231481481481481 0.68125 0.6231481481481481 0.68125 0.6805555555555556 0.65 0.6805555555555556
2 0.6557291666666667 0.5898148148148148 0.684375 0.5898148148148148 0.684375 0.6277777777777778 0.6557291666666667 0.6277777777777778
2 0.634375 0.38333333333333336 0.671875 0.38333333333333336 0.671875 0.41574074074074074 0.634375 0.41574074074074074
2 0.64375 0.34814814814814815 0.6744791666666666 0.34814814814814815 0.6744791666666666 0.36944444444444446 0.64375 0.36944444444444446
2 0.675 0.3351851851851852 0.7010416666666667 0.3351851851851852 0.7010416666666667 0.35 0.675 0.35
2 0.6755208333333333 0.35833333333333334 0.7 0.35833333333333334 0.7 0.3731481481481482 0.6755208333333333 0.3731481481481482
2 0.665625 0.37037037037037035 0.69375 0.37037037037037035 0.69375 0.3888888888888889 0.665625 0.3888888888888889
2 0.6552083333333333 0.4305555555555556 0.6859375 0.4305555555555556 0.6859375 0.44537037037037036 0.6552083333333333 0.44537037037037036
2 0.6515625 0.47129629629629627 0.6838541666666667 0.47129629629629627 0.6838541666666667 0.48703703703703705 0.6515625 0.48703703703703705
2 0.6609375 0.3962962962962963 0.6828125 0.3962962962962963 0.6828125 0.4185185185185185 0.6609375 0.4185185185185185
2 0.6859375 0.4740740740740741 0.7057291666666666 0.4740740740740741 0.7057291666666666 0.49722222222222223 0.6859375 0.49722222222222223
2 0.6947916666666667 0.45740740740740743 0.7119791666666667 0.45740740740740743 0.7119791666666667 0.4685185185185185 0.6947916666666667 0.4685185185185185
2 0.6911458333333333 0.4305555555555556 0.709375 0.4305555555555556 0.709375 0.4398148148148148 0.6911458333333333 0.4398148148148148
2 0.6796875 0.41574074074074074 0.7052083333333333 0.41574074074074074 0.7052083333333333 0.42592592592592593 0.6796875 0.42592592592592593
2 0.6864583333333333 0.39166666666666666 0.7072916666666667 0.39166666666666666 0.7072916666666667 0.40555555555555556 0.6864583333333333 0.40555555555555556
2 0.7041666666666667 0.4046296296296296 0.7166666666666667 0.4046296296296296 0.7166666666666667 0.41574074074074074 0.7041666666666667 0.41574074074074074
2 0.690625 0.6462962962962963 0.7192708333333333 0.6462962962962963 0.7192708333333333 0.6648148148148149 0.690625 0.6648148148148149
1 0.6817708333333333 0.7814814814814814 0.7072916666666667 0.7814814814814814 0.7072916666666667 0.875 0.6817708333333333 0.875
1 0.6875 0.5768518518518518 0.7171875 0.5768518518518518 0.7171875 0.6351851851851852 0.6875 0.6351851851851852
1 0.21875 0.06851851851851852 0.44166666666666665 0.06851851851851852 0.44166666666666665 0.4046296296296296 0.21875 0.4046296296296296