1 0.584375 0.5851851851851851 0.7473958333333334 0.5851851851851851 0.7473958333333334 0.8629629629629629 0.584375 0.8629629629629629
1 0.12083333333333333 0.36018518518518516 0.24947916666666667 0.36018518518518516 0.24947916666666667 0.5416666666666666 0.12083333333333333 0.5416666666666666
1 0.534375 0.24166666666666667 0.5786458333333333 0.24166666666666667 0.5786458333333333 0.3138888888888889 0.534375 0.3138888888888889
1 0.375 0.3453703703703704 0.4421875 0.3453703703703704 0.4421875 0.45925925925925926 0.375 0.45925925925925926
1 0.31354166666666666 0.21388888888888888 0.3703125 0.21388888888888888 0.3703125 0.2777777777777778 0.31354166666666666 0.2777777777777778
1 0.4510416666666667 0.15555555555555556 0.4817708333333333 0.15555555555555556 0.4817708333333333 0.20092592592592592 0.4510416666666667 0.20092592592592592
2 0.2109375 0.5 0.26145833333333335 0.5 0.26145833333333335 0.6138888888888889 0.2109375 0.6138888888888889
2 0.6458333333333334 0.29259259259259257 0.6677083333333333 0.29259259259259257 0.6677083333333333 0.37777777777777777 0.6458333333333334 0.37777777777777777
2 0.3416666666666667 0.32407407407407407 0.3625 0.32407407407407407 0.3625 0.3824074074074074 0.3416666666666667 0.3824074074074074
1 0.6427083333333333 0.1685185185185185 0.6859375 0.1685185185185185 0.6859375 0.20925925925925926 0.6427083333333333 0.20925925925925926
2 0.30364583333333334 0.41388888888888886 0.33541666666666664 0.41388888888888886 0.33541666666666664 0.5046296296296297 0.30364583333333334 0.5046296296296297
2 0.203125 0.4583333333333333 0.23645833333333333 0.4583333333333333 0.23645833333333333 0.5666666666666667 0.203125 0.5666666666666667
2 0.42916666666666664 0.42592592592592593 0.46770833333333334 0.42592592592592593 0.46770833333333334 0.5518518518518518 0.42916666666666664 0.5518518518518518
2 0.378125 0.29814814814814816 0.40208333333333335 0.29814814814814816 0.40208333333333335 0.36944444444444446 0.378125 0.36944444444444446
2 0.3614583333333333 0.2601851851851852 0.375 0.2601851851851852 0.375 0.31851851851851853 0.3614583333333333 0.31851851851851853
2 0.36770833333333336 0.21851851851851853 0.3802083333333333 0.21851851851851853 0.3802083333333333 0.27037037037037037 0.36770833333333336 0.27037037037037037
2 0.3765625 0.22314814814814815 0.3890625 0.22314814814814815 0.3890625 0.28055555555555556 0.3765625 0.28055555555555556
2 0.38385416666666666 0.2351851851851852 0.40208333333333335 0.2351851851851852 0.40208333333333335 0.2972222222222222 0.38385416666666666 0.2972222222222222
2 0.40729166666666666 0.225 0.4197916666666667 0.225 0.4197916666666667 0.2851851851851852 0.40729166666666666 0.2851851851851852
2 0.4515625 0.21851851851851853 0.46510416666666665 0.21851851851851853 0.46510416666666665 0.28425925925925927 0.4515625 0.28425925925925927
2 0.43854166666666666 0.25 0.4515625 0.25 0.4515625 0.32037037037037036 0.43854166666666666 0.32037037037037036
2 0.42604166666666665 0.23333333333333334 0.43854166666666666 0.23333333333333334 0.43854166666666666 0.3 0.42604166666666665 0.3
2 0.40625 0.20277777777777778 0.41770833333333335 0.20277777777777778 0.41770833333333335 0.23796296296296296 0.40625 0.23796296296296296
2 0.409375 0.16296296296296298 0.4197916666666667 0.16296296296296298 0.4197916666666667 0.20462962962962963 0.409375 0.20462962962962963
2 0.4270833333333333 0.1925925925925926 0.44114583333333335 0.1925925925925926 0.44114583333333335 0.23703703703703705 0.4270833333333333 0.23703703703703705
2 0.421875 0.1787037037037037 0.43072916666666666 0.1787037037037037 0.43072916666666666 0.21944444444444444 0.421875 0.21944444444444444
2 0.4765625 0.20092592592592592 0.4864583333333333 0.20092592592592592 0.4864583333333333 0.24722222222222223 0.4765625 0.24722222222222223
2 0.48802083333333335 0.2074074074074074 0.5098958333333333 0.2074074074074074 0.5098958333333333 0.26666666666666666 0.48802083333333335 0.26666666666666666
2 0.5869791666666667 0.2111111111111111 0.6005208333333333 0.2111111111111111 0.6005208333333333 0.2657407407407407 0.5869791666666667 0.2657407407407407
2 0.5473958333333333 0.15833333333333333 0.55625 0.15833333333333333 0.55625 0.19907407407407407 0.5473958333333333 0.19907407407407407
2 0.5541666666666667 0.16574074074074074 0.5635416666666667 0.16574074074074074 0.5635416666666667 0.20833333333333334 0.5541666666666667 0.20833333333333334
2 0.5661458333333333 0.15092592592592594 0.5755208333333334 0.15092592592592594 0.5755208333333334 0.19074074074074074 0.5661458333333333 0.19074074074074074
2 0.5791666666666667 0.15092592592592594 0.5880208333333333 0.15092592592592594 0.5880208333333333 0.19166666666666668 0.5791666666666667 0.19166666666666668
2 0.5817708333333333 0.18425925925925926 0.59375 0.18425925925925926 0.59375 0.22407407407407406 0.5817708333333333 0.22407407407407406
2 0.6302083333333334 0.2518518518518518 0.646875 0.2518518518518518 0.646875 0.3175925925925926 0.6302083333333334 0.3175925925925926
2 0.6223958333333334 0.3425925925925926 0.6447916666666667 0.3425925925925926 0.6447916666666667 0.43703703703703706 0.6223958333333334 0.43703703703703706
2 0.5984375 0.20185185185185187 0.609375 0.20185185185185187 0.609375 0.24722222222222223 0.5984375 0.24722222222222223
2 0.5375 0.14166666666666666 0.5442708333333334 0.14166666666666666 0.5442708333333334 0.18055555555555555 0.5375 0.18055555555555555
1 0.5119791666666667 0.14444444444444443 0.5359375 0.14444444444444443 0.5359375 0.18888888888888888 0.5119791666666667 0.18888888888888888