1 0.1484375 0.32407407407407407 0.27291666666666664 0.32407407407407407 0.27291666666666664 0.49907407407407406 0.1484375 0.49907407407407406
1 0.4296875 0.2351851851851852 0.4828125 0.2351851851851852 0.4828125 0.32222222222222224 0.4296875 0.32222222222222224
1 0.3229166666666667 0.17592592592592593 0.390625 0.17592592592592593 0.390625 0.2388888888888889 0.3229166666666667 0.2388888888888889
2 0 0.6407407407407407 0.05260416666666667 0.6407407407407407 0.05260416666666667 0.8296296296296296 0 0.8296296296296296
2 0.0890625 0.7546296296296297 0.1671875 0.7546296296296297 0.1671875 0.9953703703703703 0.0890625 0.9953703703703703
2 0.8796875 0.537962962962963 0.9463541666666667 0.537962962962963 0.9463541666666667 0.7074074074074074 0.8796875 0.7074074074074074
2 0.7083333333333334 0.3138888888888889 0.7421875 0.3138888888888889 0.7421875 0.4111111111111111 0.7083333333333334 0.4111111111111111
2 0.20208333333333334 0.5259259259259259 0.2604166666666667 0.5259259259259259 0.2604166666666667 0.687037037037037 0.20208333333333334 0.687037037037037
2 0.28072916666666664 0.7083333333333334 0.3515625 0.7083333333333334 0.3515625 0.937037037037037 0.28072916666666664 0.937037037037037
2 0.659375 0.29814814814814816 0.6911458333333333 0.29814814814814816 0.6911458333333333 0.38425925925925924 0.659375 0.38425925925925924
2 0.4010416666666667 0.26481481481481484 0.428125 0.26481481481481484 0.428125 0.3472222222222222 0.4010416666666667 0.3472222222222222
2 0.26979166666666665 0.3888888888888889 0.3098958333333333 0.3888888888888889 0.3098958333333333 0.5175925925925926 0.26979166666666665 0.5175925925925926
2 0.3625 0.4398148148148148 0.41302083333333334 0.4398148148148148 0.41302083333333334 0.5796296296296296 0.3625 0.5796296296296296
2 0.34270833333333334 0.32407407407407407 0.371875 0.32407407407407407 0.371875 0.41759259259259257 0.34270833333333334 0.41759259259259257
2 0.421875 0.20833333333333334 0.44114583333333335 0.20833333333333334 0.44114583333333335 0.2574074074074074 0.421875 0.2574074074074074
2 0.3609375 0.2712962962962963 0.38697916666666665 0.2712962962962963 0.38697916666666665 0.3453703703703704 0.3609375 0.3453703703703704
2 0.65 0.21388888888888888 0.678125 0.21388888888888888 0.678125 0.29074074074074074 0.65 0.29074074074074074
2 0.6197916666666666 0.2101851851851852 0.6427083333333333 0.2101851851851852 0.6427083333333333 0.2824074074074074 0.6197916666666666 0.2824074074074074
2 0.478125 0.13703703703703704 0.49166666666666664 0.13703703703703704 0.49166666666666664 0.17962962962962964 0.478125 0.17962962962962964
2 0.49635416666666665 0.17592592592592593 0.5151041666666667 0.17592592592592593 0.5151041666666667 0.22777777777777777 0.49635416666666665 0.22777777777777777
2 0.4161458333333333 0.14907407407407408 0.43125 0.14907407407407408 0.43125 0.18611111111111112 0.4161458333333333 0.18611111111111112
2 0.575 0.12037037037037036 0.590625 0.12037037037037036 0.590625 0.15462962962962962 0.575 0.15462962962962962
2 0.42604166666666665 0.17685185185185184 0.4432291666666667 0.17685185185185184 0.4432291666666667 0.21851851851851853 0.42604166666666665 0.21851851851851853
2 0.459375 0.15462962962962962 0.4744791666666667 0.15462962962962962 0.4744791666666667 0.19537037037037036 0.459375 0.19537037037037036
2 0.38333333333333336 0.3453703703703704 0.41302083333333334 0.3453703703703704 0.41302083333333334 0.43148148148148147 0.38333333333333336 0.43148148148148147
2 0.6072916666666667 0.13055555555555556 0.6223958333333334 0.13055555555555556 0.6223958333333334 0.17037037037037037 0.6072916666666667 0.17037037037037037
2 0.45260416666666664 0.18703703703703703 0.46927083333333336 0.18703703703703703 0.46927083333333336 0.22870370370370371 0.45260416666666664 0.22870370370370371
2 0.43697916666666664 0.14814814814814814 0.45260416666666664 0.14814814814814814 0.45260416666666664 0.1925925925925926 0.43697916666666664 0.1925925925925926
2 0.4515625 0.09351851851851851 0.4630208333333333 0.09351851851851851 0.4630208333333333 0.12129629629629629 0.4515625 0.12129629629629629