1 0.50625 0 0.6088541666666667 0 0.6088541666666667 0.08425925925925926 0.50625 0.08425925925925926
1 0.5625 0.725 0.6260416666666667 0.725 0.6260416666666667 0.862037037037037 0.5625 0.862037037037037
1 0.6703125 0.4074074074074074 0.7041666666666667 0.4074074074074074 0.7041666666666667 0.48148148148148145 0.6703125 0.48148148148148145
0 0.553125 0.14074074074074075 0.6760416666666667 0.14074074074074075 0.6760416666666667 0.3453703703703704 0.553125 0.3453703703703704
2 0.5010416666666667 0.34629629629629627 0.5703125 0.34629629629629627 0.5703125 0.41759259259259257 0.5010416666666667 0.41759259259259257
2 0.36614583333333334 0.13703703703703704 0.4630208333333333 0.13703703703703704 0.4630208333333333 0.22314814814814815 0.36614583333333334 0.22314814814814815
2 0.4765625 0.8231481481481482 0.5479166666666667 0.8231481481481482 0.5479166666666667 0.9 0.4765625 0.9
2 0.4739583333333333 0.9694444444444444 0.5453125 0.9694444444444444 0.5453125 1 0.4739583333333333 1
1 0.7130208333333333 0.55 0.7328125 0.55 0.7328125 0.5962962962962963 0.7130208333333333 0.5962962962962963
2 0.48072916666666665 0.18796296296296297 0.5489583333333333 0.18796296296296297 0.5489583333333333 0.25925925925925924 0.48072916666666665 0.25925925925925924
2 0.5859375 0.39814814814814814 0.6348958333333333 0.39814814814814814 0.6348958333333333 0.45740740740740743 0.5859375 0.45740740740740743
2 0.6921875 0.5842592592592593 0.715625 0.5842592592592593 0.715625 0.6101851851851852 0.6921875 0.6101851851851852
2 0.5489583333333333 0.9018518518518519 0.6036458333333333 0.9018518518518519 0.6036458333333333 0.962037037037037 0.5489583333333333 0.962037037037037
2 0.553125 0.6425925925925926 0.6109375 0.6425925925925926 0.6109375 0.7037037037037037 0.553125 0.7037037037037037
2 0.6578125 0.5083333333333333 0.6911458333333333 0.5083333333333333 0.6911458333333333 0.5509259259259259 0.6578125 0.5509259259259259
2 0.6395833333333333 0.6833333333333333 0.6765625 0.6833333333333333 0.6765625 0.7194444444444444 0.6395833333333333 0.7194444444444444