1 0.40677083333333336 0.9157407407407407 0.5072916666666667 0.9157407407407407 0.5072916666666667 1 0.40677083333333336 1
1 0.39010416666666664 0.5398148148148149 0.4666666666666667 0.5398148148148149 0.4666666666666667 0.6694444444444444 0.39010416666666664 0.6694444444444444
1 0.32447916666666665 0.6990740740740741 0.35885416666666664 0.6990740740740741 0.35885416666666664 0.8037037037037037 0.32447916666666665 0.8037037037037037
1 0.303125 0.3453703703703704 0.33697916666666666 0.3453703703703704 0.33697916666666666 0.40925925925925927 0.303125 0.40925925925925927
1 0.29583333333333334 0.1361111111111111 0.3177083333333333 0.1361111111111111 0.3177083333333333 0.21388888888888888 0.29583333333333334 0.21388888888888888
2 0.5588541666666667 0.9361111111111111 0.6802083333333333 0.9361111111111111 0.6802083333333333 1 0.5588541666666667 1
2 0.6005208333333333 0.8379629629629629 0.7302083333333333 0.8379629629629629 0.7302083333333333 0.95 0.6005208333333333 0.95
2 0.43020833333333336 0.825 0.4947916666666667 0.825 0.4947916666666667 0.8888888888888888 0.43020833333333336 0.8888888888888888
2 0.4557291666666667 0.7444444444444445 0.5192708333333333 0.7444444444444445 0.5192708333333333 0.8074074074074075 0.4557291666666667 0.8074074074074075
2 0.3723958333333333 0.7407407407407407 0.4322916666666667 0.7407407407407407 0.4322916666666667 0.7833333333333333 0.3723958333333333 0.7833333333333333
2 0.36666666666666664 0.6555555555555556 0.40260416666666665 0.6555555555555556 0.40260416666666665 0.6851851851851852 0.36666666666666664 0.6851851851851852
2 0.33645833333333336 0.6851851851851852 0.37552083333333336 0.6851851851851852 0.37552083333333336 0.7055555555555556 0.33645833333333336 0.7055555555555556
2 0.32760416666666664 0.6222222222222222 0.3697916666666667 0.6222222222222222 0.3697916666666667 0.6453703703703704 0.32760416666666664 0.6453703703703704
2 0.3109375 0.6388888888888888 0.34427083333333336 0.6388888888888888 0.34427083333333336 0.6592592592592592 0.3109375 0.6592592592592592
2 0.31979166666666664 0.575925925925926 0.3458333333333333 0.575925925925926 0.3458333333333333 0.5925925925925926 0.31979166666666664 0.5925925925925926
2 0.32864583333333336 0.5527777777777778 0.37552083333333336 0.5527777777777778 0.37552083333333336 0.5953703703703703 0.32864583333333336 0.5953703703703703
2 0.378125 0.13425925925925927 0.42291666666666666 0.13425925925925927 0.42291666666666666 0.17407407407407408 0.378125 0.17407407407407408
2 0.4270833333333333 0 0.49114583333333334 0 0.49114583333333334 0.04722222222222222 0.4270833333333333 0.04722222222222222
2 0.3145833333333333 0.28055555555555556 0.34270833333333334 0.28055555555555556 0.34270833333333334 0.30277777777777776 0.3145833333333333 0.30277777777777776
2 0.3255208333333333 0.40370370370370373 0.3515625 0.40370370370370373 0.3515625 0.44537037037037036 0.3255208333333333 0.44537037037037036
2 0.2875 0.6509259259259259 0.3098958333333333 0.6509259259259259 0.3098958333333333 0.6712962962962963 0.2875 0.6712962962962963
2 0.3026041666666667 0.5953703703703703 0.328125 0.5953703703703703 0.328125 0.6175925925925926 0.3026041666666667 0.6175925925925926
2 0.29270833333333335 0.5564814814814815 0.3234375 0.5564814814814815 0.3234375 0.5777777777777777 0.29270833333333335 0.5777777777777777
2 0.28958333333333336 0.5351851851851852 0.31302083333333336 0.5351851851851852 0.31302083333333336 0.5481481481481482 0.28958333333333336 0.5481481481481482
2 0.28958333333333336 0.49722222222222223 0.3098958333333333 0.49722222222222223 0.3098958333333333 0.5111111111111111 0.28958333333333336 0.5111111111111111