1 0.14375 0.32407407407407407 0.27239583333333334 0.32407407407407407 0.27239583333333334 0.49537037037037035 0.14375 0.49537037037037035
1 0.321875 0.17777777777777778 0.39114583333333336 0.17777777777777778 0.39114583333333336 0.2361111111111111 0.321875 0.2361111111111111
2 0.23229166666666667 0.4166666666666667 0.30052083333333335 0.4166666666666667 0.30052083333333335 0.5601851851851852 0.23229166666666667 0.5601851851851852
2 0.8166666666666667 0.5138888888888888 0.875 0.5138888888888888 0.875 0.674074074074074 0.8166666666666667 0.674074074074074
2 0.696875 0.3277777777777778 0.7328125 0.3277777777777778 0.7328125 0.4166666666666667 0.696875 0.4166666666666667
2 0.2677083333333333 0.5703703703703704 0.33177083333333335 0.5703703703703704 0.33177083333333335 0.7333333333333333 0.2677083333333333 0.7333333333333333
2 0.4005208333333333 0.31203703703703706 0.43645833333333334 0.31203703703703706 0.43645833333333334 0.4185185185185185 0.4005208333333333 0.4185185185185185
2 0.3932291666666667 0.21666666666666667 0.4166666666666667 0.21666666666666667 0.4166666666666667 0.2814814814814815 0.3932291666666667 0.2814814814814815
2 0.653125 0.3351851851851852 0.6911458333333333 0.3351851851851852 0.6911458333333333 0.4398148148148148 0.653125 0.4398148148148148
2 0.64375 0.24537037037037038 0.6697916666666667 0.24537037037037038 0.6697916666666667 0.31666666666666665 0.64375 0.31666666666666665
2 0.4348958333333333 0.13240740740740742 0.44895833333333335 0.13240740740740742 0.44895833333333335 0.17037037037037037 0.4348958333333333 0.17037037037037037
2 0.5557291666666667 0.14351851851851852 0.5791666666666667 0.14351851851851852 0.5791666666666667 0.1925925925925926 0.5557291666666667 0.1925925925925926
2 0.428125 0.2324074074074074 0.4505208333333333 0.2324074074074074 0.4505208333333333 0.29259259259259257 0.428125 0.29259259259259257
2 0.45208333333333334 0.18796296296296297 0.47291666666666665 0.18796296296296297 0.47291666666666665 0.24444444444444444 0.45208333333333334 0.24444444444444444
2 0.48385416666666664 0.1388888888888889 0.49895833333333334 0.1388888888888889 0.49895833333333334 0.1824074074074074 0.48385416666666664 0.1824074074074074
2 0.4505208333333333 0.29814814814814816 0.48020833333333335 0.29814814814814816 0.48020833333333335 0.39814814814814814 0.4505208333333333 0.39814814814814814
2 0.4036458333333333 0.19074074074074074 0.42604166666666665 0.19074074074074074 0.42604166666666665 0.24537037037037038 0.4036458333333333 0.24537037037037038
2 0.5927083333333333 0.20925925925925926 0.6109375 0.20925925925925926 0.6109375 0.25925925925925924 0.5927083333333333 0.25925925925925924
2 0.26666666666666666 0.7287037037037037 0.3375 0.7287037037037037 0.3375 1 0.26666666666666666 1