1 0.13958333333333334 0.30648148148148147 0.26614583333333336 0.30648148148148147 0.26614583333333336 0.487962962962963 0.13958333333333334 0.487962962962963
1 0.625 0.26851851851851855 0.7 0.26851851851851855 0.7 0.3824074074074074 0.625 0.3824074074074074
0 0.290625 0.17222222222222222 0.409375 0.17222222222222222 0.409375 0.412962962962963 0.290625 0.412962962962963
2 0 0.7620370370370371 0.0625 0.7620370370370371 0.0625 0.9925925925925926 0 0.9925925925925926
1 0.4473958333333333 0.1388888888888889 0.4895833333333333 0.1388888888888889 0.4895833333333333 0.2 0.4473958333333333 0.2
2 0.8197916666666667 0.6398148148148148 0.8994791666666667 0.6398148148148148 0.8994791666666667 0.8435185185185186 0.8197916666666667 0.8435185185185186
2 0.6765625 0.40555555555555556 0.7177083333333333 0.40555555555555556 0.7177083333333333 0.5231481481481481 0.6765625 0.5231481481481481
2 0.3182291666666667 0.4222222222222222 0.359375 0.4222222222222222 0.359375 0.5527777777777778 0.3182291666666667 0.5527777777777778
2 0.0078125 0.5388888888888889 0.08802083333333334 0.5388888888888889 0.08802083333333334 0.7231481481481481 0.0078125 0.7231481481481481
2 0.7598958333333333 0.40555555555555556 0.796875 0.40555555555555556 0.796875 0.5231481481481481 0.7598958333333333 0.5231481481481481
2 0.4114583333333333 0.3861111111111111 0.453125 0.3861111111111111 0.453125 0.5148148148148148 0.4114583333333333 0.5148148148148148
2 0.8640625 0.5018518518518519 0.9197916666666667 0.5018518518518519 0.9197916666666667 0.6472222222222223 0.8640625 0.6472222222222223
2 0.2869791666666667 0.5916666666666667 0.3390625 0.5916666666666667 0.3390625 0.7907407407407407 0.2869791666666667 0.7907407407407407
2 0.4421875 0.2657407407407407 0.4765625 0.2657407407407407 0.4765625 0.3527777777777778 0.4421875 0.3527777777777778
2 0.5473958333333333 0.11574074074074074 0.5625 0.11574074074074074 0.5625 0.1574074074074074 0.5473958333333333 0.1574074074074074
2 0.5755208333333334 0.287962962962963 0.6078125 0.287962962962963 0.6078125 0.39351851851851855 0.5755208333333334 0.39351851851851855
1 0.5286458333333334 0.08518518518518518 0.5557291666666667 0.08518518518518518 0.5557291666666667 0.12037037037037036 0.5286458333333334 0.12037037037037036
2 0.728125 0.3037037037037037 0.7598958333333333 0.3037037037037037 0.7598958333333333 0.40555555555555556 0.728125 0.40555555555555556
2 0.6046875 0.1814814814814815 0.625 0.1814814814814815 0.625 0.2462962962962963 0.6046875 0.2462962962962963
2 0.5052083333333334 0.16574074074074074 0.5291666666666667 0.16574074074074074 0.5291666666666667 0.2212962962962963 0.5052083333333334 0.2212962962962963