1 0.146875 0.32407407407407407 0.27239583333333334 0.32407407407407407 0.27239583333333334 0.5009259259259259 0.146875 0.5009259259259259
1 0.37135416666666665 0.37037037037037035 0.4640625 0.37037037037037035 0.4640625 0.5203703703703704 0.37135416666666665 0.5203703703703704
2 0.13958333333333334 0.8138888888888889 0.221875 0.8138888888888889 0.221875 0.9962962962962963 0.13958333333333334 0.9962962962962963
2 0.7088541666666667 0.45092592592592595 0.753125 0.45092592592592595 0.753125 0.575925925925926 0.7088541666666667 0.575925925925926
2 0.6953125 0.2916666666666667 0.7276041666666667 0.2916666666666667 0.7276041666666667 0.37222222222222223 0.6953125 0.37222222222222223
2 0.6598958333333333 0.5796296296296296 0.7260416666666667 0.5796296296296296 0.7260416666666667 0.7490740740740741 0.6598958333333333 0.7490740740740741
2 0.1171875 0.5555555555555556 0.178125 0.5555555555555556 0.178125 0.7277777777777777 0.1171875 0.7277777777777777
2 0.24947916666666667 0.44074074074074077 0.2921875 0.44074074074074077 0.2921875 0.5564814814814815 0.24947916666666667 0.5564814814814815
1 0.3203125 0.17685185185185184 0.38385416666666666 0.17685185185185184 0.38385416666666666 0.24074074074074073 0.3203125 0.24074074074074073
2 0.35104166666666664 0.3194444444444444 0.3802083333333333 0.3194444444444444 0.3802083333333333 0.4009259259259259 0.35104166666666664 0.4009259259259259
2 0.225 0.55 0.2713541666666667 0.55 0.2713541666666667 0.7185185185185186 0.225 0.7185185185185186
2 0.371875 0.25833333333333336 0.39895833333333336 0.25833333333333336 0.39895833333333336 0.33796296296296297 0.371875 0.33796296296296297
2 0.6453125 0.3453703703703704 0.6776041666666667 0.3453703703703704 0.6776041666666667 0.44907407407407407 0.6453125 0.44907407407407407
2 0.409375 0.2722222222222222 0.4359375 0.2722222222222222 0.4359375 0.35 0.409375 0.35
2 0.29791666666666666 0.5805555555555556 0.346875 0.5805555555555556 0.346875 0.7833333333333333 0.29791666666666666 0.7833333333333333
2 0.46197916666666666 0.10648148148148148 0.475 0.10648148148148148 0.475 0.13796296296296295 0.46197916666666666 0.13796296296296295
2 0.4630208333333333 0.19166666666666668 0.48072916666666665 0.19166666666666668 0.48072916666666665 0.24537037037037038 0.4630208333333333 0.24537037037037038
2 0.5979166666666667 0.17314814814814813 0.615625 0.17314814814814813 0.615625 0.22037037037037038 0.5979166666666667 0.22037037037037038
2 0.4432291666666667 0.2074074074074074 0.4640625 0.2074074074074074 0.4640625 0.2722222222222222 0.4432291666666667 0.2722222222222222
2 0.47708333333333336 0.12222222222222222 0.49114583333333334 0.12222222222222222 0.49114583333333334 0.15648148148148147 0.47708333333333336 0.15648148148148147
2 0.49114583333333334 0.13240740740740742 0.5057291666666667 0.13240740740740742 0.5057291666666667 0.17685185185185184 0.49114583333333334 0.17685185185185184