1 0.4984375 0 0.596875 0 0.596875 0.08796296296296297 0.4984375 0.08796296296296297
1 0.665625 0.42962962962962964 0.696875 0.42962962962962964 0.696875 0.4935185185185185 0.665625 0.4935185185185185
1 0.6958333333333333 0.6722222222222223 0.71875 0.6722222222222223 0.71875 0.7416666666666667 0.6958333333333333 0.7416666666666667
1 0.21875 0.7268518518518519 0.4427083333333333 0.7268518518518519 0.4427083333333333 1 0.21875 1
2 0.43697916666666664 0.8435185185185186 0.5234375 0.8435185185185186 0.5234375 0.9481481481481482 0.43697916666666664 0.9481481481481482
2 0.428125 0.03796296296296296 0.5192708333333333 0.03796296296296296 0.5192708333333333 0.09722222222222222 0.428125 0.09722222222222222
2 0.3885416666666667 0.09722222222222222 0.4828125 0.09722222222222222 0.4828125 0.17407407407407408 0.3885416666666667 0.17407407407407408
2 0.35989583333333336 0.20462962962962963 0.484375 0.20462962962962963 0.484375 0.2824074074074074 0.35989583333333336 0.2824074074074074
2 0.4739583333333333 0.3490740740740741 0.5645833333333333 0.3490740740740741 0.5645833333333333 0.41574074074074074 0.4739583333333333 0.41574074074074074
2 0.5208333333333334 0.25092592592592594 0.5786458333333333 0.25092592592592594 0.5786458333333333 0.3074074074074074 0.5208333333333334 0.3074074074074074
2 0.5041666666666667 0.10833333333333334 0.575 0.10833333333333334 0.575 0.18055555555555555 0.5041666666666667 0.18055555555555555
2 0.5614583333333333 0.17037037037037037 0.6145833333333334 0.17037037037037037 0.6145833333333334 0.21851851851851853 0.5614583333333333 0.21851851851851853
2 0.5786458333333333 0.3787037037037037 0.6291666666666667 0.3787037037037037 0.6291666666666667 0.41574074074074074 0.5786458333333333 0.41574074074074074
2 0.6036458333333333 0.40370370370370373 0.6458333333333334 0.40370370370370373 0.6458333333333334 0.43425925925925923 0.6036458333333333 0.43425925925925923
2 0.5927083333333333 0.30277777777777776 0.6322916666666667 0.30277777777777776 0.6322916666666667 0.3296296296296296 0.5927083333333333 0.3296296296296296
2 0.571875 0.2574074074074074 0.6125 0.2574074074074074 0.6125 0.29907407407407405 0.571875 0.29907407407407405
2 0.6213541666666667 0.26481481481481484 0.6619791666666667 0.26481481481481484 0.6619791666666667 0.2962962962962963 0.6213541666666667 0.2962962962962963
2 0.6359375 0.34074074074074073 0.6697916666666667 0.34074074074074073 0.6697916666666667 0.36203703703703705 0.6359375 0.36203703703703705
2 0.64375 0.37777777777777777 0.6765625 0.37777777777777777 0.6765625 0.3990740740740741 0.64375 0.3990740740740741
2 0.6416666666666667 0.42407407407407405 0.6755208333333333 0.42407407407407405 0.6755208333333333 0.44722222222222224 0.6416666666666667 0.44722222222222224
2 0.6578125 0.3592592592592593 0.684375 0.3592592592592593 0.684375 0.3768518518518518 0.6578125 0.3768518518518518
2 0.671875 0.3925925925925926 0.6979166666666666 0.3925925925925926 0.6979166666666666 0.4111111111111111 0.671875 0.4111111111111111
2 0.6880208333333333 0.4203703703703704 0.7088541666666667 0.4203703703703704 0.7088541666666667 0.43703703703703706 0.6880208333333333 0.43703703703703706
2 0.6854166666666667 0.4925925925925926 0.7109375 0.4925925925925926 0.7109375 0.5083333333333333 0.6854166666666667 0.5083333333333333
2 0.69375 0.44166666666666665 0.7145833333333333 0.44166666666666665 0.7145833333333333 0.4601851851851852 0.69375 0.4601851851851852
2 0.6963541666666667 0.37407407407407406 0.7171875 0.37407407407407406 0.7171875 0.3925925925925926 0.6963541666666667 0.3925925925925926
2 0.7020833333333333 0.3990740740740741 0.71875 0.3990740740740741 0.71875 0.41203703703703703 0.7020833333333333 0.41203703703703703
2 0.6609375 0.6666666666666666 0.6932291666666667 0.6666666666666666 0.6932291666666667 0.6907407407407408 0.6609375 0.6907407407407408
2 0.678125 0.6888888888888889 0.7 0.6888888888888889 0.7 0.7083333333333334 0.678125 0.7083333333333334
1 0.6505208333333333 0.20092592592592592 0.6838541666666667 0.20092592592592592 0.6838541666666667 0.29907407407407405 0.6505208333333333 0.29907407407407405
2 0.6645833333333333 0.7277777777777777 0.6921875 0.7277777777777777 0.6921875 0.7537037037037037 0.6645833333333333 0.7537037037037037
2 0.6875 0.3907407407407407 0.7078125 0.3907407407407407 0.7078125 0.4046296296296296 0.6875 0.4046296296296296