1 0.1390625 0.30648148148148147 0.26666666666666666 0.30648148148148147 0.26666666666666666 0.4888888888888889 0.1390625 0.4888888888888889
2 0.04791666666666667 0.8240740740740741 0.134375 0.8240740740740741 0.134375 1 0.04791666666666667 1
0 0.30833333333333335 0.17685185185185184 0.415625 0.17685185185185184 0.415625 0.38055555555555554 0.30833333333333335 0.38055555555555554
1 0.6348958333333333 0.2962962962962963 0.7213541666666666 0.2962962962962963 0.7213541666666666 0.42685185185185187 0.6348958333333333 0.42685185185185187
2 0.70625 0.4861111111111111 0.7572916666666667 0.4861111111111111 0.7572916666666667 0.6259259259259259 0.70625 0.6259259259259259
2 0.31875 0.4777777777777778 0.36770833333333336 0.4777777777777778 0.36770833333333336 0.6296296296296297 0.31875 0.6296296296296297
2 0.353125 0.36203703703703705 0.39114583333333336 0.36203703703703705 0.39114583333333336 0.4648148148148148 0.353125 0.4648148148148148
2 0.9 0.5712962962962963 0.9651041666666667 0.5712962962962963 0.9651041666666667 0.7462962962962963 0.9 0.7462962962962963
2 0.1 0.5981481481481481 0.165625 0.5981481481481481 0.165625 0.7814814814814814 0.1 0.7814814814814814
2 0.546875 0.12685185185185185 0.5625 0.12685185185185185 0.5625 0.17222222222222222 0.546875 0.17222222222222222
2 0.7953125 0.48055555555555557 0.8416666666666667 0.48055555555555557 0.8416666666666667 0.6240740740740741 0.7953125 0.6240740740740741
1 0.5296875 0.09259259259259259 0.5557291666666667 0.09259259259259259 0.5557291666666667 0.12777777777777777 0.5296875 0.12777777777777777
1 0.453125 0.1259259259259259 0.4901041666666667 0.1259259259259259 0.4901041666666667 0.18055555555555555 0.453125 0.18055555555555555
2 0.4265625 0.32592592592592595 0.46041666666666664 0.32592592592592595 0.46041666666666664 0.43333333333333335 0.4265625 0.43333333333333335
2 0.7510416666666667 0.3638888888888889 0.7875 0.3638888888888889 0.7875 0.4740740740740741 0.7510416666666667 0.4740740740740741
2 0.5880208333333333 0.34814814814814815 0.6291666666666667 0.34814814814814815 0.6291666666666667 0.46296296296296297 0.5880208333333333 0.46296296296296297
1 0.5614583333333333 0.11018518518518519 0.5979166666666667 0.11018518518518519 0.5979166666666667 0.1527777777777778 0.5614583333333333 0.1527777777777778
2 0.44427083333333334 0.24351851851851852 0.47239583333333335 0.24351851851851852 0.47239583333333335 0.32592592592592595 0.44427083333333334 0.32592592592592595
2 0.4510416666666667 0.2074074074074074 0.475 0.2074074074074074 0.475 0.2518518518518518 0.4510416666666667 0.2518518518518518
2 0.4359375 0.11388888888888889 0.4510416666666667 0.11388888888888889 0.4510416666666667 0.15648148148148147 0.4359375 0.15648148148148147
2 0.6088541666666667 0.21296296296296297 0.63125 0.21296296296296297 0.63125 0.2759259259259259 0.6088541666666667 0.2759259259259259
2 0.6109375 0.16666666666666666 0.6276041666666666 0.16666666666666666 0.6276041666666666 0.2175925925925926 0.6109375 0.2175925925925926