1 0.13489583333333333 0.3472222222222222 0.25729166666666664 0.3472222222222222 0.25729166666666664 0.5259259259259259 0.13489583333333333 0.5259259259259259
1 0.5552083333333333 0.24444444444444444 0.6119791666666666 0.24444444444444444 0.6119791666666666 0.33796296296296297 0.5552083333333333 0.33796296296296297
1 0.3234375 0.19907407407407407 0.3802083333333333 0.19907407407407407 0.3802083333333333 0.262037037037037 0.3234375 0.262037037037037
1 0.528125 0.1527777777777778 0.5572916666666666 0.1527777777777778 0.5572916666666666 0.19907407407407407 0.528125 0.19907407407407407
1 0.43802083333333336 0.19907407407407407 0.47552083333333334 0.19907407407407407 0.47552083333333334 0.2712962962962963 0.43802083333333336 0.2712962962962963
1 0.6510416666666666 0.14907407407407408 0.6963541666666667 0.14907407407407408 0.6963541666666667 0.19444444444444445 0.6510416666666666 0.19444444444444445
2 0.6729166666666667 0.37407407407407406 0.6947916666666667 0.37407407407407406 0.6947916666666667 0.47962962962962963 0.6729166666666667 0.47962962962962963
2 0.21145833333333333 0.5222222222222223 0.25104166666666666 0.5222222222222223 0.25104166666666666 0.6185185185185185 0.21145833333333333 0.6185185185185185
2 0.07604166666666666 0.6694444444444444 0.1421875 0.6694444444444444 0.1421875 0.9175925925925926 0.07604166666666666 0.9175925925925926
2 0.2791666666666667 0.5675925925925925 0.33229166666666665 0.5675925925925925 0.33229166666666665 0.6851851851851852 0.2791666666666667 0.6851851851851852
2 0.9015625 0.7203703703703703 0.984375 0.7203703703703703 0.984375 0.9203703703703704 0.9015625 0.9203703703703704
2 0.15260416666666668 0.6601851851851852 0.234375 0.6601851851851852 0.234375 0.8731481481481481 0.15260416666666668 0.8731481481481481
2 0.3890625 0.5712962962962963 0.43697916666666664 0.5712962962962963 0.43697916666666664 0.7805555555555556 0.3890625 0.7805555555555556
2 0.35208333333333336 0.5296296296296297 0.384375 0.5296296296296297 0.384375 0.7166666666666667 0.35208333333333336 0.7166666666666667
2 0.27291666666666664 0.44537037037037036 0.3140625 0.44537037037037036 0.3140625 0.5731481481481482 0.27291666666666664 0.5731481481481482
2 0.3328125 0.4009259259259259 0.3614583333333333 0.4009259259259259 0.3614583333333333 0.5462962962962963 0.3328125 0.5462962962962963
2 0.2989583333333333 0.32407407407407407 0.3182291666666667 0.32407407407407407 0.3182291666666667 0.4074074074074074 0.2989583333333333 0.4074074074074074
2 0.3072916666666667 0.3398148148148148 0.33229166666666665 0.3398148148148148 0.33229166666666665 0.44351851851851853 0.3072916666666667 0.44351851851851853
2 0.3546875 0.3527777777777778 0.37552083333333336 0.3527777777777778 0.37552083333333336 0.4305555555555556 0.3546875 0.4305555555555556
2 0.3640625 0.29444444444444445 0.3890625 0.29444444444444445 0.3890625 0.3685185185185185 0.3640625 0.3685185185185185
2 0.4041666666666667 0.29259259259259257 0.43125 0.29259259259259257 0.43125 0.3907407407407407 0.4041666666666667 0.3907407407407407
2 0.38385416666666666 0.19907407407407407 0.40260416666666665 0.19907407407407407 0.40260416666666665 0.24166666666666667 0.38385416666666666 0.24166666666666667
2 0.38385416666666666 0.2324074074074074 0.4015625 0.2324074074074074 0.4015625 0.29907407407407405 0.38385416666666666 0.29907407407407405
2 0.40729166666666666 0.21388888888888888 0.42135416666666664 0.21388888888888888 0.42135416666666664 0.27314814814814814 0.40729166666666666 0.27314814814814814
2 0.40989583333333335 0.16203703703703703 0.42239583333333336 0.16203703703703703 0.42239583333333336 0.21388888888888888 0.40989583333333335 0.21388888888888888
2 0.4244791666666667 0.17314814814814813 0.43645833333333334 0.17314814814814813 0.43645833333333334 0.22777777777777777 0.4244791666666667 0.22777777777777777
2 0.4359375 0.14722222222222223 0.44479166666666664 0.14722222222222223 0.44479166666666664 0.19166666666666668 0.4359375 0.19166666666666668
2 0.4479166666666667 0.14444444444444443 0.45729166666666665 0.14444444444444443 0.45729166666666665 0.18333333333333332 0.4479166666666667 0.18333333333333332
2 0.46510416666666665 0.1425925925925926 0.47604166666666664 0.1425925925925926 0.47604166666666664 0.18518518518518517 0.46510416666666665 0.18518518518518517
2 0.5020833333333333 0.20185185185185187 0.5265625 0.20185185185185187 0.5265625 0.24814814814814815 0.5020833333333333 0.24814814814814815
2 0.5739583333333333 0.17222222222222222 0.5885416666666666 0.17222222222222222 0.5885416666666666 0.22037037037037038 0.5739583333333333 0.22037037037037038
2 0.5942708333333333 0.1638888888888889 0.609375 0.1638888888888889 0.609375 0.2175925925925926 0.5942708333333333 0.2175925925925926