1 0.14583333333333334 0.32685185185185184 0.26927083333333335 0.32685185185185184 0.26927083333333335 0.5055555555555555 0.14583333333333334 0.5055555555555555
1 0.3328125 0.1787037037037037 0.39010416666666664 0.1787037037037037 0.39010416666666664 0.24259259259259258 0.3328125 0.24259259259259258
1 0.5442708333333334 0.09907407407407408 0.5692708333333333 0.09907407407407408 0.5692708333333333 0.14444444444444443 0.5442708333333334 0.14444444444444443
2 0.1046875 0.5935185185185186 0.18177083333333333 0.5935185185185186 0.18177083333333333 0.8222222222222222 0.1046875 0.8222222222222222
2 0.3046875 0.5388888888888889 0.353125 0.5388888888888889 0.353125 0.7185185185185186 0.3046875 0.7185185185185186
2 0.26875 0.40555555555555556 0.30520833333333336 0.40555555555555556 0.30520833333333336 0.5333333333333333 0.26875 0.5333333333333333
2 0.34427083333333336 0.37407407407407406 0.3671875 0.37407407407407406 0.3671875 0.49722222222222223 0.34427083333333336 0.49722222222222223
2 0.3333333333333333 0.30833333333333335 0.36302083333333335 0.30833333333333335 0.36302083333333335 0.39444444444444443 0.3333333333333333 0.39444444444444443
2 0.39739583333333334 0.3611111111111111 0.42552083333333335 0.3611111111111111 0.42552083333333335 0.4925925925925926 0.39739583333333334 0.4925925925925926
2 0.4036458333333333 0.2490740740740741 0.42239583333333336 0.2490740740740741 0.42239583333333336 0.33611111111111114 0.4036458333333333 0.33611111111111114
2 0.3984375 0.21944444444444444 0.4119791666666667 0.21944444444444444 0.4119791666666667 0.28703703703703703 0.3984375 0.28703703703703703
2 0.43072916666666666 0.21388888888888888 0.44166666666666665 0.21388888888888888 0.44166666666666665 0.2861111111111111 0.43072916666666666 0.2861111111111111
2 0.45260416666666664 0.2074074074074074 0.4625 0.2074074074074074 0.4625 0.28055555555555556 0.45260416666666664 0.28055555555555556
2 0.4630208333333333 0.225 0.4765625 0.225 0.4765625 0.30462962962962964 0.4630208333333333 0.30462962962962964
2 0.48125 0.1712962962962963 0.4984375 0.1712962962962963 0.4984375 0.22407407407407406 0.48125 0.22407407407407406
2 0.40989583333333335 0.18981481481481483 0.42135416666666664 0.18981481481481483 0.42135416666666664 0.23981481481481481 0.40989583333333335 0.23981481481481481
2 0.4036458333333333 0.1712962962962963 0.4161458333333333 0.1712962962962963 0.4161458333333333 0.2111111111111111 0.4036458333333333 0.2111111111111111
2 0.43333333333333335 0.14907407407407408 0.4427083333333333 0.14907407407407408 0.4427083333333333 0.19444444444444445 0.43333333333333335 0.19444444444444445
2 0.44375 0.1574074074074074 0.44947916666666665 0.1574074074074074 0.44947916666666665 0.20185185185185187 0.44375 0.20185185185185187
2 0.45260416666666664 0.14907407407407408 0.459375 0.14907407407407408 0.459375 0.18611111111111112 0.45260416666666664 0.18611111111111112
2 0.46145833333333336 0.1425925925925926 0.46979166666666666 0.1425925925925926 0.46979166666666666 0.18611111111111112 0.46145833333333336 0.18611111111111112
2 0.47760416666666666 0.14074074074074075 0.4859375 0.14074074074074075 0.4859375 0.1712962962962963 0.47760416666666666 0.1712962962962963
2 0.46770833333333334 0.12037037037037036 0.475 0.12037037037037036 0.475 0.1574074074074074 0.46770833333333334 0.1574074074074074
2 0.5744791666666667 0.16018518518518518 0.59375 0.16018518518518518 0.59375 0.22037037037037038 0.5744791666666667 0.22037037037037038
2 0.6005208333333333 0.16666666666666666 0.6130208333333333 0.16666666666666666 0.6130208333333333 0.22685185185185186 0.6005208333333333 0.22685185185185186
2 0.6161458333333333 0.15092592592592594 0.6255208333333333 0.15092592592592594 0.6255208333333333 0.20277777777777778 0.6161458333333333 0.20277777777777778
2 0.646875 0.20462962962962963 0.6635416666666667 0.20462962962962963 0.6635416666666667 0.2611111111111111 0.646875 0.2611111111111111
2 0.6369791666666667 0.2490740740740741 0.6619791666666667 0.2490740740740741 0.6619791666666667 0.33055555555555555 0.6369791666666667 0.33055555555555555
1 0.6447916666666667 0.12407407407407407 0.7041666666666667 0.12407407407407407 0.7041666666666667 0.18611111111111112 0.6447916666666667 0.18611111111111112