1 0.43333333333333335 0.2518518518518518 0.546875 0.2518518518518518 0.546875 0.4388888888888889 0.43333333333333335 0.4388888888888889
1 0.49895833333333334 0 0.5989583333333334 0 0.5989583333333334 0.08888888888888889 0.49895833333333334 0.08888888888888889
1 0.6442708333333333 0.19907407407407407 0.6796875 0.19907407407407407 0.6796875 0.3037037037037037 0.6442708333333333 0.3037037037037037
1 0.68125 0.5861111111111111 0.7088541666666667 0.5861111111111111 0.7088541666666667 0.6444444444444445 0.68125 0.6444444444444445
1 0.6786458333333333 0.7851851851851852 0.7067708333333333 0.7851851851851852 0.7067708333333333 0.8768518518518519 0.6786458333333333 0.8768518518518519
2 0.45260416666666664 0.9055555555555556 0.5494791666666666 0.9055555555555556 0.5494791666666666 0.9898148148148148 0.45260416666666664 0.9898148148148148
2 0.221875 0 0.365625 0 0.365625 0.053703703703703705 0.221875 0.053703703703703705
2 0.38645833333333335 0 0.47239583333333335 0 0.47239583333333335 0.019444444444444445 0.38645833333333335 0.019444444444444445
2 0.5197916666666667 0.14537037037037037 0.5864583333333333 0.14537037037037037 0.5864583333333333 0.18425925925925926 0.5197916666666667 0.18425925925925926
2 0.5229166666666667 0.24444444444444444 0.5854166666666667 0.24444444444444444 0.5854166666666667 0.2796296296296296 0.5229166666666667 0.2796296296296296
2 0.596875 0.25925925925925924 0.6395833333333333 0.25925925925925924 0.6395833333333333 0.2796296296296296 0.596875 0.2796296296296296
2 0.6151041666666667 0.337037037037037 0.653125 0.337037037037037 0.653125 0.3592592592592593 0.6151041666666667 0.3592592592592593
2 0.6317708333333333 0.31851851851851853 0.6713541666666667 0.31851851851851853 0.6713541666666667 0.3398148148148148 0.6317708333333333 0.3398148148148148
2 0.6276041666666666 0.39166666666666666 0.6619791666666667 0.39166666666666666 0.6619791666666667 0.41388888888888886 0.6276041666666666 0.41388888888888886
2 0.5911458333333334 0.37777777777777777 0.6390625 0.37777777777777777 0.6390625 0.4148148148148148 0.5911458333333334 0.4148148148148148
2 0.571875 0.8425925925925926 0.6182291666666667 0.8425925925925926 0.6182291666666667 0.8796296296296297 0.571875 0.8796296296296297
2 0.6239583333333333 0.7685185185185185 0.659375 0.7685185185185185 0.659375 0.8111111111111111 0.6239583333333333 0.8111111111111111
2 0.6583333333333333 0.3731481481481482 0.6932291666666667 0.3731481481481482 0.6932291666666667 0.38981481481481484 0.6583333333333333 0.38981481481481484
2 0.6848958333333334 0.33240740740740743 0.7057291666666666 0.33240740740740743 0.7057291666666666 0.3509259259259259 0.6848958333333334 0.3509259259259259
2 0.6927083333333334 0.37962962962962965 0.7098958333333333 0.37962962962962965 0.7098958333333333 0.3888888888888889 0.6927083333333334 0.3888888888888889
2 0.6828125 0.38796296296296295 0.7041666666666667 0.38796296296296295 0.7041666666666667 0.4009259259259259 0.6828125 0.4009259259259259
2 0.6927083333333334 0.40185185185185185 0.7125 0.40185185185185185 0.7125 0.41388888888888886 0.6927083333333334 0.41388888888888886
2 0.6583333333333333 0.4185185185185185 0.6901041666666666 0.4185185185185185 0.6901041666666666 0.43425925925925923 0.6583333333333333 0.43425925925925923
2 0.6739583333333333 0.44351851851851853 0.6979166666666666 0.44351851851851853 0.6979166666666666 0.4583333333333333 0.6739583333333333 0.4583333333333333
2 0.6760416666666667 0.48703703703703705 0.6989583333333333 0.48703703703703705 0.6989583333333333 0.5 0.6760416666666667 0.5
2 0.6989583333333333 0.48518518518518516 0.7135416666666666 0.48518518518518516 0.7135416666666666 0.4981481481481482 0.6989583333333333 0.4981481481481482
2 0.7005208333333334 0.4527777777777778 0.7192708333333333 0.4527777777777778 0.7192708333333333 0.4638888888888889 0.7005208333333334 0.4638888888888889
2 0.6947916666666667 0.42407407407407405 0.7125 0.42407407407407405 0.7125 0.43796296296296294 0.6947916666666667 0.43796296296296294
2 0.6979166666666666 0.43796296296296294 0.7145833333333333 0.43796296296296294 0.7145833333333333 0.44722222222222224 0.6979166666666666 0.44722222222222224
2 0.6463541666666667 0.5805555555555556 0.6796875 0.5805555555555556 0.6796875 0.6425925925925926 0.6463541666666667 0.6425925925925926
2 0.6833333333333333 0.6675925925925926 0.7052083333333333 0.6675925925925926 0.7052083333333333 0.687962962962963 0.6833333333333333 0.687962962962963