1 0.396875 0.9055555555555556 0.49583333333333335 0.9055555555555556 0.49583333333333335 1 0.396875 1
1 0.3140625 0.6907407407407408 0.3494791666666667 0.6907407407407408 0.3494791666666667 0.812962962962963 0.3140625 0.812962962962963
2 0.3234375 0.6277777777777778 0.353125 0.6277777777777778 0.353125 0.6620370370370371 0.3234375 0.6620370370370371
2 0.5354166666666667 0.8462962962962963 0.6260416666666667 0.8462962962962963 0.6260416666666667 0.9425925925925925 0.5354166666666667 0.9425925925925925
2 0.3260416666666667 0.18888888888888888 0.35 0.18888888888888888 0.35 0.21944444444444444 0.3260416666666667 0.21944444444444444
2 0.35208333333333336 0.5879629629629629 0.3921875 0.5879629629629629 0.3921875 0.6370370370370371 0.35208333333333336 0.6370370370370371
2 0.39479166666666665 0.15648148148148147 0.4484375 0.15648148148148147 0.4484375 0.21296296296296297 0.39479166666666665 0.21296296296296297
2 0.33177083333333335 0.3101851851851852 0.3671875 0.3101851851851852 0.3671875 0.34814814814814815 0.33177083333333335 0.34814814814814815
2 0.2734375 0.4074074074074074 0.2911458333333333 0.4074074074074074 0.2911458333333333 0.4305555555555556 0.2734375 0.4305555555555556
2 0.27760416666666665 0.3175925925925926 0.29635416666666664 0.3175925925925926 0.29635416666666664 0.3425925925925926 0.27760416666666665 0.3425925925925926
2 0.371875 0.2657407407407407 0.415625 0.2657407407407407 0.415625 0.31296296296296294 0.371875 0.31296296296296294
2 0.3223958333333333 0.5768518518518518 0.3489583333333333 0.5768518518518518 0.3489583333333333 0.6101851851851852 0.3223958333333333 0.6101851851851852
2 0.3145833333333333 0.36574074074074076 0.34791666666666665 0.36574074074074076 0.34791666666666665 0.4074074074074074 0.3145833333333333 0.4074074074074074
2 0.5010416666666667 0.023148148148148147 0.578125 0.023148148148148147 0.578125 0.11018518518518519 0.5010416666666667 0.11018518518518519
2 0.34375 0.2537037037037037 0.37916666666666665 0.2537037037037037 0.37916666666666665 0.2972222222222222 0.34375 0.2972222222222222
2 0.3104166666666667 0.35185185185185186 0.34270833333333334 0.35185185185185186 0.34270833333333334 0.3990740740740741 0.3104166666666667 0.3990740740740741
2 0.3307291666666667 0.5314814814814814 0.3776041666666667 0.5314814814814814 0.3776041666666667 0.562037037037037 0.3307291666666667 0.562037037037037
2 0.4484375 0 0.5140625 0 0.5140625 0.05648148148148148 0.4484375 0.05648148148148148
2 0.4557291666666667 0.6583333333333333 0.5427083333333333 0.6583333333333333 0.5427083333333333 0.7222222222222222 0.4557291666666667 0.7222222222222222
2 0.4192708333333333 0.6972222222222222 0.4817708333333333 0.6972222222222222 0.4817708333333333 0.7527777777777778 0.4192708333333333 0.7527777777777778