1 0.41354166666666664 0.2759259259259259 0.47604166666666664 0.2759259259259259 0.47604166666666664 0.37777777777777777 0.41354166666666664 0.37777777777777777
1 0.14895833333333333 0.3175925925925926 0.2713541666666667 0.3175925925925926 0.2713541666666667 0.49444444444444446 0.14895833333333333 0.49444444444444446
1 0.3223958333333333 0.17592592592592593 0.3890625 0.17592592592592593 0.3890625 0.2388888888888889 0.3223958333333333 0.2388888888888889
2 0.04479166666666667 0.7722222222222223 0.13697916666666668 0.7722222222222223 0.13697916666666668 0.9972222222222222 0.04479166666666667 0.9972222222222222
2 0.7869791666666667 0.4083333333333333 0.8333333333333334 0.4083333333333333 0.8333333333333334 0.5222222222222223 0.7869791666666667 0.5222222222222223
2 0.1828125 0.5259259259259259 0.23645833333333333 0.5259259259259259 0.23645833333333333 0.6833333333333333 0.1828125 0.6833333333333333
2 0.32760416666666664 0.32222222222222224 0.35833333333333334 0.32222222222222224 0.35833333333333334 0.4027777777777778 0.32760416666666664 0.4027777777777778
2 0.3125 0.3907407407407407 0.34375 0.3907407407407407 0.34375 0.47314814814814815 0.3125 0.47314814814814815
2 0.28020833333333334 0.649074074074074 0.35208333333333336 0.649074074074074 0.35208333333333336 0.8953703703703704 0.28020833333333334 0.8953703703703704
2 0.39739583333333334 0.24166666666666667 0.4171875 0.24166666666666667 0.4171875 0.3037037037037037 0.39739583333333334 0.3037037037037037
2 0.6125 0.17962962962962964 0.6364583333333333 0.17962962962962964 0.6364583333333333 0.24259259259259258 0.6125 0.24259259259259258
2 0.375 0.33611111111111114 0.41041666666666665 0.33611111111111114 0.41041666666666665 0.43703703703703706 0.375 0.43703703703703706
1 0.5385416666666667 0.13425925925925927 0.5947916666666667 0.13425925925925927 0.5947916666666667 0.2740740740740741 0.5385416666666667 0.2740740740740741
2 0.6708333333333333 0.23703703703703705 0.6947916666666667 0.23703703703703705 0.6947916666666667 0.30833333333333335 0.6708333333333333 0.30833333333333335
2 0.4973958333333333 0.17407407407407408 0.5182291666666666 0.17407407407407408 0.5182291666666666 0.2361111111111111 0.4973958333333333 0.2361111111111111
2 0.4552083333333333 0.16574074074074074 0.47239583333333335 0.16574074074074074 0.47239583333333335 0.2175925925925926 0.4552083333333333 0.2175925925925926
2 0.334375 0.44351851851851853 0.37864583333333335 0.44351851851851853 0.37864583333333335 0.5731481481481482 0.334375 0.5731481481481482
2 0.6338541666666667 0.22870370370370371 0.6578125 0.22870370370370371 0.6578125 0.3 0.6338541666666667 0.3
2 0.2375 0.4064814814814815 0.2755208333333333 0.4064814814814815 0.2755208333333333 0.5231481481481481 0.2375 0.5231481481481481
2 0.47708333333333336 0.14907407407407408 0.49166666666666664 0.14907407407407408 0.49166666666666664 0.19537037037037036 0.47708333333333336 0.19537037037037036
2 0.746875 0.7435185185185185 0.8234375 0.7435185185185185 0.8234375 0.9944444444444445 0.746875 0.9944444444444445
2 0.428125 0.18796296296296297 0.4427083333333333 0.18796296296296297 0.4427083333333333 0.2324074074074074 0.428125 0.2324074074074074
2 0.434375 0.16296296296296298 0.44947916666666665 0.16296296296296298 0.44947916666666665 0.2037037037037037 0.434375 0.2037037037037037
2 0.4390625 0.2 0.46145833333333336 0.2 0.46145833333333336 0.2712962962962963 0.4390625 0.2712962962962963