1 0.3729166666666667 0.5416666666666666 0.4296875 0.5416666666666666 0.4296875 0.6518518518518519 0.3729166666666667 0.6518518518518519
1 0.396875 0.9064814814814814 0.49583333333333335 0.9064814814814814 0.49583333333333335 1 0.396875 1
1 0.3182291666666667 0.6962962962962963 0.353125 0.6962962962962963 0.353125 0.8166666666666667 0.3182291666666667 0.8166666666666667
2 0.5104166666666666 0.962037037037037 0.5953125 0.962037037037037 0.5953125 1 0.5104166666666666 1
2 0.31875 0.25462962962962965 0.3567708333333333 0.25462962962962965 0.3567708333333333 0.3 0.31875 0.3
2 0.4083333333333333 0.6564814814814814 0.46458333333333335 0.6564814814814814 0.46458333333333335 0.7175925925925926 0.4083333333333333 0.7175925925925926
2 0.31666666666666665 0.4675925925925926 0.35104166666666664 0.4675925925925926 0.35104166666666664 0.5055555555555555 0.31666666666666665 0.5055555555555555
2 0.3125 0.55 0.340625 0.55 0.340625 0.5796296296296296 0.3125 0.5796296296296296
2 0.4666666666666667 0.7157407407407408 0.5375 0.7157407407407408 0.5375 0.7898148148148149 0.4666666666666667 0.7898148148148149
2 0.6479166666666667 0 0.7786458333333334 0 0.7786458333333334 0.058333333333333334 0.6479166666666667 0.058333333333333334
2 0.5786458333333333 0.7574074074074074 0.7114583333333333 0.7574074074074074 0.7114583333333333 0.8851851851851852 0.5786458333333333 0.8851851851851852
2 0.4 0.75 0.4421875 0.75 0.4421875 0.8027777777777778 0.4 0.8027777777777778
2 0.44427083333333334 0.8944444444444445 0.5109375 0.8944444444444445 0.5109375 0.9666666666666667 0.44427083333333334 0.9666666666666667
2 0.43645833333333334 0.775 0.48489583333333336 0.775 0.48489583333333336 0.8277777777777777 0.43645833333333334 0.8277777777777777
2 0.3536458333333333 0.15092592592592594 0.3958333333333333 0.15092592592592594 0.3958333333333333 0.19537037037037036 0.3536458333333333 0.19537037037037036
2 0.35 0.2175925925925926 0.3890625 0.2175925925925926 0.3890625 0.262037037037037 0.35 0.262037037037037
2 0.3567708333333333 0.6462962962962963 0.3890625 0.6462962962962963 0.3890625 0.6805555555555556 0.3567708333333333 0.6805555555555556
1 0.2942708333333333 0.33240740740740743 0.37395833333333334 0.33240740740740743 0.37395833333333334 0.4324074074074074 0.2942708333333333 0.4324074074074074
2 0.3020833333333333 0.5157407407407407 0.32760416666666664 0.5157407407407407 0.32760416666666664 0.5407407407407407 0.3020833333333333 0.5407407407407407
2 0.3098958333333333 0.5907407407407408 0.33125 0.5907407407407408 0.33125 0.6166666666666667 0.3098958333333333 0.6166666666666667
2 0.32447916666666665 0.6027777777777777 0.3484375 0.6027777777777777 0.3484375 0.6277777777777778 0.32447916666666665 0.6277777777777778