1 0.31927083333333334 0.1814814814814815 0.3770833333333333 0.1814814814814815 0.3770833333333333 0.2490740740740741 0.31927083333333334 0.2490740740740741
1 0.14583333333333334 0.3148148148148148 0.2703125 0.3148148148148148 0.2703125 0.4962962962962963 0.14583333333333334 0.4962962962962963
2 0.5348958333333333 0.1787037037037037 0.5708333333333333 0.1787037037037037 0.5708333333333333 0.22777777777777777 0.5348958333333333 0.22777777777777777
2 0.740625 0.38055555555555554 0.7828125 0.38055555555555554 0.7828125 0.4898148148148148 0.740625 0.4898148148148148
2 0.44427083333333334 0.24166666666666667 0.4713541666666667 0.24166666666666667 0.4713541666666667 0.32407407407407407 0.44427083333333334 0.32407407407407407
2 0.31614583333333335 0.5259259259259259 0.37447916666666664 0.5259259259259259 0.37447916666666664 0.7166666666666667 0.31614583333333335 0.7166666666666667
2 0.36822916666666666 0.26296296296296295 0.40260416666666665 0.26296296296296295 0.40260416666666665 0.3453703703703704 0.36822916666666666 0.3453703703703704
2 0.396875 0.3111111111111111 0.43020833333333336 0.3111111111111111 0.43020833333333336 0.4166666666666667 0.396875 0.4166666666666667
2 0.44583333333333336 0.18425925925925926 0.4625 0.18425925925925926 0.4625 0.23333333333333334 0.44583333333333336 0.23333333333333334
2 0.41458333333333336 0.24166666666666667 0.4395833333333333 0.24166666666666667 0.4395833333333333 0.32314814814814813 0.41458333333333336 0.32314814814814813
2 0.4270833333333333 0.15185185185185185 0.44166666666666665 0.15185185185185185 0.44166666666666665 0.1962962962962963 0.4270833333333333 0.1962962962962963
2 0.4005208333333333 0.575925925925926 0.453125 0.575925925925926 0.453125 0.7944444444444444 0.4005208333333333 0.7944444444444444
2 0.47708333333333336 0.1527777777777778 0.49375 0.1527777777777778 0.49375 0.20092592592592592 0.47708333333333336 0.20092592592592592
2 0.5864583333333333 0.13425925925925927 0.603125 0.13425925925925927 0.603125 0.17962962962962964 0.5864583333333333 0.17962962962962964
2 0.5734375 0.14814814814814814 0.5895833333333333 0.14814814814814814 0.5895833333333333 0.19722222222222222 0.5734375 0.19722222222222222
2 0.6244791666666667 0.24537037037037038 0.6505208333333333 0.24537037037037038 0.6505208333333333 0.3212962962962963 0.6244791666666667 0.3212962962962963
2 0.3953125 0.17962962962962964 0.4140625 0.17962962962962964 0.4140625 0.22685185185185186 0.3953125 0.22685185185185186
2 0.6572916666666667 0.25 0.6802083333333333 0.25 0.6802083333333333 0.32314814814814813 0.6572916666666667 0.32314814814814813
2 0.625 0.17314814814814813 0.640625 0.17314814814814813 0.640625 0.23703703703703705 0.625 0.23703703703703705
2 0.38697916666666665 0.2222222222222222 0.40625 0.2222222222222222 0.40625 0.2953703703703704 0.38697916666666665 0.2953703703703704