1 0.14635416666666667 0.30648148148148147 0.2713541666666667 0.30648148148148147 0.2713541666666667 0.48055555555555557 0.14635416666666667 0.48055555555555557
1 0.31927083333333334 0.1824074074074074 0.37447916666666664 0.1824074074074074 0.37447916666666664 0.25092592592592594 0.31927083333333334 0.25092592592592594
2 0.728125 0.3592592592592593 0.7723958333333333 0.3592592592592593 0.7723958333333333 0.46944444444444444 0.728125 0.46944444444444444
2 0.5390625 0.1712962962962963 0.5765625 0.1712962962962963 0.5765625 0.22592592592592592 0.5390625 0.22592592592592592
2 0.44479166666666664 0.18611111111111112 0.4640625 0.18611111111111112 0.4640625 0.24166666666666667 0.44479166666666664 0.24166666666666667
2 0.4427083333333333 0.2564814814814815 0.46979166666666666 0.2564814814814815 0.46979166666666666 0.34074074074074073 0.4427083333333333 0.34074074074074073
2 0.5708333333333333 0.1425925925925926 0.5864583333333333 0.1425925925925926 0.5864583333333333 0.18611111111111112 0.5708333333333333 0.18611111111111112
2 0.2989583333333333 0.5925925925925926 0.35052083333333334 0.5925925925925926 0.35052083333333334 0.8287037037037037 0.2989583333333333 0.8287037037037037
2 0.6177083333333333 0.23055555555555557 0.6416666666666667 0.23055555555555557 0.6416666666666667 0.30185185185185187 0.6177083333333333 0.30185185185185187
2 0.42552083333333335 0.15833333333333333 0.440625 0.15833333333333333 0.440625 0.20277777777777778 0.42552083333333335 0.20277777777777778
2 0.4119791666666667 0.262037037037037 0.4348958333333333 0.262037037037037 0.4348958333333333 0.3398148148148148 0.4119791666666667 0.3398148148148148
2 0.3796875 0.23981481481481481 0.40260416666666665 0.23981481481481481 0.40260416666666665 0.3037037037037037 0.3796875 0.3037037037037037
2 0.39375 0.17962962962962964 0.41302083333333334 0.17962962962962964 0.41302083333333334 0.23333333333333334 0.39375 0.23333333333333334
2 0.653125 0.2324074074074074 0.6770833333333334 0.2324074074074074 0.6770833333333334 0.30185185185185187 0.653125 0.30185185185185187
2 0.36354166666666665 0.2777777777777778 0.39427083333333335 0.2777777777777778 0.39427083333333335 0.36203703703703705 0.36354166666666665 0.36203703703703705
2 0.47760416666666666 0.1527777777777778 0.49375 0.1527777777777778 0.49375 0.20092592592592592 0.47760416666666666 0.20092592592592592
2 0.3854166666666667 0.33425925925925926 0.4234375 0.33425925925925926 0.4234375 0.4527777777777778 0.3854166666666667 0.4527777777777778
2 0.6203125 0.1675925925925926 0.6348958333333333 0.1675925925925926 0.6348958333333333 0.22870370370370371 0.6203125 0.22870370370370371
2 0.38177083333333334 0.6768518518518518 0.4328125 0.6768518518518518 0.4328125 0.9416666666666667 0.38177083333333334 0.9416666666666667