1 0.50625 0 0.6083333333333333 0 0.6083333333333333 0.0712962962962963 0.50625 0.0712962962962963
1 0.4036458333333333 0.8444444444444444 0.5145833333333333 0.8444444444444444 0.5145833333333333 1 0.4036458333333333 1
2 0.26458333333333334 0.8851851851851852 0.39114583333333336 0.8851851851851852 0.39114583333333336 1 0.26458333333333334 1
2 0.3302083333333333 0.25277777777777777 0.44114583333333335 0.25277777777777777 0.44114583333333335 0.35648148148148145 0.3302083333333333 0.35648148148148145
2 0.43020833333333336 0.04722222222222222 0.51875 0.04722222222222222 0.51875 0.1287037037037037 0.43020833333333336 0.1287037037037037
2 0.6578125 0.5925925925925926 0.6885416666666667 0.5925925925925926 0.6885416666666667 0.6333333333333333 0.6578125 0.6333333333333333
2 0.5614583333333333 0.30925925925925923 0.6151041666666667 0.30925925925925923 0.6151041666666667 0.35462962962962963 0.5614583333333333 0.35462962962962963
1 0.6916666666666667 0.5611111111111111 0.715625 0.5611111111111111 0.715625 0.6148148148148148 0.6916666666666667 0.6148148148148148
2 0.44375 0.20462962962962963 0.5302083333333333 0.20462962962962963 0.5302083333333333 0.2712962962962963 0.44375 0.2712962962962963
2 0.6484375 0.7592592592592593 0.68125 0.7592592592592593 0.68125 0.7981481481481482 0.6484375 0.7981481481481482
0 0.615625 0.22685185185185186 0.7109375 0.22685185185185186 0.7109375 0.3611111111111111 0.615625 0.3611111111111111
1 0.6755208333333333 0.6324074074074074 0.7067708333333333 0.6324074074074074 0.7067708333333333 0.7074074074074074 0.6755208333333333 0.7074074074074074
2 0.6463541666666667 0.42777777777777776 0.6776041666666667 0.42777777777777776 0.6776041666666667 0.4546296296296296 0.6463541666666667 0.4546296296296296
2 0.6223958333333334 0.40370370370370373 0.6557291666666667 0.40370370370370373 0.6557291666666667 0.4361111111111111 0.6223958333333334 0.4361111111111111
2 0.5255208333333333 0.09074074074074075 0.5911458333333334 0.09074074074074075 0.5911458333333334 0.13148148148148148 0.5255208333333333 0.13148148148148148
2 0.5447916666666667 0.7398148148148148 0.6052083333333333 0.7398148148148148 0.6052083333333333 0.7888888888888889 0.5447916666666667 0.7888888888888889
2 0.6078125 0.7435185185185185 0.6489583333333333 0.7435185185185185 0.6489583333333333 0.7861111111111111 0.6078125 0.7861111111111111
2 0.59375 0.35185185185185186 0.6458333333333334 0.35185185185185186 0.6458333333333334 0.39537037037037037 0.59375 0.39537037037037037