1 0.1390625 0.30648148148148147 0.26614583333333336 0.30648148148148147 0.26614583333333336 0.487962962962963 0.1390625 0.487962962962963
1 0.628125 0.2814814814814815 0.7130208333333333 0.2814814814814815 0.7130208333333333 0.4027777777777778 0.628125 0.4027777777777778
2 0.8822916666666667 0.5407407407407407 0.9411458333333333 0.5407407407407407 0.9411458333333333 0.7018518518518518 0.8822916666666667 0.7018518518518518
0 0.296875 0.16111111111111112 0.4114583333333333 0.16111111111111112 0.4114583333333333 0.3990740740740741 0.296875 0.3990740740740741
2 0.8807291666666667 0.7527777777777778 0.9734375 0.7527777777777778 0.9734375 0.9972222222222222 0.8807291666666667 0.9972222222222222
2 0.6890625 0.4444444444444444 0.7322916666666667 0.4444444444444444 0.7322916666666667 0.5740740740740741 0.6890625 0.5740740740740741
2 0.04010416666666667 0.6657407407407407 0.11770833333333333 0.6657407407407407 0.11770833333333333 0.8805555555555555 0.04010416666666667 0.8805555555555555
2 0.5463541666666667 0.12222222222222222 0.5614583333333333 0.12222222222222222 0.5614583333333333 0.16296296296296298 0.5463541666666667 0.16296296296296298
2 0.7760416666666666 0.44537037037037036 0.821875 0.44537037037037036 0.821875 0.575 0.7760416666666666 0.575
2 0.41770833333333335 0.3592592592592593 0.45364583333333336 0.3592592592592593 0.45364583333333336 0.4703703703703704 0.41770833333333335 0.4703703703703704
1 0.5286458333333334 0.08796296296296297 0.5552083333333333 0.08796296296296297 0.5552083333333333 0.12314814814814815 0.5286458333333334 0.12314814814814815
2 0.3338541666666667 0.3888888888888889 0.371875 0.3888888888888889 0.371875 0.5046296296296297 0.3338541666666667 0.5046296296296297
2 0.4427083333333333 0.25555555555555554 0.4739583333333333 0.25555555555555554 0.4739583333333333 0.33796296296296297 0.4427083333333333 0.33796296296296297
2 0.003125 0.5425925925925926 0.0890625 0.5425925925925926 0.0890625 0.6833333333333333 0.003125 0.6833333333333333
2 0.30572916666666666 0.5314814814814814 0.353125 0.5314814814814814 0.353125 0.6907407407407408 0.30572916666666666 0.6907407407407408
2 0.5854166666666667 0.3212962962962963 0.6177083333333333 0.3212962962962963 0.6177083333333333 0.425 0.5854166666666667 0.425
1 0.4546875 0.13425925925925927 0.49375 0.13425925925925927 0.49375 0.1925925925925926 0.4546875 0.1925925925925926
2 0.6067708333333334 0.19537037037037036 0.6276041666666666 0.19537037037037036 0.6276041666666666 0.25833333333333336 0.6067708333333334 0.25833333333333336
2 0.7375 0.33240740740740743 0.7708333333333334 0.33240740740740743 0.7708333333333334 0.44166666666666665 0.7375 0.44166666666666665