1 0.140625 0.33425925925925926 0.2635416666666667 0.33425925925925926 0.2635416666666667 0.5157407407407407 0.140625 0.5157407407407407
1 0.4161458333333333 0.2824074074074074 0.47708333333333336 0.2824074074074074 0.47708333333333336 0.4009259259259259 0.4161458333333333 0.4009259259259259
1 0.3302083333333333 0.18611111111111112 0.3848958333333333 0.18611111111111112 0.3848958333333333 0.2490740740740741 0.3302083333333333 0.2490740740740741
1 0.5510416666666667 0.16018518518518518 0.5901041666666667 0.16018518518518518 0.5901041666666667 0.22314814814814815 0.5510416666666667 0.22314814814814815
1 0.5286458333333334 0.11666666666666667 0.553125 0.11666666666666667 0.553125 0.15185185185185185 0.5286458333333334 0.15185185185185185
1 0.6567708333333333 0.13796296296296295 0.6994791666666667 0.13796296296296295 0.6994791666666667 0.17962962962962964 0.6567708333333333 0.17962962962962964
2 0.7885416666666667 0.4564814814814815 0.8276041666666667 0.4564814814814815 0.8276041666666667 0.55 0.7885416666666667 0.55
2 0.10052083333333334 0.649074074074074 0.14739583333333334 0.649074074074074 0.14739583333333334 0.8592592592592593 0.10052083333333334 0.8592592592592593
2 0.12395833333333334 0.562962962962963 0.1859375 0.562962962962963 0.1859375 0.7111111111111111 0.12395833333333334 0.7111111111111111
2 0.1421875 0.7342592592592593 0.21145833333333333 0.7342592592592593 0.21145833333333333 0.9833333333333333 0.1421875 0.9833333333333333
2 0.25416666666666665 0.5138888888888888 0.2994791666666667 0.5138888888888888 0.2994791666666667 0.6907407407407408 0.25416666666666665 0.6907407407407408
2 0.2942708333333333 0.5555555555555556 0.34427083333333336 0.5555555555555556 0.34427083333333336 0.7462962962962963 0.2942708333333333 0.7462962962962963
2 0.3078125 0.3296296296296296 0.3390625 0.3296296296296296 0.3390625 0.4675925925925926 0.3078125 0.4675925925925926
2 0.35833333333333334 0.3638888888888889 0.37552083333333336 0.3638888888888889 0.37552083333333336 0.5074074074074074 0.35833333333333334 0.5074074074074074
2 0.3546875 0.26481481481481484 0.3723958333333333 0.26481481481481484 0.3723958333333333 0.3472222222222222 0.3546875 0.3472222222222222
2 0.39010416666666664 0.1962962962962963 0.40625 0.1962962962962963 0.40625 0.2611111111111111 0.39010416666666664 0.2611111111111111
2 0.4046875 0.2351851851851852 0.4192708333333333 0.2351851851851852 0.4192708333333333 0.31574074074074077 0.4046875 0.31574074074074077
2 0.42239583333333336 0.17962962962962964 0.4375 0.17962962962962964 0.4375 0.2324074074074074 0.42239583333333336 0.2324074074074074
2 0.41354166666666664 0.15555555555555556 0.42604166666666665 0.15555555555555556 0.42604166666666665 0.2175925925925926 0.41354166666666664 0.2175925925925926
2 0.40260416666666665 0.12037037037037036 0.41458333333333336 0.12037037037037036 0.41458333333333336 0.1638888888888889 0.40260416666666665 0.1638888888888889
2 0.45677083333333335 0.18518518518518517 0.47291666666666665 0.18518518518518517 0.47291666666666665 0.25 0.45677083333333335 0.25
2 0.4432291666666667 0.17037037037037037 0.4552083333333333 0.17037037037037037 0.4552083333333333 0.2222222222222222 0.4432291666666667 0.2222222222222222
2 0.43645833333333334 0.14444444444444443 0.446875 0.14444444444444443 0.446875 0.18518518518518517 0.43645833333333334 0.18518518518518517
2 0.4609375 0.13055555555555556 0.46979166666666666 0.13055555555555556 0.46979166666666666 0.175 0.4609375 0.175
2 0.4479166666666667 0.12222222222222222 0.45677083333333335 0.12222222222222222 0.45677083333333335 0.16018518518518518 0.4479166666666667 0.16018518518518518
2 0.5151041666666667 0.18796296296296297 0.5447916666666667 0.18796296296296297 0.5447916666666667 0.24537037037037038 0.5151041666666667 0.24537037037037038
2 0.6177083333333333 0.19074074074074074 0.6354166666666666 0.19074074074074074 0.6354166666666666 0.24722222222222223 0.6177083333333333 0.24722222222222223
2 0.7005208333333334 0.30833333333333335 0.7286458333333333 0.30833333333333335 0.7286458333333333 0.4111111111111111 0.7005208333333334 0.4111111111111111
2 0.5609375 0.11944444444444445 0.56875 0.11944444444444445 0.56875 0.15648148148148147 0.5609375 0.15648148148148147
2 0.5791666666666667 0.12037037037037036 0.5890625 0.12037037037037036 0.5890625 0.15833333333333333 0.5791666666666667 0.15833333333333333
2 0.47291666666666665 0.125 0.48333333333333334 0.125 0.48333333333333334 0.1648148148148148 0.47291666666666665 0.1648148148148148
2 0.49114583333333334 0.11944444444444445 0.503125 0.11944444444444445 0.503125 0.15462962962962962 0.49114583333333334 0.15462962962962962