1 0.3625 0.3787037037037037 0.46197916666666666 0.3787037037037037 0.46197916666666666 0.5361111111111111 0.3625 0.5361111111111111
1 0.14583333333333334 0.32407407407407407 0.2734375 0.32407407407407407 0.2734375 0.5 0.14583333333333334 0.5
2 0.10729166666666666 0.8824074074074074 0.19270833333333334 0.8824074074074074 0.19270833333333334 1 0.10729166666666666 1
2 0.10364583333333334 0.5685185185185185 0.1703125 0.5685185185185185 0.1703125 0.7509259259259259 0.10364583333333334 0.7509259259259259
1 0.3203125 0.17685185185185184 0.38333333333333336 0.17685185185185184 0.38333333333333336 0.24074074074074073 0.3203125 0.24074074074074073
2 0.6989583333333333 0.42962962962962964 0.7401041666666667 0.42962962962962964 0.7401041666666667 0.5518518518518518 0.6989583333333333 0.5518518518518518
2 0.21197916666666666 0.5740740740740741 0.26614583333333336 0.5740740740740741 0.26614583333333336 0.7472222222222222 0.21197916666666666 0.7472222222222222
2 0.6901041666666666 0.28055555555555556 0.7223958333333333 0.28055555555555556 0.7223958333333333 0.3592592592592593 0.6901041666666666 0.3592592592592593
2 0.3692708333333333 0.26851851851851855 0.3963541666666667 0.26851851851851855 0.3963541666666667 0.3453703703703704 0.3692708333333333 0.3453703703703704
2 0.3411458333333333 0.32037037037037036 0.37395833333333334 0.32037037037037036 0.37395833333333334 0.41203703703703703 0.3411458333333333 0.41203703703703703
2 0.6416666666666667 0.33240740740740743 0.6708333333333333 0.33240740740740743 0.6708333333333333 0.43425925925925923 0.6416666666666667 0.43425925925925923
2 0.24166666666666667 0.4564814814814815 0.2864583333333333 0.4564814814814815 0.2864583333333333 0.5666666666666667 0.24166666666666667 0.5666666666666667
2 0.4625 0.1925925925925926 0.48020833333333335 0.1925925925925926 0.48020833333333335 0.2518518518518518 0.4625 0.2518518518518518
2 0.6473958333333333 0.5342592592592592 0.6994791666666667 0.5342592592592592 0.6994791666666667 0.6981481481481482 0.6473958333333333 0.6981481481481482
2 0.4609375 0.10833333333333334 0.4739583333333333 0.10833333333333334 0.4739583333333333 0.14074074074074075 0.4609375 0.14074074074074075
2 0.4083333333333333 0.27870370370370373 0.4322916666666667 0.27870370370370373 0.4322916666666667 0.3611111111111111 0.4083333333333333 0.3611111111111111
2 0.44114583333333335 0.2222222222222222 0.46145833333333336 0.2222222222222222 0.46145833333333336 0.27685185185185185 0.44114583333333335 0.27685185185185185
2 0.49114583333333334 0.13425925925925927 0.5052083333333334 0.13425925925925927 0.5052083333333334 0.1787037037037037 0.49114583333333334 0.1787037037037037
2 0.6296875 0.1685185185185185 0.6484375 0.1685185185185185 0.6484375 0.2222222222222222 0.6296875 0.2222222222222222
2 0.27395833333333336 0.6518518518518519 0.34375 0.6518518518518519 0.34375 0.8453703703703703 0.27395833333333336 0.8453703703703703
2 0.596875 0.17685185185185184 0.6130208333333333 0.17685185185185184 0.6130208333333333 0.21851851851851853 0.596875 0.21851851851851853