1 0.14479166666666668 0.3138888888888889 0.2708333333333333 0.3138888888888889 0.2708333333333333 0.4888888888888889 0.14479166666666668 0.4888888888888889
1 0.32395833333333335 0.17314814814814813 0.39114583333333336 0.17314814814814813 0.39114583333333336 0.2351851851851852 0.32395833333333335 0.2351851851851852
2 0.14947916666666666 0.7731481481481481 0.2328125 0.7731481481481481 0.2328125 0.9972222222222222 0.14947916666666666 0.9972222222222222
2 0.8510416666666667 0.5962962962962963 0.91875 0.5962962962962963 0.91875 0.7620370370370371 0.8510416666666667 0.7620370370370371
2 0.5875 0.2675925925925926 0.6177083333333333 0.2675925925925926 0.6177083333333333 0.35 0.5875 0.35
2 0.6359375 0.18888888888888888 0.6630208333333333 0.18888888888888888 0.6630208333333333 0.25092592592592594 0.6359375 0.25092592592592594
2 0.5921875 0.175 0.6203125 0.175 0.6203125 0.225 0.5921875 0.225
2 0.25416666666666665 0.4925925925925926 0.30416666666666664 0.4925925925925926 0.30416666666666664 0.6351851851851852 0.25416666666666665 0.6351851851851852
2 0.7260416666666667 0.4675925925925926 0.7692708333333333 0.4675925925925926 0.7692708333333333 0.5962962962962963 0.7260416666666667 0.5962962962962963
2 0.6354166666666666 0.38981481481481484 0.671875 0.38981481481481484 0.671875 0.5009259259259259 0.6354166666666666 0.5009259259259259
2 0.38645833333333335 0.26481481481481484 0.41510416666666666 0.26481481481481484 0.41510416666666666 0.34629629629629627 0.38645833333333335 0.34629629629629627
2 0.6385416666666667 0.2851851851851852 0.665625 0.2851851851851852 0.665625 0.3685185185185185 0.6385416666666667 0.3685185185185185
2 0.35260416666666666 0.3453703703703704 0.390625 0.3453703703703704 0.390625 0.4648148148148148 0.35260416666666666 0.4648148148148148
2 0.4161458333333333 0.2814814814814815 0.4473958333333333 0.2814814814814815 0.4473958333333333 0.3851851851851852 0.4161458333333333 0.3851851851851852
2 0.5005208333333333 0.15833333333333333 0.5307291666666667 0.15833333333333333 0.5307291666666667 0.225 0.5005208333333333 0.225
2 0.5572916666666666 0.19907407407407407 0.5807291666666666 0.19907407407407407 0.5807291666666666 0.2722222222222222 0.5572916666666666 0.2722222222222222