1 0.14427083333333332 0.3194444444444444 0.26875 0.3194444444444444 0.26875 0.49907407407407406 0.14427083333333332 0.49907407407407406
1 0.465625 0.1361111111111111 0.496875 0.1361111111111111 0.496875 0.18333333333333332 0.465625 0.18333333333333332
1 0.33177083333333335 0.17592592592592593 0.38385416666666666 0.17592592592592593 0.38385416666666666 0.2388888888888889 0.33177083333333335 0.2388888888888889
2 0.3770833333333333 0.2074074074074074 0.39427083333333335 0.2074074074074074 0.39427083333333335 0.2638888888888889 0.3770833333333333 0.2638888888888889
2 0.3385416666666667 0.2657407407407407 0.36041666666666666 0.2657407407407407 0.36041666666666666 0.33611111111111114 0.3385416666666667 0.33611111111111114
2 0.0671875 0.7314814814814815 0.134375 0.7314814814814815 0.134375 0.9990740740740741 0.0671875 0.9990740740740741
2 0.21302083333333333 0.55 0.26979166666666665 0.55 0.26979166666666665 0.7638888888888888 0.21302083333333333 0.7638888888888888
2 0.3328125 0.5694444444444444 0.3859375 0.5694444444444444 0.3859375 0.7759259259259259 0.3328125 0.7759259259259259
2 0.7609375 0.6194444444444445 0.8192708333333333 0.6194444444444445 0.8192708333333333 0.8212962962962963 0.7609375 0.8212962962962963
2 0.3854166666666667 0.4185185185185185 0.4197916666666667 0.4185185185185185 0.4197916666666667 0.5824074074074074 0.3854166666666667 0.5824074074074074
2 0.334375 0.412962962962963 0.36302083333333335 0.412962962962963 0.36302083333333335 0.5407407407407407 0.334375 0.5407407407407407
2 0.296875 0.387037037037037 0.3265625 0.387037037037037 0.3265625 0.5037037037037037 0.296875 0.5037037037037037
2 0.32708333333333334 0.3138888888888889 0.35 0.3138888888888889 0.35 0.4148148148148148 0.32708333333333334 0.4148148148148148
2 0.3927083333333333 0.2953703703703704 0.40677083333333336 0.2953703703703704 0.40677083333333336 0.3814814814814815 0.3927083333333333 0.3814814814814815
2 0.4473958333333333 0.3212962962962963 0.46770833333333334 0.3212962962962963 0.46770833333333334 0.425 0.4473958333333333 0.425
2 0.40729166666666666 0.22870370370370371 0.4203125 0.22870370370370371 0.4203125 0.30277777777777776 0.40729166666666666 0.30277777777777776
2 0.44479166666666664 0.22407407407407406 0.45989583333333334 0.22407407407407406 0.45989583333333334 0.2935185185185185 0.44479166666666664 0.2935185185185185
2 0.45729166666666665 0.21388888888888888 0.47604166666666664 0.21388888888888888 0.47604166666666664 0.28055555555555556 0.45729166666666665 0.28055555555555556
2 0.4609375 0.16944444444444445 0.4734375 0.16944444444444445 0.4734375 0.21944444444444444 0.4609375 0.21944444444444444
2 0.4395833333333333 0.17222222222222222 0.4510416666666667 0.17222222222222222 0.4510416666666667 0.2212962962962963 0.4395833333333333 0.2212962962962963
2 0.42604166666666665 0.1574074074074074 0.43802083333333336 0.1574074074074074 0.43802083333333336 0.20277777777777778 0.42604166666666665 0.20277777777777778
2 0.41354166666666664 0.18333333333333332 0.428125 0.18333333333333332 0.428125 0.23333333333333334 0.41354166666666664 0.23333333333333334
2 0.4479166666666667 0.13425925925925927 0.4578125 0.13425925925925927 0.4578125 0.1787037037037037 0.4479166666666667 0.1787037037037037
2 0.440625 0.12222222222222222 0.44895833333333335 0.12222222222222222 0.44895833333333335 0.15833333333333333 0.440625 0.15833333333333333
2 0.4317708333333333 0.10833333333333334 0.4401041666666667 0.10833333333333334 0.4401041666666667 0.14629629629629629 0.4317708333333333 0.14629629629629629
2 0.4973958333333333 0.12129629629629629 0.5057291666666667 0.12129629629629629 0.5057291666666667 0.1638888888888889 0.4973958333333333 0.1638888888888889
2 0.45989583333333334 0.12222222222222222 0.4671875 0.12222222222222222 0.4671875 0.1574074074074074 0.45989583333333334 0.1574074074074074
2 0.4708333333333333 0.11203703703703703 0.48072916666666665 0.11203703703703703 0.48072916666666665 0.14814814814814814 0.4708333333333333 0.14814814814814814
2 0.5958333333333333 0.14722222222222223 0.6052083333333333 0.14722222222222223 0.6052083333333333 0.18611111111111112 0.5958333333333333 0.18611111111111112
2 0.6010416666666667 0.1648148148148148 0.6135416666666667 0.1648148148148148 0.6135416666666667 0.2212962962962963 0.6010416666666667 0.2212962962962963
2 0.6255208333333333 0.14444444444444443 0.6317708333333333 0.14444444444444443 0.6317708333333333 0.18981481481481483 0.6255208333333333 0.18981481481481483
2 0.6354166666666666 0.1648148148148148 0.6442708333333333 0.1648148148148148 0.6442708333333333 0.21388888888888888 0.6354166666666666 0.21388888888888888
1 0.6 0.1111111111111111 0.6421875 0.1111111111111111 0.6421875 0.1527777777777778 0.6 0.1527777777777778
2 0.5744791666666667 0.10462962962962963 0.5890625 0.10462962962962963 0.5890625 0.14537037037037037 0.5744791666666667 0.14537037037037037