1 0.5010416666666667 0 0.5989583333333334 0 0.5989583333333334 0.09444444444444444 0.5010416666666667 0.09444444444444444
1 0.6494791666666667 0.18425925925925926 0.6838541666666667 0.18425925925925926 0.6838541666666667 0.3101851851851852 0.6494791666666667 0.3101851851851852
2 0.6515625 0.65 0.68125 0.65 0.68125 0.6842592592592592 0.6515625 0.6842592592592592
2 0.6197916666666666 0.675 0.6510416666666666 0.675 0.6510416666666666 0.7111111111111111 0.6197916666666666 0.7111111111111111
2 0.6536458333333334 0.337037037037037 0.6807291666666667 0.337037037037037 0.6807291666666667 0.37592592592592594 0.6536458333333334 0.37592592592592594
2 0.6317708333333333 0.37962962962962965 0.6635416666666667 0.37962962962962965 0.6635416666666667 0.41574074074074074 0.6317708333333333 0.41574074074074074
2 0.6541666666666667 0.41574074074074074 0.6838541666666667 0.41574074074074074 0.6838541666666667 0.45185185185185184 0.6541666666666667 0.45185185185185184
2 0.6651041666666667 0.5972222222222222 0.6953125 0.5972222222222222 0.6953125 0.6342592592592593 0.6651041666666667 0.6342592592592593
2 0.6916666666666667 0.3888888888888889 0.7109375 0.3888888888888889 0.7109375 0.41203703703703703 0.6916666666666667 0.41203703703703703
2 0.6354166666666666 0.3194444444444444 0.66875 0.3194444444444444 0.66875 0.35833333333333334 0.6354166666666666 0.35833333333333334
2 0.6447916666666667 0.687037037037037 0.6723958333333333 0.687037037037037 0.6723958333333333 0.7231481481481481 0.6447916666666667 0.7231481481481481
2 0.5734375 0.3435185185185185 0.621875 0.3435185185185185 0.621875 0.39814814814814814 0.5734375 0.39814814814814814
2 0.5859375 0.7638888888888888 0.628125 0.7638888888888888 0.628125 0.812962962962963 0.5859375 0.812962962962963
2 0.6828125 0.47314814814814815 0.7052083333333333 0.47314814814814815 0.7052083333333333 0.4981481481481482 0.6828125 0.4981481481481482
2 0.5046875 0.8074074074074075 0.5713541666666667 0.8074074074074075 0.5713541666666667 0.8851851851851852 0.5046875 0.8851851851851852
2 0.5265625 0.8796296296296297 0.584375 0.8796296296296297 0.584375 0.9444444444444444 0.5265625 0.9444444444444444
2 0.5859375 0.42407407407407405 0.6359375 0.42407407407407405 0.6359375 0.4703703703703704 0.5859375 0.4703703703703704
2 0.4390625 0.18981481481481483 0.51875 0.18981481481481483 0.51875 0.24537037037037038 0.4390625 0.24537037037037038
2 0.32395833333333335 0.1935185185185185 0.45729166666666665 0.1935185185185185 0.45729166666666665 0.2796296296296296 0.32395833333333335 0.2796296296296296