1 0.4 0.9101851851851852 0.4984375 0.9101851851851852 0.4984375 1 0.4 1
1 0.31666666666666665 0.6898148148148148 0.35052083333333334 0.6898148148148148 0.35052083333333334 0.8203703703703704 0.31666666666666665 0.8203703703703704
2 0.4114583333333333 0.06111111111111111 0.4666666666666667 0.06111111111111111 0.4666666666666667 0.1287037037037037 0.4114583333333333 0.1287037037037037
2 0.41770833333333335 0.13148148148148148 0.484375 0.13148148148148148 0.484375 0.20462962962962963 0.41770833333333335 0.20462962962962963
2 0.321875 0.625 0.3489583333333333 0.625 0.3489583333333333 0.6638888888888889 0.321875 0.6638888888888889
2 0.31875 0.549074074074074 0.3489583333333333 0.549074074074074 0.3489583333333333 0.5842592592592593 0.31875 0.5842592592592593
2 0.3463541666666667 0.29259259259259257 0.3776041666666667 0.29259259259259257 0.3776041666666667 0.3296296296296296 0.3463541666666667 0.3296296296296296
2 0.3671875 0.19074074074074074 0.4088541666666667 0.19074074074074074 0.4088541666666667 0.23981481481481481 0.3671875 0.23981481481481481
2 0.3390625 0.5861111111111111 0.37083333333333335 0.5861111111111111 0.37083333333333335 0.6231481481481481 0.3390625 0.6231481481481481
2 0.3338541666666667 0.6435185185185185 0.36770833333333336 0.6435185185185185 0.36770833333333336 0.6824074074074075 0.3338541666666667 0.6824074074074075
2 0.3046875 0.3675925925925926 0.3333333333333333 0.3675925925925926 0.3333333333333333 0.40370370370370373 0.3046875 0.40370370370370373
2 0.38385416666666666 0.6027777777777777 0.43385416666666665 0.6027777777777777 0.43385416666666665 0.6592592592592592 0.38385416666666666 0.6592592592592592
2 0.32395833333333335 0.28055555555555556 0.35208333333333336 0.28055555555555556 0.35208333333333336 0.31574074074074077 0.32395833333333335 0.31574074074074077
2 0.31302083333333336 0.31851851851851853 0.3416666666666667 0.31851851851851853 0.3416666666666667 0.35 0.31302083333333336 0.35
2 0.29635416666666664 0.5018518518518519 0.31927083333333334 0.5018518518518519 0.31927083333333334 0.5277777777777778 0.29635416666666664 0.5277777777777778
2 0.2916666666666667 0.5898148148148148 0.3109375 0.5898148148148148 0.3109375 0.6138888888888889 0.2916666666666667 0.6138888888888889
2 0.37447916666666664 0.5314814814814814 0.4234375 0.5314814814814814 0.4234375 0.5787037037037037 0.37447916666666664 0.5787037037037037
2 0.30833333333333335 0.24722222222222223 0.33229166666666665 0.24722222222222223 0.33229166666666665 0.2759259259259259 0.30833333333333335 0.2759259259259259
2 0.5697916666666667 0.7407407407407407 0.6994791666666667 0.7407407407407407 0.6994791666666667 0.8324074074074074 0.5697916666666667 0.8324074074074074