1 0.4036458333333333 0.9101851851851852 0.5026041666666666 0.9101851851851852 0.5026041666666666 1 0.4036458333333333 1
1 0.32083333333333336 0.6953703703703704 0.35572916666666665 0.6953703703703704 0.35572916666666665 0.7916666666666666 0.32083333333333336 0.7916666666666666
1 0.2786458333333333 0.49444444444444446 0.30052083333333335 0.49444444444444446 0.30052083333333335 0.5416666666666666 0.2786458333333333 0.5416666666666666
2 0.5380208333333333 0.7814814814814814 0.6552083333333333 0.7814814814814814 0.6552083333333333 0.8490740740740741 0.5380208333333333 0.8490740740740741
2 0.45416666666666666 0.8574074074074074 0.5296875 0.8574074074074074 0.5296875 0.9333333333333333 0.45416666666666666 0.9333333333333333
2 0.4359375 0.7425925925925926 0.5140625 0.7425925925925926 0.5140625 0.8064814814814815 0.4359375 0.8064814814814815
2 0.3963541666666667 0.7546296296296297 0.4484375 0.7546296296296297 0.4484375 0.812962962962963 0.3963541666666667 0.812962962962963
2 0.4296875 0.6351851851851852 0.5067708333333333 0.6351851851851852 0.5067708333333333 0.7129629629629629 0.4296875 0.7129629629629629
2 0.34739583333333335 0.6657407407407407 0.3770833333333333 0.6657407407407407 0.3770833333333333 0.6898148148148148 0.34739583333333335 0.6898148148148148
2 0.3640625 0.6407407407407407 0.40677083333333336 0.6407407407407407 0.40677083333333336 0.6796296296296296 0.3640625 0.6796296296296296
2 0.3416666666666667 0.6074074074074074 0.38333333333333336 0.6074074074074074 0.38333333333333336 0.6342592592592593 0.3416666666666667 0.6342592592592593
2 0.325 0.6407407407407407 0.3572916666666667 0.6407407407407407 0.3572916666666667 0.6666666666666666 0.325 0.6666666666666666
2 0.31614583333333335 0.6518518518518519 0.34739583333333335 0.6518518518518519 0.34739583333333335 0.675 0.31614583333333335 0.675
2 0.34739583333333335 0.5407407407407407 0.3880208333333333 0.5407407407407407 0.3880208333333333 0.5694444444444444 0.34739583333333335 0.5694444444444444
2 0.340625 0.5638888888888889 0.37864583333333335 0.5638888888888889 0.37864583333333335 0.5907407407407408 0.340625 0.5907407407407408
2 0.31979166666666664 0.5796296296296296 0.3489583333333333 0.5796296296296296 0.3489583333333333 0.5962962962962963 0.31979166666666664 0.5962962962962963
2 0.3151041666666667 0.5055555555555555 0.34479166666666666 0.5055555555555555 0.34479166666666666 0.5314814814814814 0.3151041666666667 0.5314814814814814
2 0.3109375 0.5898148148148148 0.33177083333333335 0.5898148148148148 0.33177083333333335 0.6055555555555555 0.3109375 0.6055555555555555
2 0.303125 0.6046296296296296 0.32760416666666664 0.6046296296296296 0.32760416666666664 0.6185185185185185 0.303125 0.6185185185185185
2 0.2994791666666667 0.5537037037037037 0.3260416666666667 0.5537037037037037 0.3260416666666667 0.5712962962962963 0.2994791666666667 0.5712962962962963
2 0.30520833333333336 0.5712962962962963 0.3255208333333333 0.5712962962962963 0.3255208333333333 0.5888888888888889 0.30520833333333336 0.5888888888888889
2 0.29791666666666666 0.5222222222222223 0.31666666666666665 0.5222222222222223 0.31666666666666665 0.5398148148148149 0.29791666666666666 0.5398148148148149
2 0.290625 0.5407407407407407 0.309375 0.5407407407407407 0.309375 0.5601851851851852 0.290625 0.5601851851851852
2 0.2921875 0.5824074074074074 0.30885416666666665 0.5824074074074074 0.30885416666666665 0.6018518518518519 0.2921875 0.6018518518518519
2 0.30885416666666665 0.3277777777777778 0.34010416666666665 0.3277777777777778 0.34010416666666665 0.3675925925925926 0.30885416666666665 0.3675925925925926
2 0.30104166666666665 0.2796296296296296 0.3260416666666667 0.2796296296296296 0.3260416666666667 0.29907407407407405 0.30104166666666665 0.29907407407407405
2 0.3140625 0.2935185185185185 0.34427083333333336 0.2935185185185185 0.34427083333333336 0.31851851851851853 0.3140625 0.31851851851851853
2 0.33177083333333335 0.20925925925925926 0.3619791666666667 0.20925925925925926 0.3619791666666667 0.24166666666666667 0.33177083333333335 0.24166666666666667
2 0.3541666666666667 0.22407407407407406 0.39479166666666665 0.22407407407407406 0.39479166666666665 0.2574074074074074 0.3541666666666667 0.2574074074074074
1 0.2921875 0.14166666666666666 0.3182291666666667 0.14166666666666666 0.3182291666666667 0.2490740740740741 0.2921875 0.2490740740740741