1 0.13020833333333334 0.3527777777777778 0.2557291666666667 0.3527777777777778 0.2557291666666667 0.5324074074074074 0.13020833333333334 0.5324074074074074
1 0.5583333333333333 0.32407407407407407 0.63125 0.32407407407407407 0.63125 0.4425925925925926 0.5583333333333333 0.4425925925925926
1 0.25052083333333336 0.625 0.4078125 0.625 0.4078125 0.9527777777777777 0.25052083333333336 0.9527777777777777
1 0.31875 0.20277777777777778 0.37552083333333336 0.20277777777777778 0.37552083333333336 0.26851851851851855 0.31875 0.26851851851851855
1 0.440625 0.17407407407407408 0.47552083333333334 0.17407407407407408 0.47552083333333334 0.23703703703703705 0.440625 0.23703703703703705
1 0.5291666666666667 0.18055555555555555 0.5630208333333333 0.18055555555555555 0.5630208333333333 0.23333333333333334 0.5291666666666667 0.23333333333333334
2 0.265625 0.562037037037037 0.30364583333333334 0.562037037037037 0.30364583333333334 0.6861111111111111 0.265625 0.6861111111111111
2 0.10885416666666667 0.7222222222222222 0.19322916666666667 0.7222222222222222 0.19322916666666667 0.9629629629629629 0.10885416666666667 0.9629629629629629
2 0.24322916666666666 0.45 0.2682291666666667 0.45 0.2682291666666667 0.5703703703703704 0.24322916666666666 0.5703703703703704
2 0.27760416666666665 0.35833333333333334 0.30833333333333335 0.35833333333333334 0.30833333333333335 0.47314814814814815 0.27760416666666665 0.47314814814814815
2 0.3098958333333333 0.3990740740740741 0.346875 0.3990740740740741 0.346875 0.5407407407407407 0.3098958333333333 0.5407407407407407
2 0.32447916666666665 0.32592592592592595 0.34479166666666666 0.32592592592592595 0.34479166666666666 0.42314814814814816 0.32447916666666665 0.42314814814814816
2 0.3723958333333333 0.3425925925925926 0.40260416666666665 0.3425925925925926 0.40260416666666665 0.45 0.3723958333333333 0.45
2 0.3645833333333333 0.30277777777777776 0.38697916666666665 0.30277777777777776 0.38697916666666665 0.38981481481481484 0.3645833333333333 0.38981481481481484
2 0.33229166666666665 0.26481481481481484 0.346875 0.26481481481481484 0.346875 0.3425925925925926 0.33229166666666665 0.3425925925925926
2 0.3458333333333333 0.28425925925925927 0.35885416666666664 0.28425925925925927 0.35885416666666664 0.35462962962962963 0.3458333333333333 0.35462962962962963
2 0.45208333333333334 0.33425925925925926 0.48333333333333334 0.33425925925925926 0.48333333333333334 0.43425925925925923 0.45208333333333334 0.43425925925925923
2 0.4083333333333333 0.35833333333333334 0.4390625 0.35833333333333334 0.4390625 0.4666666666666667 0.4083333333333333 0.4666666666666667
2 0.7833333333333333 0.6611111111111111 0.8640625 0.6611111111111111 0.8640625 0.8574074074074074 0.7833333333333333 0.8574074074074074
2 0.3885416666666667 0.27314814814814814 0.41302083333333334 0.27314814814814814 0.41302083333333334 0.3574074074074074 0.3885416666666667 0.3574074074074074
2 0.39166666666666666 0.24259259259259258 0.40625 0.24259259259259258 0.40625 0.30462962962962964 0.39166666666666666 0.30462962962962964
2 0.4197916666666667 0.24074074074074073 0.434375 0.24074074074074073 0.434375 0.3055555555555556 0.4197916666666667 0.3055555555555556
2 0.4041666666666667 0.19814814814814816 0.4192708333333333 0.19814814814814816 0.4192708333333333 0.2462962962962963 0.4041666666666667 0.2462962962962963
2 0.396875 0.17314814814814813 0.41302083333333334 0.17314814814814813 0.41302083333333334 0.22962962962962963 0.396875 0.22962962962962963
2 0.4197916666666667 0.18333333333333332 0.43125 0.18333333333333332 0.43125 0.23333333333333334 0.4197916666666667 0.23333333333333334
2 0.48802083333333335 0.19537037037037036 0.521875 0.19537037037037036 0.521875 0.2518518518518518 0.48802083333333335 0.2518518518518518
2 0.5859375 0.21666666666666667 0.5911458333333334 0.21666666666666667 0.5911458333333334 0.24259259259259258 0.5859375 0.24259259259259258