1 0.3953125 0.9074074074074074 0.49375 0.9074074074074074 0.49375 1 0.3953125 1
1 0.31666666666666665 0.6935185185185185 0.3515625 0.6935185185185185 0.3515625 0.8175925925925925 0.31666666666666665 0.8175925925925925
2 0.5005208333333333 0 0.5802083333333333 0 0.5802083333333333 0.07314814814814814 0.5005208333333333 0.07314814814814814
2 0.6088541666666667 0.9092592592592592 0.746875 0.9092592592592592 0.746875 1 0.6088541666666667 1
2 0.4786458333333333 0.8203703703703704 0.55 0.8203703703703704 0.55 0.9027777777777778 0.4786458333333333 0.9027777777777778
2 0.453125 0.175 0.5239583333333333 0.175 0.5239583333333333 0.25 0.453125 0.25
2 0.3802083333333333 0.28703703703703703 0.4296875 0.28703703703703703 0.4296875 0.3416666666666667 0.3802083333333333 0.3416666666666667
2 0.3307291666666667 0.21388888888888888 0.3609375 0.21388888888888888 0.3609375 0.2722222222222222 0.3307291666666667 0.2722222222222222
2 0.359375 0.6518518518518519 0.39791666666666664 0.6518518518518519 0.39791666666666664 0.700925925925926 0.359375 0.700925925925926
2 0.3875 0.19537037037037036 0.4359375 0.19537037037037036 0.4359375 0.24351851851851852 0.3875 0.24351851851851852
2 0.4036458333333333 0.6824074074074075 0.4666666666666667 0.6824074074074075 0.4666666666666667 0.7462962962962963 0.4036458333333333 0.7462962962962963
2 0.3697916666666667 0.5879629629629629 0.4270833333333333 0.5879629629629629 0.4270833333333333 0.6462962962962963 0.3697916666666667 0.6462962962962963
2 0.30885416666666665 0.4444444444444444 0.346875 0.4444444444444444 0.346875 0.5 0.30885416666666665 0.5
2 0.3109375 0.3 0.34322916666666664 0.3 0.34322916666666664 0.34444444444444444 0.3109375 0.34444444444444444