1 0.4859375 0 0.5885416666666666 0 0.5885416666666666 0.07222222222222222 0.4859375 0.07222222222222222
1 0.6166666666666667 0.5925925925925926 0.6598958333333333 0.5925925925925926 0.6598958333333333 0.6833333333333333 0.6166666666666667 0.6833333333333333
1 0.6348958333333333 0.18796296296296297 0.671875 0.18796296296296297 0.671875 0.2935185185185185 0.6348958333333333 0.2935185185185185
1 0.6161458333333333 0.3824074074074074 0.6609375 0.3824074074074074 0.6609375 0.46296296296296297 0.6161458333333333 0.46296296296296297
1 0.671875 0.7638888888888888 0.6984375 0.7638888888888888 0.6984375 0.8537037037037037 0.671875 0.8537037037037037
1 0.6760416666666667 0.549074074074074 0.7005208333333334 0.549074074074074 0.7005208333333334 0.6018518518518519 0.6760416666666667 0.6018518518518519
2 0.23125 0 0.3765625 0 0.3765625 0.05555555555555555 0.23125 0.05555555555555555
2 0.22395833333333334 0.09537037037037037 0.3567708333333333 0.09537037037037037 0.3567708333333333 0.18796296296296297 0.22395833333333334 0.18796296296296297
2 0.37552083333333336 0.002777777777777778 0.45677083333333335 0.002777777777777778 0.45677083333333335 0.075 0.37552083333333336 0.075
2 0.40729166666666666 0.14166666666666666 0.49375 0.14166666666666666 0.49375 0.21296296296296297 0.40729166666666666 0.21296296296296297
2 0.4942708333333333 0.10555555555555556 0.5583333333333333 0.10555555555555556 0.5583333333333333 0.14074074074074075 0.4942708333333333 0.14074074074074075
2 0.4953125 0.17777777777777778 0.5546875 0.17777777777777778 0.5546875 0.23703703703703705 0.4953125 0.23703703703703705
2 0.5369791666666667 0.22592592592592592 0.5890625 0.22592592592592592 0.5890625 0.275 0.5369791666666667 0.275
2 0.5322916666666667 0.31574074074074077 0.5927083333333333 0.31574074074074077 0.5927083333333333 0.3712962962962963 0.5322916666666667 0.3712962962962963
2 0.5614583333333333 0.7537037037037037 0.6244791666666667 0.7537037037037037 0.6244791666666667 0.8064814814814815 0.5614583333333333 0.8064814814814815
2 0.5953125 0.26666666666666666 0.6338541666666667 0.26666666666666666 0.6338541666666667 0.2962962962962963 0.5953125 0.2962962962962963
2 0.6255208333333333 0.28425925925925927 0.6630208333333333 0.28425925925925927 0.6630208333333333 0.3138888888888889 0.6255208333333333 0.3138888888888889
2 0.6109375 0.3277777777777778 0.6421875 0.3277777777777778 0.6421875 0.3537037037037037 0.6109375 0.3537037037037037
2 0.646875 0.35833333333333334 0.6760416666666667 0.35833333333333334 0.6760416666666667 0.375 0.646875 0.375
2 0.65625 0.3398148148148148 0.6848958333333334 0.3398148148148148 0.6848958333333334 0.3611111111111111 0.65625 0.3611111111111111
2 0.6973958333333333 0.3212962962962963 0.71875 0.3212962962962963 0.71875 0.3425925925925926 0.6973958333333333 0.3425925925925926
2 0.6838541666666667 0.36203703703703705 0.703125 0.36203703703703705 0.703125 0.37592592592592594 0.6838541666666667 0.37592592592592594
2 0.6651041666666667 0.3851851851851852 0.6947916666666667 0.3851851851851852 0.6947916666666667 0.4 0.6651041666666667 0.4
2 0.6734375 0.4083333333333333 0.6984375 0.4083333333333333 0.6984375 0.42314814814814816 0.6734375 0.42314814814814816
2 0.6708333333333333 0.43703703703703706 0.6963541666666667 0.43703703703703706 0.6963541666666667 0.4638888888888889 0.6708333333333333 0.4638888888888889
2 0.6421875 0.49537037037037035 0.6666666666666666 0.49537037037037035 0.6666666666666666 0.5453703703703704 0.6421875 0.5453703703703704
2 0.671875 0.6231481481481481 0.69375 0.6231481481481481 0.69375 0.6416666666666667 0.671875 0.6416666666666667
2 0.6734375 0.6583333333333333 0.7 0.6583333333333333 0.7 0.6814814814814815 0.6734375 0.6814814814814815
2 0.6859375 0.6444444444444445 0.7078125 0.6444444444444445 0.7078125 0.6601851851851852 0.6859375 0.6601851851851852
2 0.6921875 0.4 0.7104166666666667 0.4 0.7104166666666667 0.4222222222222222 0.6921875 0.4222222222222222