1 0.14375 0.32407407407407407 0.27239583333333334 0.32407407407407407 0.27239583333333334 0.49537037037037035 0.14375 0.49537037037037035
1 0.3223958333333333 0.17777777777777778 0.39114583333333336 0.17777777777777778 0.39114583333333336 0.2361111111111111 0.3223958333333333 0.2361111111111111
2 0.6989583333333333 0.3296296296296296 0.7333333333333333 0.3296296296296296 0.7333333333333333 0.42314814814814816 0.6989583333333333 0.42314814814814816
2 0.8197916666666667 0.5203703703703704 0.88125 0.5203703703703704 0.88125 0.687962962962963 0.8197916666666667 0.687962962962963
2 0.6557291666666667 0.3351851851851852 0.6942708333333333 0.3351851851851852 0.6942708333333333 0.4444444444444444 0.6557291666666667 0.4444444444444444
2 0.275 0.562037037037037 0.3375 0.562037037037037 0.3375 0.7203703703703703 0.275 0.7203703703703703
2 0.39375 0.21666666666666667 0.4166666666666667 0.21666666666666667 0.4166666666666667 0.27870370370370373 0.39375 0.27870370370370373
2 0.4015625 0.3101851851851852 0.4375 0.3101851851851852 0.4375 0.412962962962963 0.4015625 0.412962962962963
2 0.42864583333333334 0.23148148148148148 0.4510416666666667 0.23148148148148148 0.4510416666666667 0.29074074074074074 0.42864583333333334 0.29074074074074074
2 0.64375 0.2462962962962963 0.6697916666666667 0.2462962962962963 0.6697916666666667 0.3194444444444444 0.64375 0.3194444444444444
2 0.4348958333333333 0.13240740740740742 0.44895833333333335 0.13240740740740742 0.44895833333333335 0.16944444444444445 0.4348958333333333 0.16944444444444445
2 0.4510416666666667 0.18055555555555555 0.4739583333333333 0.18055555555555555 0.4739583333333333 0.23796296296296296 0.4510416666666667 0.23796296296296296
2 0.55625 0.14444444444444443 0.5796875 0.14444444444444443 0.5796875 0.1935185185185185 0.55625 0.1935185185185185
2 0.48385416666666664 0.1398148148148148 0.49895833333333334 0.1398148148148148 0.49895833333333334 0.1824074074074074 0.48385416666666664 0.1824074074074074
2 0.4046875 0.18981481481481483 0.4265625 0.18981481481481483 0.4265625 0.24259259259259258 0.4046875 0.24259259259259258
2 0.45208333333333334 0.2962962962962963 0.48125 0.2962962962962963 0.48125 0.39444444444444443 0.45208333333333334 0.39444444444444443
2 0.5927083333333333 0.21296296296296297 0.6114583333333333 0.21296296296296297 0.6114583333333333 0.26296296296296295 0.5927083333333333 0.26296296296296295
2 0.2796875 0.7175925925925926 0.340625 0.7175925925925926 0.340625 0.9777777777777777 0.2796875 0.9777777777777777