1 0.14270833333333333 0.31666666666666665 0.27239583333333334 0.31666666666666665 0.27239583333333334 0.4861111111111111 0.14270833333333333 0.4861111111111111
1 0.3223958333333333 0.1787037037037037 0.3880208333333333 0.1787037037037037 0.3880208333333333 0.2388888888888889 0.3223958333333333 0.2388888888888889
2 0.22135416666666666 0.8851851851851852 0.3072916666666667 0.8851851851851852 0.3072916666666667 1 0.22135416666666666 1
2 0.8 0.48148148148148145 0.8557291666666667 0.48148148148148145 0.8557291666666667 0.6351851851851852 0.8 0.6351851851851852
2 0.6880208333333333 0.30648148148148147 0.7229166666666667 0.30648148148148147 0.7229166666666667 0.3962962962962963 0.6880208333333333 0.3962962962962963
2 0.23541666666666666 0.6416666666666667 0.3046875 0.6416666666666667 0.3046875 0.8416666666666667 0.23541666666666666 0.8416666666666667
2 0.6458333333333334 0.31666666666666665 0.6796875 0.31666666666666665 0.6796875 0.4111111111111111 0.6458333333333334 0.4111111111111111
2 0.4244791666666667 0.25 0.446875 0.25 0.446875 0.3101851851851852 0.4244791666666667 0.3101851851851852
2 0.38958333333333334 0.22777777777777777 0.4125 0.22777777777777777 0.4125 0.29259259259259257 0.38958333333333334 0.29259259259259257
2 0.640625 0.23425925925925925 0.6640625 0.23425925925925925 0.6640625 0.3 0.640625 0.3
2 0.44895833333333335 0.19166666666666668 0.4734375 0.19166666666666668 0.4734375 0.2537037037037037 0.44895833333333335 0.2537037037037037
2 0.5234375 0.17777777777777778 0.5578125 0.17777777777777778 0.5578125 0.22407407407407406 0.5234375 0.22407407407407406
2 0.3927083333333333 0.33796296296296297 0.43072916666666666 0.33796296296296297 0.43072916666666666 0.45185185185185184 0.3927083333333333 0.45185185185185184
2 0.5973958333333333 0.16574074074074074 0.6177083333333333 0.16574074074074074 0.6177083333333333 0.21481481481481482 0.5973958333333333 0.21481481481481482
2 0.5546875 0.14444444444444443 0.5734375 0.14444444444444443 0.5734375 0.18703703703703703 0.5546875 0.18703703703703703
2 0.43333333333333335 0.13425925925925927 0.4479166666666667 0.13425925925925927 0.4479166666666667 0.17222222222222222 0.43333333333333335 0.17222222222222222
2 0.4828125 0.1388888888888889 0.4979166666666667 0.1388888888888889 0.4979166666666667 0.18333333333333332 0.4828125 0.18333333333333332
2 0.4510416666666667 0.31574074074074077 0.47239583333333335 0.31574074074074077 0.47239583333333335 0.4324074074074074 0.4510416666666667 0.4324074074074074