1 0.14166666666666666 0.32407407407407407 0.26927083333333335 0.32407407407407407 0.26927083333333335 0.5009259259259259 0.14166666666666666 0.5009259259259259
1 0.37395833333333334 0.4009259259259259 0.4703125 0.4009259259259259 0.4703125 0.5907407407407408 0.37395833333333334 0.5907407407407408
1 0.3302083333333333 0.18055555555555555 0.3885416666666667 0.18055555555555555 0.3885416666666667 0.24351851851851852 0.3302083333333333 0.24351851851851852
1 0.5479166666666667 0.12962962962962962 0.5817708333333333 0.12962962962962962 0.5817708333333333 0.1787037037037037 0.5479166666666667 0.1787037037037037
2 0.7333333333333333 0.43333333333333335 0.7828125 0.43333333333333335 0.7828125 0.5925925925925926 0.7333333333333333 0.5925925925925926
2 0.22395833333333334 0.6787037037037037 0.2703125 0.6787037037037037 0.2703125 0.9518518518518518 0.22395833333333334 0.9518518518518518
2 0.2015625 0.5231481481481481 0.25364583333333335 0.5231481481481481 0.25364583333333335 0.6907407407407408 0.2015625 0.6907407407407408
2 0.309375 0.32222222222222224 0.3296875 0.32222222222222224 0.3296875 0.47129629629629627 0.309375 0.47129629629629627
2 0.359375 0.3425925925925926 0.3859375 0.3425925925925926 0.3859375 0.44351851851851853 0.359375 0.44351851851851853
2 0.36354166666666665 0.25277777777777777 0.3828125 0.25277777777777777 0.3828125 0.31851851851851853 0.36354166666666665 0.31851851851851853
2 0.4088541666666667 0.21666666666666667 0.4265625 0.21666666666666667 0.4265625 0.3037037037037037 0.4088541666666667 0.3037037037037037
2 0.43697916666666664 0.23981481481481481 0.4583333333333333 0.23981481481481481 0.4583333333333333 0.325 0.43697916666666664 0.325
2 0.43697916666666664 0.20555555555555555 0.45729166666666665 0.20555555555555555 0.45729166666666665 0.27314814814814814 0.43697916666666664 0.27314814814814814
2 0.39947916666666666 0.18611111111111112 0.41354166666666664 0.18611111111111112 0.41354166666666664 0.24814814814814815 0.39947916666666666 0.24814814814814815
2 0.4046875 0.1287037037037037 0.41875 0.1287037037037037 0.41875 0.17407407407407408 0.4046875 0.17407407407407408
2 0.4276041666666667 0.1574074074074074 0.44166666666666665 0.1574074074074074 0.44166666666666665 0.2101851851851852 0.4276041666666667 0.2101851851851852
2 0.43802083333333336 0.13703703703703704 0.446875 0.13703703703703704 0.446875 0.17777777777777778 0.43802083333333336 0.17777777777777778
2 0.4322916666666667 0.13055555555555556 0.4401041666666667 0.13055555555555556 0.4401041666666667 0.1638888888888889 0.4322916666666667 0.1638888888888889
2 0.45260416666666664 0.16018518518518518 0.46770833333333334 0.16018518518518518 0.46770833333333334 0.21203703703703702 0.45260416666666664 0.21203703703703702
2 0.46822916666666664 0.1398148148148148 0.47708333333333336 0.1398148148148148 0.47708333333333336 0.18425925925925926 0.46822916666666664 0.18425925925925926
2 0.4921875 0.1388888888888889 0.503125 0.1388888888888889 0.503125 0.1814814814814815 0.4921875 0.1814814814814815
2 0.490625 0.11296296296296296 0.49947916666666664 0.11296296296296296 0.49947916666666664 0.14537037037037037 0.490625 0.14537037037037037
2 0.45729166666666665 0.12037037037037036 0.4640625 0.12037037037037036 0.4640625 0.15555555555555556 0.45729166666666665 0.15555555555555556
2 0.44479166666666664 0.12314814814814815 0.45260416666666664 0.12314814814814815 0.45260416666666664 0.15462962962962962 0.44479166666666664 0.15462962962962962
2 0.5416666666666666 0.1824074074074074 0.575 0.1824074074074074 0.575 0.2361111111111111 0.5416666666666666 0.2361111111111111
2 0.6942708333333333 0.2953703703703704 0.721875 0.2953703703703704 0.721875 0.3712962962962963 0.6942708333333333 0.3712962962962963
2 0.6546875 0.21203703703703702 0.6744791666666666 0.21203703703703702 0.6744791666666666 0.28888888888888886 0.6546875 0.28888888888888886
2 0.5958333333333333 0.13518518518518519 0.6067708333333334 0.13518518518518519 0.6067708333333334 0.18333333333333332 0.5958333333333333 0.18333333333333332
1 0.6536458333333334 0.12962962962962962 0.7104166666666667 0.12962962962962962 0.7104166666666667 0.17962962962962964 0.6536458333333334 0.17962962962962964