1 0.13177083333333334 0.3509259259259259 0.2546875 0.3509259259259259 0.2546875 0.5287037037037037 0.13177083333333334 0.5287037037037037
1 0.5557291666666667 0.30185185185185187 0.625 0.30185185185185187 0.625 0.41203703703703703 0.5557291666666667 0.41203703703703703
1 0.321875 0.2037037037037037 0.37916666666666665 0.2037037037037037 0.37916666666666665 0.26666666666666666 0.321875 0.26666666666666666
1 0.8791666666666667 0.225 0.9557291666666666 0.225 0.9557291666666666 0.3138888888888889 0.8791666666666667 0.3138888888888889
1 0.43854166666666666 0.17592592592592593 0.475 0.17592592592592593 0.475 0.24166666666666667 0.43854166666666666 0.24166666666666667
1 0.5291666666666667 0.17314814814814813 0.5630208333333333 0.17314814814814813 0.5630208333333333 0.22592592592592592 0.5291666666666667 0.22592592592592592
1 0.6447916666666667 0.15555555555555556 0.69375 0.15555555555555556 0.69375 0.19907407407407407 0.6447916666666667 0.19907407407407407
2 0.05260416666666667 0.8296296296296296 0.1515625 0.8296296296296296 0.1515625 1 0.05260416666666667 1
2 0.23489583333333333 0.5796296296296296 0.2713541666666667 0.5796296296296296 0.2713541666666667 0.7685185185185185 0.23489583333333333 0.7685185185185185
2 0.21145833333333333 0.4962962962962963 0.24322916666666666 0.4962962962962963 0.24322916666666666 0.6407407407407407 0.21145833333333333 0.6407407407407407
1 0.2140625 0.7185185185185186 0.39479166666666665 0.7185185185185186 0.39479166666666665 1 0.2140625 1
2 0.26614583333333336 0.3731481481481482 0.30572916666666666 0.3731481481481482 0.30572916666666666 0.49722222222222223 0.26614583333333336 0.49722222222222223
2 0.2791666666666667 0.4564814814814815 0.3260416666666667 0.4564814814814815 0.3260416666666667 0.5990740740740741 0.2791666666666667 0.5990740740740741
2 0.32395833333333335 0.36018518518518516 0.3421875 0.36018518518518516 0.3421875 0.4444444444444444 0.32395833333333335 0.4444444444444444
2 0.353125 0.3731481481481482 0.3890625 0.3731481481481482 0.3890625 0.4842592592592593 0.353125 0.4842592592592593
2 0.3984375 0.38333333333333336 0.43333333333333335 0.38333333333333336 0.43333333333333335 0.4925925925925926 0.3984375 0.4925925925925926
2 0.43333333333333335 0.36944444444444446 0.47708333333333336 0.36944444444444446 0.47708333333333336 0.5092592592592593 0.43333333333333335 0.5092592592592593
2 0.7541666666666667 0.5592592592592592 0.7963541666666667 0.5592592592592592 0.7963541666666667 0.7296296296296296 0.7541666666666667 0.7296296296296296
2 0.31666666666666665 0.2759259259259259 0.34479166666666666 0.2759259259259259 0.34479166666666666 0.35648148148148145 0.31666666666666665 0.35648148148148145
2 0.3411458333333333 0.28888888888888886 0.35833333333333334 0.28888888888888886 0.35833333333333334 0.37037037037037035 0.3411458333333333 0.37037037037037035
2 0.35989583333333336 0.32037037037037036 0.3828125 0.32037037037037036 0.3828125 0.387037037037037 0.35989583333333336 0.387037037037037
2 0.38645833333333335 0.2935185185185185 0.409375 0.2935185185185185 0.409375 0.3712962962962963 0.38645833333333335 0.3712962962962963
2 0.3807291666666667 0.25833333333333336 0.40520833333333334 0.25833333333333336 0.40520833333333334 0.32314814814814813 0.3807291666666667 0.32314814814814813
2 0.4171875 0.24814814814814815 0.43697916666666664 0.24814814814814815 0.43697916666666664 0.3287037037037037 0.4171875 0.3287037037037037
2 0.3958333333333333 0.1814814814814815 0.4109375 0.1814814814814815 0.4109375 0.24444444444444444 0.3958333333333333 0.24444444444444444
2 0.40208333333333335 0.21481481481481482 0.4161458333333333 0.21481481481481482 0.4161458333333333 0.2675925925925926 0.40208333333333335 0.2675925925925926
2 0.42083333333333334 0.1925925925925926 0.4317708333333333 0.1925925925925926 0.4317708333333333 0.23981481481481481 0.42083333333333334 0.23981481481481481
2 0.49322916666666666 0.2111111111111111 0.515625 0.2111111111111111 0.515625 0.26851851851851855 0.49322916666666666 0.26851851851851855
2 0.5791666666666667 0.2111111111111111 0.5963541666666666 0.2111111111111111 0.5963541666666666 0.25555555555555554 0.5791666666666667 0.25555555555555554
2 0.6046875 0.18796296296296297 0.6239583333333333 0.18796296296296297 0.6239583333333333 0.25 0.6046875 0.25
2 0.596875 0.16666666666666666 0.6098958333333333 0.16666666666666666 0.6098958333333333 0.21388888888888888 0.596875 0.21388888888888888
2 0.5885416666666666 0.14814814814814814 0.5984375 0.14814814814814814 0.5984375 0.19537037037037036 0.5885416666666666 0.19537037037037036
2 0.5604166666666667 0.15092592592592594 0.5760416666666667 0.15092592592592594 0.5760416666666667 0.19722222222222222 0.5604166666666667 0.19722222222222222