1 0.14375 0.3314814814814815 0.26614583333333336 0.3314814814814815 0.26614583333333336 0.5101851851851852 0.14375 0.5101851851851852
1 0.3932291666666667 0.3509259259259259 0.4713541666666667 0.3509259259259259 0.4713541666666667 0.5074074074074074 0.3932291666666667 0.5074074074074074
1 0.3302083333333333 0.1814814814814815 0.3880208333333333 0.1814814814814815 0.3880208333333333 0.24444444444444444 0.3302083333333333 0.24444444444444444
1 0.5489583333333333 0.13796296296296295 0.584375 0.13796296296296295 0.584375 0.19166666666666668 0.5489583333333333 0.19166666666666668
1 0.6578125 0.13240740740740742 0.7020833333333333 0.13240740740740742 0.7020833333333333 0.17592592592592593 0.6578125 0.17592592592592593
2 0.2453125 0.43333333333333335 0.2765625 0.43333333333333335 0.2765625 0.5907407407407408 0.2453125 0.5907407407407408
2 0.11614583333333334 0.7666666666666667 0.2046875 0.7666666666666667 0.2046875 1 0.11614583333333334 1
2 0.2911458333333333 0.5212962962962963 0.32864583333333336 0.5212962962962963 0.32864583333333336 0.6888888888888889 0.2911458333333333 0.6888888888888889
2 0.32083333333333336 0.3037037037037037 0.3494791666666667 0.3037037037037037 0.3494791666666667 0.41203703703703703 0.32083333333333336 0.41203703703703703
2 0.3807291666666667 0.29444444444444445 0.3984375 0.29444444444444445 0.3984375 0.3972222222222222 0.3807291666666667 0.3972222222222222
2 0.37135416666666665 0.23148148148148148 0.39947916666666666 0.23148148148148148 0.39947916666666666 0.30277777777777776 0.37135416666666665 0.30277777777777776
2 0.790625 0.5398148148148149 0.8494791666666667 0.5398148148148149 0.8494791666666667 0.7185185185185186 0.790625 0.7185185185185186
2 0.7182291666666667 0.32685185185185184 0.746875 0.32685185185185184 0.746875 0.4212962962962963 0.7182291666666667 0.4212962962962963
2 0.6723958333333333 0.2537037037037037 0.69375 0.2537037037037037 0.69375 0.3296296296296296 0.6723958333333333 0.3296296296296296
2 0.41458333333333336 0.2064814814814815 0.43125 0.2064814814814815 0.43125 0.26481481481481484 0.41458333333333336 0.26481481481481484
2 0.4010416666666667 0.16666666666666666 0.42083333333333334 0.16666666666666666 0.42083333333333334 0.23055555555555557 0.4010416666666667 0.23055555555555557
2 0.4427083333333333 0.19166666666666668 0.4515625 0.19166666666666668 0.4515625 0.2388888888888889 0.4427083333333333 0.2388888888888889
2 0.4473958333333333 0.22314814814814815 0.46770833333333334 0.22314814814814815 0.46770833333333334 0.29259259259259257 0.4473958333333333 0.29259259259259257
2 0.4317708333333333 0.14907407407407408 0.4421875 0.14907407407407408 0.4421875 0.2 0.4317708333333333 0.2
2 0.40208333333333335 0.12962962962962962 0.4161458333333333 0.12962962962962962 0.4161458333333333 0.1648148148148148 0.40208333333333335 0.1648148148148148
2 0.41041666666666665 0.10555555555555556 0.4192708333333333 0.10555555555555556 0.4192708333333333 0.1361111111111111 0.41041666666666665 0.1361111111111111
2 0.5302083333333333 0.17592592592592593 0.5671875 0.17592592592592593 0.5671875 0.24259259259259258 0.5302083333333333 0.24259259259259258
2 0.49322916666666666 0.13055555555555556 0.5046875 0.13055555555555556 0.5046875 0.17407407407407408 0.49322916666666666 0.17407407407407408
2 0.47239583333333335 0.13518518518518519 0.4796875 0.13518518518518519 0.4796875 0.1787037037037037 0.47239583333333335 0.1787037037037037
2 0.45625 0.14444444444444443 0.46770833333333334 0.14444444444444443 0.46770833333333334 0.20092592592592592 0.45625 0.20092592592592592
2 0.44114583333333335 0.13425925925925927 0.45 0.13425925925925927 0.45 0.1712962962962963 0.44114583333333335 0.1712962962962963
2 0.4583333333333333 0.11296296296296296 0.46770833333333334 0.11296296296296296 0.46770833333333334 0.14722222222222223 0.4583333333333333 0.14722222222222223
2 0.6041666666666666 0.14907407407407408 0.6151041666666667 0.14907407407407408 0.6151041666666667 0.20277777777777778 0.6041666666666666 0.20277777777777778