1 0.14479166666666668 0.3138888888888889 0.2713541666666667 0.3138888888888889 0.2713541666666667 0.487962962962963 0.14479166666666668 0.487962962962963
1 0.32447916666666665 0.17314814814814813 0.39114583333333336 0.17314814814814813 0.39114583333333336 0.23425925925925925 0.32447916666666665 0.23425925925925925
2 0.8380208333333333 0.5712962962962963 0.9041666666666667 0.5712962962962963 0.9041666666666667 0.7361111111111112 0.8380208333333333 0.7361111111111112
2 0.8625 0.8379629629629629 0.9526041666666667 0.8379629629629629 0.9526041666666667 0.9953703703703703 0.8625 0.9953703703703703
2 0.1265625 0.8148148148148148 0.215625 0.8148148148148148 0.215625 0.9962962962962963 0.1265625 0.9962962962962963
2 0.6317708333333333 0.3768518518518518 0.6661458333333333 0.3768518518518518 0.6661458333333333 0.48055555555555557 0.6317708333333333 0.48055555555555557
2 0.5973958333333333 0.17222222222222222 0.6229166666666667 0.17222222222222222 0.6229166666666667 0.2222222222222222 0.5973958333333333 0.2222222222222222
2 0.7130208333333333 0.4398148148148148 0.7557291666666667 0.4398148148148148 0.7557291666666667 0.5685185185185185 0.7130208333333333 0.5685185185185185
2 0.5864583333333333 0.25925925925925924 0.6151041666666667 0.25925925925925924 0.6151041666666667 0.34074074074074073 0.5864583333333333 0.34074074074074073
2 0.240625 0.5092592592592593 0.29322916666666665 0.5092592592592593 0.29322916666666665 0.6601851851851852 0.240625 0.6601851851851852
2 0.34322916666666664 0.35462962962962963 0.38645833333333335 0.35462962962962963 0.38645833333333335 0.47962962962962963 0.34322916666666664 0.47962962962962963
2 0.6395833333333333 0.19074074074074074 0.6640625 0.19074074074074074 0.6640625 0.2490740740740741 0.6395833333333333 0.2490740740740741
2 0.6380208333333334 0.27870370370370373 0.6630208333333333 0.27870370370370373 0.6630208333333333 0.3611111111111111 0.6380208333333334 0.3611111111111111
2 0.4119791666666667 0.29444444444444445 0.4453125 0.29444444444444445 0.4453125 0.39814814814814814 0.4119791666666667 0.39814814814814814
2 0.4375 0.18333333333333332 0.4578125 0.18333333333333332 0.4578125 0.24259259259259258 0.4375 0.24259259259259258
2 0.5010416666666667 0.16018518518518518 0.53125 0.16018518518518518 0.53125 0.22685185185185186 0.5010416666666667 0.22685185185185186
2 0.3848958333333333 0.2722222222222222 0.41510416666666666 0.2722222222222222 0.41510416666666666 0.3574074074074074 0.3848958333333333 0.3574074074074074
2 0.5572916666666666 0.1814814814814815 0.5760416666666667 0.1814814814814815 0.5760416666666667 0.2712962962962963 0.5572916666666666 0.2712962962962963
2 0.5744791666666667 0.1814814814814815 0.590625 0.1814814814814815 0.590625 0.2462962962962963 0.5744791666666667 0.2462962962962963