1 0.1421875 0.3351851851851852 0.26510416666666664 0.3351851851851852 0.26510416666666664 0.5138888888888888 0.1421875 0.5138888888888888
1 0.4078125 0.29814814814814816 0.47604166666666664 0.29814814814814816 0.47604166666666664 0.42777777777777776 0.4078125 0.42777777777777776
1 0.3302083333333333 0.18703703703703703 0.3880208333333333 0.18703703703703703 0.3880208333333333 0.25 0.3302083333333333 0.25
1 0.5505208333333333 0.15462962962962962 0.5890625 0.15462962962962962 0.5890625 0.21388888888888888 0.5505208333333333 0.21388888888888888
1 0.6588541666666666 0.13796296296296295 0.703125 0.13796296296296295 0.703125 0.17685185185185184 0.6588541666666666 0.17685185185185184
2 0.34270833333333334 0.2722222222222222 0.36770833333333336 0.2722222222222222 0.36770833333333336 0.3675925925925926 0.34270833333333334 0.3675925925925926
2 0.33489583333333334 0.43796296296296294 0.3697916666666667 0.43796296296296294 0.3697916666666667 0.5407407407407407 0.33489583333333334 0.5407407407407407
2 0.7604166666666666 0.40925925925925927 0.7953125 0.40925925925925927 0.7953125 0.5046296296296297 0.7604166666666666 0.5046296296296297
2 0.9177083333333333 0.8203703703703704 0.9984375 0.8203703703703704 0.9984375 1 0.9177083333333333 1
2 0.033854166666666664 0.75 0.10885416666666667 0.75 0.10885416666666667 0.9555555555555556 0.033854166666666664 0.9555555555555556
2 0.0796875 0.6101851851851852 0.12916666666666668 0.6101851851851852 0.12916666666666668 0.7935185185185185 0.0796875 0.7935185185185185
2 0.228125 0.575925925925926 0.2796875 0.575925925925926 0.2796875 0.7842592592592592 0.228125 0.7842592592592592
2 0.265625 0.6453703703703704 0.32083333333333336 0.6453703703703704 0.32083333333333336 0.8824074074074074 0.265625 0.8824074074074074
2 0.29375 0.3675925925925926 0.31979166666666664 0.3675925925925926 0.31979166666666664 0.4935185185185185 0.29375 0.4935185185185185
2 0.38333333333333336 0.20555555555555555 0.4015625 0.20555555555555555 0.4015625 0.26851851851851855 0.38333333333333336 0.26851851851851855
2 0.4 0.2490740740740741 0.4166666666666667 0.2490740740740741 0.4166666666666667 0.3398148148148148 0.4 0.3398148148148148
2 0.42135416666666664 0.18981481481481483 0.4390625 0.18981481481481483 0.4390625 0.2490740740740741 0.42135416666666664 0.2490740740740741
2 0.4088541666666667 0.1574074074074074 0.42552083333333335 0.1574074074074074 0.42552083333333335 0.21481481481481482 0.4088541666666667 0.21481481481481482
2 0.4005208333333333 0.12129629629629629 0.4140625 0.12129629629629629 0.4140625 0.16111111111111112 0.4005208333333333 0.16111111111111112
2 0.4515625 0.1935185185185185 0.4666666666666667 0.1935185185185185 0.4666666666666667 0.25 0.4515625 0.25
2 0.4390625 0.17777777777777778 0.45729166666666665 0.17777777777777778 0.45729166666666665 0.22777777777777777 0.4390625 0.22777777777777777
2 0.4348958333333333 0.15092592592592594 0.446875 0.15092592592592594 0.446875 0.19074074074074074 0.4348958333333333 0.19074074074074074
2 0.45729166666666665 0.13240740740740742 0.46927083333333336 0.13240740740740742 0.46927083333333336 0.1824074074074074 0.45729166666666665 0.1824074074074074
2 0.4713541666666667 0.12407407407407407 0.4796875 0.12407407407407407 0.4796875 0.1675925925925926 0.4713541666666667 0.1675925925925926
2 0.49114583333333334 0.125 0.5010416666666667 0.125 0.5010416666666667 0.16574074074074074 0.49114583333333334 0.16574074074074074
2 0.5260416666666666 0.17777777777777778 0.5484375 0.17777777777777778 0.5484375 0.2462962962962963 0.5260416666666666 0.2462962962962963
2 0.6140625 0.17592592592592593 0.6260416666666667 0.17592592592592593 0.6260416666666667 0.22685185185185186 0.6140625 0.22685185185185186
2 0.6854166666666667 0.287962962962963 0.7135416666666666 0.287962962962963 0.7135416666666666 0.3851851851851852 0.6854166666666667 0.3851851851851852
2 0.4427083333333333 0.12685185185185185 0.45364583333333336 0.12685185185185185 0.45364583333333336 0.1648148148148148 0.4427083333333333 0.1648148148148148