1 0.39479166666666665 0.9064814814814814 0.49270833333333336 0.9064814814814814 0.49270833333333336 1 0.39479166666666665 1
1 0.31614583333333335 0.6935185185185185 0.35052083333333334 0.6935185185185185 0.35052083333333334 0.812037037037037 0.31614583333333335 0.812037037037037
2 0.43072916666666666 0.20555555555555555 0.4895833333333333 0.20555555555555555 0.4895833333333333 0.2657407407407407 0.43072916666666666 0.2657407407407407
2 0.315625 0.2814814814814815 0.34375 0.2814814814814815 0.34375 0.32685185185185184 0.315625 0.32685185185185184
2 0.4661458333333333 0.046296296296296294 0.5385416666666667 0.046296296296296294 0.5385416666666667 0.12129629629629629 0.4661458333333333 0.12129629629629629
2 0.3645833333333333 0.2962962962962963 0.41041666666666665 0.2962962962962963 0.41041666666666665 0.3472222222222222 0.3645833333333333 0.3472222222222222
2 0.5052083333333334 0.8675925925925926 0.5901041666666667 0.8675925925925926 0.5901041666666667 0.9611111111111111 0.5052083333333334 0.9611111111111111
2 0.41875 0.7018518518518518 0.48854166666666665 0.7018518518518518 0.48854166666666665 0.7787037037037037 0.41875 0.7787037037037037
2 0.3260416666666667 0.20833333333333334 0.35885416666666664 0.20833333333333334 0.35885416666666664 0.2518518518518518 0.3260416666666667 0.2518518518518518
2 0.37552083333333336 0.2101851851851852 0.42239583333333336 0.2101851851851852 0.42239583333333336 0.25462962962962965 0.37552083333333336 0.25462962962962965
2 0.384375 0.5981481481481481 0.4432291666666667 0.5981481481481481 0.4432291666666667 0.6574074074074074 0.384375 0.6574074074074074
2 0.321875 0.575 0.35520833333333335 0.575 0.35520833333333335 0.6111111111111112 0.321875 0.6111111111111112
2 0.309375 0.4444444444444444 0.3463541666666667 0.4444444444444444 0.3463541666666667 0.4981481481481482 0.309375 0.4981481481481482
2 0.371875 0.6509259259259259 0.4197916666666667 0.6509259259259259 0.4197916666666667 0.7046296296296296 0.371875 0.7046296296296296
2 0.32083333333333336 0.3648148148148148 0.37135416666666665 0.3648148148148148 0.37135416666666665 0.39814814814814814 0.32083333333333336 0.39814814814814814
2 0.32083333333333336 0.3388888888888889 0.3572916666666667 0.3388888888888889 0.3572916666666667 0.3675925925925926 0.32083333333333336 0.3675925925925926