1 0.1203125 0.3611111111111111 0.24895833333333334 0.3611111111111111 0.24895833333333334 0.5444444444444444 0.1203125 0.5444444444444444
1 0.5328125 0.26296296296296295 0.5802083333333333 0.26296296296296295 0.5802083333333333 0.32685185185185184 0.5328125 0.32685185185185184
1 0.3828125 0.3212962962962963 0.440625 0.3212962962962963 0.440625 0.42314814814814816 0.3828125 0.42314814814814816
1 0.31302083333333336 0.21574074074074073 0.37135416666666665 0.21574074074074073 0.37135416666666665 0.27870370370370373 0.31302083333333336 0.27870370370370373
1 0.9145833333333333 0.2777777777777778 0.9765625 0.2777777777777778 0.9765625 0.36018518518518516 0.9145833333333333 0.36018518518518516
1 0.45208333333333334 0.14722222222222223 0.48020833333333335 0.14722222222222223 0.48020833333333335 0.1925925925925926 0.45208333333333334 0.1925925925925926
2 0.24010416666666667 0.4527777777777778 0.28072916666666664 0.4527777777777778 0.28072916666666664 0.5574074074074075 0.24010416666666667 0.5574074074074075
1 0.6380208333333334 0.1712962962962963 0.6807291666666667 0.1712962962962963 0.6807291666666667 0.2111111111111111 0.6380208333333334 0.2111111111111111
2 0.3546875 0.30833333333333335 0.3723958333333333 0.30833333333333335 0.3723958333333333 0.35462962962962963 0.3546875 0.35462962962962963
2 0.321875 0.3685185185185185 0.3489583333333333 0.3685185185185185 0.3489583333333333 0.4648148148148148 0.321875 0.4648148148148148
2 0.43697916666666664 0.3731481481481482 0.4703125 0.3731481481481482 0.4703125 0.49166666666666664 0.43697916666666664 0.49166666666666664
2 0.6401041666666667 0.38425925925925924 0.6661458333333333 0.38425925925925924 0.6661458333333333 0.5074074074074074 0.6401041666666667 0.5074074074074074
2 0.6322916666666667 0.27037037037037037 0.6604166666666667 0.27037037037037037 0.6604166666666667 0.3537037037037037 0.6322916666666667 0.3537037037037037
2 0.6552083333333333 0.3194444444444444 0.6859375 0.3194444444444444 0.6859375 0.4148148148148148 0.6552083333333333 0.4148148148148148
2 0.3729166666666667 0.2111111111111111 0.38645833333333335 0.2111111111111111 0.38645833333333335 0.2712962962962963 0.3729166666666667 0.2712962962962963
2 0.44166666666666665 0.2462962962962963 0.46041666666666664 0.2462962962962963 0.46041666666666664 0.3074074074074074 0.44166666666666665 0.3074074074074074
2 0.23854166666666668 0.4064814814814815 0.2640625 0.4064814814814815 0.2640625 0.5277777777777778 0.23854166666666668 0.5277777777777778
1 0.5848958333333333 0.6592592592592592 0.8057291666666667 0.6592592592592592 0.8057291666666667 1 0.5848958333333333 1
2 0.38645833333333335 0.22777777777777777 0.40677083333333336 0.22777777777777777 0.40677083333333336 0.2962962962962963 0.38645833333333335 0.2962962962962963
2 0.39010416666666664 0.28703703703703703 0.4140625 0.28703703703703703 0.4140625 0.34074074074074073 0.39010416666666664 0.34074074074074073
2 0.5927083333333333 0.225 0.6078125 0.225 0.6078125 0.287962962962963 0.5927083333333333 0.287962962962963
2 0.4078125 0.225 0.4265625 0.225 0.4265625 0.2759259259259259 0.4078125 0.2759259259259259
2 0.48802083333333335 0.21574074074074073 0.5140625 0.21574074074074073 0.5140625 0.26944444444444443 0.48802083333333335 0.26944444444444443
2 0.46979166666666666 0.1962962962962963 0.48802083333333335 0.1962962962962963 0.48802083333333335 0.24444444444444444 0.46979166666666666 0.24444444444444444
2 0.4244791666666667 0.18888888888888888 0.4421875 0.18888888888888888 0.4421875 0.22592592592592592 0.4244791666666667 0.22592592592592592
2 0.4505208333333333 0.20277777777777778 0.4640625 0.20277777777777778 0.4640625 0.25833333333333336 0.4505208333333333 0.25833333333333336
2 0.4328125 0.23333333333333334 0.44479166666666664 0.23333333333333334 0.44479166666666664 0.2796296296296296 0.4328125 0.2796296296296296
2 0.40625 0.1648148148148148 0.42083333333333334 0.1648148148148148 0.42083333333333334 0.2101851851851852 0.40625 0.2101851851851852
2 0.4036458333333333 0.19166666666666668 0.42135416666666664 0.19166666666666668 0.42135416666666664 0.23425925925925925 0.4036458333333333 0.23425925925925925
2 0.4203125 0.1685185185185185 0.4296875 0.1685185185185185 0.4296875 0.20833333333333334 0.4203125 0.20833333333333334
2 0.4239583333333333 0.15185185185185185 0.4359375 0.15185185185185185 0.4359375 0.18796296296296297 0.4239583333333333 0.18796296296296297
2 0.6010416666666667 0.20462962962962963 0.6177083333333333 0.20462962962962963 0.6177083333333333 0.2601851851851852 0.6010416666666667 0.2601851851851852
2 0.5828125 0.1935185185185185 0.59375 0.1935185185185185 0.59375 0.23425925925925925 0.5828125 0.23425925925925925
2 0.5510416666666667 0.1712962962962963 0.559375 0.1712962962962963 0.559375 0.2 0.5510416666666667 0.2
2 0.553125 0.175 0.5682291666666667 0.175 0.5682291666666667 0.22037037037037038 0.553125 0.22037037037037038
2 0.5661458333333333 0.16944444444444445 0.5744791666666667 0.16944444444444445 0.5744791666666667 0.19537037037037036 0.5661458333333333 0.19537037037037036