1 0.5067708333333333 0 0.6083333333333333 0 0.6083333333333333 0.08425925925925926 0.5067708333333333 0.08425925925925926
1 0.5338541666666666 0.7435185185185185 0.6057291666666667 0.7435185185185185 0.6057291666666667 0.9101851851851852 0.5338541666666666 0.9101851851851852
0 0.5734375 0.1648148148148148 0.6880208333333333 0.1648148148148148 0.6880208333333333 0.3509259259259259 0.5734375 0.3509259259259259
1 0.6791666666666667 0.42407407407407405 0.709375 0.42407407407407405 0.709375 0.49074074074074076 0.6791666666666667 0.49074074074074076
2 0.5302083333333333 0.25555555555555554 0.5875 0.25555555555555554 0.5875 0.3175925925925926 0.5302083333333333 0.3175925925925926
2 0.3984375 0.8953703703703704 0.4869791666666667 0.8953703703703704 0.4869791666666667 0.9898148148148148 0.3984375 0.9898148148148148
1 0.7083333333333334 0.5546296296296296 0.7286458333333333 0.5546296296296296 0.7286458333333333 0.6018518518518519 0.7083333333333334 0.6018518518518519
1 0.6932291666666667 0.612037037037037 0.7182291666666667 0.612037037037037 0.7182291666666667 0.6768518518518518 0.6932291666666667 0.6768518518518518
2 0.6828125 0.5814814814814815 0.7083333333333334 0.5814814814814815 0.7083333333333334 0.6111111111111112 0.6828125 0.6111111111111112
2 0.5479166666666667 0.37407407407407406 0.6052083333333333 0.37407407407407406 0.6052083333333333 0.43148148148148147 0.5479166666666667 0.43148148148148147
2 0.4505208333333333 0.2111111111111111 0.5307291666666667 0.2111111111111111 0.5307291666666667 0.27870370370370373 0.4505208333333333 0.27870370370370373
2 0.5010416666666667 0.9629629629629629 0.5598958333333334 0.9629629629629629 0.5598958333333334 1 0.5010416666666667 1
2 0.50625 0.6694444444444444 0.5739583333333333 0.6694444444444444 0.5739583333333333 0.737037037037037 0.50625 0.737037037037037
2 0.6078125 0.40370370370370373 0.6494791666666667 0.40370370370370373 0.6494791666666667 0.45092592592592595 0.6078125 0.45092592592592595
2 0.6182291666666667 0.6981481481481482 0.6572916666666667 0.6981481481481482 0.6572916666666667 0.7388888888888889 0.6182291666666667 0.7388888888888889
2 0.6421875 0.41388888888888886 0.6677083333333333 0.41388888888888886 0.6677083333333333 0.4564814814814815 0.6421875 0.4564814814814815
2 0.6598958333333333 0.5009259259259259 0.6916666666666667 0.5009259259259259 0.6916666666666667 0.5444444444444444 0.6598958333333333 0.5444444444444444
2 0.6932291666666667 0.387037037037037 0.7171875 0.387037037037037 0.7171875 0.41574074074074074 0.6932291666666667 0.41574074074074074