1 0.465625 0.5694444444444444 0.5901041666666667 0.5694444444444444 0.5901041666666667 0.7583333333333333 0.465625 0.7583333333333333
1 0.4010416666666667 0.9101851851851852 0.5005208333333333 0.9101851851851852 0.5005208333333333 1 0.4010416666666667 1
1 0.3203125 0.6972222222222222 0.35625 0.6972222222222222 0.35625 0.8018518518518518 0.3203125 0.8018518518518518
1 0.28854166666666664 0.3574074074074074 0.31666666666666665 0.3574074074074074 0.31666666666666665 0.41388888888888886 0.28854166666666664 0.41388888888888886
2 0.4484375 0.04537037037037037 0.5229166666666667 0.04537037037037037 0.5229166666666667 0.1111111111111111 0.4484375 0.1111111111111111
2 0.41822916666666665 0.825 0.48854166666666665 0.825 0.48854166666666665 0.8666666666666667 0.41822916666666665 0.8666666666666667
2 0.4265625 0.7351851851851852 0.4828125 0.7351851851851852 0.4828125 0.7638888888888888 0.4265625 0.7638888888888888
2 0.3578125 0.7194444444444444 0.40729166666666666 0.7194444444444444 0.40729166666666666 0.7481481481481481 0.3578125 0.7481481481481481
2 0.35208333333333336 0.6351851851851852 0.396875 0.6351851851851852 0.396875 0.6620370370370371 0.35208333333333336 0.6620370370370371
2 0.3697916666666667 0.5935185185185186 0.40729166666666666 0.5935185185185186 0.40729166666666666 0.6231481481481481 0.3697916666666667 0.6231481481481481
2 0.340625 0.5824074074074074 0.375 0.5824074074074074 0.375 0.6157407407407407 0.340625 0.6157407407407407
2 0.3302083333333333 0.6657407407407407 0.365625 0.6657407407407407 0.365625 0.6824074074074075 0.3302083333333333 0.6824074074074075
2 0.29322916666666665 0.6564814814814814 0.3203125 0.6564814814814814 0.3203125 0.6694444444444444 0.29322916666666665 0.6694444444444444
2 0.3145833333333333 0.6083333333333333 0.3416666666666667 0.6083333333333333 0.3416666666666667 0.6370370370370371 0.3145833333333333 0.6370370370370371
2 0.30052083333333335 0.6 0.31666666666666665 0.6 0.31666666666666665 0.6138888888888889 0.30052083333333335 0.6138888888888889
2 0.29635416666666664 0.6092592592592593 0.3145833333333333 0.6092592592592593 0.3145833333333333 0.6240740740740741 0.29635416666666664 0.6240740740740741
2 0.3145833333333333 0.5638888888888889 0.34479166666666666 0.5638888888888889 0.34479166666666666 0.587037037037037 0.3145833333333333 0.587037037037037
2 0.3046875 0.5722222222222222 0.3223958333333333 0.5722222222222222 0.3223958333333333 0.5879629629629629 0.3046875 0.5879629629629629
2 0.3026041666666667 0.5407407407407407 0.3296875 0.5407407407407407 0.3296875 0.562037037037037 0.3026041666666667 0.562037037037037
2 0.3026041666666667 0.49537037037037035 0.32708333333333334 0.49537037037037035 0.32708333333333334 0.5185185185185185 0.3026041666666667 0.5185185185185185
2 0.28177083333333336 0.5009259259259259 0.3015625 0.5009259259259259 0.3015625 0.5166666666666667 0.28177083333333336 0.5166666666666667
2 0.28020833333333334 0.5314814814814814 0.2994791666666667 0.5314814814814814 0.2994791666666667 0.5509259259259259 0.28020833333333334 0.5509259259259259
2 0.2875 0.5648148148148148 0.30625 0.5648148148148148 0.30625 0.5796296296296296 0.2875 0.5796296296296296
2 0.284375 0.5481481481481482 0.3026041666666667 0.5481481481481482 0.3026041666666667 0.5675925925925925 0.284375 0.5675925925925925
2 0.28854166666666664 0.5796296296296296 0.31197916666666664 0.5796296296296296 0.31197916666666664 0.600925925925926 0.28854166666666664 0.600925925925926
2 0.29010416666666666 0.6175925925925926 0.30833333333333335 0.6175925925925926 0.30833333333333335 0.6296296296296297 0.29010416666666666 0.6296296296296297
2 0.32083333333333336 0.35185185185185186 0.35208333333333336 0.35185185185185186 0.35208333333333336 0.4185185185185185 0.32083333333333336 0.4185185185185185
2 0.2942708333333333 0.31851851851851853 0.31614583333333335 0.31851851851851853 0.31614583333333335 0.33240740740740743 0.2942708333333333 0.33240740740740743
1 0.2942708333333333 0.1287037037037037 0.31927083333333334 0.1287037037037037 0.31927083333333334 0.22314814814814815 0.2942708333333333 0.22314814814814815
2 0.3390625 0.19814814814814816 0.3770833333333333 0.19814814814814816 0.3770833333333333 0.23796296296296296 0.3390625 0.23796296296296296
2 0.375 0.1175925925925926 0.4197916666666667 0.1175925925925926 0.4197916666666667 0.1685185185185185 0.375 0.1685185185185185