1 0.13854166666666667 0.30833333333333335 0.265625 0.30833333333333335 0.265625 0.4888888888888889 0.13854166666666667 0.4888888888888889
1 0.7223958333333333 0.5611111111111111 0.9114583333333334 0.5611111111111111 0.9114583333333334 0.8203703703703704 0.7223958333333333 0.8203703703703704
1 0.5348958333333333 0.125 0.56875 0.125 0.56875 0.17037037037037037 0.5348958333333333 0.17037037037037037
2 0.03802083333333333 0.6888888888888889 0.11979166666666667 0.6888888888888889 0.11979166666666667 0.8870370370370371 0.03802083333333333 0.8870370370370371
2 0.2 0.18055555555555555 0.23802083333333332 0.18055555555555555 0.23802083333333332 0.25277777777777777 0.2 0.25277777777777777
2 0.27395833333333336 0.41203703703703703 0.3171875 0.41203703703703703 0.3171875 0.5472222222222223 0.27395833333333336 0.5472222222222223
2 0.5588541666666667 0.17685185185185184 0.5822916666666667 0.17685185185185184 0.5822916666666667 0.24259259259259258 0.5588541666666667 0.24259259259259258
2 0.35520833333333335 0.3851851851851852 0.39427083333333335 0.3851851851851852 0.39427083333333335 0.5185185185185185 0.35520833333333335 0.5185185185185185
2 0.6526041666666667 0.27314814814814814 0.6786458333333333 0.27314814814814814 0.6786458333333333 0.35185185185185186 0.6526041666666667 0.35185185185185186
2 0.6546875 0.19722222222222222 0.6791666666666667 0.19722222222222222 0.6791666666666667 0.25925925925925924 0.6546875 0.25925925925925924
2 0.6453125 0.3768518518518518 0.6817708333333333 0.3768518518518518 0.6817708333333333 0.49166666666666664 0.6453125 0.49166666666666664
2 0.40260416666666665 0.26666666666666666 0.4322916666666667 0.26666666666666666 0.4322916666666667 0.35555555555555557 0.40260416666666665 0.35555555555555557
2 0.40625 0.48055555555555557 0.44947916666666665 0.48055555555555557 0.44947916666666665 0.6287037037037037 0.40625 0.6287037037037037
2 0.0015625 0.5462962962962963 0.08854166666666667 0.5462962962962963 0.08854166666666667 0.7138888888888889 0.0015625 0.7138888888888889
2 0.7984375 0.9333333333333333 0.88125 0.9333333333333333 0.88125 1 0.7984375 1
2 0.45989583333333334 0.1814814814814815 0.47604166666666664 0.1814814814814815 0.47604166666666664 0.22685185185185186 0.45989583333333334 0.22685185185185186
2 0.44635416666666666 0.20277777777777778 0.4635416666666667 0.20277777777777778 0.4635416666666667 0.2564814814814815 0.44635416666666666 0.2564814814814815
1 0.5828125 0.14814814814814814 0.6265625 0.14814814814814814 0.6265625 0.2064814814814815 0.5828125 0.2064814814814815
0 0.3494791666666667 0.11944444444444445 0.41822916666666665 0.11944444444444445 0.41822916666666665 0.2740740740740741 0.3494791666666667 0.2740740740740741
2 0.2796875 0.29907407407407405 0.3109375 0.29907407407407405 0.3109375 0.41388888888888886 0.2796875 0.41388888888888886