1 0.4140625 0.9324074074074075 0.5140625 0.9324074074074075 0.5140625 1 0.4140625 1
1 0.3619791666666667 0.30185185185185187 0.41041666666666665 0.30185185185185187 0.41041666666666665 0.4046296296296296 0.3619791666666667 0.4046296296296296
1 0.33125 0.7138888888888889 0.3671875 0.7138888888888889 0.3671875 0.8157407407407408 0.33125 0.8157407407407408
1 0.328125 0.5453703703703704 0.36875 0.5453703703703704 0.36875 0.6111111111111112 0.328125 0.6111111111111112
1 0.3072916666666667 0.39444444444444443 0.334375 0.39444444444444443 0.334375 0.44814814814814813 0.3072916666666667 0.44814814814814813
2 0.46770833333333334 0.9203703703703704 0.5510416666666667 0.9203703703703704 0.5510416666666667 0.9888888888888889 0.46770833333333334 0.9888888888888889
1 0.30364583333333334 0.15925925925925927 0.33229166666666665 0.15925925925925927 0.33229166666666665 0.25277777777777777 0.30364583333333334 0.25277777777777777
2 0.5572916666666666 0.9407407407407408 0.6755208333333333 0.9407407407407408 0.6755208333333333 1 0.5572916666666666 1
2 0.42916666666666664 0.13055555555555556 0.5057291666666667 0.13055555555555556 0.5057291666666667 0.18981481481481483 0.42916666666666664 0.18981481481481483
2 0.5119791666666667 0.575925925925926 0.5953125 0.575925925925926 0.5953125 0.6648148148148149 0.5119791666666667 0.6648148148148149
2 0.46145833333333336 0.8388888888888889 0.5078125 0.8388888888888889 0.5078125 0.8851851851851852 0.46145833333333336 0.8851851851851852
2 0.484375 0.7972222222222223 0.55625 0.7972222222222223 0.55625 0.8435185185185186 0.484375 0.8435185185185186
2 0.44114583333333335 0.7472222222222222 0.49947916666666664 0.7472222222222222 0.49947916666666664 0.7861111111111111 0.44114583333333335 0.7861111111111111
2 0.409375 0.7981481481481482 0.453125 0.7981481481481482 0.453125 0.8157407407407408 0.409375 0.8157407407407408
2 0.40520833333333334 0.8166666666666667 0.4401041666666667 0.8166666666666667 0.4401041666666667 0.8444444444444444 0.40520833333333334 0.8444444444444444
2 0.5 0.6842592592592592 0.5848958333333333 0.6842592592592592 0.5848958333333333 0.7481481481481481 0.5 0.7481481481481481
2 0.42239583333333336 0.6944444444444444 0.46041666666666664 0.6944444444444444 0.46041666666666664 0.7462962962962963 0.42239583333333336 0.7462962962962963
2 0.38177083333333334 0.6925925925925925 0.421875 0.6925925925925925 0.421875 0.7231481481481481 0.38177083333333334 0.7231481481481481
2 0.3796875 0.6129629629629629 0.4239583333333333 0.6129629629629629 0.4239583333333333 0.6620370370370371 0.3796875 0.6620370370370371
2 0.3541666666666667 0.6703703703703704 0.3885416666666667 0.6703703703703704 0.3885416666666667 0.6981481481481482 0.3541666666666667 0.6981481481481482
2 0.32916666666666666 0.6648148148148149 0.359375 0.6648148148148149 0.359375 0.6944444444444444 0.32916666666666666 0.6944444444444444
2 0.3385416666666667 0.6287037037037037 0.3729166666666667 0.6287037037037037 0.3729166666666667 0.6694444444444444 0.3385416666666667 0.6694444444444444
2 0.31197916666666664 0.6324074074074074 0.3333333333333333 0.6324074074074074 0.3333333333333333 0.6611111111111111 0.31197916666666664 0.6611111111111111
2 0.3151041666666667 0.6074074074074074 0.3416666666666667 0.6074074074074074 0.3416666666666667 0.6314814814814815 0.3151041666666667 0.6314814814814815
2 0.328125 0.475 0.3578125 0.475 0.3578125 0.5092592592592593 0.328125 0.5092592592592593
2 0.3177083333333333 0.337037037037037 0.3489583333333333 0.337037037037037 0.3489583333333333 0.3685185185185185 0.3177083333333333 0.3685185185185185
2 0.309375 0.30185185185185187 0.3416666666666667 0.30185185185185187 0.3416666666666667 0.3277777777777778 0.309375 0.3277777777777778
2 0.30625 0.325 0.32864583333333336 0.325 0.32864583333333336 0.34814814814814815 0.30625 0.34814814814814815
2 0.2947916666666667 0.3675925925925926 0.31875 0.3675925925925926 0.31875 0.38981481481481484 0.2947916666666667 0.38981481481481484
2 0.30052083333333335 0.5916666666666667 0.32447916666666665 0.5916666666666667 0.32447916666666665 0.6157407407407407 0.30052083333333335 0.6157407407407407
2 0.29791666666666666 0.575 0.3223958333333333 0.575 0.3223958333333333 0.5907407407407408 0.29791666666666666 0.5907407407407408
2 0.29739583333333336 0.5407407407407407 0.3234375 0.5407407407407407 0.3234375 0.5611111111111111 0.29739583333333336 0.5611111111111111