1 0.14427083333333332 0.32314814814814813 0.2703125 0.32314814814814813 0.2703125 0.4981481481481482 0.14427083333333332 0.4981481481481482
1 0.32083333333333336 0.17407407407407408 0.3932291666666667 0.17407407407407408 0.3932291666666667 0.23425925925925925 0.32083333333333336 0.23425925925925925
2 0.11614583333333334 0.8101851851851852 0.20729166666666668 0.8101851851851852 0.20729166666666668 1 0.11614583333333334 1
2 0.4083333333333333 0.17962962962962964 0.4296875 0.17962962962962964 0.4296875 0.22777777777777777 0.4083333333333333 0.22777777777777777
2 0.7114583333333333 0.3472222222222222 0.7489583333333333 0.3472222222222222 0.7489583333333333 0.44814814814814813 0.7114583333333333 0.44814814814814813
2 0.45260416666666664 0.175 0.47291666666666665 0.175 0.47291666666666665 0.22777777777777777 0.45260416666666664 0.22777777777777777
2 0.5979166666666667 0.22962962962962963 0.6177083333333333 0.22962962962962963 0.6177083333333333 0.2851851851851852 0.5979166666666667 0.2851851851851852
2 0.4322916666666667 0.21203703703703702 0.45260416666666664 0.21203703703703702 0.45260416666666664 0.26851851851851855 0.4322916666666667 0.26851851851851855
2 0.6671875 0.37037037037037035 0.7098958333333333 0.37037037037037035 0.7098958333333333 0.4861111111111111 0.6671875 0.4861111111111111
2 0.5546875 0.15185185185185185 0.5765625 0.15185185185185185 0.5765625 0.20555555555555555 0.5546875 0.20555555555555555
2 0.4375 0.12777777777777777 0.4505208333333333 0.12777777777777777 0.4505208333333333 0.16111111111111112 0.4375 0.16111111111111112
2 0.39791666666666664 0.20277777777777778 0.4203125 0.20277777777777778 0.4203125 0.2611111111111111 0.39791666666666664 0.2611111111111111
2 0.48489583333333336 0.1361111111111111 0.49895833333333334 0.1361111111111111 0.49895833333333334 0.17685185185185184 0.48489583333333336 0.17685185185185184
2 0.41041666666666665 0.2824074074074074 0.44375 0.2824074074074074 0.44375 0.37407407407407406 0.41041666666666665 0.37407407407407406
2 0.6479166666666667 0.26944444444444443 0.6760416666666667 0.26944444444444443 0.6760416666666667 0.3435185185185185 0.6479166666666667 0.3435185185185185
2 0.5848958333333333 0.17314814814814813 0.6036458333333333 0.17314814814814813 0.6036458333333333 0.22592592592592592 0.5848958333333333 0.22592592592592592
2 0.8473958333333333 0.5675925925925925 0.9161458333333333 0.5675925925925925 0.9161458333333333 0.7518518518518519 0.8473958333333333 0.7518518518518519
2 0.6046875 0.19166666666666668 0.6244791666666667 0.19166666666666668 0.6244791666666667 0.24259259259259258 0.6046875 0.24259259259259258
2 0.45729166666666665 0.26296296296296295 0.48385416666666664 0.26296296296296295 0.48385416666666664 0.3509259259259259 0.45729166666666665 0.3509259259259259
2 0.32708333333333334 0.5888888888888889 0.37083333333333335 0.5888888888888889 0.37083333333333335 0.8074074074074075 0.32708333333333334 0.8074074074074075
2 0.31927083333333334 0.4740740740740741 0.3541666666666667 0.4740740740740741 0.3541666666666667 0.6074074074074074 0.31927083333333334 0.6074074074074074