1 0.3984375 0.9120370370370371 0.5 0.9120370370370371 0.5 1 0.3984375 1
1 0.3177083333333333 0.6935185185185185 0.3546875 0.6935185185185185 0.3546875 0.8027777777777778 0.3177083333333333 0.8027777777777778
2 0.45989583333333334 0 0.546875 0 0.546875 0.02962962962962963 0.45989583333333334 0.02962962962962963
2 0.6213541666666667 0.7046296296296296 0.78125 0.7046296296296296 0.78125 0.8212962962962963 0.6213541666666667 0.8212962962962963
2 0.5302083333333333 0.8444444444444444 0.6510416666666666 0.8444444444444444 0.6510416666666666 0.9259259259259259 0.5302083333333333 0.9259259259259259
2 0.4390625 0.9277777777777778 0.528125 0.9277777777777778 0.528125 0.9861111111111112 0.4390625 0.9861111111111112
2 0.44427083333333334 0.8148148148148148 0.540625 0.8148148148148148 0.540625 0.8611111111111112 0.44427083333333334 0.8611111111111112
2 0.43645833333333334 0.6444444444444445 0.5364583333333334 0.6444444444444445 0.5364583333333334 0.6990740740740741 0.43645833333333334 0.6990740740740741
2 0.41875 0.7583333333333333 0.48020833333333335 0.7583333333333333 0.48020833333333335 0.787962962962963 0.41875 0.787962962962963
2 0.38958333333333334 0.7305555555555555 0.4348958333333333 0.7305555555555555 0.4348958333333333 0.775 0.38958333333333334 0.775
2 0.36354166666666665 0.7472222222222222 0.4041666666666667 0.7472222222222222 0.4041666666666667 0.7805555555555556 0.36354166666666665 0.7805555555555556
2 0.3651041666666667 0.7083333333333334 0.409375 0.7083333333333334 0.409375 0.7305555555555555 0.3651041666666667 0.7305555555555555
2 0.35208333333333336 0.662962962962963 0.3963541666666667 0.662962962962963 0.3963541666666667 0.6953703703703704 0.35208333333333336 0.6953703703703704
2 0.3458333333333333 0.6166666666666667 0.3807291666666667 0.6166666666666667 0.3807291666666667 0.637962962962963 0.3458333333333333 0.637962962962963
2 0.35625 0.5703703703703704 0.4005208333333333 0.5703703703703704 0.4005208333333333 0.6027777777777777 0.35625 0.6027777777777777
2 0.4046875 0.5972222222222222 0.4557291666666667 0.5972222222222222 0.4557291666666667 0.6453703703703704 0.4046875 0.6453703703703704
2 0.32864583333333336 0.6425925925925926 0.35572916666666665 0.6425925925925926 0.35572916666666665 0.6731481481481482 0.32864583333333336 0.6731481481481482
2 0.32135416666666666 0.6101851851851852 0.3489583333333333 0.6101851851851852 0.3489583333333333 0.6287037037037037 0.32135416666666666 0.6287037037037037
2 0.30104166666666665 0.5925925925925926 0.3296875 0.5925925925925926 0.3296875 0.6111111111111112 0.30104166666666665 0.6111111111111112
2 0.303125 0.5722222222222222 0.3296875 0.5722222222222222 0.3296875 0.587037037037037 0.303125 0.587037037037037
2 0.2942708333333333 0.5453703703703704 0.321875 0.5453703703703704 0.321875 0.5592592592592592 0.2942708333333333 0.5592592592592592
2 0.2994791666666667 0.487962962962963 0.32916666666666666 0.487962962962963 0.32916666666666666 0.5111111111111111 0.2994791666666667 0.5111111111111111
2 0.284375 0.625 0.30572916666666666 0.625 0.30572916666666666 0.6361111111111111 0.284375 0.6361111111111111
2 0.28177083333333336 0.6333333333333333 0.29791666666666666 0.6333333333333333 0.29791666666666666 0.6462962962962963 0.28177083333333336 0.6462962962962963
2 0.2911458333333333 0.612037037037037 0.3104166666666667 0.612037037037037 0.3104166666666667 0.6203703703703703 0.2911458333333333 0.6203703703703703
2 0.2890625 0.5842592592592593 0.3109375 0.5842592592592593 0.3109375 0.6 0.2890625 0.6
2 0.2828125 0.5564814814814815 0.3067708333333333 0.5564814814814815 0.3067708333333333 0.5694444444444444 0.2828125 0.5694444444444444
2 0.27708333333333335 0.537962962962963 0.2984375 0.537962962962963 0.2984375 0.5546296296296296 0.27708333333333335 0.5546296296296296
2 0.29739583333333336 0.3277777777777778 0.32083333333333336 0.3277777777777778 0.32083333333333336 0.3453703703703704 0.29739583333333336 0.3453703703703704
2 0.3026041666666667 0.26944444444444443 0.3265625 0.26944444444444443 0.3265625 0.28055555555555556 0.3026041666666667 0.28055555555555556
1 0.3145833333333333 0.5268518518518519 0.35260416666666666 0.5268518518518519 0.35260416666666666 0.5796296296296296 0.3145833333333333 0.5796296296296296
1 0.3885416666666667 0.1111111111111111 0.5776041666666667 0.1111111111111111 0.5776041666666667 0.38425925925925924 0.3885416666666667 0.38425925925925924