1 0.40260416666666665 0.912962962962963 0.5015625 0.912962962962963 0.5015625 1 0.40260416666666665 1
1 0.2828125 0.25555555555555554 0.30364583333333334 0.25555555555555554 0.30364583333333334 0.32685185185185184 0.2828125 0.32685185185185184
1 0.3 0.5092592592592593 0.32864583333333336 0.5092592592592593 0.32864583333333336 0.5638888888888889 0.3 0.5638888888888889
1 0.3177083333333333 0.7055555555555556 0.35260416666666666 0.7055555555555556 0.35260416666666666 0.8 0.3177083333333333 0.8
2 0.4953125 0.030555555555555555 0.5916666666666667 0.030555555555555555 0.5916666666666667 0.1111111111111111 0.4953125 0.1111111111111111
2 0.634375 0.7675925925925926 0.78125 0.7675925925925926 0.78125 0.8657407407407407 0.634375 0.8657407407407407
2 0.5114583333333333 0.6851851851851852 0.6015625 0.6851851851851852 0.6015625 0.7481481481481481 0.5114583333333333 0.7481481481481481
2 0.4984375 0.8027777777777778 0.5828125 0.8027777777777778 0.5828125 0.8657407407407407 0.4984375 0.8657407407407407
2 0.47239583333333335 0.8694444444444445 0.5526041666666667 0.8694444444444445 0.5526041666666667 0.9268518518518518 0.47239583333333335 0.9268518518518518
2 0.41875 0.8157407407407408 0.48125 0.8157407407407408 0.48125 0.8694444444444445 0.41875 0.8694444444444445
2 0.38333333333333336 0.7768518518518519 0.4359375 0.7768518518518519 0.4359375 0.8222222222222222 0.38333333333333336 0.8222222222222222
2 0.4140625 0.687962962962963 0.46979166666666666 0.687962962962963 0.46979166666666666 0.7314814814814815 0.4140625 0.7314814814814815
2 0.43125 0.5796296296296296 0.5072916666666667 0.5796296296296296 0.5072916666666667 0.6259259259259259 0.43125 0.6259259259259259
2 0.3390625 0.7055555555555556 0.3723958333333333 0.7055555555555556 0.3723958333333333 0.7305555555555555 0.3390625 0.7305555555555555
2 0.35885416666666664 0.6611111111111111 0.40572916666666664 0.6611111111111111 0.40572916666666664 0.6898148148148148 0.35885416666666664 0.6898148148148148
2 0.36302083333333335 0.5787037037037037 0.4125 0.5787037037037037 0.4125 0.6185185185185185 0.36302083333333335 0.6185185185185185
2 0.35 0.5611111111111111 0.3875 0.5611111111111111 0.3875 0.5888888888888889 0.35 0.5888888888888889
2 0.321875 0.5518518518518518 0.35520833333333335 0.5518518518518518 0.35520833333333335 0.5814814814814815 0.321875 0.5814814814814815
2 0.321875 0.5944444444444444 0.353125 0.5944444444444444 0.353125 0.6203703703703703 0.321875 0.6203703703703703
2 0.32708333333333334 0.6361111111111111 0.359375 0.6361111111111111 0.359375 0.6592592592592592 0.32708333333333334 0.6592592592592592
2 0.31666666666666665 0.6203703703703703 0.3421875 0.6203703703703703 0.3421875 0.6388888888888888 0.31666666666666665 0.6388888888888888
2 0.28958333333333336 0.5953703703703703 0.31302083333333336 0.5953703703703703 0.31302083333333336 0.6074074074074074 0.28958333333333336 0.6074074074074074
2 0.2989583333333333 0.5814814814814815 0.328125 0.5814814814814815 0.328125 0.600925925925926 0.2989583333333333 0.600925925925926
2 0.290625 0.5657407407407408 0.31354166666666666 0.5657407407407408 0.31354166666666666 0.575 0.290625 0.575
2 0.28541666666666665 0.537962962962963 0.3072916666666667 0.537962962962963 0.3072916666666667 0.5546296296296296 0.28541666666666665 0.5546296296296296
2 0.28854166666666664 0.48703703703703705 0.315625 0.48703703703703705 0.315625 0.5055555555555555 0.28854166666666664 0.5055555555555555
2 0.284375 0.6074074074074074 0.3067708333333333 0.6074074074074074 0.3067708333333333 0.6259259259259259 0.284375 0.6259259259259259
2 0.28489583333333335 0.5851851851851851 0.2994791666666667 0.5851851851851851 0.2994791666666667 0.5962962962962963 0.28489583333333335 0.5962962962962963
2 0.2755208333333333 0.5574074074074075 0.2953125 0.5574074074074075 0.2953125 0.5685185185185185 0.2755208333333333 0.5685185185185185
2 0.3078125 0.3101851851851852 0.3416666666666667 0.3101851851851852 0.3416666666666667 0.3277777777777778 0.3078125 0.3277777777777778
2 0.296875 0.2972222222222222 0.32083333333333336 0.2972222222222222 0.32083333333333336 0.31574074074074077 0.296875 0.31574074074074077
2 0.30885416666666665 0.24722222222222223 0.3375 0.24722222222222223 0.3375 0.2675925925925926 0.30885416666666665 0.2675925925925926