1 0.1453125 0.3138888888888889 0.2708333333333333 0.3138888888888889 0.2708333333333333 0.4888888888888889 0.1453125 0.4888888888888889
1 0.3223958333333333 0.17314814814814813 0.39166666666666666 0.17314814814814813 0.39166666666666666 0.2351851851851852 0.3223958333333333 0.2351851851851852
2 0.16458333333333333 0.7425925925925926 0.24791666666666667 0.7425925925925926 0.24791666666666667 0.9962962962962963 0.16458333333333333 0.9962962962962963
2 0.8604166666666667 0.6157407407407407 0.9286458333333333 0.6157407407407407 0.9286458333333333 0.7861111111111111 0.8604166666666667 0.7861111111111111
2 0.7296875 0.48518518518518516 0.775 0.48518518518518516 0.775 0.6148148148148148 0.7296875 0.6148148148148148
2 0.5880208333333333 0.1712962962962963 0.6177083333333333 0.1712962962962963 0.6177083333333333 0.2222222222222222 0.5880208333333333 0.2222222222222222
2 0.5875 0.2722222222222222 0.6192708333333333 0.2722222222222222 0.6192708333333333 0.35648148148148145 0.5875 0.35648148148148145
2 0.3104166666666667 0.31666666666666665 0.35104166666666664 0.31666666666666665 0.35104166666666664 0.43148148148148147 0.3104166666666667 0.43148148148148147
2 0.6328125 0.19814814814814816 0.6619791666666667 0.19814814814814816 0.6619791666666667 0.2518518518518518 0.6328125 0.2518518518518518
2 0.6364583333333333 0.3962962962962963 0.6776041666666667 0.3962962962962963 0.6776041666666667 0.5166666666666667 0.6364583333333333 0.5166666666666667
2 0.6401041666666667 0.29074074074074074 0.66875 0.29074074074074074 0.66875 0.375 0.6401041666666667 0.375
2 0.2671875 0.4925925925925926 0.3140625 0.4925925925925926 0.3140625 0.6203703703703703 0.2671875 0.6203703703703703
2 0.3859375 0.2537037037037037 0.41458333333333336 0.2537037037037037 0.41458333333333336 0.33796296296296297 0.3859375 0.33796296296296297
2 0.35989583333333336 0.3398148148148148 0.39479166666666665 0.3398148148148148 0.39479166666666665 0.45 0.35989583333333336 0.45
2 0.5578125 0.20185185185185187 0.5895833333333333 0.20185185185185187 0.5895833333333333 0.2657407407407407 0.5578125 0.2657407407407407
2 0.41770833333333335 0.2796296296296296 0.44895833333333335 0.2796296296296296 0.44895833333333335 0.3814814814814815 0.41770833333333335 0.3814814814814815
2 0.5 0.15925925925925927 0.53125 0.15925925925925927 0.53125 0.225 0.5 0.225
2 0.26510416666666664 0.475 0.3072916666666667 0.475 0.3072916666666667 0.5777777777777777 0.26510416666666664 0.5777777777777777