1 0.14635416666666667 0.31851851851851853 0.2708333333333333 0.31851851851851853 0.2708333333333333 0.4898148148148148 0.14635416666666667 0.4898148148148148
1 0.3421875 0.42777777777777776 0.4505208333333333 0.42777777777777776 0.4505208333333333 0.6092592592592593 0.3421875 0.6092592592592593
2 0.058333333333333334 0.6462962962962963 0.13072916666666667 0.6462962962962963 0.13072916666666667 0.8416666666666667 0.058333333333333334 0.8416666666666667
2 0.6770833333333334 0.2564814814814815 0.7046875 0.2564814814814815 0.7046875 0.3314814814814815 0.6770833333333334 0.3314814814814815
2 0.2078125 0.5296296296296297 0.253125 0.5296296296296297 0.253125 0.6453703703703704 0.2078125 0.6453703703703704
2 0.678125 0.36944444444444446 0.7135416666666666 0.36944444444444446 0.7135416666666666 0.4703703703703704 0.678125 0.4703703703703704
2 0.3229166666666667 0.3592592592592593 0.3567708333333333 0.3592592592592593 0.3567708333333333 0.4564814814814815 0.3229166666666667 0.4564814814814815
2 0.6302083333333334 0.2916666666666667 0.6588541666666666 0.2916666666666667 0.6588541666666666 0.38055555555555554 0.6302083333333334 0.38055555555555554
2 0.39010416666666664 0.30648148148148147 0.4203125 0.30648148148148147 0.4203125 0.39351851851851855 0.39010416666666664 0.39351851851851855
2 0.171875 0.6527777777777778 0.22916666666666666 0.6527777777777778 0.22916666666666666 0.8212962962962963 0.171875 0.8212962962962963
2 0.63125 0.43425925925925923 0.6734375 0.43425925925925923 0.6734375 0.5657407407407408 0.63125 0.5657407407407408
1 0.31979166666666664 0.17685185185185184 0.38229166666666664 0.17685185185185184 0.38229166666666664 0.23981481481481481 0.31979166666666664 0.23981481481481481
2 0.3572916666666667 0.28055555555555556 0.384375 0.28055555555555556 0.384375 0.36574074074074076 0.3572916666666667 0.36574074074074076
2 0.46041666666666664 0.2037037037037037 0.4791666666666667 0.2037037037037037 0.4791666666666667 0.27037037037037037 0.46041666666666664 0.27037037037037037
2 0.21145833333333333 0.8175925925925925 0.28072916666666664 0.8175925925925925 0.28072916666666664 0.9981481481481481 0.21145833333333333 0.9981481481481481
2 0.5895833333333333 0.15925925925925927 0.6052083333333333 0.15925925925925927 0.6052083333333333 0.20277777777777778 0.5895833333333333 0.20277777777777778
2 0.42916666666666664 0.18611111111111112 0.44895833333333335 0.18611111111111112 0.44895833333333335 0.23703703703703705 0.42916666666666664 0.23703703703703705
2 0.4401041666666667 0.13148148148148148 0.45416666666666666 0.13148148148148148 0.45416666666666666 0.1712962962962963 0.4401041666666667 0.1712962962962963
2 0.6177083333333333 0.15462962962962962 0.6338541666666667 0.15462962962962962 0.6338541666666667 0.20462962962962963 0.6177083333333333 0.20462962962962963
2 0.48854166666666665 0.1388888888888889 0.5046875 0.1388888888888889 0.5046875 0.18425925925925926 0.48854166666666665 0.18425925925925926