1 0.5020833333333333 0.26666666666666666 0.5744791666666667 0.26666666666666666 0.5744791666666667 0.3972222222222222 0.5020833333333333 0.3972222222222222
1 0.3494791666666667 0.6314814814814815 0.48125 0.6314814814814815 0.48125 0.8851851851851852 0.3494791666666667 0.8851851851851852
1 0.48072916666666665 0 0.5822916666666667 0 0.5822916666666667 0.06388888888888888 0.48072916666666665 0.06388888888888888
1 0.6151041666666667 0.5611111111111111 0.6515625 0.5611111111111111 0.6515625 0.6361111111111111 0.6151041666666667 0.6361111111111111
1 0.6265625 0.16944444444444445 0.6619791666666667 0.16944444444444445 0.6619791666666667 0.27037037037037037 0.6265625 0.27037037037037037
1 0.6651041666666667 0.4101851851851852 0.69375 0.4101851851851852 0.69375 0.4666666666666667 0.6651041666666667 0.4666666666666667
1 0.6640625 0.7527777777777778 0.6880208333333333 0.7527777777777778 0.6880208333333333 0.8314814814814815 0.6640625 0.8314814814814815
2 0.41041666666666665 0 0.4869791666666667 0 0.4869791666666667 0.03796296296296296 0.41041666666666665 0.03796296296296296
2 0.475 0.12962962962962962 0.546875 0.12962962962962962 0.546875 0.18981481481481483 0.475 0.18981481481481483
2 0.4427083333333333 0.3712962962962963 0.534375 0.3712962962962963 0.534375 0.4287037037037037 0.4427083333333333 0.4287037037037037
2 0.55625 0.19814814814814816 0.6046875 0.19814814814814816 0.6046875 0.23703703703703705 0.55625 0.23703703703703705
2 0.5869791666666667 0.21481481481481482 0.61875 0.21481481481481482 0.61875 0.2462962962962963 0.5869791666666667 0.2462962962962963
2 0.5557291666666667 0.2638888888888889 0.5994791666666667 0.2638888888888889 0.5994791666666667 0.29907407407407405 0.5557291666666667 0.29907407407407405
2 0.5932291666666667 0.2462962962962963 0.6291666666666667 0.2462962962962963 0.6291666666666667 0.2712962962962963 0.5932291666666667 0.2712962962962963
2 0.584375 0.2824074074074074 0.6208333333333333 0.2824074074074074 0.6208333333333333 0.31666666666666665 0.584375 0.31666666666666665
2 0.6088541666666667 0.28888888888888886 0.6411458333333333 0.28888888888888886 0.6411458333333333 0.32222222222222224 0.6088541666666667 0.32222222222222224
2 0.6276041666666666 0.25462962962962965 0.6572916666666667 0.25462962962962965 0.6572916666666667 0.2814814814814815 0.6276041666666666 0.2814814814814815
2 0.61875 0.27314814814814814 0.6541666666666667 0.27314814814814814 0.6541666666666667 0.3 0.61875 0.3
2 0.6177083333333333 0.3333333333333333 0.6520833333333333 0.3333333333333333 0.6520833333333333 0.35833333333333334 0.6177083333333333 0.35833333333333334
2 0.640625 0.3277777777777778 0.6645833333333333 0.3277777777777778 0.6645833333333333 0.3527777777777778 0.640625 0.3527777777777778
2 0.5958333333333333 0.38796296296296295 0.6364583333333333 0.38796296296296295 0.6364583333333333 0.4083333333333333 0.5958333333333333 0.4083333333333333
2 0.6057291666666667 0.3638888888888889 0.6463541666666667 0.3638888888888889 0.6463541666666667 0.3851851851851852 0.6057291666666667 0.3851851851851852
2 0.615625 0.4111111111111111 0.6541666666666667 0.4111111111111111 0.6541666666666667 0.44537037037037036 0.615625 0.44537037037037036
2 0.6442708333333333 0.37037037037037035 0.6697916666666667 0.37037037037037035 0.6697916666666667 0.3925925925925926 0.6442708333333333 0.3925925925925926
2 0.6651041666666667 0.337037037037037 0.6890625 0.337037037037037 0.6890625 0.3592592592592593 0.6651041666666667 0.3592592592592593
2 0.659375 0.35648148148148145 0.6822916666666666 0.35648148148148145 0.6822916666666666 0.3731481481481482 0.659375 0.3731481481481482
2 0.6713541666666667 0.3685185185185185 0.6911458333333333 0.3685185185185185 0.6911458333333333 0.38425925925925924 0.6713541666666667 0.38425925925925924
2 0.6401041666666667 0.4527777777777778 0.6734375 0.4527777777777778 0.6734375 0.4824074074074074 0.6401041666666667 0.4824074074074074
2 0.6369791666666667 0.47962962962962963 0.6677083333333333 0.47962962962962963 0.6677083333333333 0.5259259259259259 0.6369791666666667 0.5259259259259259
2 0.5489583333333333 0.7 0.6015625 0.7 0.6015625 0.7388888888888889 0.5489583333333333 0.7388888888888889
2 0.5807291666666666 0.7490740740740741 0.6291666666666667 0.7490740740740741 0.6291666666666667 0.7814814814814814 0.5807291666666666 0.7814814814814814
2 0.609375 0.7194444444444444 0.6458333333333334 0.7194444444444444 0.6458333333333334 0.7490740740740741 0.609375 0.7490740740740741
2 0.6364583333333333 0.6509259259259259 0.6666666666666666 0.6509259259259259 0.6666666666666666 0.6712962962962963 0.6364583333333333 0.6712962962962963
2 0.6442708333333333 0.6694444444444444 0.671875 0.6694444444444444 0.671875 0.6935185185185185 0.6442708333333333 0.6935185185185185
2 0.6578125 0.6361111111111111 0.6791666666666667 0.6361111111111111 0.6791666666666667 0.6611111111111111 0.6578125 0.6611111111111111
1 0.6786458333333333 0.5194444444444445 0.7020833333333333 0.5194444444444445 0.7020833333333333 0.562962962962963 0.6786458333333333 0.562962962962963
2 0.6755208333333333 0.5805555555555556 0.696875 0.5805555555555556 0.696875 0.5972222222222222 0.6755208333333333 0.5972222222222222
2 0.66875 0.5962962962962963 0.6932291666666667 0.5962962962962963 0.6932291666666667 0.6074074074074074 0.66875 0.6074074074074074
2 0.6760416666666667 0.6129629629629629 0.6989583333333333 0.6129629629629629 0.6989583333333333 0.6277777777777778 0.6760416666666667 0.6277777777777778
2 0.6760416666666667 0.6361111111111111 0.696875 0.6361111111111111 0.696875 0.6564814814814814 0.6760416666666667 0.6564814814814814