1 0.5666666666666667 0.45740740740740743 0.6854166666666667 0.45740740740740743 0.6854166666666667 0.6453703703703704 0.5666666666666667 0.6453703703703704
1 0.125 0.3537037037037037 0.2552083333333333 0.3537037037037037 0.2552083333333333 0.5342592592592592 0.125 0.5342592592592592
1 0.35885416666666664 0.4064814814814815 0.4359375 0.4064814814814815 0.4359375 0.5537037037037037 0.35885416666666664 0.5537037037037037
1 0.53125 0.21944444444444444 0.56875 0.21944444444444444 0.56875 0.2777777777777778 0.53125 0.2777777777777778
1 0.31614583333333335 0.20925925925925926 0.3692708333333333 0.20925925925925926 0.3692708333333333 0.2740740740740741 0.31614583333333335 0.2740740740740741
1 0.44947916666666665 0.15833333333333333 0.4796875 0.15833333333333333 0.4796875 0.2101851851851852 0.44947916666666665 0.2101851851851852
1 0.6416666666666667 0.16203703703703703 0.6875 0.16203703703703703 0.6875 0.20277777777777778 0.6416666666666667 0.20277777777777778
2 0.6317708333333333 0.29074074074074074 0.6463541666666667 0.29074074074074074 0.6463541666666667 0.32314814814814813 0.6317708333333333 0.32314814814814813
2 0.2630208333333333 0.5083333333333333 0.30625 0.5083333333333333 0.30625 0.612037037037037 0.2630208333333333 0.612037037037037
2 0.10520833333333333 0.525 0.17447916666666666 0.525 0.17447916666666666 0.7148148148148148 0.10520833333333333 0.7148148148148148
2 0.16197916666666667 0.5583333333333333 0.20833333333333334 0.5583333333333333 0.20833333333333334 0.7537037037037037 0.16197916666666667 0.7537037037037037
2 0.41041666666666665 0.4962962962962963 0.4625 0.4962962962962963 0.4625 0.7027777777777777 0.41041666666666665 0.7027777777777777
2 0.3171875 0.337037037037037 0.33489583333333334 0.337037037037037 0.33489583333333334 0.43333333333333335 0.3171875 0.43333333333333335
2 0.35 0.35648148148148145 0.375 0.35648148148148145 0.375 0.4537037037037037 0.35 0.4537037037037037
2 0.3307291666666667 0.2953703703703704 0.35 0.2953703703703704 0.35 0.38055555555555554 0.3307291666666667 0.38055555555555554
2 0.36770833333333336 0.30648148148148147 0.3859375 0.30648148148148147 0.3859375 0.39166666666666666 0.36770833333333336 0.39166666666666666
2 0.35104166666666664 0.2851851851851852 0.3640625 0.2851851851851852 0.3640625 0.35648148148148145 0.35104166666666664 0.35648148148148145
2 0.35572916666666665 0.22685185185185186 0.3703125 0.22685185185185186 0.3703125 0.2833333333333333 0.35572916666666665 0.2833333333333333
2 0.3828125 0.25 0.3963541666666667 0.25 0.3963541666666667 0.3333333333333333 0.3828125 0.3333333333333333
2 0.3697916666666667 0.23981481481481481 0.37864583333333335 0.23981481481481481 0.37864583333333335 0.3037037037037037 0.3697916666666667 0.3037037037037037
2 0.40260416666666665 0.24166666666666667 0.415625 0.24166666666666667 0.415625 0.2972222222222222 0.40260416666666665 0.2972222222222222
2 0.39895833333333336 0.21666666666666667 0.415625 0.21666666666666667 0.415625 0.26481481481481484 0.39895833333333336 0.26481481481481484
2 0.4265625 0.21296296296296297 0.4390625 0.21296296296296297 0.4390625 0.26666666666666666 0.4265625 0.26666666666666666
2 0.4328125 0.275 0.44895833333333335 0.275 0.44895833333333335 0.3685185185185185 0.4328125 0.3685185185185185
2 0.4140625 0.262037037037037 0.4296875 0.262037037037037 0.4296875 0.3490740740740741 0.4140625 0.3490740740740741
2 0.4484375 0.23703703703703705 0.4791666666666667 0.23703703703703705 0.4791666666666667 0.33055555555555555 0.4484375 0.33055555555555555
2 0.603125 0.2861111111111111 0.6265625 0.2861111111111111 0.6265625 0.36666666666666664 0.603125 0.36666666666666664
2 0.6125 0.22314814814814815 0.6328125 0.22314814814814815 0.6328125 0.2916666666666667 0.6125 0.2916666666666667
2 0.578125 0.19537037037037036 0.5890625 0.19537037037037036 0.5890625 0.24166666666666667 0.578125 0.24166666666666667
2 0.5890625 0.18518518518518517 0.6015625 0.18518518518518517 0.6015625 0.23703703703703705 0.5890625 0.23703703703703705
2 0.4828125 0.2074074074074074 0.48854166666666665 0.2074074074074074 0.48854166666666665 0.24814814814814815 0.4828125 0.24814814814814815