1 0.13177083333333334 0.35 0.25416666666666665 0.35 0.25416666666666665 0.5277777777777778 0.13177083333333334 0.5277777777777778
1 0.5557291666666667 0.30092592592592593 0.625 0.30092592592592593 0.625 0.41203703703703703 0.5557291666666667 0.41203703703703703
1 0.321875 0.20277777777777778 0.37916666666666665 0.20277777777777778 0.37916666666666665 0.26666666666666666 0.321875 0.26666666666666666
1 0.8791666666666667 0.225 0.9557291666666666 0.225 0.9557291666666666 0.3138888888888889 0.8791666666666667 0.3138888888888889
1 0.43802083333333336 0.17592592592592593 0.475 0.17592592592592593 0.475 0.24166666666666667 0.43802083333333336 0.24166666666666667
1 0.5291666666666667 0.17314814814814813 0.5630208333333333 0.17314814814814813 0.5630208333333333 0.22592592592592592 0.5291666666666667 0.22592592592592592
1 0.6447916666666667 0.15555555555555556 0.69375 0.15555555555555556 0.69375 0.19814814814814816 0.6447916666666667 0.19814814814814816
2 0.052083333333333336 0.8296296296296296 0.1515625 0.8296296296296296 0.1515625 1 0.052083333333333336 1
2 0.234375 0.5796296296296296 0.2713541666666667 0.5796296296296296 0.2713541666666667 0.7685185185185185 0.234375 0.7685185185185185
2 0.2109375 0.4962962962962963 0.24322916666666666 0.4962962962962963 0.24322916666666666 0.6407407407407407 0.2109375 0.6407407407407407
1 0.2140625 0.7185185185185186 0.39479166666666665 0.7185185185185186 0.39479166666666665 1 0.2140625 1
2 0.26614583333333336 0.3731481481481482 0.30572916666666666 0.3731481481481482 0.30572916666666666 0.4981481481481482 0.26614583333333336 0.4981481481481482
2 0.2791666666666667 0.4564814814814815 0.3260416666666667 0.4564814814814815 0.3260416666666667 0.5990740740740741 0.2791666666666667 0.5990740740740741
2 0.3234375 0.36018518518518516 0.3416666666666667 0.36018518518518516 0.3416666666666667 0.4444444444444444 0.3234375 0.4444444444444444
2 0.353125 0.37222222222222223 0.3890625 0.37222222222222223 0.3890625 0.48333333333333334 0.353125 0.48333333333333334
2 0.3984375 0.38333333333333336 0.43333333333333335 0.38333333333333336 0.43333333333333335 0.4925925925925926 0.3984375 0.4925925925925926
2 0.43333333333333335 0.36944444444444446 0.47708333333333336 0.36944444444444446 0.47708333333333336 0.5092592592592593 0.43333333333333335 0.5092592592592593
2 0.7541666666666667 0.5592592592592592 0.7958333333333333 0.5592592592592592 0.7958333333333333 0.7296296296296296 0.7541666666666667 0.7296296296296296
2 0.31666666666666665 0.2759259259259259 0.34479166666666666 0.2759259259259259 0.34479166666666666 0.35648148148148145 0.31666666666666665 0.35648148148148145
2 0.3411458333333333 0.28888888888888886 0.35833333333333334 0.28888888888888886 0.35833333333333334 0.37037037037037035 0.3411458333333333 0.37037037037037035
2 0.35989583333333336 0.32037037037037036 0.38229166666666664 0.32037037037037036 0.38229166666666664 0.3861111111111111 0.35989583333333336 0.3861111111111111
2 0.3859375 0.2935185185185185 0.409375 0.2935185185185185 0.409375 0.3712962962962963 0.3859375 0.3712962962962963
2 0.3807291666666667 0.25833333333333336 0.40520833333333334 0.25833333333333336 0.40520833333333334 0.32314814814814813 0.3807291666666667 0.32314814814814813
2 0.4166666666666667 0.24722222222222223 0.43697916666666664 0.24722222222222223 0.43697916666666664 0.3277777777777778 0.4166666666666667 0.3277777777777778
2 0.3958333333333333 0.18055555555555555 0.4109375 0.18055555555555555 0.4109375 0.24444444444444444 0.3958333333333333 0.24444444444444444
2 0.40208333333333335 0.21388888888888888 0.4161458333333333 0.21388888888888888 0.4161458333333333 0.26666666666666666 0.40208333333333335 0.26666666666666666
2 0.42083333333333334 0.19166666666666668 0.43125 0.19166666666666668 0.43125 0.2388888888888889 0.42083333333333334 0.2388888888888889
2 0.49270833333333336 0.2111111111111111 0.515625 0.2111111111111111 0.515625 0.26851851851851855 0.49270833333333336 0.26851851851851855
2 0.5791666666666667 0.2111111111111111 0.5963541666666666 0.2111111111111111 0.5963541666666666 0.25555555555555554 0.5791666666666667 0.25555555555555554
2 0.6046875 0.18703703703703703 0.6239583333333333 0.18703703703703703 0.6239583333333333 0.2490740740740741 0.6046875 0.2490740740740741
2 0.596875 0.16666666666666666 0.609375 0.16666666666666666 0.609375 0.21388888888888888 0.596875 0.21388888888888888
2 0.5880208333333333 0.14722222222222223 0.5979166666666667 0.14722222222222223 0.5979166666666667 0.19444444444444445 0.5880208333333333 0.19444444444444445
2 0.5604166666666667 0.15092592592592594 0.5760416666666667 0.15092592592592594 0.5760416666666667 0.19722222222222222 0.5604166666666667 0.19722222222222222