1 0.4015625 0.6231481481481481 0.5130208333333334 0.6231481481481481 0.5130208333333334 0.8435185185185186 0.4015625 0.8435185185185186
1 0.4817708333333333 0 0.5817708333333333 0 0.5817708333333333 0.06388888888888888 0.4817708333333333 0.06388888888888888
1 0.4791666666666667 0.25555555555555554 0.5609375 0.25555555555555554 0.5609375 0.38981481481481484 0.4791666666666667 0.38981481481481484
1 0.6208333333333333 0.5546296296296296 0.6557291666666667 0.5546296296296296 0.6557291666666667 0.6240740740740741 0.6208333333333333 0.6240740740740741
1 0.6270833333333333 0.17222222222222222 0.6630208333333333 0.17222222222222222 0.6630208333333333 0.2675925925925926 0.6270833333333333 0.2675925925925926
1 0.6651041666666667 0.7481481481481481 0.6885416666666667 0.7481481481481481 0.6885416666666667 0.8287037037037037 0.6651041666666667 0.8287037037037037
2 0.44947916666666665 0.09259259259259259 0.5041666666666667 0.09259259259259259 0.5041666666666667 0.16666666666666666 0.44947916666666665 0.16666666666666666
1 0.6651041666666667 0.4111111111111111 0.6828125 0.4111111111111111 0.6828125 0.46296296296296297 0.6651041666666667 0.46296296296296297
2 0.40208333333333335 0.3416666666666667 0.5005208333333333 0.3416666666666667 0.5005208333333333 0.42407407407407405 0.40208333333333335 0.42407407407407405
2 0.5354166666666667 0.17222222222222222 0.5989583333333334 0.17222222222222222 0.5989583333333334 0.23148148148148148 0.5354166666666667 0.23148148148148148
2 0.5359375 0.24166666666666667 0.5833333333333334 0.24166666666666667 0.5833333333333334 0.2824074074074074 0.5359375 0.2824074074074074
2 0.5755208333333334 0.2037037037037037 0.6166666666666667 0.2037037037037037 0.6166666666666667 0.23703703703703705 0.5755208333333334 0.23703703703703705
2 0.5822916666666667 0.23796296296296296 0.6260416666666667 0.23796296296296296 0.6260416666666667 0.2611111111111111 0.5822916666666667 0.2611111111111111
2 0.565625 0.2712962962962963 0.6145833333333334 0.2712962962962963 0.6145833333333334 0.30277777777777776 0.565625 0.30277777777777776
2 0.6208333333333333 0.2462962962962963 0.659375 0.2462962962962963 0.659375 0.2740740740740741 0.6208333333333333 0.2740740740740741
2 0.6088541666666667 0.2638888888888889 0.6526041666666667 0.2638888888888889 0.6526041666666667 0.28703703703703703 0.6088541666666667 0.28703703703703703
2 0.5973958333333333 0.287962962962963 0.6421875 0.287962962962963 0.6421875 0.31574074074074077 0.5973958333333333 0.31574074074074077
2 0.5791666666666667 0.3814814814814815 0.63125 0.3814814814814815 0.63125 0.42314814814814816 0.5791666666666667 0.42314814814814816
2 0.59375 0.3527777777777778 0.6401041666666667 0.3527777777777778 0.6401041666666667 0.37777777777777777 0.59375 0.37777777777777777
2 0.6109375 0.3314814814814815 0.6484375 0.3314814814814815 0.6484375 0.35833333333333334 0.6109375 0.35833333333333334
2 0.6364583333333333 0.32314814814814813 0.6645833333333333 0.32314814814814813 0.6645833333333333 0.34814814814814815 0.6364583333333333 0.34814814814814815
2 0.634375 0.36666666666666664 0.665625 0.36666666666666664 0.665625 0.3851851851851852 0.634375 0.3851851851851852
2 0.5989583333333334 0.4203703703703704 0.6479166666666667 0.4203703703703704 0.6479166666666667 0.4527777777777778 0.5989583333333334 0.4527777777777778
2 0.6395833333333333 0.4601851851851852 0.6723958333333333 0.4601851851851852 0.6723958333333333 0.4842592592592593 0.6395833333333333 0.4842592592592593
2 0.6270833333333333 0.4787037037037037 0.6697916666666667 0.4787037037037037 0.6697916666666667 0.5287037037037037 0.6270833333333333 0.5287037037037037
2 0.6552083333333333 0.3509259259259259 0.6796875 0.3509259259259259 0.6796875 0.37222222222222223 0.6552083333333333 0.37222222222222223
2 0.6619791666666667 0.33796296296296297 0.6859375 0.33796296296296297 0.6859375 0.36203703703703705 0.6619791666666667 0.36203703703703705
2 0.6661458333333333 0.36944444444444446 0.6916666666666667 0.36944444444444446 0.6916666666666667 0.38796296296296295 0.6661458333333333 0.38796296296296295
2 0.6432291666666666 0.6416666666666667 0.6703125 0.6416666666666667 0.6703125 0.6675925925925926 0.6432291666666666 0.6675925925925926
2 0.5666666666666667 0.6851851851851852 0.6182291666666667 0.6851851851851852 0.6182291666666667 0.7287037037037037 0.5666666666666667 0.7287037037037037
2 0.5921875 0.7351851851851852 0.6375 0.7351851851851852 0.6375 0.7722222222222223 0.5921875 0.7722222222222223
2 0.6203125 0.7074074074074074 0.6572916666666667 0.7074074074074074 0.6572916666666667 0.7379629629629629 0.6203125 0.7379629629629629
2 0.6479166666666667 0.6657407407407407 0.6765625 0.6657407407407407 0.6765625 0.6805555555555556 0.6479166666666667 0.6805555555555556
2 0.6619791666666667 0.637962962962963 0.6848958333333334 0.637962962962963 0.6848958333333334 0.6592592592592592 0.6619791666666667 0.6592592592592592
2 0.6729166666666667 0.5916666666666667 0.6921875 0.5916666666666667 0.6921875 0.6138888888888889 0.6729166666666667 0.6138888888888889
2 0.6786458333333333 0.5796296296296296 0.696875 0.5796296296296296 0.696875 0.5981481481481481 0.6786458333333333 0.5981481481481481
2 0.6796875 0.6129629629629629 0.6994791666666667 0.6129629629629629 0.6994791666666667 0.6287037037037037 0.6796875 0.6287037037037037