1 0.14166666666666666 0.31851851851851853 0.278125 0.31851851851851853 0.278125 0.4925925925925926 0.14166666666666666 0.4925925925925926
1 0.32760416666666664 0.17407407407407408 0.39375 0.17407407407407408 0.39375 0.23425925925925925 0.32760416666666664 0.23425925925925925
2 0.5854166666666667 0.18611111111111112 0.6052083333333333 0.18611111111111112 0.6052083333333333 0.2462962962962963 0.5854166666666667 0.2462962962962963
2 0.5385416666666667 0.09259259259259259 0.5505208333333333 0.09259259259259259 0.5505208333333333 0.12129629629629629 0.5385416666666667 0.12129629629629629
2 0.33958333333333335 0.4064814814814815 0.37864583333333335 0.4064814814814815 0.37864583333333335 0.5222222222222223 0.33958333333333335 0.5222222222222223
2 0.4354166666666667 0.19444444444444445 0.4546875 0.19444444444444445 0.4546875 0.24722222222222223 0.4354166666666667 0.24722222222222223
2 0.20052083333333334 0.6648148148148149 0.2708333333333333 0.6648148148148149 0.2708333333333333 0.8611111111111112 0.20052083333333334 0.8611111111111112
2 0.6546875 0.29444444444444445 0.684375 0.29444444444444445 0.684375 0.3768518518518518 0.6546875 0.3768518518518518
2 0.40625 0.1935185185185185 0.4270833333333333 0.1935185185185185 0.4270833333333333 0.25092592592592594 0.40625 0.25092592592592594
2 0.553125 0.16203703703703703 0.5755208333333334 0.16203703703703703 0.5755208333333334 0.2175925925925926 0.553125 0.2175925925925926
2 0.41770833333333335 0.2574074074074074 0.446875 0.2574074074074074 0.446875 0.3333333333333333 0.41770833333333335 0.3333333333333333
2 0.453125 0.16018518518518518 0.471875 0.16018518518518518 0.471875 0.2064814814814815 0.453125 0.2064814814814815
2 0.6026041666666667 0.2518518518518518 0.6244791666666667 0.2518518518518518 0.6244791666666667 0.31296296296296294 0.6026041666666667 0.31296296296296294
2 0.484375 0.13240740740740742 0.49895833333333334 0.13240740740740742 0.49895833333333334 0.1712962962962963 0.484375 0.1712962962962963
2 0.459375 0.23796296296296296 0.48385416666666664 0.23796296296296296 0.48385416666666664 0.31296296296296294 0.459375 0.31296296296296294
2 0.7239583333333334 0.3888888888888889 0.7692708333333333 0.3888888888888889 0.7692708333333333 0.49537037037037035 0.7239583333333334 0.49537037037037035
2 0.609375 0.2074074074074074 0.6328125 0.2074074074074074 0.6328125 0.2657407407407407 0.609375 0.2657407407407407
2 0.8880208333333334 0.6425925925925926 0.9640625 0.6425925925925926 0.9640625 0.8305555555555556 0.8880208333333334 0.8305555555555556
2 0.353125 0.48518518518518516 0.4010416666666667 0.48518518518518516 0.4010416666666667 0.6638888888888889 0.353125 0.6638888888888889
2 0.6921875 0.42685185185185187 0.7385416666666667 0.42685185185185187 0.7385416666666667 0.5611111111111111 0.6921875 0.5611111111111111