1 0.14947916666666666 0.3175925925925926 0.2703125 0.3175925925925926 0.2703125 0.49166666666666664 0.14947916666666666 0.49166666666666664
1 0.3234375 0.17592592592592593 0.3921875 0.17592592592592593 0.3921875 0.23796296296296296 0.3234375 0.23796296296296296
1 0.42604166666666665 0.24351851851851852 0.4822916666666667 0.24351851851851852 0.4822916666666667 0.33240740740740743 0.42604166666666665 0.33240740740740743
2 0.04114583333333333 0.8564814814814815 0.13177083333333334 0.8564814814814815 0.13177083333333334 1 0.04114583333333333 1
2 0.2552083333333333 0.8009259259259259 0.32708333333333334 0.8009259259259259 0.32708333333333334 0.9972222222222222 0.2552083333333333 0.9972222222222222
2 0.17760416666666667 0.5648148148148148 0.24427083333333333 0.5648148148148148 0.24427083333333333 0.7453703703703703 0.17760416666666667 0.7453703703703703
2 0.8536458333333333 0.5101851851851852 0.9171875 0.5101851851851852 0.9171875 0.6574074074074074 0.8536458333333333 0.6574074074074074
2 0.6536458333333334 0.28425925925925927 0.6828125 0.28425925925925927 0.6828125 0.3611111111111111 0.6536458333333334 0.3611111111111111
2 0.696875 0.28888888888888886 0.728125 0.28888888888888886 0.728125 0.3824074074074074 0.696875 0.3824074074074074
2 0.35520833333333335 0.27870370370370373 0.3828125 0.27870370370370373 0.3828125 0.34444444444444444 0.35520833333333335 0.34444444444444444
2 0.3984375 0.27870370370370373 0.4270833333333333 0.27870370370370373 0.4270833333333333 0.36574074074074076 0.3984375 0.36574074074074076
2 0.35833333333333334 0.47314814814814815 0.4 0.47314814814814815 0.4 0.6185185185185185 0.35833333333333334 0.6185185185185185
2 0.33645833333333336 0.3398148148148148 0.36614583333333334 0.3398148148148148 0.36614583333333334 0.43148148148148147 0.33645833333333336 0.43148148148148147
1 0.5411458333333333 0.1574074074074074 0.6088541666666667 0.1574074074074074 0.6088541666666667 0.3296296296296296 0.5411458333333333 0.3296296296296296
2 0.49583333333333335 0.17222222222222222 0.5151041666666667 0.17222222222222222 0.5151041666666667 0.22870370370370371 0.49583333333333335 0.22870370370370371
2 0.25625 0.4111111111111111 0.29791666666666666 0.4111111111111111 0.29791666666666666 0.5425925925925926 0.25625 0.5425925925925926
2 0.64375 0.20277777777777778 0.6708333333333333 0.20277777777777778 0.6708333333333333 0.27685185185185185 0.64375 0.27685185185185185
2 0.3776041666666667 0.3592592592592593 0.41041666666666665 0.3592592592592593 0.41041666666666665 0.4546296296296296 0.3776041666666667 0.4546296296296296
2 0.478125 0.14166666666666666 0.49166666666666664 0.14166666666666666 0.49166666666666664 0.1814814814814815 0.478125 0.1814814814814815
2 0.2791666666666667 0.34814814814814815 0.31302083333333336 0.34814814814814815 0.31302083333333336 0.43425925925925923 0.2791666666666667 0.43425925925925923
2 0.4578125 0.15648148148148147 0.4744791666666667 0.15648148148148147 0.4744791666666667 0.19814814814814816 0.4578125 0.19814814814814816
2 0 0.6712962962962963 0.03125 0.6712962962962963 0.03125 0.8462962962962963 0 0.8462962962962963
2 0.4171875 0.2111111111111111 0.43697916666666664 0.2111111111111111 0.43697916666666664 0.26481481481481484 0.4171875 0.26481481481481484
2 0.43645833333333334 0.14907407407407408 0.4515625 0.14907407407407408 0.4515625 0.18518518518518517 0.43645833333333334 0.18518518518518517
2 0.4239583333333333 0.18055555555555555 0.44114583333333335 0.18055555555555555 0.44114583333333335 0.22407407407407406 0.4239583333333333 0.22407407407407406
2 0.621875 0.20092592592592592 0.6369791666666667 0.20092592592592592 0.6369791666666667 0.2740740740740741 0.621875 0.2740740740740741