1 0.5265625 0.5962962962962963 0.7026041666666667 0.5962962962962963 0.7026041666666667 0.8472222222222222 0.5265625 0.8472222222222222
1 0.4015625 0.9148148148148149 0.5 0.9148148148148149 0.5 1 0.4015625 1
1 0.321875 0.6953703703703704 0.3572916666666667 0.6953703703703704 0.3572916666666667 0.7981481481481482 0.321875 0.7981481481481482
1 0.2838541666666667 0.3648148148148148 0.3140625 0.3648148148148148 0.3140625 0.42777777777777776 0.2838541666666667 0.42777777777777776
1 0.2916666666666667 0.13333333333333333 0.3203125 0.13333333333333333 0.3203125 0.22777777777777777 0.2916666666666667 0.22777777777777777
2 0.4088541666666667 0.10185185185185185 0.4734375 0.10185185185185185 0.4734375 0.16574074074074074 0.4088541666666667 0.16574074074074074
2 0.3536458333333333 0.16203703703703703 0.4046875 0.16203703703703703 0.4046875 0.19722222222222222 0.3536458333333333 0.19722222222222222
2 0.3260416666666667 0.23055555555555557 0.3609375 0.23055555555555557 0.3609375 0.25092592592592594 0.3260416666666667 0.25092592592592594
2 0.321875 0.32222222222222224 0.35625 0.32222222222222224 0.35625 0.39814814814814814 0.321875 0.39814814814814814
2 0.3578125 0.5907407407407408 0.3958333333333333 0.5907407407407408 0.3958333333333333 0.6342592592592593 0.3578125 0.6342592592592593
2 0.36354166666666665 0.6555555555555556 0.4109375 0.6555555555555556 0.4109375 0.6898148148148148 0.36354166666666665 0.6898148148148148
2 0.3453125 0.6805555555555556 0.3848958333333333 0.6805555555555556 0.3848958333333333 0.7138888888888889 0.3453125 0.7138888888888889
2 0.3765625 0.7333333333333333 0.4359375 0.7333333333333333 0.4359375 0.7851851851851852 0.3765625 0.7851851851851852
2 0.3921875 0.6083333333333333 0.44947916666666665 0.6083333333333333 0.44947916666666665 0.649074074074074 0.3921875 0.649074074074074
2 0.4421875 0.8777777777777778 0.521875 0.8777777777777778 0.521875 0.9416666666666667 0.4421875 0.9416666666666667
2 0.4661458333333333 0.7916666666666666 0.5458333333333333 0.7916666666666666 0.5458333333333333 0.8490740740740741 0.4661458333333333 0.8490740740740741
2 0.31979166666666664 0.6194444444444445 0.3572916666666667 0.6194444444444445 0.3572916666666667 0.6425925925925926 0.31979166666666664 0.6425925925925926
2 0.3255208333333333 0.5861111111111111 0.3541666666666667 0.5861111111111111 0.3541666666666667 0.600925925925926 0.3255208333333333 0.600925925925926
2 0.31197916666666664 0.5027777777777778 0.3416666666666667 0.5027777777777778 0.3416666666666667 0.5259259259259259 0.31197916666666664 0.5259259259259259
2 0.2921875 0.5037037037037037 0.31666666666666665 0.5037037037037037 0.31666666666666665 0.5212962962962963 0.2921875 0.5212962962962963
2 0.284375 0.5305555555555556 0.3046875 0.5305555555555556 0.3046875 0.5444444444444444 0.284375 0.5444444444444444
2 0.2942708333333333 0.5694444444444444 0.3171875 0.5694444444444444 0.3171875 0.5842592592592593 0.2942708333333333 0.5842592592592593
2 0.30833333333333335 0.5416666666666666 0.33489583333333334 0.5416666666666666 0.33489583333333334 0.5694444444444444 0.30833333333333335 0.5694444444444444
2 0.30520833333333336 0.612037037037037 0.3265625 0.612037037037037 0.3265625 0.6222222222222222 0.30520833333333336 0.6222222222222222
2 0.296875 0.6527777777777778 0.31666666666666665 0.6527777777777778 0.31666666666666665 0.6657407407407407 0.296875 0.6657407407407407
2 0.2989583333333333 0.6268518518518519 0.3151041666666667 0.6268518518518519 0.3151041666666667 0.637962962962963 0.2989583333333333 0.637962962962963
2 0.2921875 0.5935185185185186 0.31145833333333334 0.5935185185185186 0.31145833333333334 0.6046296296296296 0.2921875 0.6046296296296296
2 0.28802083333333334 0.5527777777777778 0.3072916666666667 0.5527777777777778 0.3072916666666667 0.5638888888888889 0.28802083333333334 0.5638888888888889
2 0.28541666666666665 0.32592592592592595 0.309375 0.32592592592592595 0.309375 0.35185185185185186 0.28541666666666665 0.35185185185185186