1 0.14427083333333332 0.3138888888888889 0.2708333333333333 0.3138888888888889 0.2708333333333333 0.487962962962963 0.14427083333333332 0.487962962962963
1 0.32447916666666665 0.17314814814814813 0.390625 0.17314814814814813 0.390625 0.23425925925925925 0.32447916666666665 0.23425925925925925
2 0.14322916666666666 0.7925925925925926 0.228125 0.7925925925925926 0.228125 0.9962962962962963 0.14322916666666666 0.9962962962962963
2 0.846875 0.5851851851851851 0.9130208333333333 0.5851851851851851 0.9130208333333333 0.7546296296296297 0.846875 0.7546296296296297
2 0.5869791666666667 0.2657407407407407 0.6166666666666667 0.2657407407407407 0.6166666666666667 0.3472222222222222 0.5869791666666667 0.3472222222222222
2 0.25 0.4981481481481482 0.3 0.4981481481481482 0.3 0.6425925925925926 0.25 0.6425925925925926
2 0.5932291666666667 0.17407407407407408 0.6213541666666667 0.17407407407407408 0.6213541666666667 0.22407407407407406 0.5932291666666667 0.22407407407407406
2 0.6369791666666667 0.1935185185185185 0.6635416666666667 0.1935185185185185 0.6635416666666667 0.25092592592592594 0.6369791666666667 0.25092592592592594
2 0.3078125 0.32037037037037036 0.3484375 0.32037037037037036 0.3484375 0.387037037037037 0.3078125 0.387037037037037
2 0.3489583333333333 0.35 0.3890625 0.35 0.3890625 0.4685185185185185 0.3489583333333333 0.4685185185185185
2 0.634375 0.38425925925925924 0.6692708333333334 0.38425925925925924 0.6692708333333334 0.49074074074074076 0.634375 0.49074074074074076
2 0.7244791666666667 0.45925925925925926 0.7651041666666667 0.45925925925925926 0.7651041666666667 0.5925925925925926 0.7244791666666667 0.5925925925925926
2 0.38697916666666665 0.2675925925925926 0.41510416666666666 0.2675925925925926 0.41510416666666666 0.34814814814814815 0.38697916666666665 0.34814814814814815
2 0.6380208333333334 0.28425925925925927 0.6635416666666667 0.28425925925925927 0.6635416666666667 0.36574074074074076 0.6380208333333334 0.36574074074074076
2 0.5005208333333333 0.15925925925925927 0.5307291666666667 0.15925925925925927 0.5307291666666667 0.225 0.5005208333333333 0.225
2 0.415625 0.2814814814814815 0.4473958333333333 0.2814814814814815 0.4473958333333333 0.38981481481481484 0.415625 0.38981481481481484
2 0.55625 0.1962962962962963 0.58125 0.1962962962962963 0.58125 0.2722222222222222 0.55625 0.2722222222222222