1 0.13697916666666668 0.33796296296296297 0.2598958333333333 0.33796296296296297 0.2598958333333333 0.5212962962962963 0.13697916666666668 0.5212962962962963
1 0.42864583333333334 0.23055555555555557 0.4796875 0.23055555555555557 0.4796875 0.31203703703703706 0.42864583333333334 0.31203703703703706
1 0.32447916666666665 0.19074074074074074 0.3796875 0.19074074074074074 0.3796875 0.25462962962962965 0.32447916666666665 0.25462962962962965
1 0.5526041666666667 0.19907407407407407 0.6005208333333333 0.19907407407407407 0.6005208333333333 0.2712962962962963 0.5526041666666667 0.2712962962962963
1 0.5286458333333334 0.13333333333333333 0.5578125 0.13333333333333333 0.5578125 0.17592592592592593 0.5286458333333334 0.17592592592592593
1 0.6515625 0.14537037037037037 0.6963541666666667 0.14537037037037037 0.6963541666666667 0.18518518518518517 0.6515625 0.18518518518518517
2 0.37864583333333335 0.36944444444444446 0.40729166666666666 0.36944444444444446 0.40729166666666666 0.5046296296296297 0.37864583333333335 0.5046296296296297
2 0.08333333333333333 0.6611111111111111 0.14427083333333332 0.6611111111111111 0.14427083333333332 0.8907407407407407 0.08333333333333333 0.8907407407407407
2 0.290625 0.4638888888888889 0.3296875 0.4638888888888889 0.3296875 0.5944444444444444 0.290625 0.5944444444444444
2 0.15416666666666667 0.6814814814814815 0.21510416666666668 0.6814814814814815 0.21510416666666668 0.8898148148148148 0.15416666666666667 0.8898148148148148
2 0.253125 0.5824074074074074 0.3067708333333333 0.5824074074074074 0.3067708333333333 0.7870370370370371 0.253125 0.7870370370370371
2 0.2359375 0.4444444444444444 0.27395833333333336 0.4444444444444444 0.27395833333333336 0.5685185185185185 0.2359375 0.5685185185185185
2 0.7666666666666667 0.4425925925925926 0.8072916666666666 0.4425925925925926 0.8072916666666666 0.6 0.7666666666666667 0.6
2 0.32864583333333336 0.3731481481481482 0.3609375 0.3731481481481482 0.3609375 0.4861111111111111 0.32864583333333336 0.4861111111111111
2 0.35885416666666664 0.2675925925925926 0.37447916666666664 0.2675925925925926 0.37447916666666664 0.35648148148148145 0.35885416666666664 0.35648148148148145
2 0.3697916666666667 0.22870370370370371 0.38958333333333334 0.22870370370370371 0.38958333333333334 0.2972222222222222 0.3697916666666667 0.2972222222222222
2 0.39947916666666666 0.2611111111111111 0.4109375 0.2611111111111111 0.4109375 0.35 0.39947916666666666 0.35
2 0.3984375 0.16574074074074074 0.41458333333333336 0.16574074074074074 0.41458333333333336 0.24351851851851852 0.3984375 0.24351851851851852
2 0.41822916666666665 0.1925925925925926 0.4276041666666667 0.1925925925925926 0.4276041666666667 0.25833333333333336 0.41822916666666665 0.25833333333333336
2 0.43072916666666666 0.15833333333333333 0.44583333333333336 0.15833333333333333 0.44583333333333336 0.2222222222222222 0.43072916666666666 0.2222222222222222
2 0.4203125 0.14444444444444443 0.4296875 0.14444444444444443 0.4296875 0.18611111111111112 0.4203125 0.18611111111111112
2 0.4 0.11481481481481481 0.415625 0.11481481481481481 0.415625 0.16203703703703703 0.4 0.16203703703703703
2 0.4484375 0.14907407407407408 0.45677083333333335 0.14907407407407408 0.45677083333333335 0.20185185185185187 0.4484375 0.20185185185185187
2 0.4630208333333333 0.15555555555555556 0.47604166666666664 0.15555555555555556 0.47604166666666664 0.20462962962962963 0.4630208333333333 0.20462962962962963
2 0.4421875 0.13148148148148148 0.45260416666666664 0.13148148148148148 0.45260416666666664 0.17407407407407408 0.4421875 0.17407407407407408
2 0.4510416666666667 0.12222222222222222 0.46041666666666664 0.12222222222222222 0.46041666666666664 0.1574074074074074 0.4510416666666667 0.1574074074074074
2 0.503125 0.18518518518518517 0.5286458333333334 0.18518518518518517 0.5286458333333334 0.24259259259259258 0.503125 0.24259259259259258
2 0.6317708333333333 0.25555555555555554 0.6494791666666667 0.25555555555555554 0.6494791666666667 0.3314814814814815 0.6317708333333333 0.3314814814814815
2 0.5630208333333333 0.13796296296296295 0.5755208333333334 0.13796296296296295 0.5755208333333334 0.18981481481481483 0.5630208333333333 0.18981481481481483
2 0.5828125 0.1361111111111111 0.596875 0.1361111111111111 0.596875 0.1787037037037037 0.5828125 0.1787037037037037
2 0.5744791666666667 0.12685185185185185 0.5838541666666667 0.12685185185185185 0.5838541666666667 0.15925925925925927 0.5744791666666667 0.15925925925925927