1 0.14427083333333332 0.3333333333333333 0.26614583333333336 0.3333333333333333 0.26614583333333336 0.5120370370370371 0.14427083333333332 0.5120370370370371
1 0.4046875 0.3111111111111111 0.4744791666666667 0.3111111111111111 0.4744791666666667 0.44074074074074077 0.4046875 0.44074074074074077
1 0.32916666666666666 0.18703703703703703 0.3885416666666667 0.18703703703703703 0.3885416666666667 0.2490740740740741 0.32916666666666666 0.2490740740740741
1 0.5505208333333333 0.14907407407407408 0.5869791666666667 0.14907407407407408 0.5869791666666667 0.2074074074074074 0.5505208333333333 0.2074074074074074
1 0.6619791666666667 0.13703703703703704 0.7046875 0.13703703703703704 0.7046875 0.175 0.6619791666666667 0.175
2 0.008854166666666666 0.7935185185185185 0.08489583333333334 0.7935185185185185 0.08489583333333334 0.9953703703703703 0.008854166666666666 0.9953703703703703
2 0.04895833333333333 0.6564814814814814 0.12135416666666667 0.6564814814814814 0.12135416666666667 0.8240740740740741 0.04895833333333333 0.8240740740740741
2 0.20677083333333332 0.6101851851851852 0.25364583333333335 0.6101851851851852 0.25364583333333335 0.8101851851851852 0.20677083333333332 0.8101851851851852
2 0.2546875 0.687962962962963 0.30104166666666665 0.687962962962963 0.30104166666666665 0.9175925925925926 0.2546875 0.9175925925925926
2 0.2859375 0.3611111111111111 0.3072916666666667 0.3611111111111111 0.3072916666666667 0.5166666666666667 0.2859375 0.5166666666666667
2 0.3265625 0.42685185185185187 0.3619791666666667 0.42685185185185187 0.3619791666666667 0.5638888888888889 0.3265625 0.5638888888888889
2 0.33697916666666666 0.27685185185185185 0.3671875 0.27685185185185185 0.3671875 0.3925925925925926 0.33697916666666666 0.3925925925925926
2 0.3963541666666667 0.2638888888888889 0.41302083333333334 0.2638888888888889 0.41302083333333334 0.3453703703703704 0.3963541666666667 0.3453703703703704
2 0.3828125 0.21851851851851853 0.396875 0.21851851851851853 0.396875 0.27870370370370373 0.3828125 0.27870370370370373
2 0.42083333333333334 0.20185185185185187 0.43072916666666666 0.20185185185185187 0.43072916666666666 0.24722222222222223 0.42083333333333334 0.24722222222222223
2 0.40625 0.1648148148148148 0.42135416666666664 0.1648148148148148 0.42135416666666664 0.21574074074074073 0.40625 0.21574074074074073
2 0.453125 0.2111111111111111 0.4671875 0.2111111111111111 0.4671875 0.2722222222222222 0.453125 0.2722222222222222
2 0.44375 0.18611111111111112 0.45989583333333334 0.18611111111111112 0.45989583333333334 0.25833333333333336 0.44375 0.25833333333333336
2 0.8734375 0.6953703703703704 0.9578125 0.6953703703703704 0.9578125 0.9796296296296296 0.8734375 0.9796296296296296
2 0.75625 0.3611111111111111 0.7802083333333333 0.3611111111111111 0.7802083333333333 0.49074074074074076 0.75625 0.49074074074074076
2 0.6854166666666667 0.26481481481481484 0.7078125 0.26481481481481484 0.7078125 0.362962962962963 0.6854166666666667 0.362962962962963
2 0.60625 0.1638888888888889 0.6244791666666667 0.1638888888888889 0.6244791666666667 0.22962962962962963 0.60625 0.22962962962962963
2 0.521875 0.18055555555555555 0.5572916666666666 0.18055555555555555 0.5572916666666666 0.24259259259259258 0.521875 0.24259259259259258
2 0.4348958333333333 0.14537037037037037 0.44583333333333336 0.14537037037037037 0.44583333333333336 0.19444444444444445 0.4348958333333333 0.19444444444444445
2 0.40625 0.12314814814814815 0.41354166666666664 0.12314814814814815 0.41354166666666664 0.16203703703703703 0.40625 0.16203703703703703
2 0.4583333333333333 0.14074074074074075 0.4671875 0.14074074074074075 0.4671875 0.1824074074074074 0.4583333333333333 0.1824074074074074
2 0.4421875 0.12685185185185185 0.45208333333333334 0.12685185185185185 0.45208333333333334 0.16296296296296298 0.4421875 0.16296296296296298
2 0.47239583333333335 0.12777777777777777 0.48072916666666665 0.12777777777777777 0.48072916666666665 0.16574074074074074 0.47239583333333335 0.16574074074074074
2 0.4921875 0.125 0.503125 0.125 0.503125 0.16203703703703703 0.4921875 0.16203703703703703