1 0.3546875 0.4388888888888889 0.4609375 0.4388888888888889 0.4609375 0.6601851851851852 0.3546875 0.6601851851851852
1 0.14270833333333333 0.325 0.26927083333333335 0.325 0.26927083333333335 0.5009259259259259 0.14270833333333333 0.5009259259259259
1 0.3302083333333333 0.17962962962962964 0.3890625 0.17962962962962964 0.3890625 0.24351851851851852 0.3302083333333333 0.24351851851851852
1 0.5484375 0.12407407407407407 0.5802083333333333 0.12407407407407407 0.5802083333333333 0.17407407407407408 0.5484375 0.17407407407407408
2 0.7192708333333333 0.4074074074074074 0.7557291666666667 0.4074074074074074 0.7557291666666667 0.5407407407407407 0.7192708333333333 0.5407407407407407
2 0.17604166666666668 0.8268518518518518 0.22760416666666666 0.8268518518518518 0.22760416666666666 0.9962962962962963 0.17604166666666668 0.9962962962962963
2 0.17083333333333334 0.5796296296296296 0.21510416666666668 0.5796296296296296 0.21510416666666668 0.7444444444444445 0.17083333333333334 0.7444444444444445
2 0.29375 0.35462962962962963 0.3171875 0.35462962962962963 0.3171875 0.4787037037037037 0.29375 0.4787037037037037
2 0.3515625 0.36944444444444446 0.36770833333333336 0.36944444444444446 0.36770833333333336 0.46944444444444444 0.3515625 0.46944444444444444
2 0.36041666666666666 0.24722222222222223 0.3765625 0.24722222222222223 0.3765625 0.3351851851851852 0.36041666666666666 0.3351851851851852
2 0.4088541666666667 0.23703703703703705 0.4239583333333333 0.23703703703703705 0.4239583333333333 0.31574074074074077 0.4088541666666667 0.31574074074074077
2 0.43125 0.26851851851851855 0.4473958333333333 0.26851851851851855 0.4473958333333333 0.3351851851851852 0.43125 0.3351851851851852
2 0.4348958333333333 0.21666666666666667 0.45364583333333336 0.21666666666666667 0.45364583333333336 0.2777777777777778 0.4348958333333333 0.2777777777777778
2 0.39739583333333334 0.19814814814814816 0.40677083333333336 0.19814814814814816 0.40677083333333336 0.2611111111111111 0.39739583333333334 0.2611111111111111
2 0.40520833333333334 0.13148148148148148 0.4125 0.13148148148148148 0.4125 0.18055555555555555 0.40520833333333334 0.18055555555555555
2 0.4234375 0.16944444444444445 0.4395833333333333 0.16944444444444445 0.4395833333333333 0.21851851851851853 0.4234375 0.21851851851851853
2 0.4359375 0.14444444444444443 0.44375 0.14444444444444443 0.44375 0.17407407407407408 0.4359375 0.17407407407407408
2 0.43020833333333336 0.13796296296296295 0.43854166666666666 0.13796296296296295 0.43854166666666666 0.17037037037037037 0.43020833333333336 0.17037037037037037
2 0.4510416666666667 0.17037037037037037 0.4640625 0.17037037037037037 0.4640625 0.22407407407407406 0.4510416666666667 0.22407407407407406
2 0.4505208333333333 0.15185185185185185 0.459375 0.15185185185185185 0.459375 0.18425925925925926 0.4505208333333333 0.18425925925925926
2 0.465625 0.14907407407407408 0.47760416666666666 0.14907407407407408 0.47760416666666666 0.1962962962962963 0.465625 0.1962962962962963
2 0.4895833333333333 0.14907407407407408 0.5026041666666666 0.14907407407407408 0.5026041666666666 0.1925925925925926 0.4895833333333333 0.1925925925925926
2 0.49114583333333334 0.11203703703703703 0.49947916666666664 0.11203703703703703 0.49947916666666664 0.14722222222222223 0.49114583333333334 0.14722222222222223
2 0.4713541666666667 0.10925925925925926 0.4822916666666667 0.10925925925925926 0.4822916666666667 0.14351851851851852 0.4713541666666667 0.14351851851851852
2 0.4552083333333333 0.12222222222222222 0.4635416666666667 0.12222222222222222 0.4635416666666667 0.15555555555555556 0.4552083333333333 0.15555555555555556
2 0.46197916666666666 0.11666666666666667 0.4734375 0.11666666666666667 0.4734375 0.14907407407407408 0.46197916666666666 0.14907407407407408
2 0.4432291666666667 0.12407407407407407 0.4557291666666667 0.12407407407407407 0.4557291666666667 0.16574074074074074 0.4432291666666667 0.16574074074074074
2 0.4276041666666667 0.12685185185185185 0.43385416666666665 0.12685185185185185 0.43385416666666665 0.15925925925925927 0.4276041666666667 0.15925925925925927
2 0.5458333333333333 0.1814814814814815 0.5833333333333334 0.1814814814814815 0.5833333333333334 0.23703703703703705 0.5458333333333333 0.23703703703703705
2 0.5942708333333333 0.13425925925925927 0.6020833333333333 0.13425925925925927 0.6020833333333333 0.17314814814814813 0.5942708333333333 0.17314814814814813
1 0.6557291666666667 0.13425925925925927 0.7088541666666667 0.13425925925925927 0.7088541666666667 0.17777777777777778 0.6557291666666667 0.17777777777777778
2 0.6473958333333333 0.21388888888888888 0.6703125 0.21388888888888888 0.6703125 0.2814814814814815 0.6473958333333333 0.2814814814814815
2 0.6864583333333333 0.2777777777777778 0.7151041666666667 0.2777777777777778 0.7151041666666667 0.3574074074074074 0.6864583333333333 0.3574074074074074