1 0.14375 0.30925925925925923 0.2703125 0.30925925925925923 0.2703125 0.4935185185185185 0.14375 0.4935185185185185
2 0.5276041666666667 0.17592592592592593 0.5635416666666667 0.17592592592592593 0.5635416666666667 0.22870370370370371 0.5276041666666667 0.22870370370370371
2 0.7541666666666667 0.4064814814814815 0.8010416666666667 0.4064814814814815 0.8010416666666667 0.525 0.7541666666666667 0.525
2 0.3515625 0.4351851851851852 0.39479166666666665 0.4351851851851852 0.39479166666666665 0.5944444444444444 0.3515625 0.5944444444444444
1 0.31614583333333335 0.1787037037037037 0.38177083333333334 0.1787037037037037 0.38177083333333334 0.2462962962962963 0.31614583333333335 0.2462962962962963
2 0.4453125 0.2212962962962963 0.4703125 0.2212962962962963 0.4703125 0.2953703703703704 0.4453125 0.2953703703703704
2 0.6322916666666667 0.262037037037037 0.6578125 0.262037037037037 0.6578125 0.34629629629629627 0.6322916666666667 0.34629629629629627
2 0.375 0.2490740740740741 0.40208333333333335 0.2490740740740741 0.40208333333333335 0.3314814814814815 0.375 0.3314814814814815
2 0.4234375 0.45925925925925926 0.46510416666666665 0.45925925925925926 0.46510416666666665 0.6212962962962963 0.4234375 0.6212962962962963
2 0.42916666666666664 0.14537037037037037 0.44375 0.14537037037037037 0.44375 0.18703703703703703 0.42916666666666664 0.18703703703703703
2 0.4817708333333333 0.1425925925925926 0.4973958333333333 0.1425925925925926 0.4973958333333333 0.1935185185185185 0.4817708333333333 0.1935185185185185
2 0.63125 0.20185185185185187 0.6526041666666667 0.20185185185185187 0.6526041666666667 0.25925925925925924 0.63125 0.25925925925925924
2 0.6635416666666667 0.25833333333333336 0.6880208333333333 0.25833333333333336 0.6880208333333333 0.3351851851851852 0.6635416666666667 0.3351851851851852
2 0.4557291666666667 0.13796296296296295 0.46979166666666666 0.13796296296296295 0.46979166666666666 0.17314814814814813 0.4557291666666667 0.17314814814814813
2 0.41302083333333334 0.275 0.434375 0.275 0.434375 0.38333333333333336 0.41302083333333334 0.38333333333333336
2 0.42239583333333336 0.22314814814814815 0.43802083333333336 0.22314814814814815 0.43802083333333336 0.2962962962962963 0.42239583333333336 0.2962962962962963
2 0.3963541666666667 0.20925925925925926 0.40989583333333335 0.20925925925925926 0.40989583333333335 0.28055555555555556 0.3963541666666667 0.28055555555555556
2 0.4041666666666667 0.1574074074074074 0.41822916666666665 0.1574074074074074 0.41822916666666665 0.21574074074074073 0.4041666666666667 0.21574074074074073
2 0.5817708333333333 0.1537037037037037 0.5942708333333333 0.1537037037037037 0.5942708333333333 0.2064814814814815 0.5817708333333333 0.2064814814814815
2 0.6473958333333333 0.14814814814814814 0.6635416666666667 0.14814814814814814 0.6635416666666667 0.2037037037037037 0.6473958333333333 0.2037037037037037
2 0.6322916666666667 0.1361111111111111 0.6458333333333334 0.1361111111111111 0.6458333333333334 0.1935185185185185 0.6322916666666667 0.1935185185185185