1 0.49947916666666664 0 0.5984375 0 0.5984375 0.09351851851851851 0.49947916666666664 0.09351851851851851
1 0.6098958333333333 0.38333333333333336 0.6557291666666667 0.38333333333333336 0.6557291666666667 0.4722222222222222 0.6098958333333333 0.4722222222222222
1 0.6463541666666667 0.18611111111111112 0.6822916666666666 0.18611111111111112 0.6822916666666666 0.30648148148148147 0.6463541666666667 0.30648148148148147
2 0.5171875 0.9055555555555556 0.5755208333333334 0.9055555555555556 0.5755208333333334 0.9703703703703703 0.5171875 0.9703703703703703
2 0.4390625 0.027777777777777776 0.5192708333333333 0.027777777777777776 0.5192708333333333 0.12962962962962962 0.4390625 0.12962962962962962
2 0.5171875 0.1425925925925926 0.5765625 0.1425925925925926 0.5765625 0.19814814814814816 0.5171875 0.19814814814814816
2 0.3416666666666667 0.18703703703703703 0.446875 0.18703703703703703 0.446875 0.2796296296296296 0.3416666666666667 0.2796296296296296
2 0.4953125 0.3055555555555556 0.5614583333333333 0.3055555555555556 0.5614583333333333 0.38055555555555554 0.4953125 0.38055555555555554
2 0.540625 0.8064814814814815 0.5927083333333333 0.8064814814814815 0.5927083333333333 0.8740740740740741 0.540625 0.8740740740740741
2 0.6848958333333334 0.45925925925925926 0.7046875 0.45925925925925926 0.7046875 0.4824074074074074 0.6848958333333334 0.4824074074074074
2 0.5583333333333333 0.24444444444444444 0.6057291666666667 0.24444444444444444 0.6057291666666667 0.2935185185185185 0.5583333333333333 0.2935185185185185
2 0.6005208333333333 0.7870370370370371 0.6463541666666667 0.7870370370370371 0.6463541666666667 0.8462962962962963 0.6005208333333333 0.8462962962962963
2 0.6432291666666666 0.3712962962962963 0.6708333333333333 0.3712962962962963 0.6708333333333333 0.40185185185185185 0.6432291666666666 0.40185185185185185
2 0.6041666666666666 0.33796296296296297 0.6447916666666667 0.33796296296296297 0.6447916666666667 0.3768518518518518 0.6041666666666666 0.3768518518518518
2 0.6765625 0.4287037037037037 0.6979166666666666 0.4287037037037037 0.6979166666666666 0.4546296296296296 0.6765625 0.4546296296296296
2 0.6802083333333333 0.3537037037037037 0.7005208333333334 0.3537037037037037 0.7005208333333334 0.3787037037037037 0.6802083333333333 0.3787037037037037
2 0.5973958333333333 0.27037037037037037 0.6354166666666666 0.27037037037037037 0.6354166666666666 0.30925925925925923 0.5973958333333333 0.30925925925925923
2 0.21875 0 0.2604166666666667 0 0.2604166666666667 0.08796296296296297 0.21875 0.08796296296296297
2 0.6921875 0.6342592592592593 0.7119791666666667 0.6342592592592593 0.7119791666666667 0.6657407407407407 0.6921875 0.6657407407407407
2 0.6583333333333333 0.4935185185185185 0.6838541666666667 0.4935185185185185 0.6838541666666667 0.5194444444444445 0.6583333333333333 0.5194444444444445
2 0.5661458333333333 0.3194444444444444 0.6041666666666666 0.3194444444444444 0.6041666666666666 0.3648148148148148 0.5661458333333333 0.3648148148148148
2 0.678125 0.3925925925925926 0.7 0.3925925925925926 0.7 0.4185185185185185 0.678125 0.4185185185185185
2 0.6833333333333333 0.6935185185185185 0.7057291666666666 0.6935185185185185 0.7057291666666666 0.7203703703703703 0.6833333333333333 0.7203703703703703
2 0.6114583333333333 0.725925925925926 0.6578125 0.725925925925926 0.6578125 0.7592592592592593 0.6114583333333333 0.7592592592592593