1 0.3359375 0.18055555555555555 0.49270833333333336 0.18055555555555555 0.49270833333333336 0.4101851851851852 0.3359375 0.4101851851851852
1 0.4984375 0 0.5984375 0 0.5984375 0.08888888888888889 0.4984375 0.08888888888888889
1 0.6427083333333333 0.20092592592592592 0.6786458333333333 0.20092592592592592 0.6786458333333333 0.3037037037037037 0.6427083333333333 0.3037037037037037
1 0.6807291666666667 0.787962962962963 0.7067708333333333 0.787962962962963 0.7067708333333333 0.8685185185185185 0.6807291666666667 0.8685185185185185
2 0.47708333333333336 0.07777777777777778 0.5598958333333334 0.07777777777777778 0.5598958333333334 0.14907407407407408 0.47708333333333336 0.14907407407407408
2 0.471875 0.17685185185185184 0.5463541666666667 0.17685185185185184 0.5463541666666667 0.23703703703703705 0.471875 0.23703703703703705
2 0.5208333333333334 0.8416666666666667 0.5828125 0.8416666666666667 0.5828125 0.8962962962962963 0.5208333333333334 0.8962962962962963
2 0.590625 0.8018518518518518 0.6385416666666667 0.8018518518518518 0.6385416666666667 0.837037037037037 0.590625 0.837037037037037
2 0.6364583333333333 0.7555555555555555 0.6671875 0.7555555555555555 0.6671875 0.7787037037037037 0.6364583333333333 0.7787037037037037
2 0.6479166666666667 0.5981481481481481 0.6817708333333333 0.5981481481481481 0.6817708333333333 0.6657407407407407 0.6479166666666667 0.6657407407407407
2 0.5640625 0.3592592592592593 0.6130208333333333 0.3592592592592593 0.6130208333333333 0.39444444444444443 0.5640625 0.39444444444444443
2 0.6052083333333333 0.37592592592592594 0.6458333333333334 0.37592592592592594 0.6458333333333334 0.41944444444444445 0.6052083333333333 0.41944444444444445
2 0.5895833333333333 0.32037037037037036 0.640625 0.32037037037037036 0.640625 0.3490740740740741 0.5895833333333333 0.3490740740740741
2 0.6208333333333333 0.30185185185185187 0.6630208333333333 0.30185185185185187 0.6630208333333333 0.32037037037037036 0.6208333333333333 0.32037037037037036
2 0.5807291666666666 0.22685185185185186 0.6276041666666666 0.22685185185185186 0.6276041666666666 0.2657407407407407 0.5807291666666666 0.2657407407407407
2 0.6510416666666666 0.3648148148148148 0.6817708333333333 0.3648148148148148 0.6817708333333333 0.38055555555555554 0.6510416666666666 0.38055555555555554
2 0.6458333333333334 0.4027777777777778 0.6817708333333333 0.4027777777777778 0.6817708333333333 0.42685185185185187 0.6458333333333334 0.42685185185185187
2 0.6635416666666667 0.43703703703703706 0.6921875 0.43703703703703706 0.6921875 0.4546296296296296 0.6635416666666667 0.4546296296296296
2 0.665625 0.4740740740740741 0.69375 0.4740740740740741 0.69375 0.5018518518518519 0.665625 0.5018518518518519
2 0.6875 0.47962962962962963 0.7104166666666667 0.47962962962962963 0.7104166666666667 0.4962962962962963 0.6875 0.4962962962962963
2 0.678125 0.33425925925925926 0.7036458333333333 0.33425925925925926 0.7036458333333333 0.34444444444444444 0.678125 0.34444444444444444
2 0.6734375 0.38055555555555554 0.6979166666666666 0.38055555555555554 0.6979166666666666 0.39444444444444443 0.6734375 0.39444444444444443
2 0.6838541666666667 0.36666666666666664 0.7020833333333333 0.36666666666666664 0.7020833333333333 0.3814814814814815 0.6838541666666667 0.3814814814814815
2 0.6880208333333333 0.3972222222222222 0.7098958333333333 0.3972222222222222 0.7098958333333333 0.4111111111111111 0.6880208333333333 0.4111111111111111
2 0.6833333333333333 0.41944444444444445 0.7078125 0.41944444444444445 0.7078125 0.42962962962962964 0.6833333333333333 0.42962962962962964
2 0.6921875 0.43425925925925923 0.7130208333333333 0.43425925925925923 0.7130208333333333 0.45 0.6921875 0.45
2 0.6958333333333333 0.4564814814814815 0.7166666666666667 0.4564814814814815 0.7166666666666667 0.46944444444444444 0.6958333333333333 0.46944444444444444
2 0.690625 0.6564814814814814 0.7145833333333333 0.6564814814814814 0.7145833333333333 0.6703703703703704 0.690625 0.6703703703703704
1 0.6875 0.5814814814814815 0.7145833333333333 0.5814814814814815 0.7145833333333333 0.6324074074074074 0.6875 0.6324074074074074