1 0.5729166666666666 0.5175925925925926 0.7109375 0.5175925925925926 0.7109375 0.7453703703703703 0.5729166666666666 0.7453703703703703
1 0.12083333333333333 0.35185185185185186 0.25677083333333334 0.35185185185185186 0.25677083333333334 0.5361111111111111 0.12083333333333333 0.5361111111111111
1 0.36666666666666664 0.3731481481481482 0.440625 0.3731481481481482 0.440625 0.5055555555555555 0.36666666666666664 0.5055555555555555
1 0.5333333333333333 0.22685185185185186 0.5739583333333333 0.22685185185185186 0.5739583333333333 0.29444444444444445 0.5333333333333333 0.29444444444444445
1 0.3145833333333333 0.21203703703703702 0.378125 0.21203703703703702 0.378125 0.2759259259259259 0.3145833333333333 0.2759259259259259
1 0.6401041666666667 0.1648148148148148 0.6828125 0.1648148148148148 0.6828125 0.2074074074074074 0.6401041666666667 0.2074074074074074
2 0.1984375 0.5185185185185185 0.234375 0.5185185185185185 0.234375 0.6768518518518518 0.1984375 0.6768518518518518
1 0.44947916666666665 0.1574074074074074 0.48072916666666665 0.1574074074074074 0.48072916666666665 0.20833333333333334 0.44947916666666665 0.20833333333333334
2 0.2869791666666667 0.41944444444444445 0.3265625 0.41944444444444445 0.3265625 0.5564814814814815 0.2869791666666667 0.5564814814814815
2 0.42291666666666666 0.45092592592592595 0.4578125 0.45092592592592595 0.4578125 0.6185185185185185 0.42291666666666666 0.6185185185185185
2 0.1625 0.47962962962962963 0.2078125 0.47962962962962963 0.2078125 0.6175925925925926 0.1625 0.6175925925925926
2 0.328125 0.3212962962962963 0.35052083333333334 0.3212962962962963 0.35052083333333334 0.4027777777777778 0.328125 0.4027777777777778
2 0.3671875 0.32685185185185184 0.38385416666666666 0.32685185185185184 0.38385416666666666 0.40555555555555556 0.3671875 0.40555555555555556
2 0.33958333333333335 0.2898148148148148 0.3567708333333333 0.2898148148148148 0.3567708333333333 0.36666666666666664 0.33958333333333335 0.36666666666666664
2 0.35520833333333335 0.2675925925925926 0.3703125 0.2675925925925926 0.3703125 0.34074074074074073 0.35520833333333335 0.34074074074074073
2 0.37447916666666664 0.287962962962963 0.39166666666666666 0.287962962962963 0.39166666666666666 0.3638888888888889 0.37447916666666664 0.3638888888888889
2 0.36302083333333335 0.22037037037037038 0.3734375 0.22037037037037038 0.3734375 0.2824074074074074 0.36302083333333335 0.2824074074074074
2 0.37135416666666665 0.23148148148148148 0.38645833333333335 0.23148148148148148 0.38645833333333335 0.29259259259259257 0.37135416666666665 0.29259259259259257
2 0.38333333333333336 0.24351851851851852 0.39739583333333334 0.24351851851851852 0.39739583333333334 0.3138888888888889 0.38333333333333336 0.3138888888888889
2 0.4083333333333333 0.23055555555555557 0.41770833333333335 0.23055555555555557 0.41770833333333335 0.3 0.4083333333333333 0.3
2 0.4348958333333333 0.2638888888888889 0.45416666666666666 0.2638888888888889 0.45416666666666666 0.35 0.4348958333333333 0.35
2 0.4479166666666667 0.22962962962962963 0.4661458333333333 0.22962962962962963 0.4661458333333333 0.29814814814814816 0.4479166666666667 0.29814814814814816
2 0.421875 0.24722222222222223 0.43333333333333335 0.24722222222222223 0.43333333333333335 0.3175925925925926 0.421875 0.3175925925925926
2 0.4276041666666667 0.20092592592592592 0.4395833333333333 0.20092592592592592 0.4395833333333333 0.24351851851851852 0.4276041666666667 0.24351851851851852
2 0.40572916666666664 0.2064814814814815 0.4197916666666667 0.2064814814814815 0.4197916666666667 0.24351851851851852 0.40572916666666664 0.24351851851851852
2 0.40989583333333335 0.16666666666666666 0.4192708333333333 0.16666666666666666 0.4192708333333333 0.2074074074074074 0.40989583333333335 0.2074074074074074
2 0.4203125 0.1787037037037037 0.42552083333333335 0.1787037037037037 0.42552083333333335 0.22592592592592592 0.4203125 0.22592592592592592
2 0.4276041666666667 0.15833333333333333 0.43645833333333334 0.15833333333333333 0.43645833333333334 0.19444444444444445 0.4276041666666667 0.19444444444444445
2 0.478125 0.19814814814814816 0.4890625 0.19814814814814816 0.4890625 0.2490740740740741 0.478125 0.2490740740740741
2 0.4869791666666667 0.20462962962962963 0.5161458333333333 0.20462962962962963 0.5161458333333333 0.2574074074074074 0.4869791666666667 0.2574074074074074
2 0.6067708333333334 0.3148148148148148 0.6348958333333333 0.3148148148148148 0.6348958333333333 0.4009259259259259 0.6067708333333334 0.4009259259259259
2 0.640625 0.2657407407407407 0.6578125 0.2657407407407407 0.6578125 0.3685185185185185 0.640625 0.3685185185185185
2 0.6234375 0.23703703703703705 0.6375 0.23703703703703705 0.6375 0.30277777777777776 0.6234375 0.30277777777777776
2 0.58125 0.2 0.5958333333333333 0.2 0.5958333333333333 0.2564814814814815 0.58125 0.2564814814814815
2 0.5932291666666667 0.19074074074074074 0.60625 0.19074074074074074 0.60625 0.2462962962962963 0.5932291666666667 0.2462962962962963
2 0.5817708333333333 0.1814814814814815 0.5885416666666666 0.1814814814814815 0.5885416666666666 0.2175925925925926 0.5817708333333333 0.2175925925925926
2 0.5442708333333334 0.14537037037037037 0.5546875 0.14537037037037037 0.5546875 0.18796296296296297 0.5442708333333334 0.18796296296296297
2 0.5541666666666667 0.15462962962962962 0.5619791666666667 0.15462962962962962 0.5619791666666667 0.20092592592592592 0.5541666666666667 0.20092592592592592
2 0.5651041666666666 0.14629629629629629 0.5713541666666667 0.14629629629629629 0.5713541666666667 0.18425925925925926 0.5651041666666666 0.18425925925925926
2 0.578125 0.14722222222222223 0.5875 0.14722222222222223 0.5875 0.18888888888888888 0.578125 0.18888888888888888
2 0.6015625 0.15 0.6145833333333334 0.15 0.6145833333333334 0.1824074074074074 0.6015625 0.1824074074074074
1 0.5088541666666667 0.1361111111111111 0.5333333333333333 0.1361111111111111 0.5333333333333333 0.1787037037037037 0.5088541666666667 0.1787037037037037