1 0.3875 0.5509259259259259 0.453125 0.5509259259259259 0.453125 0.6796296296296296 0.3875 0.6796296296296296
1 0.39739583333333334 0.9064814814814814 0.4947916666666667 0.9064814814814814 0.4947916666666667 1 0.39739583333333334 1
1 0.31875 0.6953703703703704 0.3541666666666667 0.6953703703703704 0.3541666666666667 0.8185185185185185 0.31875 0.8185185185185185
2 0.42239583333333336 0.7898148148148149 0.46979166666666666 0.7898148148148149 0.46979166666666666 0.8518518518518519 0.42239583333333336 0.8518518518518519
2 0.46770833333333334 0.95 0.5458333333333333 0.95 0.5458333333333333 1 0.46770833333333334 1
2 0.7265625 0.9009259259259259 0.7807291666666667 0.9009259259259259 0.7807291666666667 1 0.7265625 1
2 0.41770833333333335 0 0.47291666666666665 0 0.47291666666666665 0.06296296296296296 0.41770833333333335 0.06296296296296296
2 0.5208333333333334 0.7722222222222223 0.6057291666666667 0.7722222222222223 0.6057291666666667 0.8768518518518519 0.5208333333333334 0.8768518518518519
2 0.459375 0.8074074074074075 0.5197916666666667 0.8074074074074075 0.5197916666666667 0.8759259259259259 0.459375 0.8759259259259259
2 0.5197916666666667 0.07592592592592592 0.6083333333333333 0.07592592592592592 0.6083333333333333 0.16574074074074074 0.5197916666666667 0.16574074074074074
2 0.44479166666666664 0.6842592592592592 0.5161458333333333 0.6842592592592592 0.5161458333333333 0.7601851851851852 0.44479166666666664 0.7601851851851852
2 0.278125 0.5740740740740741 0.2984375 0.5740740740740741 0.2984375 0.5972222222222222 0.278125 0.5972222222222222
2 0.3390625 0.2574074074074074 0.3692708333333333 0.2574074074074074 0.3692708333333333 0.2953703703703704 0.3390625 0.2953703703703704
2 0.36822916666666666 0.6666666666666666 0.4083333333333333 0.6666666666666666 0.4083333333333333 0.7101851851851851 0.36822916666666666 0.7101851851851851
2 0.3359375 0.18333333333333332 0.37135416666666665 0.18333333333333332 0.37135416666666665 0.22407407407407406 0.3359375 0.22407407407407406
2 0.30885416666666665 0.5175925925925926 0.3375 0.5175925925925926 0.3375 0.55 0.30885416666666665 0.55
2 0.353125 0.5851851851851851 0.3885416666666667 0.5851851851851851 0.3885416666666667 0.6231481481481481 0.353125 0.6231481481481481
2 0.32916666666666666 0.6101851851851852 0.35625 0.6101851851851852 0.35625 0.6388888888888888 0.32916666666666666 0.6388888888888888
2 0.3223958333333333 0.5527777777777778 0.35260416666666666 0.5527777777777778 0.35260416666666666 0.587037037037037 0.3223958333333333 0.587037037037037