1 0.12864583333333332 0.3537037037037037 0.2546875 0.3537037037037037 0.2546875 0.5324074074074074 0.12864583333333332 0.5324074074074074
1 0.26979166666666665 0.575925925925926 0.4161458333333333 0.575925925925926 0.4161458333333333 0.8481481481481481 0.26979166666666665 0.8481481481481481
1 0.5619791666666667 0.3425925925925926 0.6364583333333333 0.3425925925925926 0.6364583333333333 0.46574074074074073 0.5619791666666667 0.46574074074074073
1 0.31979166666666664 0.20555555555555555 0.3776041666666667 0.20555555555555555 0.3776041666666667 0.26944444444444443 0.31979166666666664 0.26944444444444443
1 0.5296875 0.18518518518518517 0.5651041666666666 0.18518518518518517 0.5651041666666666 0.23703703703703705 0.5296875 0.23703703703703705
1 0.4395833333333333 0.1712962962962963 0.4744791666666667 0.1712962962962963 0.4744791666666667 0.22962962962962963 0.4395833333333333 0.22962962962962963
1 0.6432291666666666 0.16111111111111112 0.6864583333333333 0.16111111111111112 0.6864583333333333 0.2 0.6432291666666666 0.2
2 0.459375 0.325 0.48541666666666666 0.325 0.48541666666666666 0.42777777777777776 0.459375 0.42777777777777776
2 0.4078125 0.34074074074074073 0.43125 0.34074074074074073 0.43125 0.44166666666666665 0.4078125 0.44166666666666665
2 0.34375 0.8111111111111111 0.40989583333333335 0.8111111111111111 0.40989583333333335 1 0.34375 1
2 0.121875 0.6555555555555556 0.21458333333333332 0.6555555555555556 0.21458333333333332 0.8777777777777778 0.121875 0.8777777777777778
2 0.004166666666666667 0.8203703703703704 0.065625 0.8203703703703704 0.065625 1 0.004166666666666667 1
2 0.8177083333333334 0.7222222222222222 0.9083333333333333 0.7222222222222222 0.9083333333333333 0.9629629629629629 0.8177083333333334 0.9629629629629629
2 0.2453125 0.4166666666666667 0.2791666666666667 0.4166666666666667 0.2791666666666667 0.5583333333333333 0.2453125 0.5583333333333333
2 0.2786458333333333 0.48703703703703705 0.3151041666666667 0.48703703703703705 0.3151041666666667 0.6222222222222222 0.2786458333333333 0.6222222222222222
2 0.32135416666666666 0.37962962962962965 0.34479166666666666 0.37962962962962965 0.34479166666666666 0.4981481481481482 0.32135416666666666 0.4981481481481482
2 0.284375 0.34444444444444444 0.3140625 0.34444444444444444 0.3140625 0.44722222222222224 0.284375 0.44722222222222224
2 0.33125 0.31851851851851853 0.35104166666666664 0.31851851851851853 0.35104166666666664 0.39166666666666666 0.33125 0.39166666666666666
2 0.33697916666666666 0.2462962962962963 0.35625 0.2462962962962963 0.35625 0.3138888888888889 0.33697916666666666 0.3138888888888889
2 0.35052083333333334 0.2638888888888889 0.3734375 0.2638888888888889 0.3734375 0.3435185185185185 0.35052083333333334 0.3435185185185185
2 0.3609375 0.2777777777777778 0.3854166666666667 0.2777777777777778 0.3854166666666667 0.37407407407407406 0.3609375 0.37407407407407406
2 0.3765625 0.3212962962962963 0.4 0.3212962962962963 0.4 0.41944444444444445 0.3765625 0.41944444444444445
2 0.390625 0.275 0.4125 0.275 0.4125 0.3398148148148148 0.390625 0.3398148148148148
2 0.3927083333333333 0.2388888888888889 0.41041666666666665 0.2388888888888889 0.41041666666666665 0.2953703703703704 0.3927083333333333 0.2953703703703704
2 0.42083333333333334 0.22685185185185186 0.434375 0.22685185185185186 0.434375 0.30925925925925923 0.42083333333333334 0.30925925925925923
2 0.39791666666666664 0.16944444444444445 0.4140625 0.16944444444444445 0.4140625 0.21481481481481482 0.39791666666666664 0.21481481481481482
2 0.4083333333333333 0.2 0.42083333333333334 0.2 0.42083333333333334 0.25462962962962965 0.4083333333333333 0.25462962962962965
2 0.42552083333333335 0.18055555555555555 0.4359375 0.18055555555555555 0.4359375 0.22777777777777777 0.42552083333333335 0.22777777777777777
2 0.49270833333333336 0.20092592592592592 0.5177083333333333 0.20092592592592592 0.5177083333333333 0.2518518518518518 0.49270833333333336 0.2518518518518518
2 0.5880208333333333 0.22685185185185186 0.6088541666666667 0.22685185185185186 0.6088541666666667 0.2898148148148148 0.5880208333333333 0.2898148148148148
2 0.6125 0.20555555555555555 0.6270833333333333 0.20555555555555555 0.6270833333333333 0.27037037037037037 0.6125 0.27037037037037037
2 0.6015625 0.1814814814814815 0.6135416666666667 0.1814814814814815 0.6135416666666667 0.23333333333333334 0.6015625 0.23333333333333334
2 0.5838541666666667 0.16666666666666666 0.5942708333333333 0.16666666666666666 0.5942708333333333 0.2111111111111111 0.5838541666666667 0.2111111111111111
2 0.5630208333333333 0.17685185185185184 0.5755208333333334 0.17685185185185184 0.5755208333333334 0.2111111111111111 0.5630208333333333 0.2111111111111111
2 0.415625 0.14351851851851852 0.428125 0.14351851851851852 0.428125 0.18611111111111112 0.415625 0.18611111111111112
2 0.4296875 0.15648148148148147 0.4395833333333333 0.15648148148148147 0.4395833333333333 0.2074074074074074 0.4296875 0.2074074074074074