1 0.1453125 0.3277777777777778 0.2677083333333333 0.3277777777777778 0.2677083333333333 0.5064814814814815 0.1453125 0.5064814814814815
1 0.33177083333333335 0.17962962962962964 0.3890625 0.17962962962962964 0.3890625 0.24166666666666667 0.33177083333333335 0.24166666666666667
1 0.4791666666666667 0.09722222222222222 0.5010416666666667 0.09722222222222222 0.5010416666666667 0.12777777777777777 0.4791666666666667 0.12777777777777777
1 0.6552083333333333 0.13148148148148148 0.7078125 0.13148148148148148 0.7078125 0.17407407407407408 0.6552083333333333 0.17407407407407408
1 0.2557291666666667 0.7157407407407408 0.42552083333333335 0.7157407407407408 0.42552083333333335 1 0.2557291666666667 1
2 0.20572916666666666 0.4546296296296296 0.25625 0.4546296296296296 0.25625 0.6222222222222222 0.20572916666666666 0.6222222222222222
2 0.2328125 0.5472222222222223 0.28802083333333334 0.5472222222222223 0.28802083333333334 0.7601851851851852 0.2328125 0.7601851851851852
2 0.32760416666666664 0.31851851851851853 0.3515625 0.31851851851851853 0.3515625 0.4398148148148148 0.32760416666666664 0.4398148148148148
2 0.38697916666666665 0.37222222222222223 0.40729166666666666 0.37222222222222223 0.40729166666666666 0.4777777777777778 0.38697916666666665 0.4777777777777778
2 0.4197916666666667 0.2601851851851852 0.44166666666666665 0.2601851851851852 0.44166666666666665 0.38425925925925924 0.4197916666666667 0.38425925925925924
2 0.38385416666666666 0.2953703703703704 0.3963541666666667 0.2953703703703704 0.3963541666666667 0.38333333333333336 0.38385416666666666 0.38333333333333336
2 0.3671875 0.24537037037037038 0.3848958333333333 0.24537037037037038 0.3848958333333333 0.33055555555555555 0.3671875 0.33055555555555555
2 0.6666666666666666 0.3 0.6911458333333333 0.3 0.6911458333333333 0.4027777777777778 0.6666666666666666 0.4027777777777778
2 0.6588541666666666 0.21574074074074073 0.6723958333333333 0.21574074074074073 0.6723958333333333 0.2861111111111111 0.6588541666666666 0.2861111111111111
2 0.578125 0.17777777777777778 0.6057291666666667 0.17777777777777778 0.6057291666666667 0.2324074074074074 0.578125 0.2324074074074074
2 0.5520833333333334 0.16944444444444445 0.5760416666666667 0.16944444444444445 0.5760416666666667 0.22314814814814815 0.5520833333333334 0.22314814814814815
2 0.6291666666666667 0.175 0.6380208333333334 0.175 0.6380208333333334 0.22314814814814815 0.6291666666666667 0.22314814814814815
2 0.5776041666666667 0.1111111111111111 0.5911458333333334 0.1111111111111111 0.5911458333333334 0.14444444444444443 0.5776041666666667 0.14444444444444443
2 0.4109375 0.1962962962962963 0.4239583333333333 0.1962962962962963 0.4239583333333333 0.25555555555555554 0.4109375 0.25555555555555554
2 0.4317708333333333 0.20555555555555555 0.4453125 0.20555555555555555 0.4453125 0.27037037037037037 0.4317708333333333 0.27037037037037037
2 0.4395833333333333 0.1814814814814815 0.45364583333333336 0.1814814814814815 0.45364583333333336 0.23333333333333334 0.4395833333333333 0.23333333333333334
2 0.45989583333333334 0.1787037037037037 0.4713541666666667 0.1787037037037037 0.4713541666666667 0.23333333333333334 0.45989583333333334 0.23333333333333334
2 0.4791666666666667 0.18055555555555555 0.49114583333333334 0.18055555555555555 0.49114583333333334 0.24074074074074073 0.4791666666666667 0.24074074074074073
2 0.48489583333333336 0.14537037037037037 0.49635416666666665 0.14537037037037037 0.49635416666666665 0.18425925925925926 0.48489583333333336 0.18425925925925926
2 0.4046875 0.14907407407407408 0.41458333333333336 0.14907407407407408 0.41458333333333336 0.19166666666666668 0.4046875 0.19166666666666668
2 0.41510416666666666 0.1537037037037037 0.4265625 0.1537037037037037 0.4265625 0.19537037037037036 0.41510416666666666 0.19537037037037036
2 0.4234375 0.16018518518518518 0.434375 0.16018518518518518 0.434375 0.2111111111111111 0.4234375 0.2111111111111111
2 0.4390625 0.13518518518518519 0.44583333333333336 0.13518518518518519 0.44583333333333336 0.1675925925925926 0.4390625 0.1675925925925926
2 0.44895833333333335 0.14351851851851852 0.459375 0.14351851851851852 0.459375 0.18518518518518517 0.44895833333333335 0.18518518518518517
2 0.45989583333333334 0.1287037037037037 0.46458333333333335 0.1287037037037037 0.46458333333333335 0.15555555555555556 0.45989583333333334 0.15555555555555556
2 0.475 0.125 0.48385416666666664 0.125 0.48385416666666664 0.16018518518518518 0.475 0.16018518518518518
2 0.44635416666666666 0.12037037037037036 0.45416666666666666 0.12037037037037036 0.45416666666666666 0.14444444444444443 0.44635416666666666 0.14444444444444443
1 0.5463541666666667 0.11388888888888889 0.5734375 0.11388888888888889 0.5734375 0.1638888888888889 0.5463541666666667 0.1638888888888889