1 0.396875 0.9083333333333333 0.49635416666666665 0.9083333333333333 0.49635416666666665 1 0.396875 1
1 0.37552083333333336 0.5453703703703704 0.4359375 0.5453703703703704 0.4359375 0.6601851851851852 0.37552083333333336 0.6601851851851852
1 0.31875 0.6962962962962963 0.3536458333333333 0.6962962962962963 0.3536458333333333 0.8175925925925925 0.31875 0.8175925925925925
2 0.6119791666666666 0.7962962962962963 0.7484375 0.7962962962962963 0.7484375 0.9027777777777778 0.6119791666666666 0.9027777777777778
2 0.440625 0.7842592592592592 0.49114583333333334 0.7842592592592592 0.49114583333333334 0.8407407407407408 0.440625 0.8407407407407408
2 0.41458333333333336 0.6675925925925926 0.4739583333333333 0.6675925925925926 0.4739583333333333 0.7305555555555555 0.41458333333333336 0.7305555555555555
2 0.3578125 0.6518518518518519 0.3932291666666667 0.6518518518518519 0.3932291666666667 0.6898148148148148 0.3578125 0.6898148148148148
2 0.40260416666666665 0.7592592592592593 0.45 0.7592592592592593 0.45 0.812962962962963 0.40260416666666665 0.812962962962963
2 0.3171875 0.4666666666666667 0.3515625 0.4666666666666667 0.3515625 0.5046296296296297 0.3171875 0.5046296296296297
2 0.4817708333333333 0.725925925925926 0.55625 0.725925925925926 0.55625 0.8101851851851852 0.4817708333333333 0.8101851851851852
2 0.3182291666666667 0.26481481481481484 0.35260416666666666 0.26481481481481484 0.35260416666666666 0.30277777777777776 0.3182291666666667 0.30277777777777776
2 0.4552083333333333 0.9111111111111111 0.5203125 0.9111111111111111 0.5203125 0.9824074074074074 0.4552083333333333 0.9824074074074074
2 0.3458333333333333 0.16296296296296298 0.3859375 0.16296296296296298 0.3859375 0.20277777777777778 0.3458333333333333 0.20277777777777778
2 0.3453125 0.23425925925925925 0.38385416666666666 0.23425925925925925 0.38385416666666666 0.27685185185185185 0.3453125 0.27685185185185185
2 0.31354166666666666 0.55 0.34270833333333334 0.55 0.34270833333333334 0.5824074074074074 0.31354166666666666 0.5824074074074074
2 0.3229166666666667 0.600925925925926 0.35052083333333334 0.600925925925926 0.35052083333333334 0.6296296296296297 0.3229166666666667 0.6296296296296297
2 0.30364583333333334 0.5166666666666667 0.3302083333333333 0.5166666666666667 0.3302083333333333 0.5435185185185185 0.30364583333333334 0.5435185185185185
2 0.3333333333333333 0.5703703703703704 0.3765625 0.5703703703703704 0.3765625 0.6101851851851852 0.3333333333333333 0.6101851851851852