1 0.14895833333333333 0.32407407407407407 0.27291666666666664 0.32407407407407407 0.27291666666666664 0.5 0.14895833333333333 0.5
1 0.32395833333333335 0.17592592592592593 0.3927083333333333 0.17592592592592593 0.3927083333333333 0.2388888888888889 0.32395833333333335 0.2388888888888889
1 0.4317708333333333 0.2324074074074074 0.48385416666666664 0.2324074074074074 0.48385416666666664 0.3175925925925926 0.4317708333333333 0.3175925925925926
2 0 0.625 0.06354166666666666 0.625 0.06354166666666666 0.8287037037037037 0 0.8287037037037037
2 0.8854166666666666 0.5509259259259259 0.9604166666666667 0.5509259259259259 0.9604166666666667 0.7305555555555555 0.8854166666666666 0.7305555555555555
2 0.1109375 0.7268518518518519 0.18854166666666666 0.7268518518518519 0.18854166666666666 0.9722222222222222 0.1109375 0.9722222222222222
2 0.21354166666666666 0.5083333333333333 0.2677083333333333 0.5083333333333333 0.2677083333333333 0.6666666666666666 0.21354166666666666 0.6666666666666666
2 0.28541666666666665 0.675 0.3651041666666667 0.675 0.3651041666666667 0.8907407407407407 0.28541666666666665 0.8907407407407407
2 0.6630208333333333 0.3111111111111111 0.69375 0.3111111111111111 0.69375 0.3972222222222222 0.6630208333333333 0.3972222222222222
2 0.7171875 0.3277777777777778 0.7484375 0.3277777777777778 0.7484375 0.43148148148148147 0.7171875 0.43148148148148147
2 0.3453125 0.31666666666666665 0.37447916666666664 0.31666666666666665 0.37447916666666664 0.4083333333333333 0.3453125 0.4083333333333333
2 0.36354166666666665 0.2657407407407407 0.3890625 0.2657407407407407 0.3890625 0.33425925925925926 0.36354166666666665 0.33425925925925926
2 0.278125 0.38055555555555554 0.32083333333333336 0.38055555555555554 0.32083333333333336 0.5055555555555555 0.278125 0.5055555555555555
2 0.6203125 0.21388888888888888 0.6432291666666666 0.21388888888888888 0.6432291666666666 0.28703703703703703 0.6203125 0.28703703703703703
2 0.4234375 0.2037037037037037 0.4421875 0.2037037037037037 0.4421875 0.25 0.4234375 0.25
2 0.6520833333333333 0.21851851851851853 0.6817708333333333 0.21851851851851853 0.6817708333333333 0.2972222222222222 0.6520833333333333 0.2972222222222222
2 0.4786458333333333 0.13425925925925927 0.49114583333333334 0.13425925925925927 0.49114583333333334 0.17314814814814813 0.4786458333333333 0.17314814814814813
2 0.37552083333333336 0.425 0.4192708333333333 0.425 0.4192708333333333 0.5685185185185185 0.37552083333333336 0.5685185185185185
2 0.4046875 0.2611111111111111 0.428125 0.2611111111111111 0.428125 0.3416666666666667 0.4046875 0.3416666666666667
2 0.3859375 0.33425925925925926 0.41458333333333336 0.33425925925925926 0.41458333333333336 0.4111111111111111 0.3859375 0.4111111111111111
2 0.459375 0.15092592592592594 0.4744791666666667 0.15092592592592594 0.4744791666666667 0.1925925925925926 0.459375 0.1925925925925926
2 0.5755208333333334 0.12129629629629629 0.5911458333333334 0.12129629629629629 0.5911458333333334 0.15648148148148147 0.5755208333333334 0.15648148148148147
2 0.45364583333333336 0.18888888888888888 0.46979166666666666 0.18888888888888888 0.46979166666666666 0.22685185185185186 0.45364583333333336 0.22685185185185186
2 0.4166666666666667 0.14814814814814814 0.4317708333333333 0.14814814814814814 0.4317708333333333 0.18518518518518517 0.4166666666666667 0.18518518518518517
2 0.6078125 0.13148148148148148 0.6239583333333333 0.13148148148148148 0.6239583333333333 0.17037037037037037 0.6078125 0.17037037037037037
2 0.496875 0.17592592592592593 0.5145833333333333 0.17592592592592593 0.5145833333333333 0.225 0.496875 0.225
2 0.29010416666666666 0.3351851851851852 0.32135416666666666 0.3351851851851852 0.32135416666666666 0.4111111111111111 0.29010416666666666 0.4111111111111111