1 0.3875 0.33055555555555555 0.46875 0.33055555555555555 0.46875 0.46111111111111114 0.3875 0.46111111111111114
1 0.1484375 0.3175925925925926 0.271875 0.3175925925925926 0.271875 0.4935185185185185 0.1484375 0.4935185185185185
2 0.0203125 0.7574074074074074 0.0984375 0.7574074074074074 0.0984375 0.9962962962962963 0.0203125 0.9962962962962963
1 0.3203125 0.17685185185185184 0.38697916666666665 0.17685185185185184 0.38697916666666665 0.23981481481481481 0.3203125 0.23981481481481481
2 0.1671875 0.49537037037037035 0.221875 0.49537037037037035 0.221875 0.6333333333333333 0.1671875 0.6333333333333333
2 0.27760416666666665 0.40370370370370373 0.3177083333333333 0.40370370370370373 0.3177083333333333 0.49722222222222223 0.27760416666666665 0.49722222222222223
2 0.7515625 0.5666666666666667 0.8125 0.5666666666666667 0.8125 0.7296296296296296 0.7515625 0.7296296296296296
2 0.7161458333333334 0.32037037037037036 0.75625 0.32037037037037036 0.75625 0.4101851851851852 0.7161458333333334 0.4101851851851852
2 0.2682291666666667 0.48055555555555557 0.3109375 0.48055555555555557 0.3109375 0.6203703703703703 0.2682291666666667 0.6203703703703703
2 0.23072916666666668 0.6462962962962963 0.29583333333333334 0.6462962962962963 0.29583333333333334 0.8425925925925926 0.23072916666666668 0.8425925925925926
2 0.334375 0.4787037037037037 0.37864583333333335 0.4787037037037037 0.37864583333333335 0.6185185185185185 0.334375 0.6185185185185185
2 0.6447916666666667 0.18796296296296297 0.6635416666666667 0.18796296296296297 0.6635416666666667 0.2462962962962963 0.6447916666666667 0.2462962962962963
2 0.42083333333333334 0.2518518518518518 0.44583333333333336 0.2518518518518518 0.44583333333333336 0.3194444444444444 0.42083333333333334 0.3194444444444444
2 0.36875 0.2824074074074074 0.39739583333333334 0.2824074074074074 0.39739583333333334 0.362962962962963 0.36875 0.362962962962963
2 0.6067708333333334 0.18888888888888888 0.6265625 0.18888888888888888 0.6265625 0.24444444444444444 0.6067708333333334 0.24444444444444444
2 0.38645833333333335 0.2611111111111111 0.4083333333333333 0.2611111111111111 0.4083333333333333 0.3074074074074074 0.38645833333333335 0.3074074074074074
2 0.6666666666666666 0.4398148148148148 0.7072916666666667 0.4398148148148148 0.7072916666666667 0.562037037037037 0.6666666666666666 0.562037037037037
2 0.4473958333333333 0.18981481481481483 0.46770833333333334 0.18981481481481483 0.46770833333333334 0.25092592592592594 0.4473958333333333 0.25092592592592594
2 0.49166666666666664 0.1287037037037037 0.5088541666666667 0.1287037037037037 0.5088541666666667 0.17037037037037037 0.49166666666666664 0.17037037037037037
2 0.4708333333333333 0.1685185185185185 0.4875 0.1685185185185185 0.4875 0.225 0.4708333333333333 0.225
2 0.478125 0.11666666666666667 0.49166666666666664 0.11666666666666667 0.49166666666666664 0.14814814814814814 0.478125 0.14814814814814814