1 0.14479166666666668 0.31296296296296294 0.2703125 0.31296296296296294 0.2703125 0.487962962962963 0.14479166666666668 0.487962962962963
1 0.3234375 0.17314814814814813 0.390625 0.17314814814814813 0.390625 0.2351851851851852 0.3234375 0.2351851851851852
2 0.8192708333333333 0.7398148148148148 0.90625 0.7398148148148148 0.90625 0.9925925925925926 0.8192708333333333 0.9925925925925926
2 0.7010416666666667 0.4083333333333333 0.7395833333333334 0.4083333333333333 0.7395833333333334 0.5212962962962963 0.7010416666666667 0.5212962962962963
2 0.2125 0.55 0.2671875 0.55 0.2671875 0.7064814814814815 0.2125 0.7064814814814815
2 0.8171875 0.537962962962963 0.8739583333333333 0.537962962962963 0.8739583333333333 0.6833333333333333 0.8171875 0.6833333333333333
2 0.3338541666666667 0.3851851851851852 0.3734375 0.3851851851851852 0.3734375 0.5111111111111111 0.3338541666666667 0.5111111111111111
2 0.5854166666666667 0.2462962962962963 0.6125 0.2462962962962963 0.6125 0.32592592592592595 0.5854166666666667 0.32592592592592595
2 0.603125 0.17407407407407408 0.6270833333333333 0.17407407407407408 0.6270833333333333 0.22314814814814815 0.603125 0.22314814814814815
2 0.40572916666666664 0.3148148148148148 0.4401041666666667 0.3148148148148148 0.4401041666666667 0.42407407407407405 0.40572916666666664 0.42407407407407405
2 0.6265625 0.3509259259259259 0.6609375 0.3509259259259259 0.6609375 0.45185185185185184 0.6265625 0.45185185185185184
2 0.5020833333333333 0.16203703703703703 0.5307291666666667 0.16203703703703703 0.5307291666666667 0.22592592592592592 0.5020833333333333 0.22592592592592592
2 0.5875 0.13703703703703704 0.6010416666666667 0.13703703703703704 0.6010416666666667 0.17407407407407408 0.5875 0.17407407407407408
2 0.6354166666666666 0.26851851851851855 0.6583333333333333 0.26851851851851855 0.6583333333333333 0.3435185185185185 0.6354166666666666 0.3435185185185185
2 0.5546875 0.18981481481481483 0.5833333333333334 0.18981481481481483 0.5833333333333334 0.25925925925925924 0.5546875 0.25925925925925924
2 0.6463541666666667 0.18425925925925926 0.6677083333333333 0.18425925925925926 0.6677083333333333 0.2462962962962963 0.6463541666666667 0.2462962962962963
2 0.38333333333333336 0.2851851851851852 0.4083333333333333 0.2851851851851852 0.4083333333333333 0.3611111111111111 0.38333333333333336 0.3611111111111111
2 0.43802083333333336 0.18425925925925926 0.45260416666666664 0.18425925925925926 0.45260416666666664 0.2462962962962963 0.43802083333333336 0.2462962962962963
2 0.46510416666666665 0.1638888888888889 0.4791666666666667 0.1638888888888889 0.4791666666666667 0.2212962962962963 0.46510416666666665 0.2212962962962963
2 0.4197916666666667 0.14814814814814814 0.4354166666666667 0.14814814814814814 0.4354166666666667 0.2101851851851852 0.4197916666666667 0.2101851851851852