1 0.40729166666666666 0.9268518518518518 0.509375 0.9268518518518518 0.509375 1 0.40729166666666666 1
1 0.35833333333333334 0.5314814814814814 0.41041666666666665 0.5314814814814814 0.41041666666666665 0.6296296296296297 0.35833333333333334 0.6296296296296297
1 0.32135416666666666 0.32407407407407407 0.365625 0.32407407407407407 0.365625 0.4101851851851852 0.32135416666666666 0.4101851851851852
1 0.325 0.7083333333333334 0.3625 0.7083333333333334 0.3625 0.8055555555555556 0.325 0.8055555555555556
1 0.28958333333333336 0.4027777777777778 0.31197916666666664 0.4027777777777778 0.31197916666666664 0.45 0.28958333333333336 0.45
2 0.6072916666666667 0.9046296296296297 0.7489583333333333 0.9046296296296297 0.7489583333333333 1 0.6072916666666667 1
2 0.49583333333333335 0.9601851851851851 0.584375 0.9601851851851851 0.584375 1 0.49583333333333335 1
2 0.4671875 0.9361111111111111 0.51875 0.9361111111111111 0.51875 0.9990740740740741 0.4671875 0.9990740740740741
2 0.5057291666666667 0.8527777777777777 0.6229166666666667 0.8527777777777777 0.6229166666666667 0.9305555555555556 0.5057291666666667 0.9305555555555556
2 0.44947916666666665 0.7787037037037037 0.5234375 0.7787037037037037 0.5234375 0.8296296296296296 0.44947916666666665 0.8296296296296296
2 0.45260416666666664 0.6972222222222222 0.5390625 0.6972222222222222 0.5390625 0.7481481481481481 0.45260416666666664 0.7481481481481481
2 0.3854166666666667 0.7425925925925926 0.4348958333333333 0.7425925925925926 0.4348958333333333 0.775 0.3854166666666667 0.775
2 0.35 0.7101851851851851 0.3958333333333333 0.7101851851851851 0.3958333333333333 0.7444444444444445 0.35 0.7444444444444445
2 0.38177083333333334 0.6611111111111111 0.43125 0.6611111111111111 0.43125 0.6925925925925925 0.38177083333333334 0.6925925925925925
2 0.3140625 0.6546296296296297 0.3515625 0.6546296296296297 0.3515625 0.6833333333333333 0.3140625 0.6833333333333333
2 0.28125 0.6564814814814814 0.30885416666666665 0.6564814814814814 0.30885416666666665 0.6694444444444444 0.28125 0.6694444444444444
2 0.33177083333333335 0.6296296296296297 0.37447916666666664 0.6296296296296297 0.37447916666666664 0.6583333333333333 0.33177083333333335 0.6583333333333333
2 0.2984375 0.6287037037037037 0.32708333333333334 0.6287037037037037 0.32708333333333334 0.6472222222222223 0.2984375 0.6472222222222223
2 0.31302083333333336 0.6083333333333333 0.34479166666666666 0.6083333333333333 0.34479166666666666 0.6231481481481481 0.31302083333333336 0.6231481481481481
2 0.3067708333333333 0.5768518518518518 0.33541666666666664 0.5768518518518518 0.33541666666666664 0.5990740740740741 0.3067708333333333 0.5990740740740741
2 0.3109375 0.5462962962962963 0.34479166666666666 0.5462962962962963 0.34479166666666666 0.5666666666666667 0.3109375 0.5666666666666667
2 0.29583333333333334 0.5888888888888889 0.31354166666666666 0.5888888888888889 0.31354166666666666 0.6018518518518519 0.29583333333333334 0.6018518518518519
2 0.2890625 0.5722222222222222 0.3125 0.5722222222222222 0.3125 0.5842592592592593 0.2890625 0.5842592592592593
2 0.2864583333333333 0.5527777777777778 0.3067708333333333 0.5527777777777778 0.3067708333333333 0.5657407407407408 0.2864583333333333 0.5657407407407408
2 0.3234375 0.4425925925925926 0.3567708333333333 0.4425925925925926 0.3567708333333333 0.48148148148148145 0.3234375 0.48148148148148145
2 0.43802083333333336 0.002777777777777778 0.5109375 0.002777777777777778 0.5109375 0.0787037037037037 0.43802083333333336 0.0787037037037037
2 0.34427083333333336 0.23703703703703705 0.3848958333333333 0.23703703703703705 0.3848958333333333 0.2777777777777778 0.34427083333333336 0.2777777777777778
2 0.2911458333333333 0.3712962962962963 0.3140625 0.3712962962962963 0.3140625 0.38981481481481484 0.2911458333333333 0.38981481481481484
2 0.2916666666666667 0.337037037037037 0.31666666666666665 0.337037037037037 0.31666666666666665 0.35185185185185186 0.2916666666666667 0.35185185185185186