1 0.14479166666666668 0.32037037037037036 0.2703125 0.32037037037037036 0.2703125 0.49537037037037035 0.14479166666666668 0.49537037037037035
1 0.32135416666666666 0.17407407407407408 0.39114583333333336 0.17407407407407408 0.39114583333333336 0.2361111111111111 0.32135416666666666 0.2361111111111111
2 0.04479166666666667 0.775 0.1328125 0.775 0.1328125 0.9972222222222222 0.04479166666666667 0.9972222222222222
2 0.20989583333333334 0.6342592592592593 0.28125 0.6342592592592593 0.28125 0.862037037037037 0.20989583333333334 0.862037037037037
2 0.7572916666666667 0.5425925925925926 0.803125 0.5425925925925926 0.803125 0.700925925925926 0.7572916666666667 0.700925925925926
2 0.6479166666666667 0.45185185185185184 0.69375 0.45185185185185184 0.69375 0.5842592592592593 0.6479166666666667 0.5842592592592593
2 0.8979166666666667 0.6796296296296296 0.9682291666666667 0.6796296296296296 0.9682291666666667 0.8805555555555555 0.8979166666666667 0.8805555555555555
2 0.29270833333333335 0.4398148148148148 0.33645833333333336 0.4398148148148148 0.33645833333333336 0.562037037037037 0.29270833333333335 0.562037037037037
2 0.6505208333333333 0.3138888888888889 0.6760416666666667 0.3138888888888889 0.6760416666666667 0.40555555555555556 0.6505208333333333 0.40555555555555556
2 0.5916666666666667 0.30277777777777776 0.6244791666666667 0.30277777777777776 0.6244791666666667 0.39444444444444443 0.5916666666666667 0.39444444444444443
2 0.4203125 0.2611111111111111 0.4515625 0.2611111111111111 0.4515625 0.3490740740740741 0.4203125 0.3490740740740741
2 0.6234375 0.19907407407407407 0.6567708333333333 0.19907407407407407 0.6567708333333333 0.2564814814814815 0.6234375 0.2564814814814815
2 0.39010416666666664 0.24259259259259258 0.41458333333333336 0.24259259259259258 0.41458333333333336 0.30462962962962964 0.39010416666666664 0.30462962962962964
2 0.36875 0.3111111111111111 0.40260416666666665 0.3111111111111111 0.40260416666666665 0.41759259259259257 0.36875 0.41759259259259257
2 0.4979166666666667 0.16018518518518518 0.5291666666666667 0.16018518518518518 0.5291666666666667 0.22592592592592592 0.4979166666666667 0.22592592592592592
2 0.5578125 0.2222222222222222 0.58125 0.2222222222222222 0.58125 0.2916666666666667 0.5578125 0.2916666666666667
2 0.553125 0.125 0.5692708333333333 0.125 0.5692708333333333 0.1638888888888889 0.553125 0.1638888888888889
2 0.5796875 0.2037037037037037 0.6005208333333333 0.2037037037037037 0.6005208333333333 0.26481481481481484 0.5796875 0.26481481481481484