1 0.5057291666666667 0 0.6041666666666666 0 0.6041666666666666 0.09166666666666666 0.5057291666666667 0.09166666666666666
1 0.6484375 0.1814814814814815 0.6838541666666667 0.1814814814814815 0.6838541666666667 0.30648148148148147 0.6484375 0.30648148148148147
2 0.26614583333333336 0 0.403125 0 0.403125 0.09444444444444444 0.26614583333333336 0.09444444444444444
2 0.4119791666666667 0.9333333333333333 0.4953125 0.9333333333333333 0.4953125 1 0.4119791666666667 1
2 0.471875 0.7527777777777778 0.5453125 0.7527777777777778 0.5453125 0.8314814814814815 0.471875 0.8314814814814815
2 0.6390625 0.725925925925926 0.6713541666666667 0.725925925925926 0.6713541666666667 0.7861111111111111 0.6390625 0.7861111111111111
2 0.5677083333333334 0.6592592592592592 0.61875 0.6592592592592592 0.61875 0.7157407407407408 0.5677083333333334 0.7157407407407408
2 0.603125 0.30092592592592593 0.6421875 0.30092592592592593 0.6421875 0.34814814814814815 0.603125 0.34814814814814815
2 0.45416666666666666 0.10925925925925926 0.5255208333333333 0.10925925925925926 0.5255208333333333 0.18611111111111112 0.45416666666666666 0.18611111111111112
2 0.5791666666666667 0.35648148148148145 0.63125 0.35648148148148145 0.63125 0.41388888888888886 0.5791666666666667 0.41388888888888886
2 0.5401041666666667 0.25555555555555554 0.6005208333333333 0.25555555555555554 0.6005208333333333 0.31851851851851853 0.5401041666666667 0.31851851851851853
2 0.5609375 0.7601851851851852 0.6135416666666667 0.7601851851851852 0.6135416666666667 0.8074074074074075 0.5609375 0.8074074074074075
2 0.6885416666666667 0.5907407407407408 0.7104166666666667 0.5907407407407408 0.7104166666666667 0.6185185185185185 0.6885416666666667 0.6185185185185185
2 0.6583333333333333 0.6537037037037037 0.6901041666666666 0.6537037037037037 0.6901041666666666 0.700925925925926 0.6583333333333333 0.700925925925926
2 0.653125 0.5 0.6921875 0.5 0.6921875 0.5564814814814815 0.653125 0.5564814814814815
2 0.621875 0.6046296296296296 0.6645833333333333 0.6046296296296296 0.6645833333333333 0.6518518518518519 0.621875 0.6518518518518519