1 0.5 0 0.5989583333333334 0 0.5989583333333334 0.09537037037037037 0.5 0.09537037037037037
1 0.5989583333333334 0.37407407407407406 0.6479166666666667 0.37407407407407406 0.6479166666666667 0.46944444444444444 0.5989583333333334 0.46944444444444444
1 0.6473958333333333 0.18703703703703703 0.6822916666666666 0.18703703703703703 0.6822916666666666 0.3055555555555556 0.6473958333333333 0.3055555555555556
2 0.5536458333333333 0.8666666666666667 0.6057291666666667 0.8666666666666667 0.6057291666666667 0.9277777777777778 0.5536458333333333 0.9277777777777778
2 0.25052083333333336 0.10185185185185185 0.3765625 0.10185185185185185 0.3765625 0.22777777777777777 0.25052083333333336 0.22777777777777777
2 0.390625 0 0.4817708333333333 0 0.4817708333333333 0.06759259259259259 0.390625 0.06759259259259259
2 0.56875 0.7824074074074074 0.615625 0.7824074074074074 0.615625 0.8361111111111111 0.56875 0.8361111111111111
2 0.4890625 0.08703703703703704 0.559375 0.08703703703703704 0.559375 0.16111111111111112 0.4890625 0.16111111111111112
2 0.453125 0.25555555555555554 0.5307291666666667 0.25555555555555554 0.5307291666666667 0.3416666666666667 0.453125 0.3416666666666667
2 0.5838541666666667 0.32314814814814813 0.63125 0.32314814814814813 0.63125 0.3712962962962963 0.5838541666666667 0.3712962962962963
2 0.6197916666666666 0.7638888888888888 0.6619791666666667 0.7638888888888888 0.6619791666666667 0.8138888888888889 0.6197916666666666 0.8138888888888889
2 0.6229166666666667 0.712037037037037 0.6635416666666667 0.712037037037037 0.6635416666666667 0.7537037037037037 0.6229166666666667 0.7537037037037037
2 0.5432291666666667 0.21851851851851853 0.5973958333333333 0.21851851851851853 0.5973958333333333 0.26944444444444443 0.5432291666666667 0.26944444444444443
2 0.6536458333333334 0.49444444444444446 0.6828125 0.49444444444444446 0.6828125 0.5268518518518519 0.6536458333333334 0.5268518518518519
2 0.6369791666666667 0.3592592592592593 0.6640625 0.3592592592592593 0.6640625 0.39444444444444443 0.6369791666666667 0.39444444444444443
2 0.6520833333333333 0.41574074074074074 0.675 0.41574074074074074 0.675 0.44537037037037036 0.6520833333333333 0.44537037037037036
2 0.6713541666666667 0.42777777777777776 0.6947916666666667 0.42777777777777776 0.6947916666666667 0.45555555555555555 0.6713541666666667 0.45555555555555555
2 0.6770833333333334 0.35185185185185186 0.6979166666666666 0.35185185185185186 0.6979166666666666 0.37777777777777777 0.6770833333333334 0.37777777777777777
2 0.6864583333333333 0.6898148148148148 0.7088541666666667 0.6898148148148148 0.7088541666666667 0.7185185185185186 0.6864583333333333 0.7185185185185186
2 0.5880208333333333 0.25277777777777777 0.6270833333333333 0.25277777777777777 0.6270833333333333 0.3 0.5880208333333333 0.3
2 0.6520833333333333 0.3194444444444444 0.6807291666666667 0.3194444444444444 0.6807291666666667 0.35462962962962963 0.6520833333333333 0.35462962962962963
2 0.6802083333333333 0.4601851851851852 0.7036458333333333 0.4601851851851852 0.7036458333333333 0.4842592592592593 0.6802083333333333 0.4842592592592593
2 0.6583333333333333 0.3675925925925926 0.68125 0.3675925925925926 0.68125 0.3972222222222222 0.6583333333333333 0.3972222222222222
2 0.6963541666666667 0.6324074074074074 0.7161458333333334 0.6324074074074074 0.7161458333333334 0.6620370370370371 0.6963541666666667 0.6620370370370371
2 0.671875 0.387037037037037 0.6958333333333333 0.387037037037037 0.6958333333333333 0.4148148148148148 0.671875 0.4148148148148148
2 0.5385416666666667 0.28888888888888886 0.5869791666666667 0.28888888888888886 0.5869791666666667 0.3425925925925926 0.5385416666666667 0.3425925925925926