1 0.14375 0.31574074074074077 0.2713541666666667 0.31574074074074077 0.2713541666666667 0.4861111111111111 0.14375 0.4861111111111111
1 0.3171875 0.17962962962962964 0.38385416666666666 0.17962962962962964 0.38385416666666666 0.2388888888888889 0.3171875 0.2388888888888889
2 0.4197916666666667 0.2638888888888889 0.44479166666666664 0.2638888888888889 0.44479166666666664 0.33611111111111114 0.4197916666666667 0.33611111111111114
2 0.6796875 0.29074074074074074 0.7104166666666667 0.29074074074074074 0.7104166666666667 0.37407407407407406 0.6796875 0.37407407407407406
2 0.4239583333333333 0.20555555555555555 0.446875 0.20555555555555555 0.446875 0.2638888888888889 0.4239583333333333 0.2638888888888889
2 0.7848958333333333 0.44907407407407407 0.8354166666666667 0.44907407407407407 0.8354166666666667 0.5925925925925926 0.7848958333333333 0.5925925925925926
2 0.384375 0.2361111111111111 0.40989583333333335 0.2361111111111111 0.40989583333333335 0.30833333333333335 0.384375 0.30833333333333335
2 0.18072916666666666 0.7583333333333333 0.26510416666666664 0.7583333333333333 0.26510416666666664 0.9768518518518519 0.18072916666666666 0.9768518518518519
2 0.6385416666666667 0.22777777777777777 0.6619791666666667 0.22777777777777777 0.6619791666666667 0.287962962962963 0.6385416666666667 0.287962962962963
2 0.4479166666666667 0.2037037037037037 0.4713541666666667 0.2037037037037037 0.4713541666666667 0.26851851851851855 0.4479166666666667 0.26851851851851855
2 0.5541666666666667 0.1361111111111111 0.5744791666666667 0.1361111111111111 0.5744791666666667 0.18055555555555555 0.5541666666666667 0.18055555555555555
2 0.6421875 0.29259259259259257 0.6692708333333334 0.29259259259259257 0.6692708333333334 0.3787037037037037 0.6421875 0.3787037037037037
2 0.5854166666666667 0.18518518518518517 0.6036458333333333 0.18518518518518517 0.6036458333333333 0.23333333333333334 0.5854166666666667 0.23333333333333334
2 0.4828125 0.14629629629629629 0.4984375 0.14629629629629629 0.4984375 0.18796296296296297 0.4828125 0.18796296296296297
2 0.4317708333333333 0.14074074074074075 0.44635416666666666 0.14074074074074075 0.44635416666666666 0.17962962962962964 0.4317708333333333 0.17962962962962964
2 0.43854166666666666 0.3638888888888889 0.4734375 0.3638888888888889 0.4734375 0.5046296296296297 0.43854166666666666 0.5046296296296297
2 0.3770833333333333 0.37037037037037035 0.4171875 0.37037037037037035 0.4171875 0.5074074074074074 0.3770833333333333 0.5074074074074074
2 0.5942708333333333 0.15555555555555556 0.6145833333333334 0.15555555555555556 0.6145833333333334 0.20277777777777778 0.5942708333333333 0.20277777777777778