1 0.13854166666666667 0.30648148148148147 0.26666666666666666 0.30648148148148147 0.26666666666666666 0.487962962962963 0.13854166666666667 0.487962962962963
1 0.6302083333333334 0.28425925925925927 0.7140625 0.28425925925925927 0.7140625 0.40555555555555556 0.6302083333333334 0.40555555555555556
2 0.9 0.7944444444444444 0.9911458333333333 0.7944444444444444 0.9911458333333333 0.9962962962962963 0.9 0.9962962962962963
2 0.6895833333333333 0.45185185185185184 0.7338541666666667 0.45185185185185184 0.7338541666666667 0.5796296296296296 0.6895833333333333 0.5796296296296296
2 0.8848958333333333 0.5453703703703704 0.9427083333333334 0.5453703703703704 0.9427083333333334 0.7111111111111111 0.8848958333333333 0.7111111111111111
2 0.5463541666666667 0.12222222222222222 0.5619791666666667 0.12222222222222222 0.5619791666666667 0.16296296296296298 0.5463541666666667 0.16296296296296298
0 0.29791666666666666 0.18518518518518517 0.41302083333333334 0.18518518518518517 0.41302083333333334 0.39444444444444443 0.29791666666666666 0.39444444444444443
2 0.7791666666666667 0.45092592592592595 0.821875 0.45092592592592595 0.821875 0.5842592592592593 0.7791666666666667 0.5842592592592593
2 0.059895833333333336 0.6444444444444445 0.13020833333333334 0.6444444444444445 0.13020833333333334 0.8638888888888889 0.059895833333333336 0.8638888888888889
1 0.5291666666666667 0.08796296296296297 0.5557291666666667 0.08796296296296297 0.5557291666666667 0.12314814814814815 0.5291666666666667 0.12314814814814815
2 0.33645833333333336 0.38425925925925924 0.375 0.38425925925925924 0.375 0.5009259259259259 0.33645833333333336 0.5009259259259259
2 0.4197916666666667 0.3527777777777778 0.4578125 0.3527777777777778 0.4578125 0.4685185185185185 0.4197916666666667 0.4685185185185185
2 0.3109375 0.5222222222222223 0.35625 0.5222222222222223 0.35625 0.6842592592592592 0.3109375 0.6842592592592592
2 0.4427083333333333 0.2537037037037037 0.47291666666666665 0.2537037037037037 0.47291666666666665 0.33611111111111114 0.4427083333333333 0.33611111111111114
2 0.00625 0.5388888888888889 0.07916666666666666 0.5388888888888889 0.07916666666666666 0.6546296296296297 0.00625 0.6546296296296297
2 0.5869791666666667 0.32222222222222224 0.6223958333333334 0.32222222222222224 0.6223958333333334 0.43425925925925923 0.5869791666666667 0.43425925925925923
1 0.4546875 0.13425925925925927 0.4942708333333333 0.13425925925925927 0.4942708333333333 0.19166666666666668 0.4546875 0.19166666666666668
2 0.7390625 0.3398148148148148 0.7708333333333334 0.3398148148148148 0.7708333333333334 0.44166666666666665 0.7390625 0.44166666666666665
2 0.6067708333333334 0.2 0.628125 0.2 0.628125 0.26296296296296295 0.6067708333333334 0.26296296296296295
2 0.0046875 0.9018518518518519 0.09947916666666666 0.9018518518518519 0.09947916666666666 1 0.0046875 1
1 0.5609375 0.10740740740740741 0.5947916666666667 0.10740740740740741 0.5947916666666667 0.14907407407407408 0.5609375 0.14907407407407408