1 0.596875 0.11203703703703703 0.6380208333333334 0.11203703703703703 0.6380208333333334 0.15 0.596875 0.15
1 0.33125 0.17592592592592593 0.38645833333333335 0.17592592592592593 0.38645833333333335 0.2388888888888889 0.33125 0.2388888888888889
1 0.4630208333333333 0.14444444444444443 0.4947916666666667 0.14444444444444443 0.4947916666666667 0.1962962962962963 0.4630208333333333 0.1962962962962963
2 0.12604166666666666 0.7037037037037037 0.20208333333333334 0.7037037037037037 0.20208333333333334 0.9879629629629629 0.12604166666666666 0.9879629629629629
2 0.2875 0.7685185185185185 0.35208333333333336 0.7685185185185185 0.35208333333333336 1 0.2875 1
2 0.7098958333333333 0.49907407407407406 0.7640625 0.49907407407407406 0.7640625 0.649074074074074 0.7098958333333333 0.649074074074074
2 0.34739583333333335 0.5111111111111111 0.38697916666666665 0.5111111111111111 0.38697916666666665 0.6898148148148148 0.34739583333333335 0.6898148148148148
2 0.2916666666666667 0.4935185185185185 0.33177083333333335 0.4935185185185185 0.33177083333333335 0.6759259259259259 0.2916666666666667 0.6759259259259259
2 0.25364583333333335 0.44814814814814813 0.28854166666666664 0.44814814814814813 0.28854166666666664 0.5962962962962963 0.25364583333333335 0.5962962962962963
2 0.28854166666666664 0.3675925925925926 0.3203125 0.3675925925925926 0.3203125 0.4666666666666667 0.28854166666666664 0.4666666666666667
2 0.31666666666666665 0.29444444444444445 0.3390625 0.29444444444444445 0.3390625 0.38981481481481484 0.31666666666666665 0.38981481481481484
2 0.36822916666666666 0.34444444444444444 0.3885416666666667 0.34444444444444444 0.3885416666666667 0.475 0.36822916666666666 0.475
2 0.42604166666666665 0.38333333333333336 0.4505208333333333 0.38333333333333336 0.4505208333333333 0.5055555555555555 0.42604166666666665 0.5055555555555555
2 0.4354166666666667 0.2657407407407407 0.4552083333333333 0.2657407407407407 0.4552083333333333 0.34814814814814815 0.4354166666666667 0.34814814814814815
2 0.44583333333333336 0.24074074074074073 0.4661458333333333 0.24074074074074073 0.4661458333333333 0.3138888888888889 0.44583333333333336 0.3138888888888889
2 0.3953125 0.25833333333333336 0.41041666666666665 0.25833333333333336 0.41041666666666665 0.337037037037037 0.3953125 0.337037037037037
2 0.36666666666666664 0.21851851851851853 0.3859375 0.21851851851851853 0.3859375 0.28055555555555556 0.36666666666666664 0.28055555555555556
2 0.409375 0.19444444444444445 0.4234375 0.19444444444444445 0.4234375 0.25092592592592594 0.409375 0.25092592592592594
2 0.4322916666666667 0.1824074074074074 0.4427083333333333 0.1824074074074074 0.4427083333333333 0.23703703703703705 0.4322916666666667 0.23703703703703705
2 0.45677083333333335 0.18611111111111112 0.47291666666666665 0.18611111111111112 0.47291666666666665 0.23148148148148148 0.45677083333333335 0.23148148148148148
2 0.42083333333333334 0.1675925925925926 0.4296875 0.1675925925925926 0.4296875 0.20925925925925926 0.42083333333333334 0.20925925925925926
2 0.44375 0.14814814814814814 0.45208333333333334 0.14814814814814814 0.45208333333333334 0.18888888888888888 0.44375 0.18888888888888888
2 0.4578125 0.13333333333333333 0.46510416666666665 0.13333333333333333 0.46510416666666665 0.1675925925925926 0.4578125 0.1675925925925926
2 0.4703125 0.11574074074074074 0.47760416666666666 0.11574074074074074 0.47760416666666666 0.14537037037037037 0.4703125 0.14537037037037037
2 0.496875 0.12129629629629629 0.5083333333333333 0.12129629629629629 0.5083333333333333 0.17777777777777778 0.496875 0.17777777777777778
2 0.43020833333333336 0.1175925925925926 0.440625 0.1175925925925926 0.440625 0.15092592592592594 0.43020833333333336 0.15092592592592594
2 0.4401041666666667 0.1287037037037037 0.44583333333333336 0.1287037037037037 0.44583333333333336 0.16944444444444445 0.4401041666666667 0.16944444444444445
2 0.4453125 0.11388888888888889 0.45364583333333336 0.11388888888888889 0.45364583333333336 0.14166666666666666 0.4453125 0.14166666666666666
2 0.4609375 0.10555555555555556 0.46822916666666664 0.10555555555555556 0.46822916666666664 0.13425925925925927 0.4609375 0.13425925925925927
2 0.5953125 0.15462962962962962 0.60625 0.15462962962962962 0.60625 0.20925925925925926 0.5953125 0.20925925925925926
2 0.603125 0.14537037037037037 0.6151041666666667 0.14537037037037037 0.6151041666666667 0.18518518518518517 0.603125 0.18518518518518517
2 0.6296875 0.15648148148148147 0.6416666666666667 0.15648148148148147 0.6416666666666667 0.20462962962962963 0.6296875 0.20462962962962963
1 0.14427083333333332 0.33055555555555555 0.2708333333333333 0.33055555555555555 0.2708333333333333 0.5101851851851852 0.14427083333333332 0.5101851851851852