1 0.5276041666666667 0.10277777777777777 0.6640625 0.10277777777777777 0.6640625 0.3648148148148148 0.5276041666666667 0.3648148148148148
1 0.41770833333333335 0.937037037037037 0.5197916666666667 0.937037037037037 0.5197916666666667 1 0.41770833333333335 1
1 0.42135416666666664 0.6046296296296296 0.4942708333333333 0.6046296296296296 0.4942708333333333 0.7296296296296296 0.42135416666666664 0.7296296296296296
1 0.3494791666666667 0.3638888888888889 0.3885416666666667 0.3638888888888889 0.3885416666666667 0.4388888888888889 0.3494791666666667 0.4388888888888889
1 0.3390625 0.7287037037037037 0.37447916666666664 0.7287037037037037 0.37447916666666664 0.8287037037037037 0.3390625 0.8287037037037037
1 0.30572916666666666 0.5324074074074074 0.33489583333333334 0.5324074074074074 0.33489583333333334 0.5907407407407408 0.30572916666666666 0.5907407407407408
2 0.5125 0.9527777777777777 0.5802083333333333 0.9527777777777777 0.5802083333333333 1 0.5125 1
1 0.31302083333333336 0.16944444444444445 0.3359375 0.16944444444444445 0.3359375 0.24722222222222223 0.31302083333333336 0.24722222222222223
2 0.44895833333333335 0.8092592592592592 0.5239583333333333 0.8092592592592592 0.5239583333333333 0.8638888888888889 0.44895833333333335 0.8638888888888889
2 0.46197916666666666 0.5722222222222222 0.5317708333333333 0.5722222222222222 0.5317708333333333 0.6222222222222222 0.46197916666666666 0.6222222222222222
2 0.39010416666666664 0.7537037037037037 0.43697916666666664 0.7537037037037037 0.43697916666666664 0.7907407407407407 0.39010416666666664 0.7907407407407407
2 0.39895833333333336 0.6953703703703704 0.44583333333333336 0.6953703703703704 0.44583333333333336 0.7305555555555555 0.39895833333333336 0.7305555555555555
2 0.3671875 0.725 0.40208333333333335 0.725 0.40208333333333335 0.7527777777777778 0.3671875 0.7527777777777778
2 0.378125 0.6833333333333333 0.41510416666666666 0.6833333333333333 0.41510416666666666 0.7166666666666667 0.378125 0.7166666666666667
2 0.34427083333333336 0.7166666666666667 0.3734375 0.7166666666666667 0.3734375 0.7388888888888889 0.34427083333333336 0.7388888888888889
2 0.3453125 0.7018518518518518 0.3796875 0.7018518518518518 0.3796875 0.7231481481481481 0.3453125 0.7231481481481481
2 0.35260416666666666 0.6759259259259259 0.38645833333333335 0.6759259259259259 0.38645833333333335 0.712037037037037 0.35260416666666666 0.712037037037037
2 0.3645833333333333 0.5888888888888889 0.40520833333333334 0.5888888888888889 0.40520833333333334 0.6129629629629629 0.3645833333333333 0.6129629629629629
2 0.3421875 0.5574074074074075 0.38385416666666666 0.5574074074074075 0.38385416666666666 0.5842592592592593 0.3421875 0.5842592592592593
2 0.3463541666666667 0.6425925925925926 0.38177083333333334 0.6425925925925926 0.38177083333333334 0.6685185185185185 0.3463541666666667 0.6685185185185185
2 0.33489583333333334 0.6453703703703704 0.3572916666666667 0.6453703703703704 0.3572916666666667 0.6731481481481482 0.33489583333333334 0.6731481481481482
2 0.32864583333333336 0.6083333333333333 0.3578125 0.6083333333333333 0.3578125 0.6324074074074074 0.32864583333333336 0.6324074074074074
2 0.32864583333333336 0.5222222222222223 0.35989583333333336 0.5222222222222223 0.35989583333333336 0.5407407407407407 0.32864583333333336 0.5407407407407407
2 0.33541666666666664 0.4824074074074074 0.36822916666666666 0.4824074074074074 0.36822916666666666 0.5203703703703704 0.33541666666666664 0.5203703703703704
2 0.309375 0.6435185185185185 0.3375 0.6435185185185185 0.3375 0.6638888888888889 0.309375 0.6638888888888889
2 0.3171875 0.6296296296296297 0.3453125 0.6296296296296297 0.3453125 0.6407407407407407 0.3171875 0.6407407407407407
2 0.3067708333333333 0.6157407407407407 0.3296875 0.6157407407407407 0.3296875 0.6305555555555555 0.3067708333333333 0.6305555555555555
2 0.4015625 0.25833333333333336 0.45416666666666666 0.25833333333333336 0.45416666666666666 0.2935185185185185 0.4015625 0.2935185185185185
2 0.37552083333333336 0.2111111111111111 0.4244791666666667 0.2111111111111111 0.4244791666666667 0.24259259259259258 0.37552083333333336 0.24259259259259258
2 0.35572916666666665 0.24722222222222223 0.39479166666666665 0.24722222222222223 0.39479166666666665 0.275 0.35572916666666665 0.275
2 0.33489583333333334 0.3277777777777778 0.365625 0.3277777777777778 0.365625 0.3509259259259259 0.33489583333333334 0.3509259259259259
2 0.32760416666666664 0.30925925925925923 0.35885416666666664 0.30925925925925923 0.35885416666666664 0.33240740740740743 0.32760416666666664 0.33240740740740743
2 0.309375 0.3861111111111111 0.3328125 0.3861111111111111 0.3328125 0.4046296296296296 0.309375 0.4046296296296296
2 0.3067708333333333 0.4046296296296296 0.32708333333333334 0.4046296296296296 0.32708333333333334 0.41759259259259257 0.3067708333333333 0.41759259259259257
1 0.3 0.43703703703703706 0.321875 0.43703703703703706 0.321875 0.48055555555555557 0.3 0.48055555555555557
2 0.30520833333333336 0.3675925925925926 0.3265625 0.3675925925925926 0.3265625 0.387037037037037 0.30520833333333336 0.387037037037037
2 0.3020833333333333 0.3435185185185185 0.32447916666666665 0.3435185185185185 0.32447916666666665 0.3638888888888889 0.3020833333333333 0.3638888888888889
2 0.3255208333333333 0.3398148148148148 0.3416666666666667 0.3398148148148148 0.3416666666666667 0.3592592592592593 0.3255208333333333 0.3592592592592593
2 0.3567708333333333 0.6129629629629629 0.3958333333333333 0.6129629629629629 0.3958333333333333 0.6388888888888888 0.3567708333333333 0.6388888888888888