1 0.13541666666666666 0.34444444444444444 0.25885416666666666 0.34444444444444444 0.25885416666666666 0.525 0.13541666666666666 0.525
1 0.5515625 0.22777777777777777 0.6041666666666666 0.22777777777777777 0.6041666666666666 0.31851851851851853 0.5515625 0.31851851851851853
1 0.4348958333333333 0.20925925925925926 0.478125 0.20925925925925926 0.478125 0.2814814814814815 0.4348958333333333 0.2814814814814815
1 0.32395833333333335 0.19814814814814816 0.3828125 0.19814814814814816 0.3828125 0.2601851851851852 0.32395833333333335 0.2601851851851852
1 0.528125 0.14629629629629629 0.5578125 0.14629629629629629 0.5578125 0.1935185185185185 0.528125 0.1935185185185185
2 0.17760416666666667 0.5009259259259259 0.22864583333333333 0.5009259259259259 0.22864583333333333 0.674074074074074 0.17760416666666667 0.674074074074074
2 0.0005208333333333333 0.7898148148148149 0.07447916666666667 0.7898148148148149 0.07447916666666667 1 0.0005208333333333333 1
2 0.0890625 0.7759259259259259 0.18125 0.7759259259259259 0.18125 1 0.0890625 1
2 0.23177083333333334 0.6018518518518519 0.30104166666666665 0.6018518518518519 0.30104166666666665 0.8055555555555556 0.23177083333333334 0.8055555555555556
2 0.30052083333333335 0.6138888888888889 0.359375 0.6138888888888889 0.359375 0.8185185185185185 0.30052083333333335 0.8185185185185185
2 0.3098958333333333 0.7268518518518519 0.42083333333333334 0.7268518518518519 0.42083333333333334 0.9833333333333333 0.3098958333333333 0.9833333333333333
2 0.8651041666666667 0.6157407407407407 0.9171875 0.6157407407407407 0.9171875 0.7481481481481481 0.8651041666666667 0.7481481481481481
2 0.6510416666666666 0.3175925925925926 0.6911458333333333 0.3175925925925926 0.6911458333333333 0.42685185185185187 0.6510416666666666 0.42685185185185187
2 0.2484375 0.5046296296296297 0.290625 0.5046296296296297 0.290625 0.6203703703703703 0.2484375 0.6203703703703703
2 0.3151041666666667 0.43796296296296294 0.346875 0.43796296296296294 0.346875 0.5833333333333334 0.3151041666666667 0.5833333333333334
2 0.28177083333333336 0.3333333333333333 0.30625 0.3333333333333333 0.30625 0.3972222222222222 0.28177083333333336 0.3972222222222222
2 0.29322916666666665 0.3648148148148148 0.32760416666666664 0.3648148148148148 0.32760416666666664 0.462037037037037 0.29322916666666665 0.462037037037037
2 0.34375 0.36666666666666664 0.36875 0.36666666666666664 0.36875 0.48518518518518516 0.34375 0.48518518518518516
2 0.3614583333333333 0.3194444444444444 0.3848958333333333 0.3194444444444444 0.3848958333333333 0.4083333333333333 0.3614583333333333 0.4083333333333333
2 0.39791666666666664 0.30925925925925923 0.42864583333333334 0.30925925925925923 0.42864583333333334 0.412962962962963 0.39791666666666664 0.412962962962963
2 0.3723958333333333 0.24537037037037038 0.396875 0.24537037037037038 0.396875 0.3212962962962963 0.3723958333333333 0.3212962962962963
2 0.3848958333333333 0.20555555555555555 0.3984375 0.20555555555555555 0.3984375 0.2657407407407407 0.3848958333333333 0.2657407407407407
2 0.4046875 0.2212962962962963 0.4203125 0.2212962962962963 0.4203125 0.2851851851851852 0.4046875 0.2851851851851852
2 0.40625 0.16666666666666666 0.42135416666666664 0.16666666666666666 0.42135416666666664 0.21574074074074073 0.40625 0.21574074074074073
2 0.4192708333333333 0.17592592592592593 0.43385416666666665 0.17592592592592593 0.43385416666666665 0.23796296296296296 0.4192708333333333 0.23796296296296296
2 0.4359375 0.14629629629629629 0.44427083333333334 0.14629629629629629 0.44427083333333334 0.20277777777777778 0.4359375 0.20277777777777778
2 0.44583333333333336 0.14074074074074075 0.4583333333333333 0.14074074074074075 0.4583333333333333 0.18518518518518517 0.44583333333333336 0.18518518518518517
2 0.4630208333333333 0.14351851851851852 0.4786458333333333 0.14351851851851852 0.4786458333333333 0.1935185185185185 0.4630208333333333 0.1935185185185185
2 0.4265625 0.13240740740740742 0.4359375 0.13240740740740742 0.4359375 0.1685185185185185 0.4265625 0.1685185185185185
2 0.49635416666666665 0.1925925925925926 0.5255208333333333 0.1925925925925926 0.5255208333333333 0.24814814814814815 0.49635416666666665 0.24814814814814815
2 0.56875 0.1638888888888889 0.5854166666666667 0.1638888888888889 0.5854166666666667 0.21481481481481482 0.56875 0.21481481481481482
2 0.5911458333333334 0.1537037037037037 0.6020833333333333 0.1537037037037037 0.6020833333333333 0.2037037037037037 0.5911458333333334 0.2037037037037037
2 0.5833333333333334 0.13703703703703704 0.5947916666666667 0.13703703703703704 0.5947916666666667 0.17962962962962964 0.5833333333333334 0.17962962962962964