1 0.38645833333333335 0.3351851851851852 0.46822916666666664 0.3351851851851852 0.46822916666666664 0.46574074074074073 0.38645833333333335 0.46574074074074073
1 0.1484375 0.3175925925925926 0.271875 0.3175925925925926 0.271875 0.49537037037037035 0.1484375 0.49537037037037035
2 0.0078125 0.7731481481481481 0.0921875 0.7731481481481481 0.0921875 0.9972222222222222 0.0078125 0.9972222222222222
2 0.7151041666666667 0.31666666666666665 0.7541666666666667 0.31666666666666665 0.7541666666666667 0.4074074074074074 0.7151041666666667 0.4074074074074074
2 0.278125 0.40370370370370373 0.315625 0.40370370370370373 0.315625 0.4962962962962963 0.278125 0.4962962962962963
1 0.3203125 0.17685185185185184 0.38645833333333335 0.17685185185185184 0.38645833333333335 0.23981481481481481 0.3203125 0.23981481481481481
2 0.16354166666666667 0.5027777777777778 0.21979166666666666 0.5027777777777778 0.21979166666666666 0.6416666666666667 0.16354166666666667 0.6416666666666667
2 0.26458333333333334 0.4842592592592593 0.30833333333333335 0.4842592592592593 0.30833333333333335 0.6259259259259259 0.26458333333333334 0.6259259259259259
2 0.7473958333333334 0.5472222222222223 0.8057291666666667 0.5472222222222223 0.8057291666666667 0.712037037037037 0.7473958333333334 0.712037037037037
2 0.3296875 0.5083333333333333 0.37552083333333336 0.5083333333333333 0.37552083333333336 0.6324074074074074 0.3296875 0.6324074074074074
2 0.22395833333333334 0.6555555555555556 0.2916666666666667 0.6555555555555556 0.2916666666666667 0.8629629629629629 0.22395833333333334 0.8629629629629629
2 0.6640625 0.42962962962962964 0.7041666666666667 0.42962962962962964 0.7041666666666667 0.5518518518518518 0.6640625 0.5518518518518518
2 0.36666666666666664 0.2962962962962963 0.3953125 0.2962962962962963 0.3953125 0.3675925925925926 0.36666666666666664 0.3675925925925926
2 0.6057291666666667 0.18518518518518517 0.6255208333333333 0.18518518518518517 0.6255208333333333 0.24259259259259258 0.6057291666666667 0.24259259259259258
2 0.384375 0.26296296296296295 0.40677083333333336 0.26296296296296295 0.40677083333333336 0.31296296296296294 0.384375 0.31296296296296294
2 0.6427083333333333 0.18703703703703703 0.6614583333333334 0.18703703703703703 0.6614583333333334 0.24444444444444444 0.6427083333333333 0.24444444444444444
2 0.4203125 0.2490740740740741 0.44427083333333334 0.2490740740740741 0.44427083333333334 0.32037037037037036 0.4203125 0.32037037037037036
2 0.446875 0.19074074074074074 0.46770833333333334 0.19074074074074074 0.46770833333333334 0.25277777777777777 0.446875 0.25277777777777777
2 0.478125 0.1175925925925926 0.49166666666666664 0.1175925925925926 0.49166666666666664 0.14814814814814814 0.478125 0.14814814814814814
2 0.4708333333333333 0.17592592592592593 0.4869791666666667 0.17592592592592593 0.4869791666666667 0.22962962962962963 0.4708333333333333 0.22962962962962963