1 0.5 0 0.6015625 0 0.6015625 0.08611111111111111 0.5 0.08611111111111111
1 0.653125 0.41388888888888886 0.6869791666666667 0.41388888888888886 0.6869791666666667 0.4824074074074074 0.653125 0.4824074074074074
1 0.6463541666666667 0.19814814814814816 0.6828125 0.19814814814814816 0.6828125 0.30648148148148147 0.6463541666666667 0.30648148148148147
1 0.7010416666666667 0.6611111111111111 0.7229166666666667 0.6611111111111111 0.7229166666666667 0.7185185185185186 0.7010416666666667 0.7185185185185186
2 0.32916666666666666 0.2518518518518518 0.4390625 0.2518518518518518 0.4390625 0.33055555555555555 0.32916666666666666 0.33055555555555555
2 0.21875 0 0.29739583333333336 0 0.29739583333333336 0.10277777777777777 0.21875 0.10277777777777777
2 0.40520833333333334 0 0.49270833333333336 0 0.49270833333333336 0.01574074074074074 0.40520833333333334 0.01574074074074074
2 0.4161458333333333 0.13703703703703704 0.5026041666666666 0.13703703703703704 0.5026041666666666 0.1935185185185185 0.4161458333333333 0.1935185185185185
2 0.5104166666666666 0.06944444444444445 0.5661458333333333 0.06944444444444445 0.5661458333333333 0.11851851851851852 0.5104166666666666 0.11851851851851852
2 0.4973958333333333 0.16111111111111112 0.5661458333333333 0.16111111111111112 0.5661458333333333 0.21481481481481482 0.4973958333333333 0.21481481481481482
2 0.5104166666666666 0.31296296296296294 0.5770833333333333 0.31296296296296294 0.5770833333333333 0.37592592592592594 0.5104166666666666 0.37592592592592594
2 0.5458333333333333 0.24074074074074073 0.603125 0.24074074074074073 0.603125 0.2824074074074074 0.5458333333333333 0.2824074074074074
2 0.5651041666666666 0.3675925925925926 0.6130208333333333 0.3675925925925926 0.6130208333333333 0.4101851851851852 0.5651041666666666 0.4101851851851852
2 0.5833333333333334 0.2518518518518518 0.6234375 0.2518518518518518 0.6234375 0.2851851851851852 0.5833333333333334 0.2851851851851852
2 0.6083333333333333 0.22962962962962963 0.6442708333333333 0.22962962962962963 0.6442708333333333 0.262037037037037 0.6083333333333333 0.262037037037037
2 0.6026041666666667 0.287962962962963 0.6442708333333333 0.287962962962963 0.6442708333333333 0.31203703703703706 0.6026041666666667 0.31203703703703706
2 0.6177083333333333 0.3148148148148148 0.6552083333333333 0.3148148148148148 0.6552083333333333 0.34629629629629627 0.6177083333333333 0.34629629629629627
2 0.6244791666666667 0.36944444444444446 0.6604166666666667 0.36944444444444446 0.6604166666666667 0.3925925925925926 0.6244791666666667 0.3925925925925926
2 0.6109375 0.4064814814814815 0.65 0.4064814814814815 0.65 0.43148148148148147 0.6109375 0.43148148148148147
2 0.6473958333333333 0.3388888888888889 0.6744791666666666 0.3388888888888889 0.6744791666666666 0.36018518518518516 0.6473958333333333 0.36018518518518516
2 0.6588541666666666 0.37777777777777777 0.6901041666666666 0.37777777777777777 0.6901041666666666 0.3888888888888889 0.6588541666666666 0.3888888888888889
2 0.6760416666666667 0.4925925925925926 0.7072916666666667 0.4925925925925926 0.7072916666666667 0.5148148148148148 0.6760416666666667 0.5148148148148148
2 0.6848958333333334 0.44166666666666665 0.7067708333333333 0.44166666666666665 0.7067708333333333 0.45925925925925926 0.6848958333333334 0.45925925925925926
2 0.6765625 0.4185185185185185 0.7010416666666667 0.4185185185185185 0.7010416666666667 0.4388888888888889 0.6765625 0.4388888888888889
2 0.6770833333333334 0.3925925925925926 0.7010416666666667 0.3925925925925926 0.7010416666666667 0.4083333333333333 0.6770833333333334 0.4083333333333333
2 0.6916666666666667 0.40185185185185185 0.7140625 0.40185185185185185 0.7140625 0.412962962962963 0.6916666666666667 0.412962962962963
2 0.6953125 0.42962962962962964 0.71875 0.42962962962962964 0.71875 0.4462962962962963 0.6953125 0.4462962962962963
2 0.6901041666666666 0.3787037037037037 0.7104166666666667 0.3787037037037037 0.7104166666666667 0.39537037037037037 0.6901041666666666 0.39537037037037037
2 0.6953125 0.36666666666666664 0.715625 0.36666666666666664 0.715625 0.38333333333333336 0.6953125 0.38333333333333336
2 0.6723958333333333 0.6555555555555556 0.7010416666666667 0.6555555555555556 0.7010416666666667 0.6833333333333333 0.6723958333333333 0.6833333333333333
2 0.6692708333333334 0.7194444444444444 0.6984375 0.7194444444444444 0.6984375 0.7407407407407407 0.6692708333333334 0.7407407407407407
1 0.3494791666666667 0.6138888888888889 0.5802083333333333 0.6138888888888889 0.5802083333333333 0.9546296296296296 0.3494791666666667 0.9546296296296296