1 0.1453125 0.32037037037037036 0.2703125 0.32037037037037036 0.2703125 0.4981481481481482 0.1453125 0.4981481481481482
1 0.334375 0.17777777777777778 0.3927083333333333 0.17777777777777778 0.3927083333333333 0.24259259259259258 0.334375 0.24259259259259258
1 0.4708333333333333 0.1259259259259259 0.5005208333333333 0.1259259259259259 0.5005208333333333 0.1712962962962963 0.4708333333333333 0.1712962962962963
1 0.6083333333333333 0.11944444444444445 0.6578125 0.11944444444444445 0.6578125 0.1574074074074074 0.6083333333333333 0.1574074074074074
2 0 0.8462962962962963 0.06510416666666667 0.8462962962962963 0.06510416666666667 1 0 1
2 0.1875 0.5481481481481482 0.22447916666666667 0.5481481481481482 0.22447916666666667 0.762962962962963 0.1875 0.762962962962963
2 0.2869791666666667 0.4287037037037037 0.3260416666666667 0.4287037037037037 0.3260416666666667 0.5879629629629629 0.2869791666666667 0.5879629629629629
2 0.3302083333333333 0.325 0.35885416666666664 0.325 0.35885416666666664 0.43425925925925923 0.3302083333333333 0.43425925925925923
2 0.3578125 0.28055555555555556 0.378125 0.28055555555555556 0.378125 0.3435185185185185 0.3578125 0.3435185185185185
2 0.3625 0.22685185185185186 0.3802083333333333 0.22685185185185186 0.3802083333333333 0.29259259259259257 0.3625 0.29259259259259257
2 0.4083333333333333 0.25462962962962965 0.4317708333333333 0.25462962962962965 0.4317708333333333 0.3277777777777778 0.4083333333333333 0.3277777777777778
2 0.371875 0.3425925925925926 0.38958333333333334 0.3425925925925926 0.38958333333333334 0.4527777777777778 0.371875 0.4527777777777778
2 0.3953125 0.42685185185185187 0.4244791666666667 0.42685185185185187 0.4244791666666667 0.5805555555555556 0.3953125 0.5805555555555556
2 0.41770833333333335 0.337037037037037 0.4432291666666667 0.337037037037037 0.4432291666666667 0.4398148148148148 0.41770833333333335 0.4398148148148148
2 0.45416666666666666 0.26296296296296295 0.484375 0.26296296296296295 0.484375 0.3537037037037037 0.45416666666666666 0.3537037037037037
2 0.38645833333333335 0.18703703703703703 0.4010416666666667 0.18703703703703703 0.4010416666666667 0.24444444444444444 0.38645833333333335 0.24444444444444444
2 0.40729166666666666 0.175 0.4140625 0.175 0.4140625 0.225 0.40729166666666666 0.225
2 0.41354166666666664 0.18981481481481483 0.425 0.18981481481481483 0.425 0.2361111111111111 0.41354166666666664 0.2361111111111111
2 0.4234375 0.20185185185185187 0.43802083333333336 0.20185185185185187 0.43802083333333336 0.25277777777777777 0.4234375 0.25277777777777777
2 0.40677083333333336 0.22685185185185186 0.421875 0.22685185185185186 0.421875 0.27685185185185185 0.40677083333333336 0.27685185185185185
2 0.45364583333333336 0.1935185185185185 0.46510416666666665 0.1935185185185185 0.46510416666666665 0.2601851851851852 0.45364583333333336 0.2601851851851852
2 0.4671875 0.19166666666666668 0.4828125 0.19166666666666668 0.4828125 0.24814814814814815 0.4671875 0.24814814814814815
2 0.44166666666666665 0.15833333333333333 0.453125 0.15833333333333333 0.453125 0.2074074074074074 0.44166666666666665 0.2074074074074074
2 0.4354166666666667 0.14629629629629629 0.44583333333333336 0.14629629629629629 0.44583333333333336 0.1935185185185185 0.4354166666666667 0.1935185185185185
2 0.4640625 0.1537037037037037 0.471875 0.1537037037037037 0.471875 0.18611111111111112 0.4640625 0.18611111111111112
2 0.4552083333333333 0.125 0.4640625 0.125 0.4640625 0.1638888888888889 0.4552083333333333 0.1638888888888889
2 0.44114583333333335 0.11296296296296296 0.4510416666666667 0.11296296296296296 0.4510416666666667 0.15092592592592594 0.44114583333333335 0.15092592592592594
2 0.4984375 0.11203703703703703 0.509375 0.11203703703703703 0.509375 0.14907407407407408 0.4984375 0.14907407407407408
2 0.5869791666666667 0.1111111111111111 0.5989583333333334 0.1111111111111111 0.5989583333333334 0.1527777777777778 0.5869791666666667 0.1527777777777778
2 0.5880208333333333 0.15185185185185185 0.6067708333333334 0.15185185185185185 0.6067708333333334 0.19814814814814816 0.5880208333333333 0.19814814814814816
2 0.6072916666666667 0.17685185185185184 0.61875 0.17685185185185184 0.61875 0.23333333333333334 0.6072916666666667 0.23333333333333334
2 0.6197916666666666 0.1537037037037037 0.6322916666666667 0.1537037037037037 0.6322916666666667 0.19814814814814816 0.6197916666666666 0.19814814814814816
1 0.6359375 0.17037037037037037 0.6479166666666667 0.17037037037037037 0.6479166666666667 0.22777777777777777 0.6359375 0.22777777777777777