1 0.48541666666666666 0 0.5859375 0 0.5859375 0.06851851851851852 0.48541666666666666 0.06851851851851852
1 0.5916666666666667 0.5981481481481481 0.6442708333333333 0.5981481481481481 0.6442708333333333 0.6990740740740741 0.5916666666666667 0.6990740740740741
1 0.6338541666666667 0.18611111111111112 0.6692708333333334 0.18611111111111112 0.6692708333333334 0.28703703703703703 0.6338541666666667 0.28703703703703703
1 0.6697916666666667 0.55 0.6958333333333333 0.55 0.6958333333333333 0.6018518518518519 0.6697916666666667 0.6018518518518519
1 0.6291666666666667 0.38981481481481484 0.6697916666666667 0.38981481481481484 0.6697916666666667 0.4564814814814815 0.6291666666666667 0.4564814814814815
1 0.671875 0.7685185185185185 0.6973958333333333 0.7685185185185185 0.6973958333333333 0.8490740740740741 0.671875 0.8490740740740741
2 0.5119791666666667 0.8074074074074075 0.5713541666666667 0.8074074074074075 0.5713541666666667 0.8462962962962963 0.5119791666666667 0.8462962962962963
2 0.43333333333333335 0 0.4875 0 0.4875 0.05740740740740741 0.43333333333333335 0.05740740740740741
2 0.3958333333333333 0.10740740740740741 0.46197916666666666 0.10740740740740741 0.46197916666666666 0.20185185185185187 0.3958333333333333 0.20185185185185187
2 0.3421875 0.30277777777777776 0.45989583333333334 0.30277777777777776 0.45989583333333334 0.38796296296296295 0.3421875 0.38796296296296295
2 0.378125 0.23703703703703705 0.48333333333333334 0.23703703703703705 0.48333333333333334 0.29444444444444445 0.378125 0.29444444444444445
2 0.459375 0.0962962962962963 0.53125 0.0962962962962963 0.53125 0.16944444444444445 0.459375 0.16944444444444445
2 0.4744791666666667 0.20277777777777778 0.55625 0.20277777777777778 0.55625 0.2537037037037037 0.4744791666666667 0.2537037037037037
2 0.5526041666666667 0.1425925925925926 0.5994791666666667 0.1425925925925926 0.5994791666666667 0.17685185185185184 0.5526041666666667 0.17685185185185184
2 0.5317708333333333 0.1574074074074074 0.5901041666666667 0.1574074074074074 0.5901041666666667 0.20185185185185187 0.5317708333333333 0.20185185185185187
2 0.5395833333333333 0.24166666666666667 0.5833333333333334 0.24166666666666667 0.5833333333333334 0.27870370370370373 0.5395833333333333 0.27870370370370373
2 0.5739583333333333 0.25833333333333336 0.615625 0.25833333333333336 0.615625 0.30277777777777776 0.5739583333333333 0.30277777777777776
2 0.5614583333333333 0.3296296296296296 0.6166666666666667 0.3296296296296296 0.6166666666666667 0.37777777777777777 0.5614583333333333 0.37777777777777777
2 0.6453125 0.2935185185185185 0.6692708333333334 0.2935185185185185 0.6692708333333334 0.32685185185185184 0.6453125 0.32685185185185184
2 0.6135416666666667 0.2935185185185185 0.6510416666666666 0.2935185185185185 0.6510416666666666 0.325 0.6135416666666667 0.325
2 0.628125 0.3351851851851852 0.6614583333333334 0.3351851851851852 0.6614583333333334 0.36018518518518516 0.628125 0.36018518518518516
2 0.6614583333333334 0.3398148148148148 0.690625 0.3398148148148148 0.690625 0.36203703703703705 0.6614583333333334 0.36203703703703705
2 0.6536458333333334 0.36574074074074076 0.684375 0.36574074074074076 0.684375 0.387037037037037 0.6536458333333334 0.387037037037037
2 0.6734375 0.3861111111111111 0.6984375 0.3861111111111111 0.6984375 0.40185185185185185 0.6734375 0.40185185185185185
2 0.678125 0.4074074074074074 0.7 0.4074074074074074 0.7 0.42407407407407405 0.678125 0.42407407407407405
2 0.6776041666666667 0.43796296296296294 0.7015625 0.43796296296296294 0.7015625 0.45740740740740743 0.6776041666666667 0.45740740740740743
2 0.6421875 0.5037037037037037 0.6682291666666667 0.5037037037037037 0.6682291666666667 0.5472222222222223 0.6421875 0.5472222222222223
2 0.6572916666666667 0.6314814814814815 0.684375 0.6314814814814815 0.684375 0.6574074074074074 0.6572916666666667 0.6574074074074074
2 0.6588541666666666 0.6675925925925926 0.6890625 0.6675925925925926 0.6890625 0.6944444444444444 0.6588541666666666 0.6944444444444444