1 0.14010416666666667 0.3351851851851852 0.2630208333333333 0.3351851851851852 0.2630208333333333 0.5185185185185185 0.14010416666666667 0.5185185185185185
1 0.41875 0.2712962962962963 0.478125 0.2712962962962963 0.478125 0.3814814814814815 0.41875 0.3814814814814815
1 0.32708333333333334 0.18888888888888888 0.38645833333333335 0.18888888888888888 0.38645833333333335 0.25277777777777777 0.32708333333333334 0.25277777777777777
1 0.5505208333333333 0.16574074074074074 0.5942708333333333 0.16574074074074074 0.5942708333333333 0.23796296296296296 0.5505208333333333 0.23796296296296296
2 0.3265625 0.5138888888888888 0.3609375 0.5138888888888888 0.3609375 0.6972222222222222 0.3265625 0.6972222222222222
2 0.35520833333333335 0.2462962962962963 0.37864583333333335 0.2462962962962963 0.37864583333333335 0.3333333333333333 0.35520833333333335 0.3333333333333333
1 0.6520833333333333 0.1388888888888889 0.6989583333333333 0.1388888888888889 0.6989583333333333 0.18055555555555555 0.6520833333333333 0.18055555555555555
1 0.5265625 0.11851851851851852 0.5536458333333333 0.11851851851851852 0.5536458333333333 0.15462962962962962 0.5265625 0.15462962962962962
2 0.12552083333333333 0.5944444444444444 0.18645833333333334 0.5944444444444444 0.18645833333333334 0.7787037037037037 0.12552083333333333 0.7787037037037037
2 0.16979166666666667 0.6407407407407407 0.24791666666666667 0.6407407407407407 0.24791666666666667 0.8981481481481481 0.16979166666666667 0.8981481481481481
2 0.15989583333333332 0.525 0.20208333333333334 0.525 0.20208333333333334 0.6592592592592592 0.15989583333333332 0.6592592592592592
2 0.28072916666666664 0.48148148148148145 0.3125 0.48148148148148145 0.3125 0.6481481481481481 0.28072916666666664 0.6481481481481481
2 0.315625 0.3314814814814815 0.35052083333333334 0.3314814814814815 0.35052083333333334 0.4388888888888889 0.315625 0.4388888888888889
2 0.36354166666666665 0.34444444444444444 0.39114583333333336 0.34444444444444444 0.39114583333333336 0.44907407407407407 0.36354166666666665 0.44907407407407407
2 0.7114583333333333 0.3398148148148148 0.7401041666666667 0.3398148148148148 0.7401041666666667 0.4462962962962963 0.7114583333333333 0.4462962962962963
2 0.8046875 0.4546296296296296 0.8526041666666667 0.4546296296296296 0.8526041666666667 0.5888888888888889 0.8046875 0.5888888888888889
2 0.6151041666666667 0.1962962962962963 0.6401041666666667 0.1962962962962963 0.6401041666666667 0.2657407407407407 0.6151041666666667 0.2657407407407407
2 0.5135416666666667 0.19444444444444445 0.5458333333333333 0.19444444444444445 0.5458333333333333 0.24259259259259258 0.5135416666666667 0.24259259259259258
2 0.39479166666666665 0.18888888888888888 0.40520833333333334 0.18888888888888888 0.40520833333333334 0.2537037037037037 0.39479166666666665 0.2537037037037037
2 0.4036458333333333 0.11944444444444445 0.4119791666666667 0.11944444444444445 0.4119791666666667 0.15092592592592594 0.4036458333333333 0.15092592592592594
2 0.41458333333333336 0.14629629629629629 0.42239583333333336 0.14629629629629629 0.42239583333333336 0.20833333333333334 0.41458333333333336 0.20833333333333334
2 0.42552083333333335 0.175 0.4375 0.175 0.4375 0.23148148148148148 0.42552083333333335 0.23148148148148148
2 0.40677083333333336 0.2361111111111111 0.42291666666666666 0.2361111111111111 0.42291666666666666 0.2972222222222222 0.40677083333333336 0.2972222222222222
2 0.4432291666666667 0.1675925925925926 0.459375 0.1675925925925926 0.459375 0.21666666666666667 0.4432291666666667 0.21666666666666667
2 0.45729166666666665 0.1814814814814815 0.4713541666666667 0.1814814814814815 0.4713541666666667 0.23703703703703705 0.45729166666666665 0.23703703703703705
2 0.4375 0.14074074074074075 0.44947916666666665 0.14074074074074075 0.44947916666666665 0.18703703703703703 0.4375 0.18703703703703703
2 0.45677083333333335 0.13333333333333333 0.4661458333333333 0.13333333333333333 0.4661458333333333 0.17407407407407408 0.45677083333333335 0.17407407407407408
2 0.4453125 0.12222222222222222 0.4552083333333333 0.12222222222222222 0.4552083333333333 0.15833333333333333 0.4453125 0.15833333333333333
2 0.475 0.12129629629629629 0.48541666666666666 0.12129629629629629 0.48541666666666666 0.15833333333333333 0.475 0.15833333333333333
2 0.49166666666666664 0.1175925925925926 0.5015625 0.1175925925925926 0.5015625 0.15462962962962962 0.49166666666666664 0.15462962962962962
2 0.5604166666666667 0.12037037037037036 0.5703125 0.12037037037037036 0.5703125 0.15555555555555556 0.5604166666666667 0.15555555555555556
2 0.5822916666666667 0.11851851851851852 0.5921875 0.11851851851851852 0.5921875 0.16296296296296298 0.5822916666666667 0.16296296296296298