1 0.4161458333333333 0.9342592592592592 0.5145833333333333 0.9342592592592592 0.5145833333333333 1 0.4161458333333333 1
1 0.403125 0.2657407407407407 0.46927083333333336 0.2657407407407407 0.46927083333333336 0.39537037037037037 0.403125 0.39537037037037037
1 0.5677083333333334 0.6601851851851852 0.7369791666666666 0.6601851851851852 0.7369791666666666 0.9342592592592592 0.5677083333333334 0.9342592592592592
1 0.3333333333333333 0.7212962962962963 0.3703125 0.7212962962962963 0.3703125 0.8231481481481482 0.3333333333333333 0.8231481481481482
1 0.3177083333333333 0.5388888888888889 0.3489583333333333 0.5388888888888889 0.3489583333333333 0.6018518518518519 0.3177083333333333 0.6018518518518519
1 0.32083333333333336 0.38796296296296295 0.35104166666666664 0.38796296296296295 0.35104166666666664 0.4462962962962963 0.32083333333333336 0.4462962962962963
2 0.5348958333333333 0.8388888888888889 0.6 0.8388888888888889 0.6 0.9120370370370371 0.5348958333333333 0.9120370370370371
2 0.459375 0.8953703703703704 0.5296875 0.8953703703703704 0.5296875 0.9740740740740741 0.459375 0.9740740740740741
2 0.45208333333333334 0.7583333333333333 0.5171875 0.7583333333333333 0.5171875 0.8166666666666667 0.45208333333333334 0.8166666666666667
2 0.4171875 0.8074074074074075 0.4822916666666667 0.8074074074074075 0.4822916666666667 0.8953703703703704 0.4171875 0.8953703703703704
2 0.4036458333333333 0.7722222222222223 0.4510416666666667 0.7722222222222223 0.4510416666666667 0.8166666666666667 0.4036458333333333 0.8166666666666667
2 0.4114583333333333 0.6851851851851852 0.4713541666666667 0.6851851851851852 0.4713541666666667 0.7185185185185186 0.4114583333333333 0.7185185185185186
2 0.3645833333333333 0.7666666666666667 0.39947916666666666 0.7666666666666667 0.39947916666666666 0.799074074074074 0.3645833333333333 0.799074074074074
2 0.3697916666666667 0.7361111111111112 0.421875 0.7361111111111112 0.421875 0.7722222222222223 0.3697916666666667 0.7722222222222223
2 0.4192708333333333 0.6157407407407407 0.4734375 0.6157407407407407 0.4734375 0.662962962962963 0.4192708333333333 0.662962962962963
2 0.40677083333333336 0.5388888888888889 0.4635416666666667 0.5388888888888889 0.4635416666666667 0.5962962962962963 0.40677083333333336 0.5962962962962963
2 0.39375 0.7064814814814815 0.43645833333333334 0.7064814814814815 0.43645833333333334 0.7435185185185185 0.39375 0.7435185185185185
2 0.35208333333333336 0.662962962962963 0.37604166666666666 0.662962962962963 0.37604166666666666 0.6944444444444444 0.35208333333333336 0.6944444444444444
2 0.3802083333333333 0.662962962962963 0.42135416666666664 0.662962962962963 0.42135416666666664 0.7027777777777777 0.3802083333333333 0.7027777777777777
2 0.35 0.6194444444444445 0.390625 0.6194444444444445 0.390625 0.6425925925925926 0.35 0.6425925925925926
2 0.3223958333333333 0.6574074074074074 0.3463541666666667 0.6574074074074074 0.3463541666666667 0.674074074074074 0.3223958333333333 0.674074074074074
2 0.3328125 0.6435185185185185 0.3609375 0.6435185185185185 0.3609375 0.6648148148148149 0.3328125 0.6648148148148149
2 0.3234375 0.6185185185185185 0.3515625 0.6185185185185185 0.3515625 0.6398148148148148 0.3234375 0.6398148148148148
2 0.3072916666666667 0.6101851851851852 0.3260416666666667 0.6101851851851852 0.3260416666666667 0.625 0.3072916666666667 0.625
2 0.3307291666666667 0.4564814814814815 0.36614583333333334 0.4564814814814815 0.36614583333333334 0.512962962962963 0.3307291666666667 0.512962962962963
2 0.3385416666666667 0.32407407407407407 0.3776041666666667 0.32407407407407407 0.3776041666666667 0.35648148148148145 0.3385416666666667 0.35648148148148145
2 0.3333333333333333 0.27870370370370373 0.3729166666666667 0.27870370370370373 0.3729166666666667 0.30462962962962964 0.3333333333333333 0.30462962962962964
2 0.315625 0.3055555555555556 0.34270833333333334 0.3055555555555556 0.34270833333333334 0.31851851851851853 0.315625 0.31851851851851853
2 0.3098958333333333 0.3675925925925926 0.3338541666666667 0.3675925925925926 0.3338541666666667 0.387037037037037 0.3098958333333333 0.387037037037037
2 0.3078125 0.3314814814814815 0.3296875 0.3314814814814815 0.3296875 0.3527777777777778 0.3078125 0.3527777777777778