1 0.14375 0.30833333333333335 0.2713541666666667 0.30833333333333335 0.2713541666666667 0.48518518518518516 0.14375 0.48518518518518516
2 0.7614583333333333 0.4212962962962963 0.80625 0.4212962962962963 0.80625 0.5398148148148149 0.7614583333333333 0.5398148148148149
1 0.3171875 0.17777777777777778 0.38333333333333336 0.17777777777777778 0.38333333333333336 0.24537037037037038 0.3171875 0.24537037037037038
2 0.44635416666666666 0.21481481481481482 0.4708333333333333 0.21481481481481482 0.4708333333333333 0.2861111111111111 0.44635416666666666 0.2861111111111111
2 0.35885416666666664 0.41759259259259257 0.4010416666666667 0.41759259259259257 0.4010416666666667 0.5666666666666667 0.35885416666666664 0.5666666666666667
2 0.5265625 0.17685185185185184 0.5619791666666667 0.17685185185185184 0.5619791666666667 0.225 0.5265625 0.225
2 0.4828125 0.14351851851851852 0.4979166666666667 0.14351851851851852 0.4979166666666667 0.1925925925925926 0.4828125 0.1925925925925926
2 0.6348958333333333 0.27037037037037037 0.6583333333333333 0.27037037037037037 0.6583333333333333 0.35 0.6348958333333333 0.35
2 0.5817708333333333 0.1712962962962963 0.5979166666666667 0.1712962962962963 0.5979166666666667 0.22037037037037038 0.5817708333333333 0.22037037037037038
2 0.6317708333333333 0.2064814814814815 0.6520833333333333 0.2064814814814815 0.6520833333333333 0.2638888888888889 0.6317708333333333 0.2638888888888889
2 0.4296875 0.14351851851851852 0.44427083333333334 0.14351851851851852 0.44427083333333334 0.18425925925925926 0.4296875 0.18425925925925926
2 0.37864583333333335 0.24722222222222223 0.4036458333333333 0.24722222222222223 0.4036458333333333 0.32685185185185184 0.37864583333333335 0.32685185185185184
2 0.6666666666666666 0.26851851851851855 0.6927083333333334 0.26851851851851855 0.6927083333333334 0.3472222222222222 0.6666666666666666 0.3472222222222222
2 0.4322916666666667 0.42685185185185187 0.46770833333333334 0.42685185185185187 0.46770833333333334 0.5768518518518518 0.4322916666666667 0.5768518518518518
2 0.4161458333333333 0.2722222222222222 0.434375 0.2722222222222222 0.434375 0.36666666666666664 0.4161458333333333 0.36666666666666664
2 0.4234375 0.21574074074074073 0.43802083333333336 0.21574074074074073 0.43802083333333336 0.2833333333333333 0.4234375 0.2833333333333333
2 0.39947916666666666 0.2064814814814815 0.41302083333333334 0.2064814814814815 0.41302083333333334 0.2814814814814815 0.39947916666666666 0.2814814814814815
2 0.4515625 0.14907407407407408 0.4640625 0.14907407407407408 0.4640625 0.2064814814814815 0.4515625 0.2064814814814815
2 0.40260416666666665 0.1537037037037037 0.4197916666666667 0.1537037037037037 0.4197916666666667 0.2064814814814815 0.40260416666666665 0.2064814814814815