1 0.1484375 0.325 0.27291666666666664 0.325 0.27291666666666664 0.5 0.1484375 0.5
1 0.4296875 0.2351851851851852 0.4828125 0.2351851851851852 0.4828125 0.32222222222222224 0.4296875 0.32222222222222224
1 0.3229166666666667 0.17592592592592593 0.390625 0.17592592592592593 0.390625 0.2388888888888889 0.3229166666666667 0.2388888888888889
2 0 0.6407407407407407 0.05260416666666667 0.6407407407407407 0.05260416666666667 0.8305555555555556 0 0.8305555555555556
2 0.0890625 0.7546296296296297 0.1671875 0.7546296296296297 0.1671875 0.9953703703703703 0.0890625 0.9953703703703703
2 0.8802083333333334 0.537962962962963 0.9463541666666667 0.537962962962963 0.9463541666666667 0.7074074074074074 0.8802083333333334 0.7074074074074074
2 0.7083333333333334 0.3138888888888889 0.7421875 0.3138888888888889 0.7421875 0.4111111111111111 0.7083333333333334 0.4111111111111111
2 0.20208333333333334 0.5259259259259259 0.2609375 0.5259259259259259 0.2609375 0.687037037037037 0.20208333333333334 0.687037037037037
2 0.28072916666666664 0.7083333333333334 0.3515625 0.7083333333333334 0.3515625 0.937962962962963 0.28072916666666664 0.937962962962963
2 0.659375 0.29814814814814816 0.6916666666666667 0.29814814814814816 0.6916666666666667 0.38425925925925924 0.659375 0.38425925925925924
2 0.4015625 0.26481481481481484 0.428125 0.26481481481481484 0.428125 0.34814814814814815 0.4015625 0.34814814814814815
2 0.26979166666666665 0.3888888888888889 0.3098958333333333 0.3888888888888889 0.3098958333333333 0.5175925925925926 0.26979166666666665 0.5175925925925926
2 0.36302083333333335 0.4398148148148148 0.41354166666666664 0.4398148148148148 0.41354166666666664 0.5796296296296296 0.36302083333333335 0.5796296296296296
2 0.34270833333333334 0.32407407407407407 0.371875 0.32407407407407407 0.371875 0.41759259259259257 0.34270833333333334 0.41759259259259257
2 0.421875 0.20925925925925926 0.44114583333333335 0.20925925925925926 0.44114583333333335 0.2574074074074074 0.421875 0.2574074074074074
2 0.3609375 0.2712962962962963 0.38697916666666665 0.2712962962962963 0.38697916666666665 0.34629629629629627 0.3609375 0.34629629629629627
2 0.6505208333333333 0.21388888888888888 0.678125 0.21388888888888888 0.678125 0.29074074074074074 0.6505208333333333 0.29074074074074074
2 0.6197916666666666 0.2111111111111111 0.6432291666666666 0.2111111111111111 0.6432291666666666 0.2833333333333333 0.6197916666666666 0.2833333333333333
2 0.478125 0.13796296296296295 0.49166666666666664 0.13796296296296295 0.49166666666666664 0.17962962962962964 0.478125 0.17962962962962964
2 0.496875 0.17592592592592593 0.5151041666666667 0.17592592592592593 0.5151041666666667 0.22777777777777777 0.496875 0.22777777777777777
2 0.4166666666666667 0.15 0.4317708333333333 0.15 0.4317708333333333 0.18611111111111112 0.4166666666666667 0.18611111111111112
2 0.575 0.12037037037037036 0.590625 0.12037037037037036 0.590625 0.15462962962962962 0.575 0.15462962962962962
2 0.4265625 0.17685185185185184 0.4432291666666667 0.17685185185185184 0.4432291666666667 0.21851851851851853 0.4265625 0.21851851851851853
2 0.459375 0.15555555555555556 0.475 0.15555555555555556 0.475 0.19537037037037036 0.459375 0.19537037037037036
2 0.38333333333333336 0.3453703703703704 0.41302083333333334 0.3453703703703704 0.41302083333333334 0.43148148148148147 0.38333333333333336 0.43148148148148147
2 0.6072916666666667 0.13055555555555556 0.6223958333333334 0.13055555555555556 0.6223958333333334 0.17037037037037037 0.6072916666666667 0.17037037037037037
2 0.45260416666666664 0.18703703703703703 0.46927083333333336 0.18703703703703703 0.46927083333333336 0.22870370370370371 0.45260416666666664 0.22870370370370371
2 0.43697916666666664 0.14907407407407408 0.45260416666666664 0.14907407407407408 0.45260416666666664 0.1925925925925926 0.43697916666666664 0.1925925925925926
2 0.4515625 0.09351851851851851 0.4630208333333333 0.09351851851851851 0.4630208333333333 0.12129629629629629 0.4515625 0.12129629629629629