1 0.39114583333333336 0.9148148148148149 0.49322916666666666 0.9148148148148149 0.49322916666666666 1 0.39114583333333336 1
1 0.37447916666666664 0.1287037037037037 0.440625 0.1287037037037037 0.440625 0.27685185185185185 0.37447916666666664 0.27685185185185185
0 0.3145833333333333 0.6592592592592592 0.4453125 0.6592592592592592 0.4453125 0.8638888888888889 0.3145833333333333 0.8638888888888889
2 0.45989583333333334 0.0962962962962963 0.5317708333333333 0.0962962962962963 0.5317708333333333 0.175 0.45989583333333334 0.175
1 0.29583333333333334 0.5120370370370371 0.32916666666666666 0.5120370370370371 0.32916666666666666 0.5833333333333334 0.29583333333333334 0.5833333333333334
2 0.2859375 0.39166666666666666 0.309375 0.39166666666666666 0.309375 0.41759259259259257 0.2859375 0.41759259259259257
1 0.2677083333333333 0.40370370370370373 0.2875 0.40370370370370373 0.2875 0.45 0.2677083333333333 0.45
2 0.45729166666666665 0 0.5296875 0 0.5296875 0.018518518518518517 0.45729166666666665 0.018518518518518517
2 0.3645833333333333 0.5444444444444444 0.4119791666666667 0.5444444444444444 0.4119791666666667 0.6018518518518519 0.3645833333333333 0.6018518518518519
2 0.44375 0.7388888888888889 0.5104166666666666 0.7388888888888889 0.5104166666666666 0.8055555555555556 0.44375 0.8055555555555556
2 0.4270833333333333 0.5842592592592593 0.49270833333333336 0.5842592592592593 0.49270833333333336 0.65 0.4270833333333333 0.65
2 0.5265625 0.7648148148148148 0.6239583333333333 0.7648148148148148 0.6239583333333333 0.8537037037037037 0.5265625 0.8537037037037037
2 0.39427083333333335 0.2953703703703704 0.45 0.2953703703703704 0.45 0.35185185185185186 0.39427083333333335 0.35185185185185186
2 0.3255208333333333 0.2814814814814815 0.3625 0.2814814814814815 0.3625 0.31666666666666665 0.3255208333333333 0.31666666666666665
1 0.278125 0.3333333333333333 0.3015625 0.3333333333333333 0.3015625 0.39444444444444443 0.278125 0.39444444444444443
2 0.4015625 0.025925925925925925 0.4588541666666667 0.025925925925925925 0.4588541666666667 0.08148148148148149 0.4015625 0.08148148148148149