1 0.5078125 0 0.6088541666666667 0 0.6088541666666667 0.08333333333333333 0.5078125 0.08333333333333333
1 0.525 0.7407407407407407 0.5979166666666667 0.7407407407407407 0.5979166666666667 0.9194444444444444 0.525 0.9194444444444444
2 0.38333333333333336 0.9120370370370371 0.4786458333333333 0.9120370370370371 0.4786458333333333 1 0.38333333333333336 1
2 0.6807291666666667 0.5824074074074074 0.7057291666666666 0.5824074074074074 0.7057291666666666 0.6129629629629629 0.6807291666666667 0.6129629629629629
1 0.6807291666666667 0.425 0.7104166666666667 0.425 0.7104166666666667 0.4888888888888889 0.6807291666666667 0.4888888888888889
2 0.22135416666666666 0 0.30104166666666665 0 0.30104166666666665 0.032407407407407406 0.22135416666666666 0.032407407407407406
2 0.5385416666666667 0.25555555555555554 0.5921875 0.25555555555555554 0.5921875 0.3148148148148148 0.5385416666666667 0.3148148148148148
2 0.4942708333333333 0.9740740740740741 0.5567708333333333 0.9740740740740741 0.5567708333333333 1 0.4942708333333333 1
1 0.6921875 0.6166666666666667 0.7171875 0.6166666666666667 0.7171875 0.6833333333333333 0.6921875 0.6833333333333333
0 0.5765625 0.16666666666666666 0.68125 0.16666666666666666 0.68125 0.35185185185185186 0.5765625 0.35185185185185186
2 0.5546875 0.3768518518518518 0.6109375 0.3768518518518518 0.6109375 0.4351851851851852 0.5546875 0.4351851851851852
1 0.7067708333333333 0.5555555555555556 0.7276041666666667 0.5555555555555556 0.7276041666666667 0.6018518518518519 0.7067708333333333 0.6018518518518519
2 0.4588541666666667 0.21944444444444444 0.5369791666666667 0.21944444444444444 0.5369791666666667 0.28703703703703703 0.4588541666666667 0.28703703703703703
2 0.6104166666666667 0.4027777777777778 0.6510416666666666 0.4027777777777778 0.6510416666666666 0.45 0.6104166666666667 0.45
2 0.615625 0.700925925925926 0.6546875 0.700925925925926 0.6546875 0.7425925925925926 0.615625 0.7425925925925926
2 0.6442708333333333 0.41388888888888886 0.66875 0.41388888888888886 0.66875 0.4546296296296296 0.6442708333333333 0.4546296296296296
2 0.6604166666666667 0.49907407407407406 0.6916666666666667 0.49907407407407406 0.6916666666666667 0.5444444444444444 0.6604166666666667 0.5444444444444444
2 0.4869791666666667 0.687962962962963 0.5723958333333333 0.687962962962963 0.5723958333333333 0.7472222222222222 0.4869791666666667 0.7472222222222222