1 0.14427083333333332 0.3148148148148148 0.26979166666666665 0.3148148148148148 0.26979166666666665 0.4962962962962963 0.14427083333333332 0.4962962962962963
2 0.5302083333333333 0.17685185185185184 0.5671875 0.17685185185185184 0.5671875 0.22777777777777777 0.5302083333333333 0.22777777777777777
1 0.3182291666666667 0.18055555555555555 0.37864583333333335 0.18055555555555555 0.37864583333333335 0.24722222222222223 0.3182291666666667 0.24722222222222223
2 0.7473958333333334 0.3925925925925926 0.7927083333333333 0.3925925925925926 0.7927083333333333 0.5083333333333333 0.7473958333333334 0.5083333333333333
2 0.3296875 0.4842592592592593 0.38333333333333336 0.4842592592592593 0.38333333333333336 0.6537037037037037 0.3296875 0.6537037037037037
2 0.3703125 0.2564814814814815 0.4010416666666667 0.2564814814814815 0.4010416666666667 0.34444444444444444 0.3703125 0.34444444444444444
2 0.44479166666666664 0.23425925925925925 0.46927083333333336 0.23425925925925925 0.46927083333333336 0.31296296296296294 0.44479166666666664 0.31296296296296294
2 0.41302083333333334 0.5185185185185185 0.46458333333333335 0.5185185185185185 0.46458333333333335 0.6981481481481482 0.41302083333333334 0.6981481481481482
2 0.5880208333333333 0.1361111111111111 0.6041666666666666 0.1361111111111111 0.6041666666666666 0.1824074074074074 0.5880208333333333 0.1824074074074074
2 0.47760416666666666 0.15092592592592594 0.4942708333333333 0.15092592592592594 0.4942708333333333 0.19907407407407407 0.47760416666666666 0.19907407407407407
2 0.4041666666666667 0.3 0.434375 0.3 0.434375 0.40185185185185185 0.4041666666666667 0.40185185185185185
2 0.428125 0.15 0.4421875 0.15 0.4421875 0.1925925925925926 0.428125 0.1925925925925926
2 0.5734375 0.1648148148148148 0.590625 0.1648148148148148 0.590625 0.20925925925925926 0.5734375 0.20925925925925926
2 0.45677083333333335 0.14537037037037037 0.4703125 0.14537037037037037 0.4703125 0.18611111111111112 0.45677083333333335 0.18611111111111112
2 0.3963541666666667 0.175 0.41458333333333336 0.175 0.41458333333333336 0.21944444444444444 0.3963541666666667 0.21944444444444444
2 0.6296875 0.25277777777777777 0.6526041666666667 0.25277777777777777 0.6526041666666667 0.3333333333333333 0.6296875 0.3333333333333333
2 0.6614583333333334 0.2462962962962963 0.6807291666666667 0.2462962962962963 0.6807291666666667 0.33240740740740743 0.6614583333333334 0.33240740740740743
2 0.6265625 0.1824074074074074 0.6442708333333333 0.1824074074074074 0.6442708333333333 0.2462962962962963 0.6265625 0.2462962962962963
2 0.4171875 0.23148148148148148 0.4359375 0.23148148148148148 0.4359375 0.3138888888888889 0.4171875 0.3138888888888889
2 0.390625 0.2212962962962963 0.4109375 0.2212962962962963 0.4109375 0.287962962962963 0.390625 0.287962962962963