1 0.39427083333333335 0.9055555555555556 0.49322916666666666 0.9055555555555556 0.49322916666666666 1 0.39427083333333335 1
1 0.315625 0.6888888888888889 0.3515625 0.6888888888888889 0.3515625 0.8092592592592592 0.315625 0.8092592592592592
2 0.5671875 0 0.6734375 0 0.6734375 0.028703703703703703 0.5671875 0.028703703703703703
2 0.4234375 0.10555555555555556 0.4791666666666667 0.10555555555555556 0.4791666666666667 0.17037037037037037 0.4234375 0.17037037037037037
2 0.4734375 0.7638888888888888 0.5416666666666666 0.7638888888888888 0.5416666666666666 0.8407407407407408 0.4734375 0.8407407407407408
2 0.3453125 0.3074074074074074 0.38697916666666665 0.3074074074074074 0.38697916666666665 0.34814814814814815 0.3453125 0.34814814814814815
2 0.4171875 0.6185185185185185 0.4869791666666667 0.6185185185185185 0.4869791666666667 0.6972222222222222 0.4171875 0.6972222222222222
2 0.31197916666666664 0.2611111111111111 0.3411458333333333 0.2611111111111111 0.3411458333333333 0.30092592592592593 0.31197916666666664 0.30092592592592593
2 0.3328125 0.5768518518518518 0.371875 0.5768518518518518 0.371875 0.6222222222222222 0.3328125 0.6222222222222222
2 0.32135416666666666 0.3574074074074074 0.35833333333333334 0.3574074074074074 0.35833333333333334 0.4083333333333333 0.32135416666666666 0.4083333333333333
2 0.315625 0.6203703703703703 0.34322916666666664 0.6203703703703703 0.34322916666666664 0.6527777777777778 0.315625 0.6527777777777778
2 0.35260416666666666 0.23333333333333334 0.39010416666666664 0.23333333333333334 0.39010416666666664 0.275 0.35260416666666666 0.275
2 0.39427083333333335 0.674074074074074 0.4354166666666667 0.674074074074074 0.4354166666666667 0.7277777777777777 0.39427083333333335 0.7277777777777777
2 0.39114583333333336 0.23425925925925925 0.44166666666666665 0.23425925925925925 0.44166666666666665 0.2898148148148148 0.39114583333333336 0.2898148148148148
2 0.28958333333333336 0.337037037037037 0.3104166666666667 0.337037037037037 0.3104166666666667 0.3638888888888889 0.28958333333333336 0.3638888888888889
2 0.32447916666666665 0.18888888888888888 0.35520833333333335 0.18888888888888888 0.35520833333333335 0.22685185185185186 0.32447916666666665 0.22685185185185186