1 0.14322916666666666 0.33240740740740743 0.26614583333333336 0.33240740740740743 0.26614583333333336 0.5120370370370371 0.14322916666666666 0.5120370370370371
1 0.4015625 0.32037037037037036 0.47291666666666665 0.32037037037037036 0.47291666666666665 0.46111111111111114 0.4015625 0.46111111111111114
1 0.3307291666666667 0.18518518518518517 0.3885416666666667 0.18518518518518517 0.3885416666666667 0.2490740740740741 0.3307291666666667 0.2490740740740741
1 0.5505208333333333 0.14537037037037037 0.5848958333333333 0.14537037037037037 0.5848958333333333 0.2037037037037037 0.5505208333333333 0.2037037037037037
1 0.6604166666666667 0.13518518518518519 0.703125 0.13518518518518519 0.703125 0.17685185185185184 0.6604166666666667 0.17685185185185184
2 0.31614583333333335 0.4564814814814815 0.34427083333333336 0.4564814814814815 0.34427083333333336 0.5925925925925926 0.31614583333333335 0.5925925925925926
2 0.018229166666666668 0.6972222222222222 0.10052083333333334 0.6972222222222222 0.10052083333333334 0.9055555555555556 0.018229166666666668 0.9055555555555556
2 0.18385416666666668 0.6472222222222223 0.25416666666666665 0.6472222222222223 0.25416666666666665 0.8388888888888889 0.18385416666666668 0.8388888888888889
2 0.1890625 0.7444444444444445 0.2869791666666667 0.7444444444444445 0.2869791666666667 0.9805555555555555 0.1890625 0.9805555555555555
2 0.8375 0.6416666666666667 0.9130208333333333 0.6416666666666667 0.9130208333333333 0.8796296296296297 0.8375 0.8796296296296297
2 0.7348958333333333 0.36574074074074076 0.7765625 0.36574074074074076 0.7765625 0.4824074074074074 0.7348958333333333 0.4824074074074074
2 0.27447916666666666 0.3962962962962963 0.303125 0.3962962962962963 0.303125 0.5203703703703704 0.27447916666666666 0.5203703703703704
2 0.33697916666666666 0.2898148148148148 0.36041666666666666 0.2898148148148148 0.36041666666666666 0.3851851851851852 0.33697916666666666 0.3851851851851852
2 0.3880208333333333 0.26481481481481484 0.4083333333333333 0.26481481481481484 0.4083333333333333 0.33611111111111114 0.3880208333333333 0.33611111111111114
2 0.38125 0.20277777777777778 0.3963541666666667 0.20277777777777778 0.3963541666666667 0.2759259259259259 0.38125 0.2759259259259259
2 0.4078125 0.17037037037037037 0.42135416666666664 0.17037037037037037 0.42135416666666664 0.22407407407407406 0.4078125 0.22407407407407406
2 0.42083333333333334 0.1925925925925926 0.43020833333333336 0.1925925925925926 0.43020833333333336 0.25277777777777777 0.42083333333333334 0.25277777777777777
2 0.403125 0.12314814814814815 0.415625 0.12314814814814815 0.415625 0.16203703703703703 0.403125 0.16203703703703703
2 0.5276041666666667 0.18333333333333332 0.559375 0.18333333333333332 0.559375 0.23796296296296296 0.5276041666666667 0.23796296296296296
2 0.6083333333333333 0.1638888888888889 0.621875 0.1638888888888889 0.621875 0.21388888888888888 0.6083333333333333 0.21388888888888888
2 0.6755208333333333 0.2712962962962963 0.7005208333333334 0.2712962962962963 0.7005208333333334 0.3527777777777778 0.6755208333333333 0.3527777777777778
2 0.4479166666666667 0.2064814814814815 0.4640625 0.2064814814814815 0.4640625 0.26851851851851855 0.4479166666666667 0.26851851851851855
2 0.44427083333333334 0.1925925925925926 0.4557291666666667 0.1925925925925926 0.4557291666666667 0.24259259259259258 0.44427083333333334 0.24259259259259258
2 0.4348958333333333 0.1537037037037037 0.44583333333333336 0.1537037037037037 0.44583333333333336 0.1962962962962963 0.4348958333333333 0.1962962962962963
2 0.4578125 0.14074074074074075 0.46979166666666666 0.14074074074074075 0.46979166666666666 0.1935185185185185 0.4578125 0.1935185185185185
2 0.4739583333333333 0.1287037037037037 0.4817708333333333 0.1287037037037037 0.4817708333333333 0.16666666666666666 0.4739583333333333 0.16666666666666666
2 0.49166666666666664 0.12685185185185185 0.5036458333333333 0.12685185185185185 0.5036458333333333 0.16666666666666666 0.49166666666666664 0.16666666666666666