1 0.5005208333333333 0 0.6015625 0 0.6015625 0.09074074074074075 0.5005208333333333 0.09074074074074075
1 0.6880208333333333 0.45185185185185184 0.7125 0.45185185185185184 0.7125 0.5009259259259259 0.6880208333333333 0.5009259259259259
1 0.646875 0.2064814814814815 0.6828125 0.2064814814814815 0.6828125 0.3 0.646875 0.3
1 0.690625 0.7046296296296296 0.7140625 0.7046296296296296 0.7140625 0.7981481481481482 0.690625 0.7981481481481482
2 0.40677083333333336 0.002777777777777778 0.5130208333333334 0.002777777777777778 0.5130208333333334 0.08425925925925926 0.40677083333333336 0.08425925925925926
2 0.240625 0.09537037037037037 0.39947916666666666 0.09537037037037037 0.39947916666666666 0.21851851851851853 0.240625 0.21851851851851853
2 0.48385416666666664 0.17037037037037037 0.5598958333333334 0.17037037037037037 0.5598958333333334 0.2324074074074074 0.48385416666666664 0.2324074074074074
2 0.5572916666666666 0.23425925925925925 0.6114583333333333 0.23425925925925925 0.6114583333333333 0.2824074074074074 0.5572916666666666 0.2824074074074074
2 0.6354166666666666 0.26666666666666666 0.6614583333333334 0.26666666666666666 0.6614583333333334 0.287962962962963 0.6354166666666666 0.287962962962963
2 0.6 0.2740740740740741 0.6395833333333333 0.2740740740740741 0.6395833333333333 0.30925925925925923 0.6 0.30925925925925923
2 0.6427083333333333 0.30462962962962964 0.6802083333333333 0.30462962962962964 0.6802083333333333 0.33055555555555555 0.6427083333333333 0.33055555555555555
2 0.6515625 0.337037037037037 0.6869791666666667 0.337037037037037 0.6869791666666667 0.3592592592592593 0.6515625 0.3592592592592593
2 0.6432291666666666 0.3768518518518518 0.6739583333333333 0.3768518518518518 0.6739583333333333 0.39444444444444443 0.6432291666666666 0.39444444444444443
2 0.65625 0.3592592592592593 0.6802083333333333 0.3592592592592593 0.6802083333333333 0.37037037037037035 0.65625 0.37037037037037035
2 0.6036458333333333 0.3611111111111111 0.65 0.3611111111111111 0.65 0.38333333333333336 0.6036458333333333 0.38333333333333336
2 0.5130208333333334 0.3398148148148148 0.575 0.3398148148148148 0.575 0.38796296296296295 0.5130208333333334 0.38796296296296295
2 0.5458333333333333 0.29074074074074074 0.6078125 0.29074074074074074 0.6078125 0.3314814814814815 0.5458333333333333 0.3314814814814815
2 0.5598958333333334 0.37962962962962965 0.6104166666666667 0.37962962962962965 0.6104166666666667 0.40925925925925927 0.5598958333333334 0.40925925925925927
2 0.6 0.4398148148148148 0.6463541666666667 0.4398148148148148 0.6463541666666667 0.4740740740740741 0.6 0.4740740740740741
2 0.6458333333333334 0.4185185185185185 0.6776041666666667 0.4185185185185185 0.6776041666666667 0.44722222222222224 0.6458333333333334 0.44722222222222224
2 0.6520833333333333 0.45092592592592595 0.6869791666666667 0.45092592592592595 0.6869791666666667 0.47685185185185186 0.6520833333333333 0.47685185185185186
2 0.6734375 0.4009259259259259 0.6963541666666667 0.4009259259259259 0.6963541666666667 0.4166666666666667 0.6734375 0.4166666666666667
2 0.6791666666666667 0.38981481481481484 0.7005208333333334 0.38981481481481484 0.7005208333333334 0.4046296296296296 0.6791666666666667 0.4046296296296296
2 0.6765625 0.4361111111111111 0.6989583333333333 0.4361111111111111 0.6989583333333333 0.45185185185185184 0.6765625 0.45185185185185184
2 0.6911458333333333 0.425 0.7135416666666666 0.425 0.7135416666666666 0.44166666666666665 0.6911458333333333 0.44166666666666665
2 0.6994791666666667 0.39814814814814814 0.7192708333333333 0.39814814814814814 0.7192708333333333 0.41574074074074074 0.6994791666666667 0.41574074074074074
2 0.7005208333333334 0.49907407407407406 0.7203125 0.49907407407407406 0.7203125 0.5166666666666667 0.7005208333333334 0.5166666666666667
2 0.6953125 0.6648148148148149 0.7140625 0.6648148148148149 0.7140625 0.6796296296296296 0.6953125 0.6796296296296296
2 0.6661458333333333 0.6537037037037037 0.6979166666666666 0.6537037037037037 0.6979166666666666 0.6796296296296296 0.6661458333333333 0.6796296296296296
2 0.6666666666666666 0.7092592592592593 0.6953125 0.7092592592592593 0.6953125 0.7305555555555555 0.6666666666666666 0.7305555555555555
2 0.6380208333333334 0.6953703703703704 0.678125 0.6953703703703704 0.678125 0.7240740740740741 0.6380208333333334 0.7240740740740741