1 0.5828125 0.3592592592592593 0.6369791666666667 0.3592592592592593 0.6369791666666667 0.4648148148148148 0.5828125 0.4648148148148148
1 0.6473958333333333 0.18518518518518517 0.6822916666666666 0.18518518518518517 0.6822916666666666 0.3074074074074074 0.6473958333333333 0.3074074074074074
1 0.5036458333333333 0 0.6026041666666667 0 0.6026041666666667 0.09444444444444444 0.5036458333333333 0.09444444444444444
2 0.590625 0.8287037037037037 0.6354166666666666 0.8287037037037037 0.6354166666666666 0.8787037037037037 0.590625 0.8787037037037037
2 0.6192708333333333 0.337037037037037 0.6526041666666667 0.337037037037037 0.6526041666666667 0.3768518518518518 0.6192708333333333 0.3768518518518518
2 0.4432291666666667 0.012962962962962963 0.521875 0.012962962962962963 0.521875 0.08796296296296297 0.4432291666666667 0.08796296296296297
2 0.5958333333333333 0.7527777777777778 0.6375 0.7527777777777778 0.6375 0.8027777777777778 0.5958333333333333 0.8027777777777778
2 0.3723958333333333 0.1935185185185185 0.47552083333333334 0.1935185185185185 0.47552083333333334 0.287962962962963 0.3723958333333333 0.287962962962963
2 0.56875 0.2175925925925926 0.6098958333333333 0.2175925925925926 0.6098958333333333 0.2675925925925926 0.56875 0.2675925925925926
1 0.6151041666666667 0.5657407407407408 0.6989583333333333 0.5657407407407408 0.6989583333333333 0.6759259259259259 0.6151041666666667 0.6759259259259259
2 0.5578125 0.29907407407407405 0.6088541666666667 0.29907407407407405 0.6088541666666667 0.35555555555555557 0.5578125 0.35555555555555557
2 0.6645833333333333 0.425 0.6911458333333333 0.425 0.6911458333333333 0.4527777777777778 0.6645833333333333 0.4527777777777778
2 0.51875 0.1935185185185185 0.5760416666666667 0.1935185185185185 0.5760416666666667 0.24537037037037038 0.51875 0.24537037037037038
2 0.6375 0.7129629629629629 0.6791666666666667 0.7129629629629629 0.6791666666666667 0.737037037037037 0.6375 0.737037037037037
2 0.6760416666666667 0.46111111111111114 0.7005208333333334 0.46111111111111114 0.7005208333333334 0.4861111111111111 0.6760416666666667 0.4861111111111111
2 0.6505208333333333 0.4925925925925926 0.6848958333333334 0.4925925925925926 0.6848958333333334 0.5305555555555556 0.6505208333333333 0.5305555555555556
2 0.5067708333333333 0.0787037037037037 0.5697916666666667 0.0787037037037037 0.5697916666666667 0.14444444444444443 0.5067708333333333 0.14444444444444443
2 0.7 0.6277777777777778 0.7182291666666667 0.6277777777777778 0.7182291666666667 0.6564814814814814 0.7 0.6564814814814814
2 0.49635416666666665 0.25462962962962965 0.5583333333333333 0.25462962962962965 0.5583333333333333 0.3194444444444444 0.49635416666666665 0.3194444444444444
2 0.7088541666666667 0.4101851851851852 0.7255208333333333 0.4101851851851852 0.7255208333333333 0.4324074074074074 0.7088541666666667 0.4324074074074074
2 0.6427083333333333 0.7333333333333333 0.6770833333333334 0.7333333333333333 0.6770833333333334 0.7712962962962963 0.6427083333333333 0.7712962962962963