1 0.5 0 0.5989583333333334 0 0.5989583333333334 0.09444444444444444 0.5 0.09444444444444444
1 0.49895833333333334 0.2851851851851852 0.5802083333333333 0.2851851851851852 0.5802083333333333 0.4398148148148148 0.49895833333333334 0.4398148148148148
1 0.6463541666666667 0.17962962962962964 0.6817708333333333 0.17962962962962964 0.6817708333333333 0.29907407407407405 0.6463541666666667 0.29907407407407405
2 0.43125 0.8972222222222223 0.5072916666666667 0.8972222222222223 0.5072916666666667 0.9777777777777777 0.43125 0.9777777777777777
2 0.4822916666666667 0.07222222222222222 0.5432291666666667 0.07222222222222222 0.5432291666666667 0.14722222222222223 0.4822916666666667 0.14722222222222223
2 0.22708333333333333 0 0.35833333333333334 0 0.35833333333333334 0.058333333333333334 0.22708333333333333 0.058333333333333334
2 0.39166666666666666 0.037037037037037035 0.48489583333333336 0.037037037037037035 0.48489583333333336 0.11574074074074074 0.39166666666666666 0.11574074074074074
2 0.5609375 0.2462962962962963 0.6046875 0.2462962962962963 0.6046875 0.2972222222222222 0.5609375 0.2972222222222222
2 0.509375 0.7703703703703704 0.5708333333333333 0.7703703703703704 0.5708333333333333 0.8314814814814815 0.509375 0.8314814814814815
2 0.5645833333333333 0.8574074074074074 0.6151041666666667 0.8574074074074074 0.6151041666666667 0.9148148148148149 0.5645833333333333 0.9148148148148149
2 0.5984375 0.2824074074074074 0.6401041666666667 0.2824074074074074 0.6401041666666667 0.325 0.5984375 0.325
2 0.378125 0.16574074074074074 0.4786458333333333 0.16574074074074074 0.4786458333333333 0.24444444444444444 0.378125 0.24444444444444444
2 0.5901041666666667 0.3453703703703704 0.6333333333333333 0.3453703703703704 0.6333333333333333 0.38981481481481484 0.5901041666666667 0.38981481481481484
2 0.3151041666666667 0.8092592592592592 0.415625 0.8092592592592592 0.415625 0.9074074074074074 0.3151041666666667 0.9074074074074074
2 0.6421875 0.3537037037037037 0.6708333333333333 0.3537037037037037 0.6708333333333333 0.3888888888888889 0.6421875 0.3888888888888889
2 0.6333333333333333 0.4027777777777778 0.6651041666666667 0.4027777777777778 0.6651041666666667 0.43796296296296294 0.6333333333333333 0.43796296296296294
2 0.6505208333333333 0.7407407407407407 0.6817708333333333 0.7407407407407407 0.6817708333333333 0.7731481481481481 0.6505208333333333 0.7731481481481481
2 0.6520833333333333 0.6694444444444444 0.6796875 0.6694444444444444 0.6796875 0.7064814814814815 0.6520833333333333 0.7064814814814815
2 0.6942708333333333 0.4601851851851852 0.7135416666666666 0.4601851851851852 0.7135416666666666 0.48518518518518516 0.6942708333333333 0.48518518518518516