1 0.4078125 0.925 0.5078125 0.925 0.5078125 1 0.4078125 1
1 0.3578125 0.5342592592592592 0.4119791666666667 0.5342592592592592 0.4119791666666667 0.6277777777777778 0.3578125 0.6277777777777778
1 0.32083333333333336 0.32592592592592595 0.3625 0.32592592592592595 0.3625 0.4083333333333333 0.32083333333333336 0.4083333333333333
1 0.325 0.7074074074074074 0.3619791666666667 0.7074074074074074 0.3619791666666667 0.8046296296296296 0.325 0.8046296296296296
1 0.2911458333333333 0.4074074074074074 0.31145833333333334 0.4074074074074074 0.31145833333333334 0.45 0.2911458333333333 0.45
2 0.6265625 0.9314814814814815 0.7651041666666667 0.9314814814814815 0.7651041666666667 1 0.6265625 1
2 0.5026041666666666 0.9675925925925926 0.584375 0.9675925925925926 0.584375 1 0.5026041666666666 1
2 0.4640625 0.9388888888888889 0.5244791666666667 0.9388888888888889 0.5244791666666667 1 0.4640625 1
2 0.5161458333333333 0.8712962962962963 0.61875 0.8712962962962963 0.61875 0.9416666666666667 0.5161458333333333 0.9416666666666667
2 0.4510416666666667 0.7768518518518519 0.5395833333333333 0.7768518518518519 0.5395833333333333 0.8379629629629629 0.4510416666666667 0.8379629629629629
2 0.45989583333333334 0.6898148148148148 0.540625 0.6898148148148148 0.540625 0.7518518518518519 0.45989583333333334 0.7518518518518519
2 0.3859375 0.7435185185185185 0.4390625 0.7435185185185185 0.4390625 0.7824074074074074 0.3859375 0.7824074074074074
2 0.3489583333333333 0.7027777777777777 0.3958333333333333 0.7027777777777777 0.3958333333333333 0.7388888888888889 0.3489583333333333 0.7388888888888889
2 0.38229166666666664 0.6648148148148149 0.43645833333333334 0.6648148148148149 0.43645833333333334 0.6990740740740741 0.38229166666666664 0.6990740740740741
2 0.3223958333333333 0.6583333333333333 0.35625 0.6583333333333333 0.35625 0.6833333333333333 0.3223958333333333 0.6833333333333333
2 0.284375 0.6555555555555556 0.30833333333333335 0.6555555555555556 0.30833333333333335 0.6722222222222223 0.284375 0.6722222222222223
2 0.33229166666666665 0.6287037037037037 0.3729166666666667 0.6287037037037037 0.3729166666666667 0.6518518518518519 0.33229166666666665 0.6518518518518519
2 0.3015625 0.6296296296296297 0.3296875 0.6296296296296297 0.3296875 0.6509259259259259 0.3015625 0.6509259259259259
2 0.3151041666666667 0.6055555555555555 0.34270833333333334 0.6055555555555555 0.34270833333333334 0.6268518518518519 0.3151041666666667 0.6268518518518519
2 0.3078125 0.575 0.3375 0.575 0.3375 0.5962962962962963 0.3078125 0.5962962962962963
2 0.29322916666666665 0.5879629629629629 0.3177083333333333 0.5879629629629629 0.3177083333333333 0.6055555555555555 0.29322916666666665 0.6055555555555555
2 0.28958333333333336 0.5675925925925925 0.31302083333333336 0.5675925925925925 0.31302083333333336 0.5833333333333334 0.28958333333333336 0.5833333333333334
2 0.31197916666666664 0.549074074074074 0.3421875 0.549074074074074 0.3421875 0.5675925925925925 0.31197916666666664 0.5675925925925925
2 0.2869791666666667 0.5537037037037037 0.30885416666666665 0.5537037037037037 0.30885416666666665 0.5675925925925925 0.2869791666666667 0.5675925925925925
2 0.32083333333333336 0.4425925925925926 0.35625 0.4425925925925926 0.35625 0.48333333333333334 0.32083333333333336 0.48333333333333334
2 0.2911458333333333 0.3675925925925926 0.31302083333333336 0.3675925925925926 0.31302083333333336 0.387037037037037 0.2911458333333333 0.387037037037037
2 0.290625 0.33796296296296297 0.31197916666666664 0.33796296296296297 0.31197916666666664 0.35833333333333334 0.290625 0.35833333333333334
2 0.3453125 0.24351851851851852 0.38645833333333335 0.24351851851851852 0.38645833333333335 0.2796296296296296 0.3453125 0.2796296296296296
2 0.434375 0.020370370370370372 0.5036458333333333 0.020370370370370372 0.5036458333333333 0.0712962962962963 0.434375 0.0712962962962963