1 0.1390625 0.30648148148148147 0.25364583333333335 0.30648148148148147 0.25364583333333335 0.487962962962963 0.1390625 0.487962962962963
1 0.6770833333333334 0.45185185185185184 0.8265625 0.45185185185185184 0.8265625 0.6435185185185185 0.6770833333333334 0.6435185185185185
0 0.3375 0.125 0.41770833333333335 0.125 0.41770833333333335 0.30092592592592593 0.3375 0.30092592592592593
2 0.8833333333333333 0.7111111111111111 0.9442708333333333 0.7111111111111111 0.9442708333333333 0.8537037037037037 0.8833333333333333 0.8537037037037037
2 0.3484375 0.6462962962962963 0.41302083333333334 0.6462962962962963 0.41302083333333334 0.8666666666666667 0.3484375 0.8666666666666667
2 0.004166666666666667 0.5444444444444444 0.09322916666666667 0.5444444444444444 0.09322916666666667 0.7231481481481481 0.004166666666666667 0.7231481481481481
2 0.23385416666666667 0.4824074074074074 0.28020833333333334 0.4824074074074074 0.28020833333333334 0.6453703703703704 0.23385416666666667 0.6453703703703704
2 0.69375 0.7185185185185186 0.7515625 0.7185185185185186 0.7515625 0.85 0.69375 0.85
2 0.5510416666666667 0.1638888888888889 0.571875 0.1638888888888889 0.571875 0.21574074074074073 0.5510416666666667 0.21574074074074073
1 0.5348958333333333 0.11481481481481481 0.565625 0.11481481481481481 0.565625 0.15648148148148147 0.5348958333333333 0.15648148148148147
2 0.321875 0.4666666666666667 0.3625 0.4666666666666667 0.3625 0.6324074074074074 0.321875 0.6324074074074074
2 0.20989583333333334 0.18518518518518517 0.2526041666666667 0.18518518518518517 0.2526041666666667 0.2490740740740741 0.20989583333333334 0.2490740740740741
1 0.5744791666666667 0.13055555555555556 0.615625 0.13055555555555556 0.615625 0.18425925925925926 0.5744791666666667 0.18425925925925926
2 0.4510416666666667 0.18796296296296297 0.4734375 0.18796296296296297 0.4734375 0.24444444444444444 0.4510416666666667 0.24444444444444444
2 0.6364583333333333 0.2351851851851852 0.6583333333333333 0.2351851851851852 0.6583333333333333 0.29907407407407405 0.6364583333333333 0.29907407407407405
2 0.390625 0.3 0.42291666666666666 0.3 0.42291666666666666 0.4046296296296296 0.390625 0.4046296296296296
2 0.4161458333333333 0.2490740740740741 0.4395833333333333 0.2490740740740741 0.4395833333333333 0.3425925925925926 0.4161458333333333 0.3425925925925926
2 0.44479166666666664 0.2222222222222222 0.4671875 0.2222222222222222 0.4671875 0.30648148148148147 0.44479166666666664 0.30648148148148147
2 0.6270833333333333 0.2972222222222222 0.6697916666666667 0.2972222222222222 0.6697916666666667 0.41388888888888886 0.6270833333333333 0.41388888888888886
2 0.6463541666666667 0.16944444444444445 0.6635416666666667 0.16944444444444445 0.6635416666666667 0.23425925925925925 0.6463541666666667 0.23425925925925925
2 0.26197916666666665 0.34814814814814815 0.29375 0.34814814814814815 0.29375 0.4787037037037037 0.26197916666666665 0.4787037037037037