1 0.41510416666666666 0.9324074074074075 0.5140625 0.9324074074074075 0.5140625 1 0.41510416666666666 1
1 0.3921875 0.27314814814814814 0.45677083333333335 0.27314814814814814 0.45677083333333335 0.4 0.3921875 0.4
1 0.3328125 0.7166666666666667 0.36875 0.7166666666666667 0.36875 0.8166666666666667 0.3328125 0.8166666666666667
1 0.3177083333333333 0.387037037037037 0.34739583333333335 0.387037037037037 0.34739583333333335 0.4462962962962963 0.3177083333333333 0.4462962962962963
1 0.3171875 0.5462962962962963 0.3546875 0.5462962962962963 0.3546875 0.6083333333333333 0.3171875 0.6083333333333333
1 0.6026041666666667 0.6842592592592592 0.7796875 0.6842592592592592 0.7796875 0.9962962962962963 0.6026041666666667 0.9962962962962963
2 0.5140625 0.875 0.6223958333333334 0.875 0.6223958333333334 0.9537037037037037 0.5140625 0.9537037037037037
2 0.4859375 0.9361111111111111 0.5671875 0.9361111111111111 0.5671875 1 0.4859375 1
2 0.4661458333333333 0.799074074074074 0.5447916666666667 0.799074074074074 0.5447916666666667 0.8592592592592593 0.4661458333333333 0.8592592592592593
2 0.41770833333333335 0.5305555555555556 0.49947916666666664 0.5305555555555556 0.49947916666666664 0.5898148148148148 0.41770833333333335 0.5898148148148148
2 0.4270833333333333 0.6268518518518519 0.49895833333333334 0.6268518518518519 0.49895833333333334 0.6722222222222223 0.4270833333333333 0.6722222222222223
2 0.4239583333333333 0.6953703703703704 0.48333333333333334 0.6953703703703704 0.48333333333333334 0.7481481481481481 0.4239583333333333 0.7481481481481481
2 0.41875 0.7731481481481481 0.4661458333333333 0.7731481481481481 0.4661458333333333 0.8185185185185185 0.41875 0.8185185185185185
2 0.4317708333333333 0.8555555555555555 0.49583333333333335 0.8555555555555555 0.49583333333333335 0.9074074074074074 0.4317708333333333 0.9074074074074074
2 0.37135416666666665 0.7768518518518519 0.4109375 0.7768518518518519 0.4109375 0.8101851851851852 0.37135416666666665 0.8101851851851852
2 0.3807291666666667 0.7537037037037037 0.4296875 0.7537037037037037 0.4296875 0.7935185185185185 0.3807291666666667 0.7935185185185185
2 0.39166666666666666 0.7092592592592593 0.4390625 0.7092592592592593 0.4390625 0.7444444444444445 0.39166666666666666 0.7444444444444445
2 0.3807291666666667 0.6787037037037037 0.4270833333333333 0.6787037037037037 0.4270833333333333 0.6972222222222222 0.3807291666666667 0.6972222222222222
2 0.3645833333333333 0.6666666666666666 0.4088541666666667 0.6666666666666666 0.4088541666666667 0.7083333333333334 0.3645833333333333 0.7083333333333334
2 0.3619791666666667 0.6101851851851852 0.403125 0.6101851851851852 0.403125 0.6407407407407407 0.3619791666666667 0.6407407407407407
2 0.553125 0 0.6588541666666666 0 0.6588541666666666 0.044444444444444446 0.553125 0.044444444444444446
2 0.3375 0.32314814814814813 0.3796875 0.32314814814814813 0.3796875 0.3490740740740741 0.3375 0.3490740740740741
2 0.32447916666666665 0.2833333333333333 0.36302083333333335 0.2833333333333333 0.36302083333333335 0.3111111111111111 0.32447916666666665 0.3111111111111111
2 0.321875 0.662962962962963 0.34427083333333336 0.662962962962963 0.34427083333333336 0.6814814814814815 0.321875 0.6814814814814815
2 0.3359375 0.6462962962962963 0.3671875 0.6462962962962963 0.3671875 0.6703703703703704 0.3359375 0.6703703703703704
2 0.325 0.6212962962962963 0.35572916666666665 0.6212962962962963 0.35572916666666665 0.6444444444444445 0.325 0.6444444444444445
2 0.3307291666666667 0.46111111111111114 0.36354166666666665 0.46111111111111114 0.36354166666666665 0.5111111111111111 0.3307291666666667 0.5111111111111111