1 0.48854166666666665 0 0.5921875 0 0.5921875 0.07407407407407407 0.48854166666666665 0.07407407407407407
1 0.590625 0.3731481481481482 0.6484375 0.3731481481481482 0.6484375 0.4685185185185185 0.590625 0.4685185185185185
1 0.6307291666666667 0.5898148148148148 0.6755208333333333 0.5898148148148148 0.6755208333333333 0.675 0.6307291666666667 0.675
1 0.6385416666666667 0.18888888888888888 0.675 0.18888888888888888 0.675 0.28888888888888886 0.6385416666666667 0.28888888888888886
2 0.428125 0 0.5197916666666667 0 0.5197916666666667 0.06944444444444445 0.428125 0.06944444444444445
2 0.26197916666666665 0 0.40729166666666666 0 0.40729166666666666 0.11851851851851852 0.26197916666666665 0.11851851851851852
2 0.39895833333333336 0.07962962962962963 0.503125 0.07962962962962963 0.503125 0.1648148148148148 0.39895833333333336 0.1648148148148148
2 0.4984375 0.16111111111111112 0.5619791666666667 0.16111111111111112 0.5619791666666667 0.23055555555555557 0.4984375 0.23055555555555557
2 0.4828125 0.2657407407407407 0.5588541666666667 0.2657407407407407 0.5588541666666667 0.3333333333333333 0.4828125 0.3333333333333333
2 0.571875 0.21944444444444444 0.6260416666666667 0.21944444444444444 0.6260416666666667 0.2740740740740741 0.571875 0.2740740740740741
2 0.6083333333333333 0.2712962962962963 0.6484375 0.2712962962962963 0.6484375 0.3 0.6083333333333333 0.3
2 0.5723958333333333 0.3055555555555556 0.628125 0.3055555555555556 0.628125 0.34444444444444444 0.5723958333333333 0.34444444444444444
2 0.4864583333333333 0.9444444444444444 0.5458333333333333 0.9444444444444444 0.5458333333333333 1 0.4864583333333333 1
2 0.5958333333333333 0.7277777777777777 0.65 0.7277777777777777 0.65 0.7777777777777778 0.5958333333333333 0.7777777777777778
2 0.6473958333333333 0.3175925925925926 0.6802083333333333 0.3175925925925926 0.6802083333333333 0.3509259259259259 0.6473958333333333 0.3509259259259259
2 0.6291666666666667 0.34814814814814815 0.6682291666666667 0.34814814814814815 0.6682291666666667 0.37037037037037035 0.6291666666666667 0.37037037037037035
2 0.6755208333333333 0.35833333333333334 0.7 0.35833333333333334 0.7 0.3712962962962963 0.6755208333333333 0.3712962962962963
2 0.6911458333333333 0.32407407407407407 0.7140625 0.32407407407407407 0.7140625 0.35 0.6911458333333333 0.35
2 0.6583333333333333 0.37592592592592594 0.690625 0.37592592592592594 0.690625 0.3972222222222222 0.6583333333333333 0.3972222222222222
2 0.6625 0.40185185185185185 0.6953125 0.40185185185185185 0.6953125 0.4212962962962963 0.6625 0.4212962962962963
2 0.6645833333333333 0.4324074074074074 0.6890625 0.4324074074074074 0.6890625 0.4537037037037037 0.6645833333333333 0.4537037037037037
2 0.6864583333333333 0.39814814814814814 0.7052083333333333 0.39814814814814814 0.7052083333333333 0.4111111111111111 0.6864583333333333 0.4111111111111111
2 0.6895833333333333 0.4185185185185185 0.7109375 0.4185185185185185 0.7109375 0.43148148148148147 0.6895833333333333 0.43148148148148147
2 0.6828125 0.612037037037037 0.70625 0.612037037037037 0.70625 0.6305555555555555 0.6828125 0.6305555555555555
2 0.6838541666666667 0.6472222222222223 0.7078125 0.6472222222222223 0.7078125 0.6694444444444444 0.6838541666666667 0.6694444444444444
1 0.6864583333333333 0.5509259259259259 0.7104166666666667 0.5509259259259259 0.7104166666666667 0.6 0.6864583333333333 0.6
2 0.6427083333333333 0.5027777777777778 0.675 0.5027777777777778 0.675 0.5574074074074075 0.6427083333333333 0.5574074074074075