1 0.14375 0.31574074074074077 0.2713541666666667 0.31574074074074077 0.2713541666666667 0.48703703703703705 0.14375 0.48703703703703705
1 0.3171875 0.17962962962962964 0.38385416666666666 0.17962962962962964 0.38385416666666666 0.2388888888888889 0.3171875 0.2388888888888889
2 0.7885416666666667 0.4601851851851852 0.8427083333333333 0.4601851851851852 0.8427083333333333 0.6064814814814815 0.7885416666666667 0.6064814814814815
2 0.6822916666666666 0.29444444444444445 0.7145833333333333 0.29444444444444445 0.7145833333333333 0.3824074074074074 0.6822916666666666 0.3824074074074074
2 0.42135416666666664 0.262037037037037 0.44479166666666664 0.262037037037037 0.44479166666666664 0.3277777777777778 0.42135416666666664 0.3277777777777778
2 0.4484375 0.2 0.471875 0.2 0.471875 0.2657407407407407 0.4484375 0.2657407407407407
2 0.5958333333333333 0.15925925925925927 0.6151041666666667 0.15925925925925927 0.6151041666666667 0.20555555555555555 0.5958333333333333 0.20555555555555555
2 0.6427083333333333 0.29444444444444445 0.6723958333333333 0.29444444444444445 0.6723958333333333 0.387037037037037 0.6427083333333333 0.387037037037037
2 0.38645833333333335 0.2324074074074074 0.4109375 0.2324074074074074 0.4109375 0.30185185185185187 0.38645833333333335 0.30185185185185187
2 0.5869791666666667 0.19166666666666668 0.6057291666666667 0.19166666666666668 0.6057291666666667 0.23703703703703705 0.5869791666666667 0.23703703703703705
2 0.6385416666666667 0.23148148148148148 0.6619791666666667 0.23148148148148148 0.6619791666666667 0.29074074074074074 0.6385416666666667 0.29074074074074074
2 0.37916666666666665 0.3638888888888889 0.42135416666666664 0.3638888888888889 0.42135416666666664 0.4925925925925926 0.37916666666666665 0.4925925925925926
2 0.5541666666666667 0.14074074074074075 0.5723958333333333 0.14074074074074075 0.5723958333333333 0.1824074074074074 0.5541666666666667 0.1824074074074074
2 0.4244791666666667 0.2064814814814815 0.4473958333333333 0.2064814814814815 0.4473958333333333 0.262037037037037 0.4244791666666667 0.262037037037037
2 0.48333333333333334 0.14444444444444443 0.49895833333333334 0.14444444444444443 0.49895833333333334 0.18611111111111112 0.48333333333333334 0.18611111111111112
2 0.43854166666666666 0.3490740740740741 0.475 0.3490740740740741 0.475 0.48518518518518516 0.43854166666666666 0.48518518518518516
2 0.20833333333333334 0.7027777777777777 0.2703125 0.7027777777777777 0.2703125 0.9712962962962963 0.20833333333333334 0.9712962962962963