1 0.5010416666666667 0 0.6 0 0.6 0.10092592592592593 0.5010416666666667 0.10092592592592593
1 0.6510416666666666 0.19074074074074074 0.6859375 0.19074074074074074 0.6859375 0.30925925925925923 0.6510416666666666 0.30925925925925923
2 0.32916666666666666 0.003703703703703704 0.43020833333333336 0.003703703703703704 0.43020833333333336 0.10925925925925926 0.32916666666666666 0.10925925925925926
2 0.6427083333333333 0.33611111111111114 0.6744791666666666 0.33611111111111114 0.6744791666666666 0.37222222222222223 0.6427083333333333 0.37222222222222223
2 0.7114583333333333 0.5685185185185185 0.728125 0.5685185185185185 0.728125 0.5916666666666667 0.7114583333333333 0.5916666666666667
2 0.6401041666666667 0.6527777777777778 0.6734375 0.6527777777777778 0.6734375 0.6888888888888889 0.6401041666666667 0.6888888888888889
2 0.6671875 0.4185185185185185 0.6916666666666667 0.4185185185185185 0.6916666666666667 0.44907407407407407 0.6671875 0.44907407407407407
2 0.4484375 0.8592592592592593 0.5265625 0.8592592592592593 0.5265625 0.9435185185185185 0.4484375 0.9435185185185185
2 0.6520833333333333 0.7842592592592592 0.6765625 0.7842592592592592 0.6765625 0.8148148148148148 0.6520833333333333 0.8148148148148148
2 0.5994791666666667 0.35648148148148145 0.640625 0.35648148148148145 0.640625 0.4064814814814815 0.5994791666666667 0.4064814814814815
2 0.5630208333333333 0.7796296296296297 0.6135416666666667 0.7796296296296297 0.6135416666666667 0.8351851851851851 0.5630208333333333 0.8351851851851851
2 0.421875 0.2574074074074074 0.5197916666666667 0.2574074074074074 0.5197916666666667 0.3287037037037037 0.421875 0.3287037037037037
2 0.6458333333333334 0.38796296296296295 0.6755208333333333 0.38796296296296295 0.6755208333333333 0.4212962962962963 0.6458333333333334 0.4212962962962963
2 0.6557291666666667 0.5935185185185186 0.6864583333333333 0.5935185185185186 0.6864583333333333 0.6314814814814815 0.6557291666666667 0.6314814814814815
2 0.49635416666666665 0.2351851851851852 0.5614583333333333 0.2351851851851852 0.5614583333333333 0.3055555555555556 0.49635416666666665 0.3055555555555556
2 0.5979166666666667 0.6842592592592592 0.6364583333333333 0.6842592592592592 0.6364583333333333 0.725925925925926 0.5979166666666667 0.725925925925926
2 0.665625 0.7157407407407408 0.690625 0.7157407407407408 0.690625 0.7527777777777778 0.665625 0.7527777777777778
2 0.6119791666666666 0.42777777777777776 0.6520833333333333 0.42777777777777776 0.6520833333333333 0.47129629629629627 0.6119791666666666 0.47129629629629627
2 0.6296875 0.6981481481481482 0.6630208333333333 0.6981481481481482 0.6630208333333333 0.7388888888888889 0.6296875 0.7388888888888889
2 0.6854166666666667 0.47314814814814815 0.7067708333333333 0.47314814814814815 0.7067708333333333 0.4981481481481482 0.6854166666666667 0.4981481481481482
2 0.49947916666666664 0.912962962962963 0.5536458333333333 0.912962962962963 0.5536458333333333 0.9944444444444445 0.49947916666666664 0.9944444444444445
2 0.70625 0.6564814814814814 0.7234375 0.6564814814814814 0.7234375 0.6814814814814815 0.70625 0.6814814814814815