1 0.14375 0.30925925925925923 0.271875 0.30925925925925923 0.271875 0.48148148148148145 0.14375 0.48148148148148145
1 0.31666666666666665 0.1787037037037037 0.38229166666666664 0.1787037037037037 0.38229166666666664 0.24444444444444444 0.31666666666666665 0.24444444444444444
2 0.7630208333333334 0.4166666666666667 0.8104166666666667 0.4166666666666667 0.8104166666666667 0.5435185185185185 0.7630208333333334 0.5435185185185185
2 0.5260416666666666 0.17777777777777778 0.5609375 0.17777777777777778 0.5609375 0.22407407407407406 0.5260416666666666 0.22407407407407406
2 0.44583333333333336 0.21296296296296297 0.4708333333333333 0.21296296296296297 0.4708333333333333 0.2851851851851852 0.44583333333333336 0.2851851851851852
2 0.359375 0.41574074074074074 0.403125 0.41574074074074074 0.403125 0.5574074074074075 0.359375 0.5574074074074075
2 0.4828125 0.14444444444444443 0.4979166666666667 0.14444444444444443 0.4979166666666667 0.1925925925925926 0.4828125 0.1925925925925926
2 0.6317708333333333 0.2064814814814815 0.6536458333333334 0.2064814814814815 0.6536458333333334 0.26666666666666666 0.6317708333333333 0.26666666666666666
2 0.4296875 0.14351851851851852 0.44427083333333334 0.14351851851851852 0.44427083333333334 0.1824074074074074 0.4296875 0.1824074074074074
2 0.5828125 0.17222222222222222 0.5984375 0.17222222222222222 0.5984375 0.2212962962962963 0.5828125 0.2212962962962963
2 0.43333333333333335 0.4212962962962963 0.46458333333333335 0.4212962962962963 0.46458333333333335 0.5694444444444444 0.43333333333333335 0.5694444444444444
2 0.6359375 0.27314814814814814 0.6588541666666666 0.27314814814814814 0.6588541666666666 0.35648148148148145 0.6359375 0.35648148148148145
2 0.3828125 0.23796296296296296 0.4078125 0.23796296296296296 0.4078125 0.3194444444444444 0.3828125 0.3194444444444444
2 0.6682291666666667 0.2722222222222222 0.6932291666666667 0.2722222222222222 0.6932291666666667 0.3490740740740741 0.6682291666666667 0.3490740740740741
2 0.41458333333333336 0.2712962962962963 0.434375 0.2712962962962963 0.434375 0.3638888888888889 0.41458333333333336 0.3638888888888889
2 0.4234375 0.21388888888888888 0.4395833333333333 0.21388888888888888 0.4395833333333333 0.27870370370370373 0.4234375 0.27870370370370373
2 0.39947916666666666 0.20925925925925926 0.41458333333333336 0.20925925925925926 0.41458333333333336 0.26851851851851855 0.39947916666666666 0.26851851851851855
2 0.6494791666666667 0.14814814814814814 0.6651041666666667 0.14814814814814814 0.6651041666666667 0.20092592592592592 0.6494791666666667 0.20092592592592592