1 0.14114583333333333 0.3175925925925926 0.2734375 0.3175925925925926 0.2734375 0.4925925925925926 0.14114583333333333 0.4925925925925926
1 0.325 0.1685185185185185 0.3927083333333333 0.1685185185185185 0.3927083333333333 0.23148148148148148 0.325 0.23148148148148148
2 0.40989583333333335 0.1824074074074074 0.4296875 0.1824074074074074 0.4296875 0.2324074074074074 0.40989583333333335 0.2324074074074074
2 0.2604166666666667 0.537962962962963 0.31302083333333336 0.537962962962963 0.31302083333333336 0.6981481481481482 0.2604166666666667 0.6981481481481482
2 0.6572916666666667 0.19166666666666668 0.675 0.19166666666666668 0.675 0.23425925925925925 0.6572916666666667 0.23425925925925925
2 0.5869791666666667 0.21203703703703702 0.6078125 0.21203703703703702 0.6078125 0.27314814814814814 0.5869791666666667 0.27314814814814814
2 0.6635416666666667 0.32314814814814813 0.6979166666666666 0.32314814814814813 0.6979166666666666 0.41944444444444445 0.6635416666666667 0.41944444444444445
2 0.4244791666666667 0.23055555555555557 0.4510416666666667 0.23055555555555557 0.4510416666666667 0.30185185185185187 0.4244791666666667 0.30185185185185187
2 0.6072916666666667 0.2777777777777778 0.6338541666666667 0.2777777777777778 0.6338541666666667 0.3527777777777778 0.6072916666666667 0.3527777777777778
2 0.5395833333333333 0.09907407407407408 0.5526041666666667 0.09907407407407408 0.5526041666666667 0.13055555555555556 0.5395833333333333 0.13055555555555556
2 0.61875 0.1648148148148148 0.6380208333333334 0.1648148148148148 0.6380208333333334 0.2101851851851852 0.61875 0.2101851851851852
2 0.06822916666666666 0.7787037037037037 0.15260416666666668 0.7787037037037037 0.15260416666666668 0.9861111111111112 0.06822916666666666 0.9861111111111112
2 0.590625 0.10555555555555556 0.6041666666666666 0.10555555555555556 0.6041666666666666 0.13796296296296295 0.590625 0.13796296296296295
2 0.6161458333333333 0.225 0.640625 0.225 0.640625 0.2861111111111111 0.6161458333333333 0.2861111111111111
2 0.721875 0.5074074074074074 0.7734375 0.5074074074074074 0.7734375 0.6657407407407407 0.721875 0.6657407407407407
2 0.5723958333333333 0.1111111111111111 0.5859375 0.1111111111111111 0.5859375 0.14537037037037037 0.5723958333333333 0.14537037037037037
2 0.46041666666666664 0.20925925925925926 0.4822916666666667 0.20925925925925926 0.4822916666666667 0.275 0.46041666666666664 0.275
2 0.3734375 0.4111111111111111 0.41354166666666664 0.4111111111111111 0.41354166666666664 0.5564814814814815 0.3734375 0.5564814814814815
2 0.5526041666666667 0.17314814814814813 0.5744791666666667 0.17314814814814813 0.5744791666666667 0.2324074074074074 0.5526041666666667 0.2324074074074074
2 0.5729166666666666 0.16574074074074074 0.5833333333333334 0.16574074074074074 0.5833333333333334 0.22407407407407406 0.5729166666666666 0.22407407407407406
2 0.4552083333333333 0.15462962962962962 0.46979166666666666 0.15462962962962962 0.46979166666666666 0.1925925925925926 0.4552083333333333 0.1925925925925926
2 0.7578125 0.41203703703703703 0.7963541666666667 0.41203703703703703 0.7963541666666667 0.5296296296296297 0.7578125 0.5296296296296297
2 0.9369791666666667 0.7157407407407408 1 0.7157407407407408 1 0.950925925925926 0.9369791666666667 0.950925925925926
2 0.3640625 0.3490740740740741 0.3921875 0.3490740740740741 0.3921875 0.4564814814814815 0.3640625 0.4564814814814815