1 0.50625 0 0.6088541666666667 0 0.6088541666666667 0.08518518518518518 0.50625 0.08518518518518518
1 0.546875 0.7342592592592593 0.6182291666666667 0.7342592592592593 0.6182291666666667 0.8888888888888888 0.546875 0.8888888888888888
2 0.6880208333333333 0.5824074074074074 0.7125 0.5824074074074074 0.7125 0.6101851851851852 0.6880208333333333 0.6101851851851852
2 0.440625 0.8555555555555555 0.5166666666666667 0.8555555555555555 0.5166666666666667 0.9407407407407408 0.440625 0.9407407407407408
2 0.4171875 0.17222222222222222 0.5036458333333333 0.17222222222222222 0.5036458333333333 0.25833333333333336 0.4171875 0.25833333333333336
2 0.5125 0.22685185185185186 0.5744791666666667 0.22685185185185186 0.5744791666666667 0.3 0.5125 0.3
0 0.5645833333333333 0.1537037037037037 0.68125 0.1537037037037037 0.68125 0.3509259259259259 0.5645833333333333 0.3509259259259259
2 0.5322916666666667 0.3638888888888889 0.59375 0.3638888888888889 0.59375 0.42685185185185187 0.5322916666666667 0.42685185185185187
1 0.7098958333333333 0.5527777777777778 0.7302083333333333 0.5527777777777778 0.7302083333333333 0.5990740740740741 0.7098958333333333 0.5990740740740741
2 0.5223958333333333 0.9361111111111111 0.5791666666666667 0.9361111111111111 0.5791666666666667 0.9990740740740741 0.5223958333333333 0.9990740740740741
2 0.59375 0.3990740740740741 0.6411458333333333 0.3990740740740741 0.6411458333333333 0.4537037037037037 0.59375 0.4537037037037037
1 0.6744791666666666 0.4203703703703704 0.7072916666666667 0.4203703703703704 0.7072916666666667 0.49074074074074076 0.6744791666666666 0.49074074074074076
1 0.6963541666666667 0.6101851851851852 0.7203125 0.6101851851851852 0.7203125 0.6722222222222223 0.6963541666666667 0.6722222222222223
2 0.5270833333333333 0.6527777777777778 0.5901041666666667 0.6527777777777778 0.5901041666666667 0.7175925925925926 0.5270833333333333 0.7175925925925926
2 0.6588541666666666 0.5027777777777778 0.6921875 0.5027777777777778 0.6921875 0.5453703703703704 0.6588541666666666 0.5453703703703704
2 0.6927083333333334 0.387037037037037 0.7171875 0.387037037037037 0.7171875 0.412962962962963 0.6927083333333334 0.412962962962963
2 0.6239583333333333 0.6962962962962963 0.6729166666666667 0.6962962962962963 0.6729166666666667 0.7361111111111112 0.6239583333333333 0.7361111111111112