1 0.396875 0.9018518518518519 0.49583333333333335 0.9018518518518519 0.49583333333333335 1 0.396875 1
1 0.31614583333333335 0.6898148148148148 0.35 0.6898148148148148 0.35 0.8111111111111111 0.31614583333333335 0.8111111111111111
2 0.32395833333333335 0.6277777777777778 0.3546875 0.6277777777777778 0.3546875 0.662962962962963 0.32395833333333335 0.662962962962963
2 0.33177083333333335 0.3101851851851852 0.365625 0.3101851851851852 0.365625 0.3472222222222222 0.33177083333333335 0.3472222222222222
2 0.5354166666666667 0.8527777777777777 0.6359375 0.8527777777777777 0.6359375 0.9564814814814815 0.5354166666666667 0.9564814814814815
2 0.3260416666666667 0.18703703703703703 0.35 0.18703703703703703 0.35 0.21851851851851853 0.3260416666666667 0.21851851851851853
2 0.2734375 0.4083333333333333 0.2911458333333333 0.4083333333333333 0.2911458333333333 0.43148148148148147 0.2734375 0.43148148148148147
2 0.353125 0.5879629629629629 0.39375 0.5879629629629629 0.39375 0.6370370370370371 0.353125 0.6370370370370371
2 0.3932291666666667 0.1574074074074074 0.44635416666666666 0.1574074074074074 0.44635416666666666 0.21388888888888888 0.3932291666666667 0.21388888888888888
2 0.27760416666666665 0.3175925925925926 0.29583333333333334 0.3175925925925926 0.29583333333333334 0.3425925925925926 0.27760416666666665 0.3425925925925926
2 0.49166666666666664 0.037037037037037035 0.5697916666666667 0.037037037037037035 0.5697916666666667 0.12314814814814815 0.49166666666666664 0.12314814814814815
2 0.3223958333333333 0.5768518518518518 0.3494791666666667 0.5768518518518518 0.3494791666666667 0.6101851851851852 0.3223958333333333 0.6101851851851852
2 0.453125 0 0.515625 0 0.515625 0.06388888888888888 0.453125 0.06388888888888888
2 0.3697916666666667 0.26666666666666666 0.41354166666666664 0.26666666666666666 0.41354166666666664 0.3138888888888889 0.3697916666666667 0.3138888888888889
2 0.4661458333333333 0.6592592592592592 0.5510416666666667 0.6592592592592592 0.5510416666666667 0.7361111111111112 0.4661458333333333 0.7361111111111112
2 0.3151041666666667 0.37037037037037035 0.34739583333333335 0.37037037037037035 0.34739583333333335 0.4074074074074074 0.3151041666666667 0.4074074074074074
2 0.3098958333333333 0.3509259259259259 0.3421875 0.3509259259259259 0.3421875 0.3990740740740741 0.3098958333333333 0.3990740740740741
2 0.3072916666666667 0.5537037037037037 0.32864583333333336 0.5537037037037037 0.32864583333333336 0.5814814814814815 0.3072916666666667 0.5814814814814815
2 0.3421875 0.25555555555555554 0.3776041666666667 0.25555555555555554 0.3776041666666667 0.29907407407407405 0.3421875 0.29907407407407405
2 0.31666666666666665 0.4425925925925926 0.3458333333333333 0.4425925925925926 0.3458333333333333 0.48703703703703705 0.31666666666666665 0.48703703703703705
2 0.42552083333333335 0.7055555555555556 0.48125 0.7055555555555556 0.48125 0.7481481481481481 0.42552083333333335 0.7481481481481481
2 0.334375 0.5333333333333333 0.378125 0.5333333333333333 0.378125 0.5675925925925925 0.334375 0.5675925925925925