1 0.14635416666666667 0.3287037037037037 0.2677083333333333 0.3287037037037037 0.2677083333333333 0.5074074074074074 0.14635416666666667 0.5074074074074074
1 0.33125 0.1787037037037037 0.38958333333333334 0.1787037037037037 0.38958333333333334 0.24259259259259258 0.33125 0.24259259259259258
1 0.5432291666666667 0.10833333333333334 0.5713541666666667 0.10833333333333334 0.5713541666666667 0.15462962962962962 0.5432291666666667 0.15462962962962962
1 0.64375 0.12129629629629629 0.7140625 0.12129629629629629 0.7140625 0.175 0.64375 0.175
2 0.109375 0.7787037037037037 0.20260416666666667 0.7787037037037037 0.20260416666666667 1 0.109375 1
2 0.14791666666666667 0.5453703703703704 0.19895833333333332 0.5453703703703704 0.19895833333333332 0.7314814814814815 0.14791666666666667 0.7314814814814815
2 0.296875 0.3638888888888889 0.31875 0.3638888888888889 0.31875 0.5027777777777778 0.296875 0.5027777777777778
2 0.3484375 0.4564814814814815 0.3859375 0.4564814814814815 0.3859375 0.5981481481481481 0.3484375 0.5981481481481481
2 0.35885416666666664 0.34629629629629627 0.38697916666666665 0.34629629629629627 0.38697916666666665 0.4601851851851852 0.35885416666666664 0.4601851851851852
2 0.40625 0.3416666666666667 0.43697916666666664 0.3416666666666667 0.43697916666666664 0.45185185185185184 0.40625 0.45185185185185184
2 0.346875 0.2796296296296296 0.37604166666666666 0.2796296296296296 0.37604166666666666 0.387037037037037 0.346875 0.387037037037037
2 0.403125 0.21481481481481482 0.41510416666666666 0.21481481481481482 0.41510416666666666 0.275 0.403125 0.275
2 0.41875 0.23148148148148148 0.4296875 0.23148148148148148 0.4296875 0.3111111111111111 0.41875 0.3111111111111111
2 0.4348958333333333 0.20277777777777778 0.44375 0.20277777777777778 0.44375 0.2638888888888889 0.4348958333333333 0.2638888888888889
2 0.45677083333333335 0.20462962962962963 0.4661458333333333 0.20462962962962963 0.4661458333333333 0.2611111111111111 0.45677083333333335 0.2611111111111111
2 0.4708333333333333 0.2074074074074074 0.4828125 0.2074074074074074 0.4828125 0.27685185185185185 0.4708333333333333 0.27685185185185185
2 0.6484375 0.2564814814814815 0.6666666666666666 0.2564814814814815 0.6666666666666666 0.3333333333333333 0.6484375 0.3333333333333333
2 0.6510416666666666 0.21574074074074073 0.6625 0.21574074074074073 0.6625 0.26481481481481484 0.6510416666666666 0.26481481481481484
2 0.5661458333333333 0.1675925925925926 0.5901041666666667 0.1675925925925926 0.5901041666666667 0.2212962962962963 0.5661458333333333 0.2212962962962963
2 0.5942708333333333 0.17407407407407408 0.6114583333333333 0.17407407407407408 0.6114583333333333 0.23148148148148148 0.5942708333333333 0.23148148148148148
2 0.621875 0.15648148148148147 0.6286458333333333 0.15648148148148147 0.6286458333333333 0.20925925925925926 0.621875 0.20925925925925926
2 0.48333333333333334 0.16018518518518518 0.49166666666666664 0.16018518518518518 0.49166666666666664 0.20833333333333334 0.48333333333333334 0.20833333333333334
2 0.47552083333333334 0.13240740740740742 0.48541666666666666 0.13240740740740742 0.48541666666666666 0.17592592592592593 0.47552083333333334 0.17592592592592593
2 0.4041666666666667 0.1574074074074074 0.4125 0.1574074074074074 0.4125 0.19166666666666668 0.4041666666666667 0.19166666666666668
2 0.4078125 0.1648148148148148 0.4197916666666667 0.1648148148148148 0.4197916666666667 0.2074074074074074 0.4078125 0.2074074074074074
2 0.4171875 0.17685185185185184 0.42916666666666664 0.17685185185185184 0.42916666666666664 0.22407407407407406 0.4171875 0.22407407407407406
2 0.43645833333333334 0.14722222222222223 0.4427083333333333 0.14722222222222223 0.4427083333333333 0.18796296296296297 0.43645833333333334 0.18796296296296297
2 0.44583333333333336 0.1537037037037037 0.45364583333333336 0.1537037037037037 0.45364583333333336 0.18888888888888888 0.44583333333333336 0.18888888888888888
2 0.4515625 0.16666666666666666 0.46145833333333336 0.16666666666666666 0.46145833333333336 0.2101851851851852 0.4515625 0.2101851851851852
2 0.4609375 0.13240740740740742 0.4703125 0.13240740740740742 0.4703125 0.1787037037037037 0.4609375 0.1787037037037037
2 0.46510416666666665 0.11481481481481481 0.4739583333333333 0.11481481481481481 0.4739583333333333 0.14629629629629629 0.46510416666666665 0.14629629629629629