1 0.328125 0.17592592592592593 0.3927083333333333 0.17592592592592593 0.3927083333333333 0.24074074074074073 0.328125 0.24074074074074073
1 0.45364583333333336 0.16203703703703703 0.49270833333333336 0.16203703703703703 0.49270833333333336 0.22037037037037038 0.45364583333333336 0.22037037037037038
1 0.5932291666666667 0.10833333333333334 0.6260416666666667 0.10833333333333334 0.6260416666666667 0.14537037037037037 0.5932291666666667 0.14537037037037037
1 0.5890625 0.40555555555555556 0.8020833333333334 0.40555555555555556 0.8020833333333334 0.8888888888888888 0.5890625 0.8888888888888888
1 0.15104166666666666 0.31851851851851853 0.2604166666666667 0.31851851851851853 0.2604166666666667 0.5037037037037037 0.15104166666666666 0.5037037037037037
2 0.8479166666666667 0.6046296296296296 0.921875 0.6046296296296296 0.921875 0.8638888888888889 0.8479166666666667 0.8638888888888889
2 0.16302083333333334 0.5768518518518518 0.2109375 0.5768518518518518 0.2109375 0.7574074074074074 0.16302083333333334 0.7574074074074074
2 0.17916666666666667 0.675 0.265625 0.675 0.265625 0.975 0.17916666666666667 0.975
2 0.2515625 0.7481481481481481 0.33125 0.7481481481481481 0.33125 0.9935185185185185 0.2515625 0.9935185185185185
2 0.384375 0.5314814814814814 0.4296875 0.5314814814814814 0.4296875 0.7194444444444444 0.384375 0.7194444444444444
2 0.31927083333333334 0.43796296296296294 0.3572916666666667 0.43796296296296294 0.3572916666666667 0.5944444444444444 0.31927083333333334 0.5944444444444444
2 0.21145833333333333 0.462037037037037 0.25416666666666665 0.462037037037037 0.25416666666666665 0.587037037037037 0.21145833333333333 0.587037037037037
2 0.26927083333333335 0.33055555555555555 0.3067708333333333 0.33055555555555555 0.3067708333333333 0.4583333333333333 0.26927083333333335 0.4583333333333333
2 0.32708333333333334 0.3574074074074074 0.3536458333333333 0.3574074074074074 0.3536458333333333 0.43333333333333335 0.32708333333333334 0.43333333333333335
2 0.36875 0.30925925925925923 0.38645833333333335 0.30925925925925923 0.38645833333333335 0.3990740740740741 0.36875 0.3990740740740741
2 0.4166666666666667 0.32314814814814813 0.440625 0.32314814814814813 0.440625 0.43796296296296294 0.4166666666666667 0.43796296296296294
2 0.434375 0.28703703703703703 0.45625 0.28703703703703703 0.45625 0.36203703703703705 0.434375 0.36203703703703705
2 0.45 0.2175925925925926 0.46927083333333336 0.2175925925925926 0.46927083333333336 0.29259259259259257 0.45 0.29259259259259257
2 0.428125 0.20277777777777778 0.44427083333333334 0.20277777777777778 0.44427083333333334 0.2759259259259259 0.428125 0.2759259259259259
2 0.4 0.21666666666666667 0.4166666666666667 0.21666666666666667 0.4166666666666667 0.2861111111111111 0.4 0.2861111111111111
2 0.4125 0.18055555555555555 0.4234375 0.18055555555555555 0.4234375 0.24074074074074073 0.4125 0.24074074074074073
2 0.3848958333333333 0.23055555555555557 0.4010416666666667 0.23055555555555557 0.4010416666666667 0.31203703703703706 0.3848958333333333 0.31203703703703706
2 0.35520833333333335 0.22777777777777777 0.37083333333333335 0.22777777777777777 0.37083333333333335 0.3101851851851852 0.35520833333333335 0.3101851851851852
2 0.3692708333333333 0.26296296296296295 0.38333333333333336 0.26296296296296295 0.38333333333333336 0.3111111111111111 0.3692708333333333 0.3111111111111111
2 0.4942708333333333 0.13240740740740742 0.5109375 0.13240740740740742 0.5109375 0.20092592592592592 0.4942708333333333 0.20092592592592592
2 0.43385416666666665 0.16574074074074074 0.45 0.16574074074074074 0.45 0.21481481481481482 0.43385416666666665 0.21481481481481482
2 0.4395833333333333 0.13796296296296295 0.44583333333333336 0.13796296296296295 0.44583333333333336 0.17962962962962964 0.4395833333333333 0.17962962962962964
2 0.4546875 0.14166666666666666 0.46197916666666666 0.14166666666666666 0.46197916666666666 0.17592592592592593 0.4546875 0.17592592592592593
2 0.4666666666666667 0.12777777777777777 0.47552083333333334 0.12777777777777777 0.47552083333333334 0.15925925925925927 0.4666666666666667 0.15925925925925927
2 0.45989583333333334 0.11388888888888889 0.46822916666666664 0.11388888888888889 0.46822916666666664 0.14629629629629629 0.45989583333333334 0.14629629629629629
2 0.4453125 0.12129629629629629 0.45260416666666664 0.12129629629629629 0.45260416666666664 0.1527777777777778 0.4453125 0.1527777777777778
2 0.43072916666666666 0.125 0.4390625 0.125 0.4390625 0.16574074074074074 0.43072916666666666 0.16574074074074074
2 0.43854166666666666 0.13518518518518519 0.4484375 0.13518518518518519 0.4484375 0.17314814814814813 0.43854166666666666 0.17314814814814813
2 0.5885416666666666 0.15092592592592594 0.6026041666666667 0.15092592592592594 0.6026041666666667 0.19907407407407407 0.5885416666666666 0.19907407407407407
2 0.6135416666666667 0.1361111111111111 0.6244791666666667 0.1361111111111111 0.6244791666666667 0.17777777777777778 0.6135416666666667 0.17777777777777778
2 0.6234375 0.15 0.6359375 0.15 0.6359375 0.20277777777777778 0.6234375 0.20277777777777778