1 0.14479166666666668 0.3175925925925926 0.27239583333333334 0.3175925925925926 0.27239583333333334 0.49074074074074076 0.14479166666666668 0.49074074074074076
1 0.35572916666666665 0.4064814814814815 0.45625 0.4064814814814815 0.45625 0.5796296296296296 0.35572916666666665 0.5796296296296296
2 0.07760416666666667 0.625 0.14791666666666667 0.625 0.14791666666666667 0.8046296296296296 0.07760416666666667 0.8046296296296296
2 0.6354166666666666 0.4722222222222222 0.6859375 0.4722222222222222 0.6859375 0.612037037037037 0.6354166666666666 0.612037037037037
2 0.6854166666666667 0.3888888888888889 0.7234375 0.3888888888888889 0.7234375 0.5 0.6854166666666667 0.5
2 0.18854166666666666 0.625 0.24583333333333332 0.625 0.24583333333333332 0.8101851851851852 0.18854166666666666 0.8101851851851852
2 0.22291666666666668 0.49166666666666664 0.2682291666666667 0.49166666666666664 0.2682291666666667 0.5879629629629629 0.22291666666666668 0.5879629629629629
2 0.35885416666666664 0.27314814814814814 0.3890625 0.27314814814814814 0.3890625 0.35833333333333334 0.35885416666666664 0.35833333333333334
2 0.3302083333333333 0.35185185185185186 0.3619791666666667 0.35185185185185186 0.3619791666666667 0.4388888888888889 0.3302083333333333 0.4388888888888889
1 0.3203125 0.17685185185185184 0.38385416666666666 0.17685185185185184 0.38385416666666666 0.24074074074074073 0.3203125 0.24074074074074073
2 0.6333333333333333 0.3111111111111111 0.6619791666666667 0.3111111111111111 0.6619791666666667 0.3962962962962963 0.6333333333333333 0.3962962962962963
2 0.6828125 0.2657407407407407 0.7109375 0.2657407407407407 0.7109375 0.3416666666666667 0.6828125 0.3416666666666667
2 0.39791666666666664 0.2962962962962963 0.4265625 0.2962962962962963 0.4265625 0.38055555555555554 0.39791666666666664 0.38055555555555554
2 0.4609375 0.19814814814814816 0.4786458333333333 0.19814814814814816 0.4786458333333333 0.262037037037037 0.4609375 0.262037037037037
2 0.4296875 0.18611111111111112 0.4479166666666667 0.18611111111111112 0.4479166666666667 0.22962962962962963 0.4296875 0.22962962962962963
2 0.4895833333333333 0.13703703703703704 0.5046875 0.13703703703703704 0.5046875 0.1814814814814815 0.4895833333333333 0.1814814814814815
2 0.4588541666666667 0.1111111111111111 0.47291666666666665 0.1111111111111111 0.47291666666666665 0.14444444444444443 0.4588541666666667 0.14444444444444443
2 0.23854166666666668 0.7333333333333333 0.3078125 0.7333333333333333 0.3078125 0.9787037037037037 0.23854166666666668 0.9787037037037037
2 0.440625 0.1287037037037037 0.45416666666666666 0.1287037037037037 0.45416666666666666 0.16574074074074074 0.440625 0.16574074074074074