1 0.1421875 0.32592592592592595 0.2671875 0.32592592592592595 0.2671875 0.5009259259259259 0.1421875 0.5009259259259259
1 0.3333333333333333 0.17962962962962964 0.390625 0.17962962962962964 0.390625 0.24166666666666667 0.3333333333333333 0.24166666666666667
1 0.6541666666666667 0.13148148148148148 0.7083333333333334 0.13148148148148148 0.7083333333333334 0.17407407407407408 0.6541666666666667 0.17407407407407408
1 0.54375 0.11574074074074074 0.571875 0.11574074074074074 0.571875 0.1574074074074074 0.54375 0.1574074074074074
2 0.1953125 0.48148148148148145 0.24375 0.48148148148148145 0.24375 0.6314814814814815 0.1953125 0.6314814814814815
2 0.3734375 0.3925925925925926 0.4078125 0.3925925925925926 0.4078125 0.5194444444444445 0.3734375 0.5194444444444445
2 0.31614583333333335 0.32685185185185184 0.3385416666666667 0.32685185185185184 0.3385416666666667 0.4527777777777778 0.31614583333333335 0.4527777777777778
2 0.35833333333333334 0.26944444444444443 0.38229166666666664 0.26944444444444443 0.38229166666666664 0.34444444444444444 0.35833333333333334 0.34444444444444444
2 0.4192708333333333 0.3 0.4359375 0.3 0.4359375 0.4 0.4192708333333333 0.4
2 0.37135416666666665 0.30925925925925923 0.39947916666666666 0.30925925925925923 0.39947916666666666 0.38425925925925924 0.37135416666666665 0.38425925925925924
2 0.5552083333333333 0.16666666666666666 0.5817708333333333 0.16666666666666666 0.5817708333333333 0.22592592592592592 0.5552083333333333 0.22592592592592592
2 0.5822916666666667 0.17037037037037037 0.6083333333333333 0.17037037037037037 0.6083333333333333 0.23333333333333334 0.5822916666666667 0.23333333333333334
2 0.6239583333333333 0.17407407407407408 0.6359375 0.17407407407407408 0.6359375 0.21574074074074073 0.6239583333333333 0.21574074074074073
2 0.6505208333333333 0.225 0.6734375 0.225 0.6734375 0.2833333333333333 0.6505208333333333 0.2833333333333333
2 0.6630208333333333 0.2814814814814815 0.6859375 0.2814814814814815 0.6859375 0.3648148148148148 0.6630208333333333 0.3648148148148148
2 0.4088541666666667 0.20092592592592592 0.4234375 0.20092592592592592 0.4234375 0.25833333333333336 0.4088541666666667 0.25833333333333336
2 0.42916666666666664 0.21944444444444444 0.44427083333333334 0.21944444444444444 0.44427083333333334 0.2712962962962963 0.42916666666666664 0.2712962962962963
2 0.4375 0.18981481481481483 0.45208333333333334 0.18981481481481483 0.45208333333333334 0.24537037037037038 0.4375 0.24537037037037038
2 0.4578125 0.18611111111111112 0.471875 0.18611111111111112 0.471875 0.2361111111111111 0.4578125 0.2361111111111111
2 0.47760416666666666 0.18888888888888888 0.48854166666666665 0.18888888888888888 0.48854166666666665 0.23981481481481481 0.47760416666666666 0.23981481481481481
2 0.48489583333333336 0.14629629629629629 0.4973958333333333 0.14629629629629629 0.4973958333333333 0.1925925925925926 0.48489583333333336 0.1925925925925926
2 0.47708333333333336 0.13055555555555556 0.48489583333333336 0.13055555555555556 0.48489583333333336 0.16574074074074074 0.47708333333333336 0.16574074074074074
2 0.40572916666666664 0.15 0.4140625 0.15 0.4140625 0.1925925925925926 0.40572916666666664 0.1925925925925926
2 0.41458333333333336 0.1537037037037037 0.4234375 0.1537037037037037 0.4234375 0.20277777777777778 0.41458333333333336 0.20277777777777778
2 0.421875 0.1638888888888889 0.4322916666666667 0.1638888888888889 0.4322916666666667 0.20833333333333334 0.421875 0.20833333333333334
2 0.43854166666666666 0.1398148148148148 0.4421875 0.1398148148148148 0.4421875 0.18055555555555555 0.43854166666666666 0.18055555555555555
2 0.446875 0.14907407407407408 0.4557291666666667 0.14907407407407408 0.4557291666666667 0.18888888888888888 0.446875 0.18888888888888888
2 0.45625 0.15833333333333333 0.4666666666666667 0.15833333333333333 0.4666666666666667 0.1935185185185185 0.45625 0.1935185185185185
2 0.4635416666666667 0.13240740740740742 0.4734375 0.13240740740740742 0.4734375 0.16666666666666666 0.4635416666666667 0.16666666666666666
2 0.4453125 0.11944444444444445 0.45208333333333334 0.11944444444444445 0.45208333333333334 0.15 0.4453125 0.15