1 0.14479166666666668 0.3138888888888889 0.2713541666666667 0.3138888888888889 0.2713541666666667 0.487962962962963 0.14479166666666668 0.487962962962963
1 0.32447916666666665 0.17314814814814813 0.39114583333333336 0.17314814814814813 0.39114583333333336 0.23425925925925925 0.32447916666666665 0.23425925925925925
2 0.12708333333333333 0.7962962962962963 0.215625 0.7962962962962963 0.215625 0.9981481481481481 0.12708333333333333 0.9981481481481481
2 0.8411458333333334 0.5768518518518518 0.9078125 0.5768518518518518 0.9078125 0.7444444444444445 0.8411458333333334 0.7444444444444445
2 0.6375 0.19166666666666668 0.6645833333333333 0.19166666666666668 0.6645833333333333 0.2490740740740741 0.6375 0.2490740740740741
2 0.5869791666666667 0.26296296296296295 0.615625 0.26296296296296295 0.615625 0.3435185185185185 0.5869791666666667 0.3435185185185185
2 0.6322916666666667 0.37962962962962965 0.6671875 0.37962962962962965 0.6671875 0.49166666666666664 0.6322916666666667 0.49166666666666664
2 0.7208333333333333 0.45 0.7619791666666667 0.45 0.7619791666666667 0.575925925925926 0.7208333333333333 0.575925925925926
2 0.5953125 0.17592592592592593 0.621875 0.17592592592592593 0.621875 0.225 0.5953125 0.225
2 0.3463541666666667 0.35185185185185186 0.38697916666666665 0.35185185185185186 0.38697916666666665 0.4759259259259259 0.3463541666666667 0.4759259259259259
2 0.8630208333333333 0.8518518518518519 0.9645833333333333 0.8518518518518519 0.9645833333333333 0.9972222222222222 0.8630208333333333 0.9972222222222222
2 0.24322916666666666 0.4981481481481482 0.29375 0.4981481481481482 0.29375 0.6527777777777778 0.24322916666666666 0.6527777777777778
2 0.6380208333333334 0.2814814814814815 0.6625 0.2814814814814815 0.6625 0.36203703703703705 0.6380208333333334 0.36203703703703705
2 0.3854166666666667 0.26851851851851855 0.41354166666666664 0.26851851851851855 0.41354166666666664 0.3527777777777778 0.3854166666666667 0.3527777777777778
2 0.41458333333333336 0.2916666666666667 0.446875 0.2916666666666667 0.446875 0.39537037037037037 0.41458333333333336 0.39537037037037037
2 0.5010416666666667 0.15925925925925927 0.53125 0.15925925925925927 0.53125 0.22592592592592592 0.5010416666666667 0.22592592592592592
2 0.5567708333333333 0.19444444444444445 0.5828125 0.19444444444444445 0.5828125 0.27037037037037037 0.5567708333333333 0.27037037037037037
2 0.5703125 0.11388888888888889 0.5833333333333334 0.11388888888888889 0.5833333333333334 0.14629629629629629 0.5703125 0.14629629629629629
2 0.4421875 0.1675925925925926 0.4583333333333333 0.1675925925925926 0.4583333333333333 0.24351851851851852 0.4421875 0.24351851851851852
2 0.46875 0.14907407407407408 0.4786458333333333 0.14907407407407408 0.4786458333333333 0.21574074074074073 0.46875 0.21574074074074073
2 0.42135416666666664 0.15092592592592594 0.4354166666666667 0.15092592592592594 0.4354166666666667 0.2037037037037037 0.42135416666666664 0.2037037037037037