1 0.1484375 0.32407407407407407 0.2713541666666667 0.32407407407407407 0.2713541666666667 0.5009259259259259 0.1484375 0.5009259259259259
1 0.4348958333333333 0.22407407407407406 0.484375 0.22407407407407406 0.484375 0.30462962962962964 0.4348958333333333 0.30462962962962964
2 0.9296875 0.6268518518518519 1 0.6268518518518519 1 0.8111111111111111 0.9296875 0.8111111111111111
1 0.3229166666666667 0.17685185185185184 0.39114583333333336 0.17685185185185184 0.39114583333333336 0.23981481481481481 0.3229166666666667 0.23981481481481481
2 0.019791666666666666 0.5731481481481482 0.1046875 0.5731481481481482 0.1046875 0.7703703703703704 0.019791666666666666 0.7703703703703704
2 0.17552083333333332 0.6240740740740741 0.23333333333333334 0.6240740740740741 0.23333333333333334 0.8333333333333334 0.17552083333333332 0.8333333333333334
2 0.73125 0.3675925925925926 0.7671875 0.3675925925925926 0.7671875 0.47129629629629627 0.73125 0.47129629629629627
2 0.24270833333333333 0.46111111111111114 0.29322916666666665 0.46111111111111114 0.29322916666666665 0.6027777777777777 0.24270833333333333 0.6027777777777777
2 0.6697916666666667 0.3416666666666667 0.7078125 0.3416666666666667 0.7078125 0.4351851851851852 0.6697916666666667 0.4351851851851852
2 0.32916666666666666 0.5861111111111111 0.3770833333333333 0.5861111111111111 0.3770833333333333 0.7685185185185185 0.32916666666666666 0.7685185185185185
2 0.47708333333333336 0.13518518518518519 0.4895833333333333 0.13518518518518519 0.4895833333333333 0.17037037037037037 0.47708333333333336 0.17037037037037037
2 0.6619791666666667 0.24259259259259258 0.6958333333333333 0.24259259259259258 0.6958333333333333 0.32407407407407407 0.6619791666666667 0.32407407407407407
2 0.39427083333333335 0.38796296296296295 0.4359375 0.38796296296296295 0.4359375 0.5064814814814815 0.39427083333333335 0.5064814814814815
2 0.3567708333333333 0.3037037037037037 0.3848958333333333 0.3037037037037037 0.3848958333333333 0.3925925925925926 0.3567708333333333 0.3925925925925926
2 0.42864583333333334 0.1962962962962963 0.44479166666666664 0.1962962962962963 0.44479166666666664 0.24259259259259258 0.42864583333333334 0.24259259259259258
2 0.30052083333333335 0.3611111111111111 0.3328125 0.3611111111111111 0.3328125 0.47314814814814815 0.30052083333333335 0.47314814814814815
2 0.4078125 0.24074074074074073 0.43072916666666666 0.24074074074074073 0.43072916666666666 0.3138888888888889 0.4078125 0.3138888888888889
2 0.37135416666666665 0.25833333333333336 0.3932291666666667 0.25833333333333336 0.3932291666666667 0.32407407407407407 0.37135416666666665 0.32407407407407407
2 0.4171875 0.14444444444444443 0.4317708333333333 0.14444444444444443 0.4317708333333333 0.17962962962962964 0.4171875 0.17962962962962964
2 0.5755208333333334 0.12407407407407407 0.5932291666666667 0.12407407407407407 0.5932291666666667 0.15925925925925927 0.5755208333333334 0.15925925925925927
2 0.45989583333333334 0.14629629629629629 0.4744791666666667 0.14629629629629629 0.4744791666666667 0.18518518518518517 0.45989583333333334 0.18518518518518517
2 0.49583333333333335 0.17407407407407408 0.5109375 0.17407407407407408 0.5109375 0.21851851851851853 0.49583333333333335 0.21851851851851853
2 0.3984375 0.31296296296296294 0.4239583333333333 0.31296296296296294 0.4239583333333333 0.37592592592592594 0.3984375 0.37592592592592594
2 0.2015625 0.9027777777777778 0.27760416666666665 0.9027777777777778 0.27760416666666665 1 0.2015625 1
2 0.6276041666666666 0.2212962962962963 0.6432291666666666 0.2212962962962963 0.6432291666666666 0.30185185185185187 0.6276041666666666 0.30185185185185187