1 0.14479166666666668 0.3296296296296296 0.2677083333333333 0.3296296296296296 0.2677083333333333 0.5083333333333333 0.14479166666666668 0.5083333333333333
1 0.2833333333333333 0.5833333333333334 0.44114583333333335 0.5833333333333334 0.44114583333333335 0.9416666666666667 0.2833333333333333 0.9416666666666667
1 0.3307291666666667 0.18055555555555555 0.390625 0.18055555555555555 0.390625 0.24259259259259258 0.3307291666666667 0.24259259259259258
1 0.5442708333333334 0.11851851851851852 0.5723958333333333 0.11851851851851852 0.5723958333333333 0.16203703703703703 0.5442708333333334 0.16203703703703703
2 0.6770833333333334 0.33055555555555555 0.7145833333333333 0.33055555555555555 0.7145833333333333 0.4361111111111111 0.6770833333333334 0.4361111111111111
2 0.017708333333333333 0.8425925925925926 0.10364583333333334 0.8425925925925926 0.10364583333333334 1 0.017708333333333333 1
2 0.2421875 0.4166666666666667 0.2791666666666667 0.4166666666666667 0.2791666666666667 0.5518518518518518 0.2421875 0.5518518518518518
2 0.2869791666666667 0.462037037037037 0.3296875 0.462037037037037 0.3296875 0.6203703703703703 0.2869791666666667 0.6203703703703703
2 0.40677083333333336 0.32222222222222224 0.42916666666666664 0.32222222222222224 0.42916666666666664 0.43703703703703706 0.40677083333333336 0.43703703703703706
2 0.378125 0.22314814814814815 0.39791666666666664 0.22314814814814815 0.39791666666666664 0.30462962962962964 0.378125 0.30462962962962964
2 0.38958333333333334 0.27037037037037037 0.40677083333333336 0.27037037037037037 0.40677083333333336 0.3638888888888889 0.38958333333333334 0.3638888888888889
2 0.4270833333333333 0.2574074074074074 0.44583333333333336 0.2574074074074074 0.44583333333333336 0.35 0.4270833333333333 0.35
2 0.4161458333333333 0.18703703703703703 0.428125 0.18703703703703703 0.428125 0.2351851851851852 0.4161458333333333 0.2351851851851852
2 0.43697916666666664 0.18888888888888888 0.4479166666666667 0.18888888888888888 0.4479166666666667 0.24259259259259258 0.43697916666666664 0.24259259259259258
2 0.4583333333333333 0.16666666666666666 0.4708333333333333 0.16666666666666666 0.4708333333333333 0.2175925925925926 0.4583333333333333 0.2175925925925926
2 0.48072916666666665 0.16018518518518518 0.496875 0.16018518518518518 0.496875 0.225 0.48072916666666665 0.225
2 0.4046875 0.14444444444444443 0.41458333333333336 0.14444444444444443 0.41458333333333336 0.18703703703703703 0.4046875 0.18703703703703703
2 0.421875 0.14444444444444443 0.428125 0.14444444444444443 0.428125 0.17962962962962964 0.421875 0.17962962962962964
2 0.4276041666666667 0.15 0.43854166666666666 0.15 0.43854166666666666 0.19814814814814816 0.4276041666666667 0.19814814814814816
2 0.4395833333333333 0.13425925925925927 0.4484375 0.13425925925925927 0.4484375 0.1685185185185185 0.4395833333333333 0.1685185185185185
2 0.44947916666666665 0.1361111111111111 0.45989583333333334 0.1361111111111111 0.45989583333333334 0.17592592592592593 0.44947916666666665 0.17592592592592593
2 0.48802083333333335 0.13425925925925927 0.4953125 0.13425925925925927 0.4953125 0.16574074074074074 0.48802083333333335 0.16574074074074074
2 0.4744791666666667 0.12314814814814815 0.4822916666666667 0.12314814814814815 0.4822916666666667 0.1537037037037037 0.4744791666666667 0.1537037037037037
2 0.5677083333333334 0.1787037037037037 0.5979166666666667 0.1787037037037037 0.5979166666666667 0.2351851851851852 0.5677083333333334 0.2351851851851852
2 0.6354166666666666 0.1824074074074074 0.65 0.1824074074074074 0.65 0.24537037037037038 0.6354166666666666 0.24537037037037038
2 0.6671875 0.24722222222222223 0.6864583333333333 0.24722222222222223 0.6864583333333333 0.31851851851851853 0.6671875 0.31851851851851853
2 0.5854166666666667 0.11388888888888889 0.5927083333333333 0.11388888888888889 0.5927083333333333 0.14814814814814814 0.5854166666666667 0.14814814814814814
1 0.6526041666666667 0.13518518518518519 0.7083333333333334 0.13518518518518519 0.7083333333333334 0.18055555555555555 0.6526041666666667 0.18055555555555555
2 0.45989583333333334 0.12777777777777777 0.4703125 0.12777777777777777 0.4703125 0.1712962962962963 0.45989583333333334 0.1712962962962963