1 0.40729166666666666 0.9287037037037037 0.5125 0.9287037037037037 0.5125 1 0.40729166666666666 1
1 0.34427083333333336 0.5324074074074074 0.39375 0.5324074074074074 0.39375 0.6222222222222222 0.34427083333333336 0.6222222222222222
1 0.3265625 0.7111111111111111 0.36354166666666665 0.7111111111111111 0.36354166666666665 0.8138888888888889 0.3265625 0.8138888888888889
1 0.33229166666666665 0.32407407407407407 0.3770833333333333 0.32407407407407407 0.3770833333333333 0.40925925925925927 0.33229166666666665 0.40925925925925927
1 0.2947916666666667 0.39537037037037037 0.3177083333333333 0.39537037037037037 0.3177083333333333 0.44907407407407407 0.2947916666666667 0.44907407407407407
2 0.521875 0.8277777777777777 0.6447916666666667 0.8277777777777777 0.6447916666666667 0.9046296296296297 0.521875 0.9046296296296297
1 0.30104166666666665 0.14444444444444443 0.3255208333333333 0.14444444444444443 0.3255208333333333 0.23055555555555557 0.30104166666666665 0.23055555555555557
2 0.5614583333333333 0.9833333333333333 0.6854166666666667 0.9833333333333333 0.6854166666666667 1 0.5614583333333333 1
2 0.45364583333333336 0.8787037037037037 0.5317708333333333 0.8787037037037037 0.5317708333333333 0.9472222222222222 0.45364583333333336 0.9472222222222222
2 0.4630208333333333 0.7851851851851852 0.5401041666666667 0.7851851851851852 0.5401041666666667 0.8629629629629629 0.4630208333333333 0.8629629629629629
2 0.4203125 0.7268518518518519 0.48125 0.7268518518518519 0.48125 0.7907407407407407 0.4203125 0.7907407407407407
2 0.41875 0.6703703703703704 0.4864583333333333 0.6703703703703704 0.4864583333333333 0.7064814814814815 0.41875 0.7064814814814815
2 0.36302083333333335 0.225 0.4197916666666667 0.225 0.4197916666666667 0.2564814814814815 0.36302083333333335 0.2564814814814815
2 0.37083333333333335 0.7157407407407408 0.41458333333333336 0.7157407407407408 0.41458333333333336 0.7537037037037037 0.37083333333333335 0.7537037037037037
2 0.3614583333333333 0.6509259259259259 0.4036458333333333 0.6509259259259259 0.4036458333333333 0.6824074074074075 0.3614583333333333 0.6824074074074075
2 0.33958333333333335 0.6907407407407408 0.3807291666666667 0.6907407407407408 0.3807291666666667 0.7268518518518519 0.33958333333333335 0.7268518518518519
2 0.3125 0.6518518518518519 0.346875 0.6518518518518519 0.346875 0.6675925925925926 0.3125 0.6675925925925926
2 0.2786458333333333 0.6546296296296297 0.309375 0.6546296296296297 0.309375 0.6731481481481482 0.2786458333333333 0.6731481481481482
2 0.29322916666666665 0.6287037037037037 0.31614583333333335 0.6287037037037037 0.31614583333333335 0.6416666666666667 0.29322916666666665 0.6416666666666667
2 0.3072916666666667 0.600925925925926 0.33489583333333334 0.600925925925926 0.33489583333333334 0.6222222222222222 0.3072916666666667 0.6222222222222222
2 0.30364583333333334 0.5805555555555556 0.32916666666666666 0.5805555555555556 0.32916666666666666 0.5972222222222222 0.30364583333333334 0.5972222222222222
2 0.30572916666666666 0.55 0.3338541666666667 0.55 0.3338541666666667 0.5648148148148148 0.30572916666666666 0.5648148148148148
2 0.325 0.4527777777777778 0.35833333333333334 0.4527777777777778 0.35833333333333334 0.49444444444444446 0.325 0.49444444444444446
2 0.30052083333333335 0.36574074074074076 0.321875 0.36574074074074076 0.321875 0.3824074074074074 0.30052083333333335 0.3824074074074074
2 0.30052083333333335 0.33055555555555555 0.32395833333333335 0.33055555555555555 0.32395833333333335 0.34444444444444444 0.30052083333333335 0.34444444444444444
2 0.2947916666666667 0.34814814814814815 0.31145833333333334 0.34814814814814815 0.31145833333333334 0.3574074074074074 0.2947916666666667 0.3574074074074074
2 0.290625 0.5851851851851851 0.3067708333333333 0.5851851851851851 0.3067708333333333 0.600925925925926 0.290625 0.600925925925926
2 0.2875 0.5740740740740741 0.309375 0.5740740740740741 0.309375 0.5898148148148148 0.2875 0.5898148148148148
2 0.284375 0.5509259259259259 0.3078125 0.5509259259259259 0.3078125 0.5685185185185185 0.284375 0.5685185185185185