1 0.5041666666666667 0 0.603125 0 0.603125 0.09722222222222222 0.5041666666666667 0.09722222222222222
1 0.65 0.18888888888888888 0.6838541666666667 0.18888888888888888 0.6838541666666667 0.3101851851851852 0.65 0.3101851851851852
2 0.6458333333333334 0.33796296296296297 0.6765625 0.33796296296296297 0.6765625 0.3731481481481482 0.6458333333333334 0.3731481481481482
2 0.634375 0.6537037037037037 0.6682291666666667 0.6537037037037037 0.6682291666666667 0.6907407407407408 0.634375 0.6907407407407408
2 0.3645833333333333 0.04351851851851852 0.46510416666666665 0.04351851851851852 0.46510416666666665 0.14722222222222223 0.3645833333333333 0.14722222222222223
2 0.65 0.7824074074074074 0.6739583333333333 0.7824074074074074 0.6739583333333333 0.8138888888888889 0.65 0.8138888888888889
2 0.709375 0.5694444444444444 0.7270833333333333 0.5694444444444444 0.7270833333333333 0.5925925925925926 0.709375 0.5925925925925926
2 0.60625 0.362962962962963 0.646875 0.362962962962963 0.646875 0.41203703703703703 0.60625 0.41203703703703703
2 0.5541666666666667 0.7861111111111111 0.6072916666666667 0.7861111111111111 0.6072916666666667 0.8425925925925926 0.5541666666666667 0.8425925925925926
2 0.7041666666666667 0.6583333333333333 0.7223958333333333 0.6583333333333333 0.7223958333333333 0.6833333333333333 0.7041666666666667 0.6833333333333333
2 0.43020833333333336 0.8777777777777778 0.5083333333333333 0.8777777777777778 0.5083333333333333 0.9638888888888889 0.43020833333333336 0.9638888888888889
2 0.6510416666666666 0.3907407407407407 0.678125 0.3907407407407407 0.678125 0.42407407407407405 0.6510416666666666 0.42407407407407405
2 0.48385416666666664 0.9351851851851852 0.5463541666666667 0.9351851851851852 0.5463541666666667 1 0.48385416666666664 1
2 0.5864583333333333 0.6861111111111111 0.6302083333333334 0.6861111111111111 0.6302083333333334 0.7333333333333333 0.5864583333333333 0.7333333333333333
2 0.44895833333333335 0.2638888888888889 0.5338541666666666 0.2638888888888889 0.5338541666666666 0.34074074074074073 0.44895833333333335 0.34074074074074073
2 0.653125 0.5935185185185186 0.6854166666666667 0.5935185185185186 0.6854166666666667 0.6305555555555555 0.653125 0.6305555555555555
2 0.6583333333333333 0.6018518518518519 0.690625 0.6018518518518519 0.690625 0.65 0.6583333333333333 0.65
2 0.671875 0.41944444444444445 0.6932291666666667 0.41944444444444445 0.6932291666666667 0.44722222222222224 0.671875 0.44722222222222224
2 0.6229166666666667 0.700925925925926 0.6583333333333333 0.700925925925926 0.6583333333333333 0.7444444444444445 0.6229166666666667 0.7444444444444445
2 0.6546875 0.512962962962963 0.6838541666666667 0.512962962962963 0.6838541666666667 0.5574074074074075 0.6546875 0.5574074074074075
2 0.51875 0.25277777777777777 0.5744791666666667 0.25277777777777777 0.5744791666666667 0.2953703703703704 0.51875 0.2953703703703704
2 0.6223958333333334 0.4324074074074074 0.6661458333333333 0.4324074074074074 0.6661458333333333 0.4666666666666667 0.6223958333333334 0.4666666666666667