1 0.5078125 0 0.6088541666666667 0 0.6088541666666667 0.08425925925925926 0.5078125 0.08425925925925926
1 0.5213541666666667 0.7333333333333333 0.596875 0.7333333333333333 0.596875 0.9268518518518518 0.5213541666666667 0.9268518518518518
2 0.3765625 0.9185185185185185 0.4713541666666667 0.9185185185185185 0.4713541666666667 1 0.3765625 1
2 0.6802083333333333 0.5824074074074074 0.7046875 0.5824074074074074 0.7046875 0.612037037037037 0.6802083333333333 0.612037037037037
0 0.578125 0.17222222222222222 0.6739583333333333 0.17222222222222222 0.6739583333333333 0.35 0.578125 0.35
2 0.5411458333333333 0.25833333333333336 0.5932291666666667 0.25833333333333336 0.5932291666666667 0.31666666666666665 0.5411458333333333 0.31666666666666665
2 0.22135416666666666 0 0.3098958333333333 0 0.3098958333333333 0.05185185185185185 0.22135416666666666 0.05185185185185185
2 0.49114583333333334 0.9796296296296296 0.5536458333333333 0.9796296296296296 0.5536458333333333 1 0.49114583333333334 1
1 0.70625 0.5555555555555556 0.7270833333333333 0.5555555555555556 0.7270833333333333 0.6027777777777777 0.70625 0.6027777777777777
2 0.6151041666666667 0.7018518518518518 0.6536458333333334 0.7018518518518518 0.6536458333333334 0.7444444444444445 0.6151041666666667 0.7444444444444445
2 0.46458333333333335 0.2212962962962963 0.5395833333333333 0.2212962962962963 0.5395833333333333 0.2851851851851852 0.46458333333333335 0.2851851851851852
1 0.6807291666666667 0.42685185185185187 0.7104166666666667 0.42685185185185187 0.7104166666666667 0.4898148148148148 0.6807291666666667 0.4898148148148148
2 0.6114583333333333 0.4027777777777778 0.6515625 0.4027777777777778 0.6515625 0.45 0.6114583333333333 0.45
2 0.6609375 0.49722222222222223 0.6921875 0.49722222222222223 0.6921875 0.5444444444444444 0.6609375 0.5444444444444444
1 0.6916666666666667 0.6185185185185185 0.7166666666666667 0.6185185185185185 0.7166666666666667 0.6842592592592592 0.6916666666666667 0.6842592592592592
2 0.5578125 0.37962962962962965 0.6130208333333333 0.37962962962962965 0.6130208333333333 0.43333333333333335 0.5578125 0.43333333333333335
2 0.6458333333333334 0.412962962962963 0.6703125 0.412962962962963 0.6703125 0.4527777777777778 0.6458333333333334 0.4527777777777778
2 0.6791666666666667 0.7231481481481481 0.7015625 0.7231481481481481 0.7015625 0.7583333333333333 0.6791666666666667 0.7583333333333333
2 0.4890625 0.6898148148148148 0.565625 0.6898148148148148 0.565625 0.7490740740740741 0.4890625 0.7490740740740741