1 0.14635416666666667 0.32685185185185184 0.2671875 0.32685185185185184 0.2671875 0.5037037037037037 0.14635416666666667 0.5037037037037037
1 0.5979166666666667 0.11296296296296296 0.6380208333333334 0.11296296296296296 0.6380208333333334 0.15 0.5979166666666667 0.15
1 0.4640625 0.14444444444444443 0.4947916666666667 0.14444444444444443 0.4947916666666667 0.19537037037037036 0.4640625 0.19537037037037036
1 0.33125 0.17592592592592593 0.384375 0.17592592592592593 0.384375 0.23796296296296296 0.33125 0.23796296296296296
2 0.7192708333333333 0.49166666666666664 0.7640625 0.49166666666666664 0.7640625 0.6620370370370371 0.7192708333333333 0.6620370370370371
2 0.14270833333333333 0.6648148148148149 0.215625 0.6648148148148149 0.215625 0.9944444444444445 0.14270833333333333 0.9944444444444445
2 0.2947916666666667 0.7388888888888889 0.35 0.7388888888888889 0.35 1 0.2947916666666667 1
2 0.36041666666666666 0.5194444444444445 0.3958333333333333 0.5194444444444445 0.3958333333333333 0.6796296296296296 0.36041666666666666 0.6796296296296296
2 0.2947916666666667 0.49722222222222223 0.3302083333333333 0.49722222222222223 0.3302083333333333 0.6472222222222223 0.2947916666666667 0.6472222222222223
2 0.2598958333333333 0.45092592592592595 0.29270833333333335 0.45092592592592595 0.29270833333333335 0.5935185185185186 0.2598958333333333 0.5935185185185186
2 0.2921875 0.35555555555555557 0.3223958333333333 0.35555555555555557 0.3223958333333333 0.4666666666666667 0.2921875 0.4666666666666667
2 0.31875 0.2916666666666667 0.34427083333333336 0.2916666666666667 0.34427083333333336 0.3861111111111111 0.31875 0.3861111111111111
2 0.3697916666666667 0.3472222222222222 0.39427083333333335 0.3472222222222222 0.39427083333333335 0.4462962962962963 0.3697916666666667 0.4462962962962963
2 0.42916666666666664 0.3768518518518518 0.4552083333333333 0.3768518518518518 0.4552083333333333 0.5120370370370371 0.42916666666666664 0.5120370370370371
2 0.3703125 0.21388888888888888 0.384375 0.21388888888888888 0.384375 0.27314814814814814 0.3703125 0.27314814814814814
2 0.3932291666666667 0.2490740740740741 0.409375 0.2490740740740741 0.409375 0.33240740740740743 0.3932291666666667 0.33240740740740743
2 0.43333333333333335 0.2564814814814815 0.4557291666666667 0.2564814814814815 0.4557291666666667 0.34444444444444444 0.43333333333333335 0.34444444444444444
2 0.4505208333333333 0.2324074074074074 0.465625 0.2324074074074074 0.465625 0.29907407407407405 0.4505208333333333 0.29907407407407405
2 0.4546875 0.18333333333333332 0.4713541666666667 0.18333333333333332 0.4713541666666667 0.24259259259259258 0.4546875 0.24259259259259258
2 0.4322916666666667 0.18333333333333332 0.446875 0.18333333333333332 0.446875 0.23796296296296296 0.4322916666666667 0.23796296296296296
2 0.41041666666666665 0.1925925925925926 0.4234375 0.1925925925925926 0.4234375 0.25 0.41041666666666665 0.25
2 0.42239583333333336 0.17314814814814813 0.4328125 0.17314814814814813 0.4328125 0.21944444444444444 0.42239583333333336 0.21944444444444444
2 0.4395833333333333 0.125 0.44635416666666666 0.125 0.44635416666666666 0.1675925925925926 0.4395833333333333 0.1675925925925926
2 0.4432291666666667 0.1425925925925926 0.45416666666666666 0.1425925925925926 0.45416666666666666 0.19444444444444445 0.4432291666666667 0.19444444444444445
2 0.4578125 0.12777777777777777 0.4630208333333333 0.12777777777777777 0.4630208333333333 0.1685185185185185 0.4578125 0.1685185185185185
2 0.46927083333333336 0.1175925925925926 0.4786458333333333 0.1175925925925926 0.4786458333333333 0.1574074074074074 0.46927083333333336 0.1574074074074074
2 0.496875 0.12407407407407407 0.5072916666666667 0.12407407407407407 0.5072916666666667 0.17222222222222222 0.496875 0.17222222222222222
2 0.42916666666666664 0.11666666666666667 0.4395833333333333 0.11666666666666667 0.4395833333333333 0.15648148148148147 0.42916666666666664 0.15648148148148147
2 0.44583333333333336 0.1175925925925926 0.45208333333333334 0.1175925925925926 0.45208333333333334 0.1425925925925926 0.44583333333333336 0.1425925925925926
2 0.46145833333333336 0.10092592592592593 0.46770833333333334 0.10092592592592593 0.46770833333333334 0.1361111111111111 0.46145833333333336 0.1361111111111111
2 0.5973958333333333 0.15833333333333333 0.6072916666666667 0.15833333333333333 0.6072916666666667 0.2175925925925926 0.5973958333333333 0.2175925925925926
2 0.6041666666666666 0.1388888888888889 0.6140625 0.1388888888888889 0.6140625 0.1814814814814815 0.6041666666666666 0.1814814814814815
2 0.6307291666666667 0.16018518518518518 0.6421875 0.16018518518518518 0.6421875 0.2111111111111111 0.6307291666666667 0.2111111111111111