1 0.5067708333333333 0 0.6046875 0 0.6046875 0.08981481481481482 0.5067708333333333 0.08981481481481482
1 0.6489583333333333 0.18333333333333332 0.6833333333333333 0.18333333333333332 0.6833333333333333 0.3055555555555556 0.6489583333333333 0.3055555555555556
2 0.3151041666666667 0 0.43854166666666666 0 0.43854166666666666 0.12777777777777777 0.3151041666666667 0.12777777777777777
2 0.3734375 0.9685185185185186 0.465625 0.9685185185185186 0.465625 1 0.3734375 1
2 0.47239583333333335 0.14629629629629629 0.5401041666666667 0.14629629629629629 0.5401041666666667 0.22037037037037038 0.47239583333333335 0.22037037037037038
2 0.5510416666666667 0.7703703703703704 0.6036458333333333 0.7703703703703704 0.6036458333333333 0.8194444444444444 0.5510416666666667 0.8194444444444444
2 0.44427083333333334 0.7666666666666667 0.521875 0.7666666666666667 0.521875 0.85 0.44427083333333334 0.85
2 0.6104166666666667 0.30833333333333335 0.646875 0.30833333333333335 0.646875 0.3490740740740741 0.6104166666666667 0.3490740740740741
2 0.5875 0.36203703703703705 0.6359375 0.36203703703703705 0.6359375 0.41574074074074074 0.5875 0.41574074074074074
2 0.5552083333333333 0.6657407407407407 0.6057291666666667 0.6657407407407407 0.6057291666666667 0.725 0.5552083333333333 0.725
2 0.5505208333333333 0.275 0.6083333333333333 0.275 0.6083333333333333 0.3314814814814815 0.5505208333333333 0.3314814814814815
2 0.6380208333333334 0.7148148148148148 0.6682291666666667 0.7148148148148148 0.6682291666666667 0.7768518518518519 0.6380208333333334 0.7768518518518519
2 0.6682291666666667 0.674074074074074 0.6921875 0.674074074074074 0.6921875 0.7046296296296296 0.6682291666666667 0.7046296296296296
2 0.6880208333333333 0.5972222222222222 0.7109375 0.5972222222222222 0.7109375 0.6259259259259259 0.6880208333333333 0.6259259259259259
2 0.6541666666666667 0.49722222222222223 0.6895833333333333 0.49722222222222223 0.6895833333333333 0.5518518518518518 0.6541666666666667 0.5518518518518518
2 0.615625 0.6027777777777777 0.6541666666666667 0.6027777777777777 0.6541666666666667 0.6444444444444445 0.615625 0.6444444444444445