1 0.14479166666666668 0.3194444444444444 0.2708333333333333 0.3194444444444444 0.2708333333333333 0.4981481481481482 0.14479166666666668 0.4981481481481482
1 0.334375 0.17685185185185184 0.39166666666666666 0.17685185185185184 0.39166666666666666 0.24074074074074073 0.334375 0.24074074074074073
2 0.0171875 0.7129629629629629 0.09791666666666667 0.7129629629629629 0.09791666666666667 0.9592592592592593 0.0171875 0.9592592592592593
2 0.221875 0.725 0.2838541666666667 0.725 0.2838541666666667 0.9833333333333333 0.221875 0.9833333333333333
2 0.22291666666666668 0.475 0.2578125 0.475 0.2578125 0.6351851851851852 0.22291666666666668 0.6351851851851852
2 0.30520833333333336 0.4398148148148148 0.3255208333333333 0.4398148148148148 0.3255208333333333 0.6222222222222222 0.30520833333333336 0.6222222222222222
2 0.3020833333333333 0.3527777777777778 0.32760416666666664 0.3527777777777778 0.32760416666666664 0.4675925925925926 0.3020833333333333 0.4675925925925926
2 0.3703125 0.43796296296296294 0.3953125 0.43796296296296294 0.3953125 0.5796296296296296 0.3703125 0.5796296296296296
2 0.3802083333333333 0.28055555555555556 0.39895833333333336 0.28055555555555556 0.39895833333333336 0.3824074074074074 0.3802083333333333 0.3824074074074074
2 0.38385416666666666 0.24537037037037038 0.40208333333333335 0.24537037037037038 0.40208333333333335 0.2972222222222222 0.38385416666666666 0.2972222222222222
2 0.41458333333333336 0.24537037037037038 0.43072916666666666 0.24537037037037038 0.43072916666666666 0.3175925925925926 0.41458333333333336 0.3175925925925926
2 0.44583333333333336 0.2564814814814815 0.46510416666666665 0.2564814814814815 0.46510416666666665 0.33611111111111114 0.44583333333333336 0.33611111111111114
2 0.4005208333333333 0.20833333333333334 0.41510416666666666 0.20833333333333334 0.41510416666666666 0.25925925925925924 0.4005208333333333 0.25925925925925924
2 0.39479166666666665 0.18703703703703703 0.40520833333333334 0.18703703703703703 0.40520833333333334 0.22777777777777777 0.39479166666666665 0.22777777777777777
2 0.4041666666666667 0.16666666666666666 0.41510416666666666 0.16666666666666666 0.41510416666666666 0.20925925925925926 0.4041666666666667 0.20925925925925926
2 0.41302083333333334 0.15462962962962962 0.42135416666666664 0.15462962962962962 0.42135416666666664 0.19444444444444445 0.41302083333333334 0.19444444444444445
2 0.440625 0.1935185185185185 0.45364583333333336 0.1935185185185185 0.45364583333333336 0.25462962962962965 0.440625 0.25462962962962965
2 0.44895833333333335 0.16111111111111112 0.45677083333333335 0.16111111111111112 0.45677083333333335 0.19814814814814816 0.44895833333333335 0.19814814814814816
2 0.48125 0.18796296296296297 0.4942708333333333 0.18796296296296297 0.4942708333333333 0.23796296296296296 0.48125 0.23796296296296296
2 0.4796875 0.14907407407407408 0.49114583333333334 0.14907407407407408 0.49114583333333334 0.18518518518518517 0.4796875 0.18518518518518517
2 0.46197916666666666 0.15555555555555556 0.4703125 0.15555555555555556 0.4703125 0.2 0.46197916666666666 0.2
2 0.4671875 0.12962962962962962 0.47604166666666664 0.12962962962962962 0.47604166666666664 0.16574074074074074 0.4671875 0.16574074074074074
2 0.44635416666666666 0.13240740740740742 0.45625 0.13240740740740742 0.45625 0.1675925925925926 0.44635416666666666 0.1675925925925926
2 0.43072916666666666 0.15648148148148147 0.43697916666666664 0.15648148148148147 0.43697916666666664 0.19444444444444445 0.43072916666666666 0.19444444444444445
2 0.584375 0.16018518518518518 0.6005208333333333 0.16018518518518518 0.6005208333333333 0.2064814814814815 0.584375 0.2064814814814815
2 0.6046875 0.1398148148148148 0.6171875 0.1398148148148148 0.6171875 0.1712962962962963 0.6046875 0.1712962962962963
2 0.6052083333333333 0.17222222222222222 0.6229166666666667 0.17222222222222222 0.6229166666666667 0.2101851851851852 0.6052083333333333 0.2101851851851852
2 0.6473958333333333 0.1925925925925926 0.6578125 0.1925925925925926 0.6578125 0.2462962962962963 0.6473958333333333 0.2462962962962963
2 0.6307291666666667 0.2111111111111111 0.6427083333333333 0.2111111111111111 0.6427083333333333 0.2916666666666667 0.6307291666666667 0.2916666666666667
1 0.6338541666666667 0.12129629629629629 0.6895833333333333 0.12129629629629629 0.6895833333333333 0.1648148148148148 0.6338541666666667 0.1648148148148148