1 0.4010416666666667 0.9092592592592592 0.5010416666666667 0.9092592592592592 0.5010416666666667 1 0.4010416666666667 1
1 0.4864583333333333 0.5796296296296296 0.6265625 0.5796296296296296 0.6265625 0.799074074074074 0.4864583333333333 0.799074074074074
1 0.3203125 0.6972222222222222 0.35520833333333335 0.6972222222222222 0.35520833333333335 0.8018518518518518 0.3203125 0.8018518518518518
1 0.28854166666666664 0.3685185185185185 0.31197916666666664 0.3685185185185185 0.31197916666666664 0.4185185185185185 0.28854166666666664 0.4185185185185185
1 0.2916666666666667 0.1259259259259259 0.3203125 0.1259259259259259 0.3203125 0.2212962962962963 0.2916666666666667 0.2212962962962963
2 0.428125 0.07037037037037037 0.5109375 0.07037037037037037 0.5109375 0.13333333333333333 0.428125 0.13333333333333333
2 0.4270833333333333 0.8435185185185186 0.4973958333333333 0.8435185185185186 0.4973958333333333 0.8916666666666667 0.4270833333333333 0.8916666666666667
2 0.44114583333333335 0.7574074074074074 0.5098958333333333 0.7574074074074074 0.5098958333333333 0.8009259259259259 0.44114583333333335 0.8009259259259259
2 0.36822916666666666 0.7398148148148148 0.4192708333333333 0.7398148148148148 0.4192708333333333 0.7601851851851852 0.36822916666666666 0.7601851851851852
2 0.33697916666666666 0.675 0.37135416666666665 0.675 0.37135416666666665 0.6990740740740741 0.33697916666666666 0.6990740740740741
2 0.3546875 0.6425925925925926 0.40260416666666665 0.6425925925925926 0.40260416666666665 0.6805555555555556 0.3546875 0.6805555555555556
2 0.37864583333333335 0.6064814814814815 0.42552083333333335 0.6064814814814815 0.42552083333333335 0.6370370370370371 0.37864583333333335 0.6370370370370371
2 0.34791666666666665 0.5879629629629629 0.39166666666666666 0.5879629629629629 0.39166666666666666 0.6185185185185185 0.34791666666666665 0.6185185185185185
2 0.2953125 0.6537037037037037 0.3203125 0.6537037037037037 0.3203125 0.6685185185185185 0.2953125 0.6685185185185185
2 0.3140625 0.6203703703703703 0.34479166666666666 0.6203703703703703 0.34479166666666666 0.6388888888888888 0.3140625 0.6388888888888888
2 0.29270833333333335 0.6203703703703703 0.3145833333333333 0.6203703703703703 0.3145833333333333 0.6314814814814815 0.29270833333333335 0.6314814814814815
2 0.3015625 0.6 0.325 0.6 0.325 0.6166666666666667 0.3015625 0.6166666666666667
2 0.31927083333333334 0.5712962962962963 0.3515625 0.5712962962962963 0.3515625 0.5953703703703703 0.31927083333333334 0.5953703703703703
2 0.3026041666666667 0.5398148148148149 0.3359375 0.5398148148148149 0.3359375 0.562037037037037 0.3026041666666667 0.562037037037037
2 0.3026041666666667 0.49907407407407406 0.33177083333333335 0.49907407407407406 0.33177083333333335 0.5222222222222223 0.3026041666666667 0.5222222222222223
2 0.32083333333333336 0.3435185185185185 0.35989583333333336 0.3435185185185185 0.35989583333333336 0.4064814814814815 0.32083333333333336 0.4064814814814815
2 0.2869791666666667 0.31296296296296294 0.3171875 0.31296296296296294 0.3171875 0.34444444444444444 0.2869791666666667 0.34444444444444444
2 0.33177083333333335 0.21574074074074073 0.3645833333333333 0.21574074074074073 0.3645833333333333 0.24259259259259258 0.33177083333333335 0.24259259259259258
2 0.36770833333333336 0.14722222222222223 0.41354166666666664 0.14722222222222223 0.41354166666666664 0.1824074074074074 0.36770833333333336 0.1824074074074074
2 0.2869791666666667 0.5046296296296297 0.30625 0.5046296296296297 0.30625 0.5185185185185185 0.2869791666666667 0.5185185185185185
2 0.2833333333333333 0.5342592592592592 0.2989583333333333 0.5342592592592592 0.2989583333333333 0.5481481481481482 0.2833333333333333 0.5481481481481482
2 0.29010416666666666 0.5657407407407408 0.31145833333333334 0.5657407407407408 0.31145833333333334 0.5833333333333334 0.29010416666666666 0.5833333333333334
2 0.2890625 0.5861111111111111 0.3067708333333333 0.5861111111111111 0.3067708333333333 0.6027777777777777 0.2890625 0.6027777777777777
2 0.2859375 0.55 0.303125 0.55 0.303125 0.5657407407407408 0.2859375 0.5657407407407408