1 0.14322916666666666 0.32222222222222224 0.2755208333333333 0.32222222222222224 0.2755208333333333 0.49722222222222223 0.14322916666666666 0.49722222222222223
1 0.32760416666666664 0.17407407407407408 0.3932291666666667 0.17407407407407408 0.3932291666666667 0.23425925925925925 0.32760416666666664 0.23425925925925925
2 0.7265625 0.3851851851851852 0.76875 0.3851851851851852 0.76875 0.4925925925925926 0.7265625 0.4925925925925926
2 0.3385416666666667 0.41388888888888886 0.3776041666666667 0.41388888888888886 0.3776041666666667 0.5231481481481481 0.3385416666666667 0.5231481481481481
2 0.19010416666666666 0.6657407407407407 0.26510416666666664 0.6657407407407407 0.26510416666666664 0.8759259259259259 0.19010416666666666 0.8759259259259259
2 0.5848958333333333 0.18425925925925926 0.6046875 0.18425925925925926 0.6046875 0.24259259259259258 0.5848958333333333 0.24259259259259258
2 0.5385416666666667 0.09166666666666666 0.5505208333333333 0.09166666666666666 0.5505208333333333 0.12037037037037036 0.5385416666666667 0.12037037037037036
2 0.4359375 0.19537037037037036 0.4552083333333333 0.19537037037037036 0.4552083333333333 0.24814814814814815 0.4359375 0.24814814814814815
2 0.6526041666666667 0.2898148148148148 0.6833333333333333 0.2898148148148148 0.6833333333333333 0.3731481481481482 0.6526041666666667 0.3731481481481482
2 0.41770833333333335 0.26296296296296295 0.446875 0.26296296296296295 0.446875 0.3388888888888889 0.41770833333333335 0.3388888888888889
2 0.40572916666666664 0.19444444444444445 0.42604166666666665 0.19444444444444445 0.42604166666666665 0.2518518518518518 0.40572916666666664 0.2518518518518518
2 0.553125 0.16111111111111112 0.5744791666666667 0.16111111111111112 0.5744791666666667 0.21666666666666667 0.553125 0.21666666666666667
2 0.4588541666666667 0.24166666666666667 0.48333333333333334 0.24166666666666667 0.48333333333333334 0.31666666666666665 0.4588541666666667 0.31666666666666665
2 0.6020833333333333 0.24814814814814815 0.6239583333333333 0.24814814814814815 0.6239583333333333 0.3111111111111111 0.6020833333333333 0.3111111111111111
2 0.6901041666666666 0.42777777777777776 0.7354166666666667 0.42777777777777776 0.7354166666666667 0.5601851851851852 0.6901041666666666 0.5601851851851852
2 0.45364583333333336 0.16203703703703703 0.471875 0.16203703703703703 0.471875 0.20833333333333334 0.45364583333333336 0.20833333333333334
2 0.484375 0.13240740740740742 0.49895833333333334 0.13240740740740742 0.49895833333333334 0.1712962962962963 0.484375 0.1712962962962963
2 0.6083333333333333 0.2064814814814815 0.63125 0.2064814814814815 0.63125 0.2638888888888889 0.6083333333333333 0.2638888888888889
2 0.3494791666666667 0.5037037037037037 0.39895833333333336 0.5037037037037037 0.39895833333333336 0.6787037037037037 0.3494791666666667 0.6787037037037037
2 0.8848958333333333 0.6305555555555555 0.959375 0.6305555555555555 0.959375 0.8287037037037037 0.8848958333333333 0.8287037037037037
2 0.4390625 0.12222222222222222 0.45208333333333334 0.12222222222222222 0.45208333333333334 0.1537037037037037 0.4390625 0.1537037037037037