1 0.14635416666666667 0.32685185185185184 0.2677083333333333 0.32685185185185184 0.2677083333333333 0.5027777777777778 0.14635416666666667 0.5027777777777778
1 0.4630208333333333 0.1425925925925926 0.4953125 0.1425925925925926 0.4953125 0.1935185185185185 0.4630208333333333 0.1935185185185185
1 0.33125 0.175 0.3828125 0.175 0.3828125 0.23796296296296296 0.33125 0.23796296296296296
1 0.5984375 0.11296296296296296 0.6395833333333333 0.11296296296296296 0.6395833333333333 0.15092592592592594 0.5984375 0.15092592592592594
2 0.13333333333333333 0.6657407407407407 0.225 0.6657407407407407 0.225 0.937037037037037 0.13333333333333333 0.937037037037037
2 0.290625 0.7018518518518518 0.3692708333333333 0.7018518518518518 0.3692708333333333 0.975 0.290625 0.975
2 0.2630208333333333 0.4361111111111111 0.2989583333333333 0.4361111111111111 0.2989583333333333 0.5657407407407408 0.2630208333333333 0.5657407407407408
2 0.3 0.48148148148148145 0.346875 0.48148148148148145 0.346875 0.6574074074074074 0.3 0.6574074074074074
2 0.36302083333333335 0.49722222222222223 0.39895833333333336 0.49722222222222223 0.39895833333333336 0.6481481481481481 0.36302083333333335 0.6481481481481481
2 0.7276041666666667 0.512962962962963 0.7651041666666667 0.512962962962963 0.7651041666666667 0.6722222222222223 0.7276041666666667 0.6722222222222223
2 0.4296875 0.3648148148148148 0.4546875 0.3648148148148148 0.4546875 0.5018518518518519 0.4296875 0.5018518518518519
2 0.3776041666666667 0.33611111111111114 0.39791666666666664 0.33611111111111114 0.39791666666666664 0.44814814814814813 0.3776041666666667 0.44814814814814813
2 0.29791666666666666 0.35185185185185186 0.3333333333333333 0.35185185185185186 0.3333333333333333 0.462037037037037 0.29791666666666666 0.462037037037037
2 0.3265625 0.2898148148148148 0.35 0.2898148148148148 0.35 0.37777777777777777 0.3265625 0.37777777777777777
2 0.3953125 0.25277777777777777 0.40729166666666666 0.25277777777777777 0.40729166666666666 0.3333333333333333 0.3953125 0.3333333333333333
2 0.43802083333333336 0.25925925925925924 0.45677083333333335 0.25925925925925924 0.45677083333333335 0.3277777777777778 0.43802083333333336 0.3277777777777778
2 0.44947916666666665 0.22777777777777777 0.465625 0.22777777777777777 0.465625 0.2953703703703704 0.44947916666666665 0.2953703703703704
2 0.3734375 0.21203703703703702 0.384375 0.21203703703703702 0.384375 0.275 0.3734375 0.275
2 0.4109375 0.19074074074074074 0.4239583333333333 0.19074074074074074 0.4239583333333333 0.24537037037037038 0.4109375 0.24537037037037038
2 0.4328125 0.17407407407407408 0.4453125 0.17407407407407408 0.4453125 0.23333333333333334 0.4328125 0.23333333333333334
2 0.4578125 0.18055555555555555 0.46979166666666666 0.18055555555555555 0.46979166666666666 0.23425925925925925 0.4578125 0.23425925925925925
2 0.596875 0.16666666666666666 0.6098958333333333 0.16666666666666666 0.6098958333333333 0.21388888888888888 0.596875 0.21388888888888888
2 0.5989583333333334 0.14444444444444443 0.6140625 0.14444444444444443 0.6140625 0.17962962962962964 0.5989583333333334 0.17962962962962964
2 0.6296875 0.16666666666666666 0.6442708333333333 0.16666666666666666 0.6442708333333333 0.2175925925925926 0.6296875 0.2175925925925926
2 0.4953125 0.12222222222222222 0.5072916666666667 0.12222222222222222 0.5072916666666667 0.16296296296296298 0.4953125 0.16296296296296298
2 0.44427083333333334 0.1425925925925926 0.453125 0.1425925925925926 0.453125 0.18703703703703703 0.44427083333333334 0.18703703703703703
2 0.4234375 0.1648148148148148 0.4317708333333333 0.1648148148148148 0.4317708333333333 0.2074074074074074 0.4234375 0.2074074074074074
2 0.43072916666666666 0.11666666666666667 0.43802083333333336 0.11666666666666667 0.43802083333333336 0.15185185185185185 0.43072916666666666 0.15185185185185185
2 0.43802083333333336 0.12314814814814815 0.4479166666666667 0.12314814814814815 0.4479166666666667 0.16574074074074074 0.43802083333333336 0.16574074074074074
2 0.44427083333333334 0.11481481481481481 0.45416666666666666 0.11481481481481481 0.45416666666666666 0.1425925925925926 0.44427083333333334 0.1425925925925926
2 0.45729166666666665 0.12777777777777777 0.4661458333333333 0.12777777777777777 0.4661458333333333 0.1675925925925926 0.45729166666666665 0.1675925925925926
2 0.46927083333333336 0.11574074074074074 0.4765625 0.11574074074074074 0.4765625 0.14907407407407408 0.46927083333333336 0.14907407407407408
2 0.4609375 0.10185185185185185 0.46875 0.10185185185185185 0.46875 0.13703703703703704 0.4609375 0.13703703703703704