1 0.5005208333333333 0 0.5984375 0 0.5984375 0.09351851851851851 0.5005208333333333 0.09351851851851851
1 0.5057291666666667 0.287962962962963 0.5833333333333334 0.287962962962963 0.5833333333333334 0.44166666666666665 0.5057291666666667 0.44166666666666665
1 0.6463541666666667 0.18055555555555555 0.6817708333333333 0.18055555555555555 0.6817708333333333 0.29907407407407405 0.6463541666666667 0.29907407407407405
2 0.42291666666666666 0.9055555555555556 0.5005208333333333 0.9055555555555556 0.5005208333333333 0.9962962962962963 0.42291666666666666 0.9962962962962963
2 0.2578125 0 0.37552083333333336 0 0.37552083333333336 0.08148148148148149 0.2578125 0.08148148148148149
2 0.4895833333333333 0.08148148148148149 0.5473958333333333 0.08148148148148149 0.5473958333333333 0.15648148148148147 0.4895833333333333 0.15648148148148147
2 0.5625 0.8666666666666667 0.6104166666666667 0.8666666666666667 0.6104166666666667 0.9268518518518518 0.5625 0.9268518518518518
2 0.5015625 0.7703703703703704 0.5635416666666667 0.7703703703703704 0.5635416666666667 0.837037037037037 0.5015625 0.837037037037037
2 0.5635416666666667 0.2490740740740741 0.6067708333333334 0.2490740740740741 0.6067708333333334 0.30092592592592593 0.5635416666666667 0.30092592592592593
2 0.40572916666666664 0.05185185185185185 0.49166666666666664 0.05185185185185185 0.49166666666666664 0.13055555555555556 0.40572916666666664 0.13055555555555556
2 0.5942708333333333 0.35 0.6359375 0.35 0.6359375 0.3925925925925926 0.5942708333333333 0.3925925925925926
2 0.3921875 0.17592592592592593 0.48802083333333335 0.17592592592592593 0.48802083333333335 0.26481481481481484 0.3921875 0.26481481481481484
2 0.6484375 0.7453703703703703 0.6786458333333333 0.7453703703703703 0.6786458333333333 0.7768518518518519 0.6484375 0.7768518518518519
2 0.6 0.2851851851851852 0.6416666666666667 0.2851851851851852 0.6416666666666667 0.3277777777777778 0.6 0.3277777777777778
2 0.6453125 0.35648148148148145 0.6723958333333333 0.35648148148148145 0.6723958333333333 0.3907407407407407 0.6453125 0.3907407407407407
2 0.65 0.6722222222222223 0.6770833333333334 0.6722222222222223 0.6770833333333334 0.7083333333333334 0.65 0.7083333333333334
2 0.6354166666666666 0.4027777777777778 0.6713541666666667 0.4027777777777778 0.6713541666666667 0.4425925925925926 0.6354166666666666 0.4425925925925926