1 0.14479166666666668 0.33055555555555555 0.26666666666666666 0.33055555555555555 0.26666666666666666 0.5074074074074074 0.14479166666666668 0.5074074074074074
1 0.28802083333333334 0.5694444444444444 0.4390625 0.5694444444444444 0.4390625 0.9175925925925926 0.28802083333333334 0.9175925925925926
1 0.3328125 0.18333333333333332 0.390625 0.18333333333333332 0.390625 0.24722222222222223 0.3328125 0.24722222222222223
1 0.6604166666666667 0.13148148148148148 0.7083333333333334 0.13148148148148148 0.7083333333333334 0.17407407407407408 0.6604166666666667 0.17407407407407408
1 0.5442708333333334 0.12037037037037036 0.5729166666666666 0.12037037037037036 0.5729166666666666 0.16111111111111112 0.5442708333333334 0.16111111111111112
2 0.6802083333333333 0.32685185185185184 0.7119791666666667 0.32685185185185184 0.7119791666666667 0.44166666666666665 0.6802083333333333 0.44166666666666665
2 0.022916666666666665 0.8046296296296296 0.10833333333333334 0.8046296296296296 0.10833333333333334 1 0.022916666666666665 1
2 0.2421875 0.4148148148148148 0.28020833333333334 0.4148148148148148 0.28020833333333334 0.5638888888888889 0.2421875 0.5638888888888889
2 0.296875 0.45555555555555555 0.328125 0.45555555555555555 0.328125 0.6166666666666667 0.296875 0.6166666666666667
2 0.3359375 0.2851851851851852 0.359375 0.2851851851851852 0.359375 0.4009259259259259 0.3359375 0.4009259259259259
2 0.409375 0.32222222222222224 0.43125 0.32222222222222224 0.43125 0.412962962962963 0.409375 0.412962962962963
2 0.39114583333333336 0.26851851851851855 0.40572916666666664 0.26851851851851855 0.40572916666666664 0.3574074074074074 0.39114583333333336 0.3574074074074074
2 0.378125 0.22777777777777777 0.3932291666666667 0.22777777777777777 0.3932291666666667 0.2953703703703704 0.378125 0.2953703703703704
2 0.42552083333333335 0.2574074074074074 0.4473958333333333 0.2574074074074074 0.4473958333333333 0.33611111111111114 0.42552083333333335 0.33611111111111114
2 0.6635416666666667 0.2361111111111111 0.6859375 0.2361111111111111 0.6859375 0.31203703703703706 0.6635416666666667 0.31203703703703706
2 0.6338541666666667 0.18981481481481483 0.6505208333333333 0.18981481481481483 0.6505208333333333 0.24166666666666667 0.6338541666666667 0.24166666666666667
2 0.5645833333333333 0.18055555555555555 0.5963541666666666 0.18055555555555555 0.5963541666666666 0.2361111111111111 0.5645833333333333 0.2361111111111111
2 0.48333333333333334 0.1675925925925926 0.49895833333333334 0.1675925925925926 0.49895833333333334 0.21574074074074073 0.48333333333333334 0.21574074074074073
2 0.4609375 0.1648148148148148 0.4739583333333333 0.1648148148148148 0.4739583333333333 0.21296296296296297 0.4609375 0.21296296296296297
2 0.4395833333333333 0.18518518518518517 0.4505208333333333 0.18518518518518517 0.4505208333333333 0.2462962962962963 0.4395833333333333 0.2462962962962963
2 0.415625 0.1824074074074074 0.4317708333333333 0.1824074074074074 0.4317708333333333 0.23148148148148148 0.415625 0.23148148148148148
2 0.4046875 0.14629629629629629 0.41510416666666666 0.14629629629629629 0.41510416666666666 0.18518518518518517 0.4046875 0.18518518518518517
2 0.42239583333333336 0.14444444444444443 0.428125 0.14444444444444443 0.428125 0.1824074074074074 0.42239583333333336 0.1824074074074074
2 0.43072916666666666 0.15185185185185185 0.44114583333333335 0.15185185185185185 0.44114583333333335 0.19722222222222222 0.43072916666666666 0.19722222222222222
2 0.44166666666666665 0.13240740740740742 0.446875 0.13240740740740742 0.446875 0.1712962962962963 0.44166666666666665 0.1712962962962963
2 0.4510416666666667 0.13240740740740742 0.4609375 0.13240740740740742 0.4609375 0.175 0.4510416666666667 0.175
2 0.4895833333333333 0.13333333333333333 0.4973958333333333 0.13333333333333333 0.4973958333333333 0.1712962962962963 0.4895833333333333 0.1712962962962963
2 0.46145833333333336 0.12777777777777777 0.46770833333333334 0.12777777777777777 0.46770833333333334 0.16666666666666666 0.46145833333333336 0.16666666666666666
2 0.47708333333333336 0.12037037037037036 0.4828125 0.12037037037037036 0.4828125 0.16296296296296298 0.47708333333333336 0.16296296296296298
2 0.5848958333333333 0.11481481481481481 0.5932291666666667 0.11481481481481481 0.5932291666666667 0.15648148148148147 0.5848958333333333 0.15648148148148147