1 0.6364583333333333 0.33425925925925926 0.7432291666666667 0.33425925925925926 0.7432291666666667 0.475 0.6364583333333333 0.475
1 0.140625 0.3074074074074074 0.26510416666666664 0.3074074074074074 0.26510416666666664 0.48703703703703705 0.140625 0.48703703703703705
2 0.8442708333333333 0.5740740740740741 0.90625 0.5740740740740741 0.90625 0.7472222222222222 0.8442708333333333 0.7472222222222222
2 0.7401041666666667 0.5685185185185185 0.8005208333333333 0.5685185185185185 0.8005208333333333 0.7518518518518519 0.7401041666666667 0.7518518518518519
2 0.11666666666666667 0.6916666666666667 0.19010416666666666 0.6916666666666667 0.19010416666666666 0.9194444444444444 0.11666666666666667 0.9194444444444444
2 0.008854166666666666 0.5416666666666666 0.08854166666666667 0.5416666666666666 0.08854166666666667 0.7175925925925926 0.008854166666666666 0.7175925925925926
2 0.5473958333333333 0.1361111111111111 0.5640625 0.1361111111111111 0.5640625 0.18333333333333332 0.5473958333333333 0.18333333333333332
2 0.1734375 0.5037037037037037 0.22135416666666666 0.5037037037037037 0.22135416666666666 0.6518518518518519 0.1734375 0.6518518518518519
2 0.3692708333333333 0.3111111111111111 0.40208333333333335 0.3111111111111111 0.40208333333333335 0.4111111111111111 0.3692708333333333 0.4111111111111111
2 0.3484375 0.41203703703703703 0.3875 0.41203703703703703 0.3875 0.5444444444444444 0.3484375 0.5444444444444444
2 0.9515625 0.662962962962963 1 0.662962962962963 1 0.8416666666666667 0.9515625 0.8416666666666667
2 0.7776041666666667 0.43425925925925923 0.81875 0.43425925925925923 0.81875 0.55 0.7776041666666667 0.55
0 0.32083333333333336 0.16111111111111112 0.415625 0.16111111111111112 0.415625 0.35555555555555557 0.32083333333333336 0.35555555555555557
2 0.434375 0.29259259259259257 0.4630208333333333 0.29259259259259257 0.4630208333333333 0.38425925925925924 0.434375 0.38425925925925924
2 0.4479166666666667 0.2212962962962963 0.4708333333333333 0.2212962962962963 0.4708333333333333 0.28888888888888886 0.4479166666666667 0.28888888888888886
1 0.5302083333333333 0.09907407407407408 0.5578125 0.09907407407407408 0.5578125 0.13518518518518519 0.5302083333333333 0.13518518518518519
2 0.6265625 0.14814814814814814 0.6473958333333333 0.14814814814814814 0.6473958333333333 0.18888888888888888 0.6265625 0.18888888888888888
2 0.6182291666666667 0.23333333333333334 0.6447916666666667 0.23333333333333334 0.6447916666666667 0.30833333333333335 0.6182291666666667 0.30833333333333335
2 0.19322916666666667 0.7694444444444445 0.26666666666666666 0.7694444444444445 0.26666666666666666 0.9981481481481481 0.19322916666666667 0.9981481481481481
0 0.6130208333333333 0.3990740740740741 0.6578125 0.3990740740740741 0.6578125 0.5583333333333333 0.6130208333333333 0.5583333333333333