1 0.5015625 0 0.6 0 0.6 0.09444444444444444 0.5015625 0.09444444444444444
1 0.6484375 0.18425925925925926 0.6822916666666666 0.18425925925925926 0.6822916666666666 0.3074074074074074 0.6484375 0.3074074074074074
2 0.5354166666666667 0.8638888888888889 0.5911458333333334 0.8638888888888889 0.5911458333333334 0.9361111111111111 0.5354166666666667 0.9361111111111111
2 0.5614583333333333 0.33611111111111114 0.6109375 0.33611111111111114 0.6109375 0.39444444444444443 0.5614583333333333 0.39444444444444443
2 0.5208333333333334 0.7861111111111111 0.5859375 0.7861111111111111 0.5859375 0.8564814814814815 0.5208333333333334 0.8564814814814815
2 0.6255208333333333 0.6685185185185185 0.65625 0.6685185185185185 0.65625 0.7046296296296296 0.6255208333333333 0.7046296296296296
2 0.6307291666666667 0.31574074074074077 0.6666666666666666 0.31574074074074077 0.6666666666666666 0.35555555555555557 0.6307291666666667 0.35555555555555557
2 0.596875 0.7592592592592593 0.6416666666666667 0.7592592592592593 0.6416666666666667 0.8083333333333333 0.596875 0.8083333333333333
2 0.6494791666666667 0.4148148148148148 0.6802083333333333 0.4148148148148148 0.6802083333333333 0.45092592592592595 0.6494791666666667 0.45092592592592595
2 0.6807291666666667 0.4722222222222222 0.7041666666666667 0.4722222222222222 0.7041666666666667 0.4981481481481482 0.6807291666666667 0.4981481481481482
2 0.6682291666666667 0.5972222222222222 0.696875 0.5972222222222222 0.696875 0.6342592592592593 0.6682291666666667 0.6342592592592593
2 0.6229166666666667 0.3768518518518518 0.6552083333333333 0.3768518518518518 0.6552083333333333 0.41203703703703703 0.6229166666666667 0.41203703703703703
2 0.5723958333333333 0.4203703703703704 0.6213541666666667 0.4203703703703704 0.6213541666666667 0.4685185185185185 0.5723958333333333 0.4685185185185185
2 0.4036458333333333 0.13796296296296295 0.4901041666666667 0.13796296296296295 0.4901041666666667 0.2351851851851852 0.4036458333333333 0.2351851851851852
2 0.6619791666666667 0.6481481481481481 0.6890625 0.6481481481481481 0.6890625 0.6787037037037037 0.6619791666666667 0.6787037037037037
2 0.6901041666666666 0.3861111111111111 0.7098958333333333 0.3861111111111111 0.7098958333333333 0.4101851851851852 0.6901041666666666 0.4101851851851852
2 0.6505208333333333 0.6824074074074075 0.678125 0.6824074074074075 0.678125 0.7175925925925926 0.6505208333333333 0.7175925925925926
2 0.66875 0.725925925925926 0.6921875 0.725925925925926 0.6921875 0.7546296296296297 0.66875 0.7546296296296297
2 0.6484375 0.3333333333333333 0.6765625 0.3333333333333333 0.6765625 0.3731481481481482 0.6484375 0.3731481481481482
2 0.2755208333333333 0.1537037037037037 0.4109375 0.1537037037037037 0.4109375 0.24259259259259258 0.2755208333333333 0.24259259259259258