1 0.4859375 0 0.5859375 0 0.5859375 0.06851851851851852 0.4859375 0.06851851851851852
1 0.5911458333333334 0.5962962962962963 0.640625 0.5962962962962963 0.640625 0.6944444444444444 0.5911458333333334 0.6944444444444444
1 0.6359375 0.18425925925925926 0.6708333333333333 0.18425925925925926 0.6708333333333333 0.287962962962963 0.6359375 0.287962962962963
1 0.6307291666666667 0.3888888888888889 0.6708333333333333 0.3888888888888889 0.6708333333333333 0.45555555555555555 0.6307291666666667 0.45555555555555555
1 0.6671875 0.5527777777777778 0.69375 0.5527777777777778 0.69375 0.6055555555555555 0.6671875 0.6055555555555555
1 0.6703125 0.762962962962963 0.6973958333333333 0.762962962962963 0.6973958333333333 0.8481481481481481 0.6703125 0.8481481481481481
2 0.44166666666666665 0.006481481481481481 0.49270833333333336 0.006481481481481481 0.49270833333333336 0.06851851851851852 0.44166666666666665 0.06851851851851852
2 0.5010416666666667 0.8157407407407408 0.565625 0.8157407407407408 0.565625 0.8592592592592593 0.5010416666666667 0.8592592592592593
2 0.30052083333333335 0 0.42604166666666665 0 0.42604166666666665 0.030555555555555555 0.30052083333333335 0.030555555555555555
2 0.42864583333333334 0.13240740740740742 0.4973958333333333 0.13240740740740742 0.4973958333333333 0.2064814814814815 0.42864583333333334 0.2064814814814815
2 0.4661458333333333 0.10462962962962963 0.53125 0.10462962962962963 0.53125 0.18055555555555555 0.4661458333333333 0.18055555555555555
2 0.396875 0.2361111111111111 0.490625 0.2361111111111111 0.490625 0.3037037037037037 0.396875 0.3037037037037037
2 0.3692708333333333 0.32314814814814813 0.4661458333333333 0.32314814814814813 0.4661458333333333 0.40185185185185185 0.3692708333333333 0.40185185185185185
2 0.5598958333333334 0.15185185185185185 0.5994791666666667 0.15185185185185185 0.5994791666666667 0.17962962962962964 0.5598958333333334 0.17962962962962964
2 0.5348958333333333 0.16203703703703703 0.5854166666666667 0.16203703703703703 0.5854166666666667 0.20925925925925926 0.5348958333333333 0.20925925925925926
2 0.4973958333333333 0.19907407407407407 0.5583333333333333 0.19907407407407407 0.5583333333333333 0.2638888888888889 0.4973958333333333 0.2638888888888889
2 0.5338541666666666 0.25833333333333336 0.5838541666666667 0.25833333333333336 0.5838541666666667 0.28888888888888886 0.5338541666666666 0.28888888888888886
2 0.5729166666666666 0.26851851851851855 0.6161458333333333 0.26851851851851855 0.6161458333333333 0.3055555555555556 0.5729166666666666 0.3055555555555556
2 0.5692708333333333 0.33796296296296297 0.6151041666666667 0.33796296296296297 0.6151041666666667 0.38333333333333336 0.5692708333333333 0.38333333333333336
2 0.615625 0.29814814814814816 0.6484375 0.29814814814814816 0.6484375 0.3277777777777778 0.615625 0.3277777777777778
2 0.6432291666666666 0.2953703703703704 0.6729166666666667 0.2953703703703704 0.6729166666666667 0.3287037037037037 0.6432291666666666 0.3287037037037037
2 0.6333333333333333 0.3388888888888889 0.659375 0.3388888888888889 0.659375 0.3638888888888889 0.6333333333333333 0.3638888888888889
2 0.640625 0.49537037037037035 0.6697916666666667 0.49537037037037035 0.6697916666666667 0.5361111111111111 0.640625 0.5361111111111111
2 0.6682291666666667 0.3435185185185185 0.6916666666666667 0.3435185185185185 0.6916666666666667 0.3648148148148148 0.6682291666666667 0.3648148148148148
2 0.6583333333333333 0.36944444444444446 0.6817708333333333 0.36944444444444446 0.6817708333333333 0.3888888888888889 0.6583333333333333 0.3888888888888889
2 0.6744791666666666 0.3814814814814815 0.6958333333333333 0.3814814814814815 0.6958333333333333 0.4046296296296296 0.6744791666666666 0.4046296296296296
2 0.68125 0.4046296296296296 0.6979166666666666 0.4046296296296296 0.6979166666666666 0.425 0.68125 0.425
2 0.678125 0.4351851851851852 0.6994791666666667 0.4351851851851852 0.6994791666666667 0.46574074074074073 0.678125 0.46574074074074073
2 0.6552083333333333 0.6342592592592593 0.6791666666666667 0.6342592592592593 0.6791666666666667 0.662962962962963 0.6552083333333333 0.662962962962963
2 0.65625 0.6666666666666666 0.684375 0.6666666666666666 0.684375 0.7 0.65625 0.7