1 0.14583333333333334 0.3287037037037037 0.2682291666666667 0.3287037037037037 0.2682291666666667 0.5055555555555555 0.14583333333333334 0.5055555555555555
1 0.33229166666666665 0.18055555555555555 0.38958333333333334 0.18055555555555555 0.38958333333333334 0.24259259259259258 0.33229166666666665 0.24259259259259258
1 0.6541666666666667 0.13148148148148148 0.7083333333333334 0.13148148148148148 0.7083333333333334 0.175 0.6541666666666667 0.175
1 0.5463541666666667 0.11203703703703703 0.5708333333333333 0.11203703703703703 0.5708333333333333 0.15555555555555556 0.5463541666666667 0.15555555555555556
1 0.21614583333333334 0.7509259259259259 0.428125 0.7509259259259259 0.428125 1 0.21614583333333334 1
2 0.2 0.46111111111111114 0.25 0.46111111111111114 0.25 0.6314814814814815 0.2 0.6314814814814815
2 0.22864583333333333 0.5703703703703704 0.2838541666666667 0.5703703703703704 0.2838541666666667 0.7481481481481481 0.22864583333333333 0.7481481481481481
2 0.3182291666666667 0.32685185185185184 0.346875 0.32685185185185184 0.346875 0.45 0.3182291666666667 0.45
2 0.37864583333333335 0.30277777777777776 0.39427083333333335 0.30277777777777776 0.39427083333333335 0.4074074074074074 0.37864583333333335 0.4074074074074074
2 0.3625 0.24444444444444444 0.3859375 0.24444444444444444 0.3859375 0.35185185185185186 0.3625 0.35185185185185186
2 0.37552083333333336 0.375 0.4114583333333333 0.375 0.4114583333333333 0.5138888888888888 0.37552083333333336 0.5138888888888888
2 0.4161458333333333 0.2814814814814815 0.4427083333333333 0.2814814814814815 0.4427083333333333 0.3972222222222222 0.4161458333333333 0.3972222222222222
2 0.6614583333333334 0.287962962962963 0.6932291666666667 0.287962962962963 0.6932291666666667 0.40555555555555556 0.6614583333333334 0.40555555555555556
2 0.6572916666666667 0.22037037037037038 0.6765625 0.22037037037037038 0.6765625 0.30648148148148147 0.6572916666666667 0.30648148148148147
2 0.409375 0.1962962962962963 0.421875 0.1962962962962963 0.421875 0.26296296296296295 0.409375 0.26296296296296295
2 0.40572916666666664 0.15092592592592594 0.4109375 0.15092592592592594 0.4109375 0.18981481481481483 0.40572916666666664 0.18981481481481483
2 0.4166666666666667 0.1537037037037037 0.42552083333333335 0.1537037037037037 0.42552083333333335 0.1962962962962963 0.4166666666666667 0.1962962962962963
2 0.42604166666666665 0.16574074074074074 0.43697916666666664 0.16574074074074074 0.43697916666666664 0.20925925925925926 0.42604166666666665 0.20925925925925926
2 0.4427083333333333 0.18518518518518517 0.4510416666666667 0.18518518518518517 0.4510416666666667 0.23425925925925925 0.4427083333333333 0.23425925925925925
2 0.4317708333333333 0.20462962962962963 0.44114583333333335 0.20462962962962963 0.44114583333333335 0.2824074074074074 0.4317708333333333 0.2824074074074074
2 0.459375 0.1712962962962963 0.4713541666666667 0.1712962962962963 0.4713541666666667 0.23796296296296296 0.459375 0.23796296296296296
2 0.48125 0.17592592592592593 0.4895833333333333 0.17592592592592593 0.4895833333333333 0.24074074074074073 0.48125 0.24074074074074073
2 0.5598958333333334 0.17222222222222222 0.5786458333333333 0.17222222222222222 0.5786458333333333 0.22870370370370371 0.5598958333333334 0.22870370370370371
2 0.5786458333333333 0.17222222222222222 0.6052083333333333 0.17222222222222222 0.6052083333333333 0.23055555555555557 0.5786458333333333 0.23055555555555557
2 0.625 0.1685185185185185 0.6411458333333333 0.1685185185185185 0.6411458333333333 0.2222222222222222 0.625 0.2222222222222222
2 0.484375 0.1398148148148148 0.4953125 0.1398148148148148 0.4953125 0.18703703703703703 0.484375 0.18703703703703703
2 0.4479166666666667 0.14444444444444443 0.4583333333333333 0.14444444444444443 0.4583333333333333 0.18425925925925926 0.4479166666666667 0.18425925925925926
2 0.43802083333333336 0.1388888888888889 0.4453125 0.1388888888888889 0.4453125 0.17314814814814813 0.43802083333333336 0.17314814814814813
2 0.4578125 0.13518518518518519 0.465625 0.13518518518518519 0.465625 0.1712962962962963 0.4578125 0.1712962962962963
2 0.47604166666666664 0.1259259259259259 0.48385416666666664 0.1259259259259259 0.48385416666666664 0.1638888888888889 0.47604166666666664 0.1638888888888889
2 0.46510416666666665 0.13240740740740742 0.471875 0.13240740740740742 0.471875 0.16296296296296298 0.46510416666666665 0.16296296296296298