1 0.5661458333333333 0.4675925925925926 0.6880208333333333 0.4675925925925926 0.6880208333333333 0.6574074074074074 0.5661458333333333 0.6574074074074074
1 0.12395833333333334 0.35462962962962963 0.2557291666666667 0.35462962962962963 0.2557291666666667 0.5351851851851852 0.12395833333333334 0.5351851851851852
1 0.35989583333333336 0.40370370370370373 0.43802083333333336 0.40370370370370373 0.43802083333333336 0.5509259259259259 0.35989583333333336 0.5509259259259259
1 0.315625 0.2101851851851852 0.3692708333333333 0.2101851851851852 0.3692708333333333 0.2740740740740741 0.315625 0.2740740740740741
1 0.5338541666666666 0.21851851851851853 0.5729166666666666 0.21851851851851853 0.5729166666666666 0.2814814814814815 0.5338541666666666 0.2814814814814815
1 0.6411458333333333 0.16203703703703703 0.6869791666666667 0.16203703703703703 0.6869791666666667 0.20462962962962963 0.6411458333333333 0.20462962962962963
1 0.4484375 0.15925925925925927 0.4786458333333333 0.15925925925925927 0.4786458333333333 0.20925925925925926 0.4484375 0.20925925925925926
2 0.26458333333333334 0.49444444444444446 0.30833333333333335 0.49444444444444446 0.30833333333333335 0.5990740740740741 0.26458333333333334 0.5990740740740741
2 0.63125 0.2518518518518518 0.653125 0.2518518518518518 0.653125 0.3277777777777778 0.63125 0.3277777777777778
2 0.12447916666666667 0.5398148148148149 0.165625 0.5398148148148149 0.165625 0.7175925925925926 0.12447916666666667 0.7175925925925926
2 0.15885416666666666 0.5462962962962963 0.21041666666666667 0.5462962962962963 0.21041666666666667 0.7546296296296297 0.15885416666666666 0.7546296296296297
2 0.4088541666666667 0.5055555555555555 0.4640625 0.5055555555555555 0.4640625 0.6685185185185185 0.4088541666666667 0.6685185185185185
2 0.31666666666666665 0.33240740740740743 0.3421875 0.33240740740740743 0.3421875 0.4351851851851852 0.31666666666666665 0.4351851851851852
2 0.3463541666666667 0.35462962962962963 0.37552083333333336 0.35462962962962963 0.37552083333333336 0.46296296296296297 0.3463541666666667 0.46296296296296297
2 0.3671875 0.3055555555555556 0.39010416666666664 0.3055555555555556 0.39010416666666664 0.3824074074074074 0.3671875 0.3824074074074074
2 0.33177083333333335 0.2962962962962963 0.353125 0.2962962962962963 0.353125 0.36666666666666664 0.33177083333333335 0.36666666666666664
2 0.34791666666666665 0.2759259259259259 0.3645833333333333 0.2759259259259259 0.3645833333333333 0.34444444444444444 0.34791666666666665 0.34444444444444444
2 0.37916666666666665 0.25092592592592594 0.4 0.25092592592592594 0.4 0.32685185185185184 0.37916666666666665 0.32685185185185184
2 0.3578125 0.22962962962962963 0.3703125 0.22962962962962963 0.3703125 0.2851851851851852 0.3578125 0.2851851851851852
2 0.36770833333333336 0.23981481481481481 0.37916666666666665 0.23981481481481481 0.37916666666666665 0.30092592592592593 0.36770833333333336 0.30092592592592593
2 0.4015625 0.23796296296296296 0.41770833333333335 0.23796296296296296 0.41770833333333335 0.30185185185185187 0.4015625 0.30185185185185187
2 0.41770833333333335 0.25833333333333336 0.42916666666666664 0.25833333333333336 0.42916666666666664 0.3416666666666667 0.41770833333333335 0.3416666666666667
2 0.43333333333333335 0.275 0.4484375 0.275 0.4484375 0.35833333333333334 0.43333333333333335 0.35833333333333334
2 0.44947916666666665 0.23148148148148148 0.4671875 0.23148148148148148 0.4671875 0.31666666666666665 0.44947916666666665 0.31666666666666665
2 0.403125 0.2111111111111111 0.4192708333333333 0.2111111111111111 0.4192708333333333 0.2611111111111111 0.403125 0.2611111111111111
2 0.4239583333333333 0.20462962962962963 0.4401041666666667 0.20462962962962963 0.4401041666666667 0.262037037037037 0.4239583333333333 0.262037037037037
2 0.4046875 0.1648148148148148 0.4197916666666667 0.1648148148148148 0.4197916666666667 0.21851851851851853 0.4046875 0.21851851851851853
2 0.42864583333333334 0.1648148148148148 0.4359375 0.1648148148148148 0.4359375 0.20277777777777778 0.42864583333333334 0.20277777777777778
2 0.4171875 0.1787037037037037 0.4270833333333333 0.1787037037037037 0.4270833333333333 0.23148148148148148 0.4171875 0.23148148148148148
2 0.4786458333333333 0.18981481481481483 0.49270833333333336 0.18981481481481483 0.49270833333333336 0.24259259259259258 0.4786458333333333 0.24259259259259258
2 0.4869791666666667 0.2037037037037037 0.5197916666666667 0.2037037037037037 0.5197916666666667 0.275 0.4869791666666667 0.275
2 0.6010416666666667 0.29074074074074074 0.6265625 0.29074074074074074 0.6265625 0.38055555555555554 0.6010416666666667 0.38055555555555554
2 0.6192708333333333 0.21944444444444444 0.6354166666666666 0.21944444444444444 0.6354166666666666 0.2833333333333333 0.6192708333333333 0.2833333333333333
2 0.578125 0.20092592592592592 0.5947916666666667 0.20092592592592592 0.5947916666666667 0.2490740740740741 0.578125 0.2490740740740741