0 0.365625 0.7574074074074074 0.596875 0.7574074074074074 0.596875 1 0.365625 1
1 0.33177083333333335 0.5287037037037037 0.3770833333333333 0.5287037037037037 0.3770833333333333 0.6222222222222222 0.33177083333333335 0.6222222222222222
2 0.5677083333333334 0 0.6614583333333334 0 0.6614583333333334 0.037037037037037035 0.5677083333333334 0.037037037037037035
2 0.3958333333333333 0.023148148148148147 0.44635416666666666 0.023148148148148147 0.44635416666666666 0.08796296296296297 0.3958333333333333 0.08796296296296297
2 0.39375 0.5407407407407407 0.45260416666666664 0.5407407407407407 0.45260416666666664 0.5972222222222222 0.39375 0.5972222222222222
2 0.3151041666666667 0.36574074074074076 0.35104166666666664 0.36574074074074076 0.35104166666666664 0.4027777777777778 0.3151041666666667 0.4027777777777778
2 0.4421875 0.28425925925925927 0.5078125 0.28425925925925927 0.5078125 0.34629629629629627 0.4421875 0.34629629629629627
2 0.5609375 0.6231481481481481 0.6677083333333333 0.6231481481481481 0.6677083333333333 0.7166666666666667 0.5609375 0.7166666666666667
2 0.346875 0.7 0.38645833333333335 0.7 0.38645833333333335 0.7416666666666667 0.346875 0.7416666666666667
2 0.34739583333333335 0.1638888888888889 0.3854166666666667 0.1638888888888889 0.3854166666666667 0.20092592592592592 0.34739583333333335 0.20092592592592592
1 0.31666666666666665 0.2518518518518518 0.3578125 0.2518518518518518 0.3578125 0.33796296296296297 0.31666666666666665 0.33796296296296297
2 0.3625 0.2101851851851852 0.41458333333333336 0.2101851851851852 0.41458333333333336 0.26666666666666666 0.3625 0.26666666666666666
2 0.4708333333333333 0.5435185185185185 0.5515625 0.5435185185185185 0.5515625 0.6138888888888889 0.4708333333333333 0.6138888888888889
2 0.44583333333333336 0.05648148148148148 0.5171875 0.05648148148148148 0.5171875 0.12777777777777777 0.44583333333333336 0.12777777777777777
2 0.3020833333333333 0.5851851851851851 0.328125 0.5851851851851851 0.328125 0.6111111111111112 0.3020833333333333 0.6111111111111112
2 0.30520833333333336 0.5185185185185185 0.3296875 0.5185185185185185 0.3296875 0.5453703703703704 0.30520833333333336 0.5453703703703704
2 0.34010416666666665 0.25925925925925924 0.38385416666666666 0.25925925925925924 0.38385416666666666 0.2953703703703704 0.34010416666666665 0.2953703703703704
2 0.3953125 0.2611111111111111 0.4609375 0.2611111111111111 0.4609375 0.29907407407407405 0.3953125 0.29907407407407405