1 0.5963541666666666 0.6481481481481481 0.775 0.6481481481481481 0.775 0.9824074074074074 0.5963541666666666 0.9824074074074074
1 0.1203125 0.36203703703703705 0.2515625 0.36203703703703705 0.2515625 0.5425925925925926 0.1203125 0.5425925925925926
1 0.3796875 0.3333333333333333 0.44375 0.3333333333333333 0.44375 0.43796296296296294 0.3796875 0.43796296296296294
1 0.5333333333333333 0.25092592592592594 0.5791666666666667 0.25092592592592594 0.5791666666666667 0.3212962962962963 0.5333333333333333 0.3212962962962963
1 0.3140625 0.21481481481481482 0.37135416666666665 0.21481481481481482 0.37135416666666665 0.27870370370370373 0.3140625 0.27870370370370373
1 0.4515625 0.14814814814814814 0.48072916666666665 0.14814814814814814 0.48072916666666665 0.19444444444444445 0.4515625 0.19444444444444445
1 0.9057291666666667 0.26851851851851855 0.9776041666666667 0.26851851851851855 0.9776041666666667 0.3574074074074074 0.9057291666666667 0.3574074074074074
2 0.22552083333333334 0.41759259259259257 0.253125 0.41759259259259257 0.253125 0.5453703703703704 0.22552083333333334 0.5453703703703704
2 0.24166666666666667 0.4527777777777778 0.26666666666666666 0.4527777777777778 0.26666666666666666 0.5814814814814815 0.24166666666666667 0.5814814814814815
2 0.31145833333333334 0.3675925925925926 0.3484375 0.3675925925925926 0.3484375 0.475 0.31145833333333334 0.475
2 0.428125 0.4064814814814815 0.4666666666666667 0.4064814814814815 0.4666666666666667 0.5138888888888888 0.428125 0.5138888888888888
2 0.34791666666666665 0.28425925925925927 0.37083333333333335 0.28425925925925927 0.37083333333333335 0.37222222222222223 0.34791666666666665 0.37222222222222223
2 0.3875 0.2935185185185185 0.4083333333333333 0.2935185185185185 0.4083333333333333 0.35462962962962963 0.3875 0.35462962962962963
2 0.4375 0.24814814814814815 0.4546875 0.24814814814814815 0.4546875 0.3111111111111111 0.4375 0.3111111111111111
2 0.37083333333333335 0.21388888888888888 0.38229166666666664 0.21388888888888888 0.38229166666666664 0.262037037037037 0.37083333333333335 0.262037037037037
2 0.378125 0.20833333333333334 0.39114583333333336 0.20833333333333334 0.39114583333333336 0.2814814814814815 0.378125 0.2814814814814815
2 0.38697916666666665 0.23148148148148148 0.403125 0.23148148148148148 0.403125 0.29259259259259257 0.38697916666666665 0.29259259259259257
2 0.3625 0.25092592592592594 0.37447916666666664 0.25092592592592594 0.37447916666666664 0.3111111111111111 0.3625 0.3111111111111111
2 0.41041666666666665 0.22592592592592592 0.42239583333333336 0.22592592592592592 0.42239583333333336 0.2833333333333333 0.41041666666666665 0.2833333333333333
2 0.45260416666666664 0.21296296296296297 0.465625 0.21296296296296297 0.465625 0.26851851851851855 0.45260416666666664 0.26851851851851855
2 0.4265625 0.225 0.440625 0.225 0.440625 0.287962962962963 0.4265625 0.287962962962963
2 0.4078125 0.16111111111111112 0.4197916666666667 0.16111111111111112 0.4197916666666667 0.2074074074074074 0.4078125 0.2074074074074074
2 0.428125 0.18425925925925926 0.4432291666666667 0.18425925925925926 0.4432291666666667 0.23055555555555557 0.428125 0.23055555555555557
2 0.40520833333333334 0.19537037037037036 0.42083333333333334 0.19537037037037036 0.42083333333333334 0.23703703703703705 0.40520833333333334 0.23703703703703705
2 0.4265625 0.15092592592592594 0.43802083333333336 0.15092592592592594 0.43802083333333336 0.18703703703703703 0.4265625 0.18703703703703703
2 0.421875 0.17222222222222222 0.4317708333333333 0.17222222222222222 0.4317708333333333 0.22037037037037038 0.421875 0.22037037037037038
2 0.5911458333333334 0.2222222222222222 0.6057291666666667 0.2222222222222222 0.6057291666666667 0.2777777777777778 0.5911458333333334 0.2777777777777778
2 0.6557291666666667 0.30648148148148147 0.68125 0.30648148148148147 0.68125 0.4 0.6557291666666667 0.4
2 0.6296875 0.3685185185185185 0.6567708333333333 0.3685185185185185 0.6567708333333333 0.4824074074074074 0.6296875 0.4824074074074074
2 0.6333333333333333 0.2574074074074074 0.6536458333333334 0.2574074074074074 0.6536458333333334 0.3398148148148148 0.6333333333333333 0.3398148148148148
2 0.5973958333333333 0.19814814814814816 0.6130208333333333 0.19814814814814816 0.6130208333333333 0.25555555555555554 0.5973958333333333 0.25555555555555554
2 0.5807291666666666 0.19166666666666668 0.5932291666666667 0.19166666666666668 0.5932291666666667 0.23703703703703705 0.5807291666666666 0.23703703703703705
2 0.5546875 0.16666666666666666 0.5661458333333333 0.16666666666666666 0.5661458333333333 0.21296296296296297 0.5546875 0.21296296296296297
2 0.5666666666666667 0.14907407407407408 0.5755208333333334 0.14907407407407408 0.5755208333333334 0.19814814814814816 0.5666666666666667 0.19814814814814816
2 0.5796875 0.1527777777777778 0.5916666666666667 0.1527777777777778 0.5916666666666667 0.19444444444444445 0.5796875 0.19444444444444445
2 0.5375 0.14629629629629629 0.5494791666666666 0.14629629629629629 0.5494791666666666 0.18611111111111112 0.5375 0.18611111111111112
1 0.5078125 0.15 0.5369791666666667 0.15 0.5369791666666667 0.19722222222222222 0.5078125 0.19722222222222222