1 0.39895833333333336 0.9092592592592592 0.49895833333333334 0.9092592592592592 0.49895833333333334 1 0.39895833333333336 1
1 0.2911458333333333 0.5 0.31875 0.5 0.31875 0.5564814814814815 0.2911458333333333 0.5564814814814815
1 0.3177083333333333 0.7027777777777777 0.3541666666666667 0.7027777777777777 0.3541666666666667 0.799074074074074 0.3177083333333333 0.799074074074074
1 0.2859375 0.225 0.30520833333333336 0.225 0.30520833333333336 0.3111111111111111 0.2859375 0.3111111111111111
2 0.48489583333333336 0.8185185185185185 0.5880208333333333 0.8185185185185185 0.5880208333333333 0.9212962962962963 0.48489583333333336 0.9212962962962963
2 0.4791666666666667 0.6527777777777778 0.5625 0.6527777777777778 0.5625 0.7222222222222222 0.4791666666666667 0.7222222222222222
2 0.4265625 0.6 0.4890625 0.6 0.4890625 0.6620370370370371 0.4265625 0.6620370370370371
2 0.42604166666666665 0.700925925925926 0.48541666666666666 0.700925925925926 0.48541666666666666 0.7481481481481481 0.42604166666666665 0.7481481481481481
2 0.4119791666666667 0.7509259259259259 0.48020833333333335 0.7509259259259259 0.48020833333333335 0.812962962962963 0.4119791666666667 0.812962962962963
2 0.3796875 0.7203703703703703 0.425 0.7203703703703703 0.425 0.7694444444444445 0.3796875 0.7694444444444445
2 0.35520833333333335 0.7194444444444444 0.390625 0.7194444444444444 0.390625 0.7574074074074074 0.35520833333333335 0.7574074074074074
2 0.37135416666666665 0.6324074074074074 0.415625 0.6324074074074074 0.415625 0.6712962962962963 0.37135416666666665 0.6712962962962963
2 0.34791666666666665 0.6416666666666667 0.38177083333333334 0.6416666666666667 0.38177083333333334 0.6722222222222223 0.34791666666666665 0.6722222222222223
2 0.3390625 0.6194444444444445 0.37135416666666665 0.6194444444444445 0.37135416666666665 0.6435185185185185 0.3390625 0.6435185185185185
2 0.37604166666666666 0.5416666666666666 0.428125 0.5416666666666666 0.428125 0.5787037037037037 0.37604166666666666 0.5787037037037037
2 0.3328125 0.5537037037037037 0.3703125 0.5537037037037037 0.3703125 0.5861111111111111 0.3328125 0.5861111111111111
2 0.3296875 0.5333333333333333 0.3614583333333333 0.5333333333333333 0.3614583333333333 0.5638888888888889 0.3296875 0.5638888888888889
2 0.3234375 0.6814814814814815 0.359375 0.6814814814814815 0.359375 0.7083333333333334 0.3234375 0.7083333333333334
2 0.32083333333333336 0.6537037037037037 0.3484375 0.6537037037037037 0.3484375 0.6685185185185185 0.32083333333333336 0.6685185185185185
2 0.3307291666666667 0.6453703703703704 0.353125 0.6453703703703704 0.353125 0.6583333333333333 0.3307291666666667 0.6583333333333333
2 0.31302083333333336 0.6203703703703703 0.3380208333333333 0.6203703703703703 0.3380208333333333 0.6416666666666667 0.31302083333333336 0.6416666666666667
2 0.30625 0.5879629629629629 0.3359375 0.5879629629629629 0.3359375 0.6027777777777777 0.30625 0.6027777777777777
2 0.30104166666666665 0.6027777777777777 0.3265625 0.6027777777777777 0.3265625 0.6203703703703703 0.30104166666666665 0.6203703703703703
2 0.30833333333333335 0.549074074074074 0.33177083333333335 0.549074074074074 0.33177083333333335 0.5694444444444444 0.30833333333333335 0.5694444444444444
2 0.290625 0.5694444444444444 0.3140625 0.5694444444444444 0.3140625 0.5851851851851851 0.290625 0.5851851851851851
2 0.2828125 0.5592592592592592 0.30416666666666664 0.5592592592592592 0.30416666666666664 0.5657407407407408 0.2828125 0.5657407407407408
2 0.2833333333333333 0.5907407407407408 0.30364583333333334 0.5907407407407408 0.30364583333333334 0.6037037037037037 0.2833333333333333 0.6037037037037037
2 0.278125 0.6092592592592593 0.296875 0.6092592592592593 0.296875 0.6231481481481481 0.278125 0.6231481481481481
2 0.2828125 0.48518518518518516 0.30572916666666666 0.48518518518518516 0.30572916666666666 0.5037037037037037 0.2828125 0.5037037037037037
2 0.2786458333333333 0.537962962962963 0.29739583333333336 0.537962962962963 0.29739583333333336 0.5537037037037037 0.2786458333333333 0.5537037037037037
2 0.2828125 0.3333333333333333 0.3026041666666667 0.3333333333333333 0.3026041666666667 0.3527777777777778 0.2828125 0.3527777777777778
2 0.31145833333333334 0.24166666666666667 0.34322916666666664 0.24166666666666667 0.34322916666666664 0.2537037037037037 0.31145833333333334 0.2537037037037037
2 0.3026041666666667 0.26851851851851855 0.328125 0.26851851851851855 0.328125 0.2916666666666667 0.3026041666666667 0.2916666666666667
2 0.315625 0.29259259259259257 0.34791666666666665 0.29259259259259257 0.34791666666666665 0.30925925925925923 0.315625 0.30925925925925923
2 0.30364583333333334 0.3212962962962963 0.3302083333333333 0.3212962962962963 0.3302083333333333 0.3416666666666667 0.30364583333333334 0.3416666666666667