1 0.13697916666666668 0.337037037037037 0.26145833333333335 0.337037037037037 0.26145833333333335 0.5157407407407407 0.13697916666666668 0.5157407407407407
1 0.42239583333333336 0.25277777777777777 0.47708333333333336 0.25277777777777777 0.47708333333333336 0.36203703703703705 0.42239583333333336 0.36203703703703705
1 0.5505208333333333 0.17314814814814813 0.5947916666666667 0.17314814814814813 0.5947916666666667 0.24814814814814815 0.5505208333333333 0.24814814814814815
1 0.32708333333333334 0.18796296296296297 0.384375 0.18796296296296297 0.384375 0.25092592592592594 0.32708333333333334 0.25092592592592594
1 0.5270833333333333 0.12222222222222222 0.5557291666666667 0.12222222222222222 0.5557291666666667 0.1638888888888889 0.5270833333333333 0.1638888888888889
2 0.17083333333333334 0.5287037037037037 0.21197916666666666 0.5287037037037037 0.21197916666666666 0.7296296296296296 0.17083333333333334 0.7296296296296296
2 0.22604166666666667 0.5675925925925925 0.28229166666666666 0.5675925925925925 0.28229166666666666 0.775 0.22604166666666667 0.775
2 0.18854166666666666 0.4787037037037037 0.22604166666666667 0.4787037037037037 0.22604166666666667 0.6064814814814815 0.18854166666666666 0.6064814814814815
2 0.29583333333333334 0.45925925925925926 0.3333333333333333 0.45925925925925926 0.3333333333333333 0.5833333333333334 0.29583333333333334 0.5833333333333334
2 0.33958333333333335 0.45925925925925926 0.39010416666666664 0.45925925925925926 0.39010416666666664 0.6287037037037037 0.33958333333333335 0.6287037037037037
2 0.3265625 0.3138888888888889 0.3572916666666667 0.3138888888888889 0.3572916666666667 0.4101851851851852 0.3265625 0.4101851851851852
2 0.3765625 0.3138888888888889 0.39895833333333336 0.3138888888888889 0.39895833333333336 0.41759259259259257 0.3765625 0.41759259259259257
2 0.35885416666666664 0.25092592592592594 0.3765625 0.25092592592592594 0.3765625 0.31574074074074077 0.35885416666666664 0.31574074074074077
2 0.8411458333333334 0.49074074074074076 0.896875 0.49074074074074076 0.896875 0.6555555555555556 0.8411458333333334 0.6555555555555556
2 0.7182291666666667 0.3509259259259259 0.7604166666666666 0.3509259259259259 0.7604166666666666 0.462037037037037 0.7182291666666667 0.462037037037037
2 0.40625 0.2212962962962963 0.42552083333333335 0.2212962962962963 0.42552083333333335 0.28055555555555556 0.40625 0.28055555555555556
2 0.3953125 0.18518518518518517 0.41041666666666665 0.18518518518518517 0.41041666666666665 0.2361111111111111 0.3953125 0.2361111111111111
2 0.41458333333333336 0.14351851851851852 0.4244791666666667 0.14351851851851852 0.4244791666666667 0.1925925925925926 0.41458333333333336 0.1925925925925926
2 0.42916666666666664 0.17037037037037037 0.43854166666666666 0.17037037037037037 0.43854166666666666 0.225 0.42916666666666664 0.225
2 0.45989583333333334 0.1712962962962963 0.471875 0.1712962962962963 0.471875 0.22314814814814815 0.45989583333333334 0.22314814814814815
2 0.44583333333333336 0.1648148148148148 0.45364583333333336 0.1648148148148148 0.45364583333333336 0.21203703703703702 0.44583333333333336 0.21203703703703702
2 0.5104166666666666 0.17962962962962964 0.5390625 0.17962962962962964 0.5390625 0.24537037037037038 0.5104166666666666 0.24537037037037038
2 0.6208333333333333 0.21944444444444444 0.6442708333333333 0.21944444444444444 0.6442708333333333 0.28425925925925927 0.6208333333333333 0.28425925925925927
2 0.5625 0.13055555555555556 0.5729166666666666 0.13055555555555556 0.5729166666666666 0.1648148148148148 0.5625 0.1648148148148148
2 0.5817708333333333 0.13148148148148148 0.5911458333333334 0.13148148148148148 0.5911458333333334 0.16296296296296298 0.5817708333333333 0.16296296296296298
2 0.43802083333333336 0.13518518518518519 0.44947916666666665 0.13518518518518519 0.44947916666666665 0.17962962962962964 0.43802083333333336 0.17962962962962964
2 0.4552083333333333 0.13333333333333333 0.46197916666666666 0.13333333333333333 0.46197916666666666 0.1685185185185185 0.4552083333333333 0.1685185185185185
2 0.46041666666666664 0.12685185185185185 0.4708333333333333 0.12685185185185185 0.4708333333333333 0.16111111111111112 0.46041666666666664 0.16111111111111112
2 0.475 0.12129629629629629 0.48541666666666666 0.12129629629629629 0.48541666666666666 0.15648148148148147 0.475 0.15648148148148147
2 0.4453125 0.12129629629629629 0.45416666666666666 0.12129629629629629 0.45416666666666666 0.15648148148148147 0.4453125 0.15648148148148147
2 0.4 0.12037037037037036 0.41302083333333334 0.12037037037037036 0.41302083333333334 0.15925925925925927 0.4 0.15925925925925927