1 0.5067708333333333 0 0.6052083333333333 0 0.6052083333333333 0.09166666666666666 0.5067708333333333 0.09166666666666666
1 0.6494791666666667 0.18611111111111112 0.684375 0.18611111111111112 0.684375 0.3055555555555556 0.6494791666666667 0.3055555555555556
2 0.48854166666666665 0.8583333333333333 0.5515625 0.8583333333333333 0.5515625 0.9259259259259259 0.48854166666666665 0.9259259259259259
2 0.38385416666666666 0 0.471875 0 0.471875 0.08611111111111111 0.38385416666666666 0.08611111111111111
2 0.49375 0.20555555555555555 0.5645833333333333 0.20555555555555555 0.5645833333333333 0.2759259259259259 0.49375 0.2759259259259259
2 0.5984375 0.6527777777777778 0.6427083333333333 0.6527777777777778 0.6427083333333333 0.7 0.5984375 0.7
2 0.65625 0.6833333333333333 0.6838541666666667 0.6833333333333333 0.6838541666666667 0.725925925925926 0.65625 0.725925925925926
2 0.5427083333333333 0.33240740740740743 0.6041666666666666 0.33240740740740743 0.6041666666666666 0.39444444444444443 0.5427083333333333 0.39444444444444443
2 0.5270833333333333 0.725 0.584375 0.725 0.584375 0.7861111111111111 0.5270833333333333 0.7861111111111111
2 0.6541666666666667 0.5037037037037037 0.6901041666666666 0.5037037037037037 0.6901041666666666 0.5546296296296296 0.6541666666666667 0.5546296296296296
2 0.6838541666666667 0.6555555555555556 0.7046875 0.6555555555555556 0.7046875 0.6796296296296296 0.6838541666666667 0.6796296296296296
2 0.5885416666666666 0.7416666666666667 0.6307291666666667 0.7416666666666667 0.6307291666666667 0.7814814814814814 0.5885416666666666 0.7814814814814814
2 0.6359375 0.5972222222222222 0.6744791666666666 0.5972222222222222 0.6744791666666666 0.6481481481481481 0.6359375 0.6481481481481481
2 0.6427083333333333 0.7601851851851852 0.6776041666666667 0.7601851851851852 0.6776041666666667 0.7981481481481482 0.6427083333333333 0.7981481481481482
2 0.578125 0.29259259259259257 0.6208333333333333 0.29259259259259257 0.6208333333333333 0.337037037037037 0.578125 0.337037037037037
2 0.6432291666666666 0.3907407407407407 0.678125 0.3907407407407407 0.678125 0.41574074074074074 0.6432291666666666 0.41574074074074074
2 0.6572916666666667 0.43796296296296294 0.6890625 0.43796296296296294 0.6890625 0.46296296296296297 0.6572916666666667 0.46296296296296297
2 0.6630208333333333 0.3574074074074074 0.6979166666666666 0.3574074074074074 0.6979166666666666 0.3851851851851852 0.6630208333333333 0.3851851851851852