1 0.39739583333333334 0.9064814814814814 0.49375 0.9064814814814814 0.49375 1 0.39739583333333334 1
1 0.4609375 0.5907407407407408 0.5661458333333333 0.5907407407407408 0.5661458333333333 0.7824074074074074 0.4609375 0.7824074074074074
1 0.3182291666666667 0.7074074074074074 0.3536458333333333 0.7074074074074074 0.3536458333333333 0.8203703703703704 0.3182291666666667 0.8203703703703704
2 0.3619791666666667 0.13796296296296295 0.4041666666666667 0.13796296296296295 0.4041666666666667 0.18703703703703703 0.3619791666666667 0.18703703703703703
2 0.5203125 0.9416666666666667 0.5890625 0.9416666666666667 0.5890625 1 0.5203125 1
2 0.4244791666666667 0.7583333333333333 0.47760416666666666 0.7583333333333333 0.47760416666666666 0.8175925925925925 0.4244791666666667 0.8175925925925925
2 0.6932291666666667 0.9037037037037037 0.78125 0.9037037037037037 0.78125 1 0.6932291666666667 1
2 0.38229166666666664 0.2222222222222222 0.42916666666666664 0.2222222222222222 0.42916666666666664 0.26944444444444443 0.38229166666666664 0.26944444444444443
2 0.4265625 0.1287037037037037 0.48333333333333334 0.1287037037037037 0.48333333333333334 0.1925925925925926 0.4265625 0.1925925925925926
2 0.3927083333333333 0.6444444444444445 0.44166666666666665 0.6444444444444445 0.44166666666666665 0.6962962962962963 0.3927083333333333 0.6962962962962963
2 0.3338541666666667 0.5370370370370371 0.371875 0.5370370370370371 0.371875 0.5712962962962963 0.3338541666666667 0.5712962962962963
2 0.378125 0.7083333333333334 0.4244791666666667 0.7083333333333334 0.4244791666666667 0.7564814814814815 0.378125 0.7564814814814815
2 0.30625 0.3101851851851852 0.3328125 0.3101851851851852 0.3328125 0.3416666666666667 0.30625 0.3416666666666667
2 0.29322916666666665 0.5824074074074074 0.31614583333333335 0.5824074074074074 0.31614583333333335 0.6064814814814815 0.29322916666666665 0.6064814814814815
2 0.46145833333333336 0.20092592592592592 0.53125 0.20092592592592592 0.53125 0.26851851851851855 0.46145833333333336 0.26851851851851855
2 0.325 0.5898148148148148 0.353125 0.5898148148148148 0.353125 0.6240740740740741 0.325 0.6240740740740741
2 0.29791666666666666 0.4935185185185185 0.3229166666666667 0.4935185185185185 0.3229166666666667 0.5203703703703704 0.29791666666666666 0.5203703703703704
2 0.3572916666666667 0.5731481481481482 0.3885416666666667 0.5731481481481482 0.3885416666666667 0.6148148148148148 0.3572916666666667 0.6148148148148148