1 0.5765625 0.5481481481481482 0.7239583333333334 0.5481481481481482 0.7239583333333334 0.7907407407407407 0.5765625 0.7907407407407407
1 0.1203125 0.3537037037037037 0.25416666666666665 0.3537037037037037 0.25416666666666665 0.5351851851851852 0.1203125 0.5351851851851852
1 0.37083333333333335 0.3592592592592593 0.44166666666666665 0.3592592592592593 0.44166666666666665 0.4888888888888889 0.37083333333333335 0.4888888888888889
1 0.534375 0.23148148148148148 0.5765625 0.23148148148148148 0.5765625 0.30185185185185187 0.534375 0.30185185185185187
1 0.3151041666666667 0.21296296296296297 0.37135416666666665 0.21296296296296297 0.37135416666666665 0.2759259259259259 0.3151041666666667 0.2759259259259259
1 0.44895833333333335 0.15462962962962962 0.4817708333333333 0.15462962962962962 0.4817708333333333 0.2064814814814815 0.44895833333333335 0.2064814814814815
2 0.18645833333333334 0.5222222222222223 0.2453125 0.5222222222222223 0.2453125 0.6425925925925926 0.18645833333333334 0.6425925925925926
1 0.6421875 0.16666666666666666 0.6864583333333333 0.16666666666666666 0.6864583333333333 0.20833333333333334 0.6421875 0.20833333333333334
2 0.18645833333333334 0.46944444444444444 0.21354166666666666 0.46944444444444444 0.21354166666666666 0.5972222222222222 0.18645833333333334 0.5972222222222222
2 0.2953125 0.40925925925925927 0.3260416666666667 0.40925925925925927 0.3260416666666667 0.5425925925925926 0.2953125 0.5425925925925926
2 0.43125 0.4324074074074074 0.459375 0.4324074074074074 0.459375 0.5564814814814815 0.43125 0.5564814814814815
2 0.33645833333333336 0.30462962962962964 0.3578125 0.30462962962962964 0.3578125 0.38796296296296295 0.33645833333333336 0.38796296296296295
2 0.37083333333333335 0.32037037037037036 0.39010416666666664 0.32037037037037036 0.39010416666666664 0.40370370370370373 0.37083333333333335 0.40370370370370373
2 0.3578125 0.26296296296296295 0.3734375 0.26296296296296295 0.3734375 0.32592592592592595 0.3578125 0.32592592592592595
2 0.37864583333333335 0.2833333333333333 0.39739583333333334 0.2833333333333333 0.39739583333333334 0.3490740740740741 0.37864583333333335 0.3490740740740741
2 0.36614583333333334 0.2222222222222222 0.378125 0.2222222222222222 0.378125 0.275 0.36614583333333334 0.275
2 0.375 0.225 0.38645833333333335 0.225 0.38645833333333335 0.2861111111111111 0.375 0.2861111111111111
2 0.3807291666666667 0.23796296296296296 0.4010416666666667 0.23796296296296296 0.4010416666666667 0.29814814814814816 0.3807291666666667 0.29814814814814816
2 0.43645833333333334 0.25925925925925924 0.4505208333333333 0.25925925925925924 0.4505208333333333 0.3314814814814815 0.43645833333333334 0.3314814814814815
2 0.45260416666666664 0.21944444444444444 0.46770833333333334 0.21944444444444444 0.46770833333333334 0.2935185185185185 0.45260416666666664 0.2935185185185185
2 0.40520833333333334 0.22685185185185186 0.4197916666666667 0.22685185185185186 0.4197916666666667 0.28888888888888886 0.40520833333333334 0.28888888888888886
2 0.40260416666666665 0.20555555555555555 0.41822916666666665 0.20555555555555555 0.41822916666666665 0.24537037037037038 0.40260416666666665 0.24537037037037038
2 0.42552083333333335 0.19537037037037036 0.4390625 0.19537037037037036 0.4390625 0.24722222222222223 0.42552083333333335 0.24722222222222223
2 0.47708333333333336 0.19444444444444445 0.4875 0.19444444444444445 0.4875 0.25 0.47708333333333336 0.25
2 0.48854166666666665 0.2074074074074074 0.5104166666666666 0.2074074074074074 0.5104166666666666 0.2657407407407407 0.48854166666666665 0.2657407407407407
2 0.4078125 0.16111111111111112 0.4192708333333333 0.16111111111111112 0.4192708333333333 0.2111111111111111 0.4078125 0.2111111111111111
2 0.42083333333333334 0.175 0.4276041666666667 0.175 0.4276041666666667 0.225 0.42083333333333334 0.225
2 0.4265625 0.15648148148148147 0.4348958333333333 0.15648148148148147 0.4348958333333333 0.19722222222222222 0.4265625 0.19722222222222222
2 0.6166666666666667 0.325 0.6364583333333333 0.325 0.6364583333333333 0.4185185185185185 0.6166666666666667 0.4185185185185185
2 0.6447916666666667 0.2777777777777778 0.6625 0.2777777777777778 0.6625 0.36574074074074076 0.6447916666666667 0.36574074074074076
2 0.6265625 0.24351851851851852 0.6421875 0.24351851851851852 0.6421875 0.31296296296296294 0.6265625 0.31296296296296294
2 0.584375 0.20555555555555555 0.5973958333333333 0.20555555555555555 0.5973958333333333 0.2611111111111111 0.584375 0.2611111111111111
2 0.5947916666666667 0.1925925925925926 0.6078125 0.1925925925925926 0.6078125 0.24814814814814815 0.5947916666666667 0.24814814814814815
2 0.5541666666666667 0.16111111111111112 0.5640625 0.16111111111111112 0.5640625 0.20277777777777778 0.5541666666666667 0.20277777777777778
2 0.5463541666666667 0.15648148148148147 0.5536458333333333 0.15648148148148147 0.5536458333333333 0.1925925925925926 0.5463541666666667 0.1925925925925926
1 0.5109375 0.14444444444444443 0.5354166666666667 0.14444444444444443 0.5354166666666667 0.18333333333333332 0.5109375 0.18333333333333332
2 0.5635416666666667 0.1527777777777778 0.5744791666666667 0.1527777777777778 0.5744791666666667 0.19166666666666668 0.5635416666666667 0.19166666666666668
2 0.5765625 0.14814814814814814 0.5880208333333333 0.14814814814814814 0.5880208333333333 0.18796296296296297 0.5765625 0.18796296296296297
2 0.5796875 0.18981481481481483 0.590625 0.18981481481481483 0.590625 0.21851851851851853 0.5796875 0.21851851851851853
2 0.421875 0.24537037037037038 0.43645833333333334 0.24537037037037038 0.43645833333333334 0.3148148148148148 0.421875 0.3148148148148148