1 0.3984375 0.9111111111111111 0.49947916666666664 0.9111111111111111 0.49947916666666664 1 0.3984375 1
1 0.2953125 0.5055555555555555 0.321875 0.5055555555555555 0.321875 0.5611111111111111 0.2953125 0.5611111111111111
1 0.3177083333333333 0.7064814814814815 0.353125 0.7064814814814815 0.353125 0.799074074074074 0.3177083333333333 0.799074074074074
2 0.33541666666666664 0.6888888888888889 0.3671875 0.6888888888888889 0.3671875 0.7194444444444444 0.33541666666666664 0.7194444444444444
2 0.36822916666666666 0.7490740740740741 0.4078125 0.7490740740740741 0.4078125 0.787962962962963 0.36822916666666666 0.787962962962963
2 0.5276041666666667 0.9092592592592592 0.6479166666666667 0.9092592592592592 0.6479166666666667 1 0.5276041666666667 1
2 0.5390625 0.7027777777777777 0.6552083333333333 0.7027777777777777 0.6552083333333333 0.7972222222222223 0.5390625 0.7972222222222223
2 0.5671875 0 0.6807291666666667 0 0.6807291666666667 0.03611111111111111 0.5671875 0.03611111111111111
2 0.45416666666666666 0.6435185185185185 0.5463541666666667 0.6435185185185185 0.5463541666666667 0.7046296296296296 0.45416666666666666 0.7046296296296296
2 0.4510416666666667 0.7435185185185185 0.5229166666666667 0.7435185185185185 0.5229166666666667 0.7944444444444444 0.4510416666666667 0.7944444444444444
2 0.43645833333333334 0.8092592592592592 0.5020833333333333 0.8092592592592592 0.5020833333333333 0.862037037037037 0.43645833333333334 0.862037037037037
2 0.3953125 0.7666666666666667 0.45208333333333334 0.7666666666666667 0.45208333333333334 0.8074074074074075 0.3953125 0.8074074074074075
2 0.3848958333333333 0.6666666666666666 0.43333333333333335 0.6666666666666666 0.43333333333333335 0.6916666666666667 0.3848958333333333 0.6916666666666667
2 0.39947916666666666 0.5574074074074075 0.4578125 0.5574074074074075 0.4578125 0.5935185185185186 0.39947916666666666 0.5935185185185186
2 0.34739583333333335 0.6425925925925926 0.3890625 0.6425925925925926 0.3890625 0.6657407407407407 0.34739583333333335 0.6657407407407407
2 0.34479166666666666 0.5712962962962963 0.38385416666666666 0.5712962962962963 0.38385416666666666 0.5981481481481481 0.34479166666666666 0.5981481481481481
2 0.3390625 0.5425925925925926 0.3765625 0.5425925925925926 0.3765625 0.575925925925926 0.3390625 0.575925925925926
2 0.3140625 0.5481481481481482 0.3421875 0.5481481481481482 0.3421875 0.5703703703703704 0.3140625 0.5703703703703704
2 0.315625 0.5879629629629629 0.34322916666666664 0.5879629629629629 0.34322916666666664 0.6083333333333333 0.315625 0.6083333333333333
2 0.3072916666666667 0.6111111111111112 0.3328125 0.6111111111111112 0.3328125 0.6324074074074074 0.3072916666666667 0.6324074074074074
2 0.321875 0.6277777777777778 0.35 0.6277777777777778 0.35 0.6537037037037037 0.321875 0.6537037037037037
2 0.2942708333333333 0.575925925925926 0.31927083333333334 0.575925925925926 0.31927083333333334 0.5935185185185186 0.2942708333333333 0.5935185185185186
2 0.2875 0.5907407407407408 0.3078125 0.5907407407407408 0.3078125 0.6055555555555555 0.2875 0.6055555555555555
2 0.2796875 0.6074074074074074 0.30104166666666665 0.6074074074074074 0.30104166666666665 0.6222222222222222 0.2796875 0.6222222222222222
2 0.2869791666666667 0.4898148148148148 0.3109375 0.4898148148148148 0.3109375 0.5046296296296297 0.2869791666666667 0.5046296296296297
2 0.2875 0.5592592592592592 0.3072916666666667 0.5592592592592592 0.3072916666666667 0.5722222222222222 0.2875 0.5722222222222222
2 0.28177083333333336 0.5342592592592592 0.3020833333333333 0.5342592592592592 0.3020833333333333 0.5518518518518518 0.28177083333333336 0.5518518518518518
2 0.3015625 0.3138888888888889 0.3234375 0.3138888888888889 0.3234375 0.33055555555555555 0.3015625 0.33055555555555555
2 0.31145833333333334 0.29814814814814816 0.34322916666666664 0.29814814814814816 0.34322916666666664 0.32037037037037036 0.31145833333333334 0.32037037037037036
2 0.3 0.26666666666666666 0.3255208333333333 0.26666666666666666 0.3255208333333333 0.2777777777777778 0.3 0.2777777777777778
2 0.31145833333333334 0.24444444444444444 0.3390625 0.24444444444444444 0.3390625 0.2601851851851852 0.31145833333333334 0.2601851851851852
1 0.28125 0.24722222222222223 0.3046875 0.24722222222222223 0.3046875 0.32222222222222224 0.28125 0.32222222222222224
2 0.27760416666666665 0.3425925925925926 0.30052083333333335 0.3425925925925926 0.30052083333333335 0.3685185185185185 0.27760416666666665 0.3685185185185185