1 0.4661458333333333 0.5925925925925926 0.5755208333333334 0.5925925925925926 0.5755208333333334 0.7944444444444444 0.4661458333333333 0.7944444444444444
1 0.39791666666666664 0.9064814814814814 0.4947916666666667 0.9064814814814814 0.4947916666666667 1 0.39791666666666664 1
1 0.3182291666666667 0.7064814814814815 0.3536458333333333 0.7064814814814815 0.3536458333333333 0.8194444444444444 0.3182291666666667 0.8194444444444444
2 0.7182291666666667 0.9222222222222223 0.78125 0.9222222222222223 0.78125 1 0.7182291666666667 1
2 0.4197916666666667 0.13240740740740742 0.47604166666666664 0.13240740740740742 0.47604166666666664 0.1962962962962963 0.4197916666666667 0.1962962962962963
2 0.5270833333333333 0.9518518518518518 0.6010416666666667 0.9518518518518518 0.6010416666666667 1 0.5270833333333333 1
2 0.4270833333333333 0.7675925925925926 0.4822916666666667 0.7675925925925926 0.4822916666666667 0.825925925925926 0.4270833333333333 0.825925925925926
2 0.3614583333333333 0.14907407407407408 0.4015625 0.14907407407407408 0.4015625 0.19814814814814816 0.3614583333333333 0.19814814814814816
2 0.3776041666666667 0.22592592592592592 0.4239583333333333 0.22592592592592592 0.4239583333333333 0.2712962962962963 0.3776041666666667 0.2712962962962963
2 0.38333333333333336 0.7111111111111111 0.43333333333333335 0.7111111111111111 0.43333333333333335 0.762962962962963 0.38333333333333336 0.762962962962963
2 0.3359375 0.537962962962963 0.37447916666666664 0.537962962962963 0.37447916666666664 0.5722222222222222 0.3359375 0.5722222222222222
2 0.3958333333333333 0.6509259259259259 0.44635416666666666 0.6509259259259259 0.44635416666666666 0.7027777777777777 0.3958333333333333 0.7027777777777777
2 0.30416666666666664 0.31203703703703706 0.3307291666666667 0.31203703703703706 0.3307291666666667 0.3425925925925926 0.30416666666666664 0.3425925925925926
2 0.45 0.20925925925925926 0.5182291666666666 0.20925925925925926 0.5182291666666666 0.2722222222222222 0.45 0.2722222222222222
2 0.3578125 0.575925925925926 0.39166666666666666 0.575925925925926 0.39166666666666666 0.6166666666666667 0.3578125 0.6166666666666667
2 0.325 0.5907407407407408 0.353125 0.5907407407407408 0.353125 0.6259259259259259 0.325 0.6259259259259259