1 0.44427083333333334 0.5518518518518518 0.5546875 0.5518518518518518 0.5546875 0.7296296296296296 0.44427083333333334 0.7296296296296296
1 0.4005208333333333 0.9092592592592592 0.5005208333333333 0.9092592592592592 0.5005208333333333 1 0.4005208333333333 1
1 0.3203125 0.6981481481481482 0.35572916666666665 0.6981481481481482 0.35572916666666665 0.8009259259259259 0.3203125 0.8009259259259259
1 0.2911458333333333 0.35648148148148145 0.3182291666666667 0.35648148148148145 0.3182291666666667 0.41574074074074074 0.2911458333333333 0.41574074074074074
2 0.6145833333333334 0.9046296296296297 0.7484375 0.9046296296296297 0.7484375 1 0.6145833333333334 1
2 0.5078125 0.9601851851851851 0.6005208333333333 0.9601851851851851 0.6005208333333333 1 0.5078125 1
2 0.4625 0.005555555555555556 0.5572916666666666 0.005555555555555556 0.5572916666666666 0.08796296296296297 0.4625 0.08796296296296297
2 0.4005208333333333 0.799074074074074 0.46510416666666665 0.799074074074074 0.46510416666666665 0.8546296296296296 0.4005208333333333 0.8546296296296296
2 0.40677083333333336 0.7148148148148148 0.47708333333333336 0.7148148148148148 0.47708333333333336 0.7509259259259259 0.40677083333333336 0.7509259259259259
2 0.35625 0.7055555555555556 0.4036458333333333 0.7055555555555556 0.4036458333333333 0.7435185185185185 0.35625 0.7435185185185185
2 0.32760416666666664 0.6546296296296297 0.3572916666666667 0.6546296296296297 0.3572916666666667 0.6787037037037037 0.32760416666666664 0.6787037037037037
2 0.29270833333333335 0.6472222222222223 0.31614583333333335 0.6472222222222223 0.31614583333333335 0.6638888888888889 0.29270833333333335 0.6638888888888889
2 0.30833333333333335 0.6083333333333333 0.33697916666666666 0.6083333333333333 0.33697916666666666 0.6342592592592593 0.30833333333333335 0.6342592592592593
2 0.3416666666666667 0.6333333333333333 0.38177083333333334 0.6333333333333333 0.38177083333333334 0.6564814814814814 0.3416666666666667 0.6564814814814814
2 0.33541666666666664 0.5898148148148148 0.36614583333333334 0.5898148148148148 0.36614583333333334 0.6092592592592593 0.33541666666666664 0.6092592592592593
2 0.3651041666666667 0.5712962962962963 0.4015625 0.5712962962962963 0.4015625 0.6083333333333333 0.3651041666666667 0.6083333333333333
2 0.3125 0.5583333333333333 0.3416666666666667 0.5583333333333333 0.3416666666666667 0.5898148148148148 0.3125 0.5898148148148148
2 0.384375 0.11296296296296296 0.43125 0.11296296296296296 0.43125 0.15 0.384375 0.15
2 0.3453125 0.18981481481481483 0.37864583333333335 0.18981481481481483 0.37864583333333335 0.2222222222222222 0.3453125 0.2222222222222222
2 0.3203125 0.35648148148148145 0.35625 0.35648148148148145 0.35625 0.43148148148148147 0.3203125 0.43148148148148147
2 0.29583333333333334 0.3138888888888889 0.3223958333333333 0.3138888888888889 0.3223958333333333 0.3287037037037037 0.29583333333333334 0.3287037037037037
2 0.30104166666666665 0.5416666666666666 0.325 0.5416666666666666 0.325 0.5583333333333333 0.30104166666666665 0.5583333333333333
2 0.2989583333333333 0.4981481481481482 0.32083333333333336 0.4981481481481482 0.32083333333333336 0.5203703703703704 0.2989583333333333 0.5203703703703704
2 0.29791666666666666 0.5935185185185186 0.31979166666666664 0.5935185185185186 0.31979166666666664 0.6138888888888889 0.29791666666666666 0.6138888888888889
2 0.29010416666666666 0.6037037037037037 0.3072916666666667 0.6037037037037037 0.3072916666666667 0.6175925925925926 0.29010416666666666 0.6175925925925926
2 0.2869791666666667 0.5824074074074074 0.3078125 0.5824074074074074 0.3078125 0.5962962962962963 0.2869791666666667 0.5962962962962963
2 0.2859375 0.5583333333333333 0.30416666666666664 0.5583333333333333 0.30416666666666664 0.575925925925926 0.2859375 0.575925925925926
2 0.2838541666666667 0.49907407407407406 0.30364583333333334 0.49907407407407406 0.30364583333333334 0.5185185185185185 0.2838541666666667 0.5185185185185185
1 0.29375 0.11666666666666667 0.31979166666666664 0.11666666666666667 0.31979166666666664 0.22407407407407406 0.29375 0.22407407407407406