1 0.13958333333333334 0.3398148148148148 0.26197916666666665 0.3398148148148148 0.26197916666666665 0.5185185185185185 0.13958333333333334 0.5185185185185185
1 0.5505208333333333 0.19444444444444445 0.5989583333333334 0.19444444444444445 0.5989583333333334 0.26851851851851855 0.5505208333333333 0.26851851851851855
1 0.4296875 0.2324074074074074 0.48489583333333336 0.2324074074074074 0.48489583333333336 0.3212962962962963 0.4296875 0.3212962962962963
1 0.3255208333333333 0.19166666666666668 0.38177083333333334 0.19166666666666668 0.38177083333333334 0.2574074074074074 0.3255208333333333 0.2574074074074074
2 0.03697916666666667 0.7018518518518518 0.11614583333333334 0.7018518518518518 0.11614583333333334 0.9518518518518518 0.03697916666666667 0.9518518518518518
2 0.12239583333333333 0.7092592592592593 0.1953125 0.7092592592592593 0.1953125 0.9518518518518518 0.12239583333333333 0.9518518518518518
2 0.22552083333333334 0.6212962962962963 0.29010416666666666 0.6212962962962963 0.29010416666666666 0.8611111111111112 0.22552083333333334 0.8611111111111112
2 0.21145833333333333 0.4666666666666667 0.271875 0.4666666666666667 0.271875 0.6027777777777777 0.21145833333333333 0.6027777777777777
2 0.2833333333333333 0.4685185185185185 0.3177083333333333 0.4685185185185185 0.3177083333333333 0.6370370370370371 0.2833333333333333 0.6370370370370371
2 0.32395833333333335 0.37962962962962965 0.359375 0.37962962962962965 0.359375 0.5092592592592593 0.32395833333333335 0.5092592592592593
2 0.3729166666666667 0.38333333333333336 0.4046875 0.38333333333333336 0.4046875 0.5333333333333333 0.3729166666666667 0.5333333333333333
2 0.35104166666666664 0.2777777777777778 0.37135416666666665 0.2777777777777778 0.37135416666666665 0.38425925925925924 0.35104166666666664 0.38425925925925924
2 0.36770833333333336 0.22962962962962963 0.3885416666666667 0.22962962962962963 0.3885416666666667 0.29814814814814816 0.36770833333333336 0.29814814814814816
2 0.3890625 0.2777777777777778 0.415625 0.2777777777777778 0.415625 0.3537037037037037 0.3890625 0.3537037037037037
2 0.39895833333333336 0.1675925925925926 0.4114583333333333 0.1675925925925926 0.4114583333333333 0.23981481481481481 0.39895833333333336 0.23981481481481481
2 0.4114583333333333 0.19722222222222222 0.42552083333333335 0.19722222222222222 0.42552083333333335 0.2675925925925926 0.4114583333333333 0.2675925925925926
2 0.5088541666666667 0.18981481481481483 0.5286458333333334 0.18981481481481483 0.5286458333333334 0.25 0.5088541666666667 0.25
2 0.7630208333333334 0.4083333333333333 0.8052083333333333 0.4083333333333333 0.8052083333333333 0.5564814814814815 0.7630208333333334 0.5564814814814815
2 0.9104166666666667 0.5851851851851851 0.9859375 0.5851851851851851 0.9859375 0.7925925925925926 0.9104166666666667 0.7925925925925926
2 0.6338541666666667 0.24074074074074073 0.6473958333333333 0.24074074074074073 0.6473958333333333 0.32037037037037036 0.6338541666666667 0.32037037037037036
2 0.40260416666666665 0.12129629629629629 0.4109375 0.12129629629629629 0.4109375 0.15462962962962962 0.40260416666666665 0.15462962962962962
2 0.41770833333333335 0.14166666666666666 0.42864583333333334 0.14166666666666666 0.42864583333333334 0.18518518518518517 0.41770833333333335 0.18518518518518517
2 0.4322916666666667 0.16018518518518518 0.4432291666666667 0.16018518518518518 0.4432291666666667 0.21388888888888888 0.4322916666666667 0.21388888888888888
2 0.44635416666666666 0.15555555555555556 0.459375 0.15555555555555556 0.459375 0.20277777777777778 0.44635416666666666 0.20277777777777778
2 0.4609375 0.16018518518518518 0.47291666666666665 0.16018518518518518 0.47291666666666665 0.21296296296296297 0.4609375 0.21296296296296297
2 0.44375 0.12777777777777777 0.44895833333333335 0.12777777777777777 0.44895833333333335 0.16944444444444445 0.44375 0.16944444444444445
2 0.45208333333333334 0.125 0.4588541666666667 0.125 0.4588541666666667 0.15925925925925927 0.45208333333333334 0.15925925925925927
2 0.46145833333333336 0.11944444444444445 0.46979166666666666 0.11944444444444445 0.46979166666666666 0.15833333333333333 0.46145833333333336 0.15833333333333333
1 0.5265625 0.13240740740740742 0.5526041666666667 0.13240740740740742 0.5526041666666667 0.17037037037037037 0.5265625 0.17037037037037037
2 0.5635416666666667 0.1361111111111111 0.5760416666666667 0.1361111111111111 0.5760416666666667 0.17592592592592593 0.5635416666666667 0.17592592592592593
2 0.584375 0.13796296296296295 0.5942708333333333 0.13796296296296295 0.5942708333333333 0.1824074074074074 0.584375 0.1824074074074074