1 0.1453125 0.3212962962962963 0.26979166666666665 0.3212962962962963 0.26979166666666665 0.5009259259259259 0.1453125 0.5009259259259259
1 0.5453125 0.09537037037037037 0.5713541666666667 0.09537037037037037 0.5713541666666667 0.1398148148148148 0.5453125 0.1398148148148148
1 0.3328125 0.17685185185185184 0.39010416666666664 0.17685185185185184 0.39010416666666664 0.24074074074074073 0.3328125 0.24074074074074073
1 0.47708333333333336 0.10740740740740741 0.5041666666666667 0.10740740740740741 0.5041666666666667 0.14814814814814814 0.47708333333333336 0.14814814814814814
2 0.051041666666666666 0.6620370370370371 0.11875 0.6620370370370371 0.11875 0.9212962962962963 0.051041666666666666 0.9212962962962963
2 0.2625 0.6333333333333333 0.31354166666666666 0.6333333333333333 0.31354166666666666 0.8555555555555555 0.2625 0.8555555555555555
2 0.2453125 0.43703703703703706 0.278125 0.43703703703703706 0.278125 0.5953703703703703 0.2453125 0.5953703703703703
2 0.3203125 0.41944444444444445 0.3494791666666667 0.41944444444444445 0.3494791666666667 0.5555555555555556 0.3203125 0.5555555555555556
2 0.3145833333333333 0.3333333333333333 0.34791666666666665 0.3333333333333333 0.34791666666666665 0.43703703703703706 0.3145833333333333 0.43703703703703706
2 0.3729166666666667 0.4 0.41770833333333335 0.4 0.41770833333333335 0.55 0.3729166666666667 0.55
2 0.3927083333333333 0.275 0.4109375 0.275 0.4109375 0.36203703703703705 0.3927083333333333 0.36203703703703705
2 0.42291666666666666 0.22962962962962963 0.43854166666666666 0.22962962962962963 0.43854166666666666 0.3101851851851852 0.42291666666666666 0.3101851851851852
2 0.4552083333333333 0.24537037037037038 0.471875 0.24537037037037038 0.471875 0.31574074074074077 0.4552083333333333 0.31574074074074077
2 0.4479166666666667 0.225 0.45989583333333334 0.225 0.45989583333333334 0.2777777777777778 0.4479166666666667 0.2777777777777778
2 0.40520833333333334 0.2 0.41770833333333335 0.2 0.41770833333333335 0.25462962962962965 0.40520833333333334 0.25462962962962965
2 0.4 0.17685185185185184 0.41041666666666665 0.17685185185185184 0.41041666666666665 0.22777777777777777 0.4 0.22777777777777777
2 0.44427083333333334 0.18796296296296297 0.45260416666666664 0.18796296296296297 0.45260416666666664 0.24444444444444444 0.44427083333333334 0.24444444444444444
2 0.4796875 0.1814814814814815 0.4953125 0.1814814814814815 0.4953125 0.24074074074074073 0.4796875 0.24074074074074073
2 0.47708333333333336 0.14907407407407408 0.4875 0.14907407407407408 0.4875 0.18611111111111112 0.47708333333333336 0.18611111111111112
2 0.45989583333333334 0.14814814814814814 0.46979166666666666 0.14814814814814814 0.46979166666666666 0.18981481481481483 0.45989583333333334 0.18981481481481483
2 0.46510416666666665 0.13055555555555556 0.475 0.13055555555555556 0.475 0.16203703703703703 0.46510416666666665 0.16203703703703703
2 0.4484375 0.16018518518518518 0.4583333333333333 0.16018518518518518 0.4583333333333333 0.20092592592592592 0.4484375 0.20092592592592592
2 0.44583333333333336 0.13425925925925927 0.45364583333333336 0.13425925925925927 0.45364583333333336 0.16574074074074074 0.44583333333333336 0.16574074074074074
2 0.42916666666666664 0.15185185185185185 0.4421875 0.15185185185185185 0.4421875 0.1962962962962963 0.42916666666666664 0.1962962962962963
2 0.6348958333333333 0.22592592592592592 0.6489583333333333 0.22592592592592592 0.6489583333333333 0.2972222222222222 0.6348958333333333 0.2972222222222222
2 0.6479166666666667 0.19814814814814816 0.6619791666666667 0.19814814814814816 0.6619791666666667 0.2518518518518518 0.6479166666666667 0.2518518518518518
2 0.6072916666666667 0.1685185185185185 0.6197916666666666 0.1685185185185185 0.6197916666666666 0.21388888888888888 0.6072916666666667 0.21388888888888888
2 0.5786458333333333 0.1638888888888889 0.5963541666666666 0.1638888888888889 0.5963541666666666 0.21296296296296297 0.5786458333333333 0.21296296296296297
2 0.6078125 0.1425925925925926 0.61875 0.1425925925925926 0.61875 0.17685185185185184 0.6078125 0.17685185185185184
1 0.6380208333333334 0.1287037037037037 0.6921875 0.1287037037037037 0.6921875 0.1787037037037037 0.6380208333333334 0.1787037037037037