1 0.1390625 0.3074074074074074 0.25885416666666666 0.3074074074074074 0.25885416666666666 0.4888888888888889 0.1390625 0.4888888888888889
1 0.6942708333333333 0.4740740740740741 0.8416666666666667 0.4740740740740741 0.8416666666666667 0.6712962962962963 0.6942708333333333 0.6712962962962963
2 0.7171875 0.6935185185185185 0.7880208333333333 0.6935185185185185 0.7880208333333333 0.9185185185185185 0.7171875 0.9185185185185185
2 0.0171875 0.537962962962963 0.084375 0.537962962962963 0.084375 0.7277777777777777 0.0171875 0.7277777777777777
2 0.3609375 0.6046296296296296 0.4192708333333333 0.6046296296296296 0.4192708333333333 0.8027777777777778 0.3609375 0.8027777777777778
2 0.2453125 0.4666666666666667 0.2911458333333333 0.4666666666666667 0.2911458333333333 0.6240740740740741 0.2453125 0.6240740740740741
2 0.9046875 0.6842592592592592 0.9697916666666667 0.6842592592592592 0.9697916666666667 0.9185185185185185 0.9046875 0.9185185185185185
2 0.5515625 0.16574074074074074 0.5744791666666667 0.16574074074074074 0.5744791666666667 0.21944444444444444 0.5515625 0.21944444444444444
2 0.3921875 0.2953703703703704 0.41770833333333335 0.2953703703703704 0.41770833333333335 0.39166666666666666 0.3921875 0.39166666666666666
1 0.534375 0.11666666666666667 0.5645833333333333 0.11666666666666667 0.5645833333333333 0.15925925925925927 0.534375 0.15925925925925927
2 0.3338541666666667 0.4462962962962963 0.37135416666666665 0.4462962962962963 0.37135416666666665 0.6 0.3338541666666667 0.6
2 0.6453125 0.17777777777777778 0.6671875 0.17777777777777778 0.6671875 0.2361111111111111 0.6453125 0.2361111111111111
0 0.3458333333333333 0.125 0.421875 0.125 0.421875 0.29444444444444445 0.3458333333333333 0.29444444444444445
1 0.5744791666666667 0.13240740740740742 0.6166666666666667 0.13240740740740742 0.6166666666666667 0.18796296296296297 0.5744791666666667 0.18796296296296297
2 0.459375 0.18425925925925926 0.4744791666666667 0.18425925925925926 0.4744791666666667 0.23981481481481481 0.459375 0.23981481481481481
2 0.4453125 0.22314814814814815 0.4640625 0.22314814814814815 0.4640625 0.2824074074074074 0.4453125 0.2824074074074074
2 0.26979166666666665 0.33796296296296297 0.29270833333333335 0.33796296296296297 0.29270833333333335 0.4546296296296296 0.26979166666666665 0.4546296296296296
2 0.6348958333333333 0.3138888888888889 0.6619791666666667 0.3138888888888889 0.6619791666666667 0.4203703703703704 0.6348958333333333 0.4203703703703704
2 0.6369791666666667 0.2351851851851852 0.6609375 0.2351851851851852 0.6609375 0.30833333333333335 0.6369791666666667 0.30833333333333335
2 0.4166666666666667 0.24074074074074073 0.44114583333333335 0.24074074074074073 0.44114583333333335 0.3333333333333333 0.4166666666666667 0.3333333333333333