1 0.14427083333333332 0.3194444444444444 0.26875 0.3194444444444444 0.26875 0.49907407407407406 0.14427083333333332 0.49907407407407406
1 0.465625 0.13518518518518519 0.496875 0.13518518518518519 0.496875 0.1824074074074074 0.465625 0.1824074074074074
1 0.33177083333333335 0.175 0.38385416666666666 0.175 0.38385416666666666 0.2388888888888889 0.33177083333333335 0.2388888888888889
2 0.3770833333333333 0.2064814814814815 0.39375 0.2064814814814815 0.39375 0.26296296296296295 0.3770833333333333 0.26296296296296295
2 0.3385416666666667 0.2657407407407407 0.35989583333333336 0.2657407407407407 0.35989583333333336 0.33611111111111114 0.3385416666666667 0.33611111111111114
2 0.0671875 0.7314814814814815 0.134375 0.7314814814814815 0.134375 0.9981481481481481 0.0671875 0.9981481481481481
2 0.2125 0.55 0.26979166666666665 0.55 0.26979166666666665 0.7638888888888888 0.2125 0.7638888888888888
2 0.3328125 0.5694444444444444 0.3859375 0.5694444444444444 0.3859375 0.7759259259259259 0.3328125 0.7759259259259259
2 0.7604166666666666 0.6194444444444445 0.81875 0.6194444444444445 0.81875 0.8212962962962963 0.7604166666666666 0.8212962962962963
2 0.3854166666666667 0.41759259259259257 0.4192708333333333 0.41759259259259257 0.4192708333333333 0.5814814814814815 0.3854166666666667 0.5814814814814815
2 0.334375 0.412962962962963 0.36302083333333335 0.412962962962963 0.36302083333333335 0.5398148148148149 0.334375 0.5398148148148149
2 0.296875 0.387037037037037 0.3260416666666667 0.387037037037037 0.3260416666666667 0.5037037037037037 0.296875 0.5037037037037037
2 0.32708333333333334 0.3138888888888889 0.35 0.3138888888888889 0.35 0.4148148148148148 0.32708333333333334 0.4148148148148148
2 0.3921875 0.29444444444444445 0.40677083333333336 0.29444444444444445 0.40677083333333336 0.38055555555555554 0.3921875 0.38055555555555554
2 0.4473958333333333 0.3212962962962963 0.46770833333333334 0.3212962962962963 0.46770833333333334 0.425 0.4473958333333333 0.425
2 0.40729166666666666 0.22870370370370371 0.4203125 0.22870370370370371 0.4203125 0.30277777777777776 0.40729166666666666 0.30277777777777776
2 0.44479166666666664 0.22407407407407406 0.45989583333333334 0.22407407407407406 0.45989583333333334 0.29259259259259257 0.44479166666666664 0.29259259259259257
2 0.45729166666666665 0.21296296296296297 0.47604166666666664 0.21296296296296297 0.47604166666666664 0.2796296296296296 0.45729166666666665 0.2796296296296296
2 0.4609375 0.16944444444444445 0.47291666666666665 0.16944444444444445 0.47291666666666665 0.21851851851851853 0.4609375 0.21851851851851853
2 0.4395833333333333 0.17222222222222222 0.4510416666666667 0.17222222222222222 0.4510416666666667 0.2212962962962963 0.4395833333333333 0.2212962962962963
2 0.42604166666666665 0.1574074074074074 0.4375 0.1574074074074074 0.4375 0.20277777777777778 0.42604166666666665 0.20277777777777778
2 0.41354166666666664 0.1824074074074074 0.428125 0.1824074074074074 0.428125 0.23333333333333334 0.41354166666666664 0.23333333333333334
2 0.4479166666666667 0.13333333333333333 0.45729166666666665 0.13333333333333333 0.45729166666666665 0.1787037037037037 0.4479166666666667 0.1787037037037037
2 0.440625 0.12222222222222222 0.44895833333333335 0.12222222222222222 0.44895833333333335 0.15833333333333333 0.440625 0.15833333333333333
2 0.4317708333333333 0.10833333333333334 0.4395833333333333 0.10833333333333334 0.4395833333333333 0.14629629629629629 0.4317708333333333 0.14629629629629629
2 0.4973958333333333 0.12129629629629629 0.5057291666666667 0.12129629629629629 0.5057291666666667 0.1638888888888889 0.4973958333333333 0.1638888888888889
2 0.459375 0.12222222222222222 0.4666666666666667 0.12222222222222222 0.4666666666666667 0.15648148148148147 0.459375 0.15648148148148147
2 0.4708333333333333 0.11203703703703703 0.48072916666666665 0.11203703703703703 0.48072916666666665 0.14814814814814814 0.4708333333333333 0.14814814814814814
2 0.5958333333333333 0.14722222222222223 0.6046875 0.14722222222222223 0.6046875 0.18518518518518517 0.5958333333333333 0.18518518518518517
2 0.6010416666666667 0.1648148148148148 0.6135416666666667 0.1648148148148148 0.6135416666666667 0.2212962962962963 0.6010416666666667 0.2212962962962963
2 0.6255208333333333 0.14351851851851852 0.63125 0.14351851851851852 0.63125 0.18981481481481483 0.6255208333333333 0.18981481481481483
2 0.6348958333333333 0.1648148148148148 0.64375 0.1648148148148148 0.64375 0.21388888888888888 0.6348958333333333 0.21388888888888888
1 0.6 0.1111111111111111 0.6421875 0.1111111111111111 0.6421875 0.15185185185185185 0.6 0.15185185185185185
2 0.5739583333333333 0.10462962962962963 0.5885416666666666 0.10462962962962963 0.5885416666666666 0.14537037037037037 0.5739583333333333 0.14537037037037037