1 0.14427083333333332 0.3148148148148148 0.26979166666666665 0.3148148148148148 0.26979166666666665 0.4888888888888889 0.14427083333333332 0.4888888888888889
1 0.321875 0.175 0.39010416666666664 0.175 0.39010416666666664 0.23703703703703705 0.321875 0.23703703703703705
2 0.246875 0.5546296296296296 0.3046875 0.5546296296296296 0.3046875 0.7416666666666667 0.246875 0.7416666666666667
2 0.6625 0.5166666666666667 0.7197916666666667 0.5166666666666667 0.7197916666666667 0.687037037037037 0.6625 0.687037037037037
2 0.1078125 0.6768518518518518 0.17864583333333334 0.6768518518518518 0.17864583333333334 0.8888888888888888 0.1078125 0.8888888888888888
2 0.7890625 0.6351851851851852 0.8484375 0.6351851851851852 0.8484375 0.8148148148148148 0.7890625 0.8148148148148148
2 0.5578125 0.1814814814814815 0.5916666666666667 0.1814814814814815 0.5916666666666667 0.22962962962962963 0.5578125 0.22962962962962963
2 0.5963541666666666 0.33796296296296297 0.6322916666666667 0.33796296296296297 0.6322916666666667 0.4425925925925926 0.5963541666666666 0.4425925925925926
2 0.3229166666666667 0.3962962962962963 0.3578125 0.3962962962962963 0.3578125 0.5120370370370371 0.3229166666666667 0.5120370370370371
2 0.6161458333333333 0.20092592592592592 0.6484375 0.20092592592592592 0.6484375 0.25555555555555554 0.6161458333333333 0.25555555555555554
2 0.659375 0.3416666666666667 0.6880208333333333 0.3416666666666667 0.6880208333333333 0.4425925925925926 0.659375 0.4425925925925926
2 0.9557291666666666 0.7694444444444445 1 0.7694444444444445 1 0.9944444444444445 0.9557291666666666 0.9944444444444445
2 0.19479166666666667 0.7527777777777778 0.26197916666666665 0.7527777777777778 0.26197916666666665 0.9888888888888889 0.19479166666666667 0.9888888888888889
2 0.38333333333333336 0.2916666666666667 0.41354166666666664 0.2916666666666667 0.41354166666666664 0.3861111111111111 0.38333333333333336 0.3861111111111111
2 0.5609375 0.2361111111111111 0.5854166666666667 0.2361111111111111 0.5854166666666667 0.3101851851851852 0.5609375 0.3101851851851852
2 0.39739583333333334 0.225 0.42239583333333336 0.225 0.42239583333333336 0.2861111111111111 0.39739583333333334 0.2861111111111111
2 0.5885416666666666 0.21944444444444444 0.609375 0.21944444444444444 0.609375 0.2898148148148148 0.5885416666666666 0.2898148148148148
2 0.4239583333333333 0.24259259259259258 0.4515625 0.24259259259259258 0.4515625 0.32592592592592595 0.4239583333333333 0.32592592592592595