1 0.31979166666666664 0.17407407407407408 0.39375 0.17407407407407408 0.39375 0.23425925925925925 0.31979166666666664 0.23425925925925925
1 0.14427083333333332 0.3212962962962963 0.2703125 0.3212962962962963 0.2703125 0.4981481481481482 0.14427083333333332 0.4981481481481482
2 0.7072916666666667 0.3416666666666667 0.7453125 0.3416666666666667 0.7453125 0.4398148148148148 0.7072916666666667 0.4398148148148148
2 0.6625 0.3527777777777778 0.7020833333333333 0.3527777777777778 0.7020833333333333 0.46944444444444444 0.6625 0.46944444444444444
2 0.8359375 0.5444444444444444 0.9036458333333334 0.5444444444444444 0.9036458333333334 0.7222222222222222 0.8359375 0.7222222222222222
2 0.6463541666666667 0.26296296296296295 0.6729166666666667 0.26296296296296295 0.6729166666666667 0.33611111111111114 0.6463541666666667 0.33611111111111114
2 0.3963541666666667 0.2064814814814815 0.41875 0.2064814814814815 0.41875 0.2675925925925926 0.3963541666666667 0.2675925925925926
2 0.5958333333333333 0.22407407407407406 0.6161458333333333 0.22407407407407406 0.6161458333333333 0.2796296296296296 0.5958333333333333 0.2796296296296296
2 0.40729166666666666 0.18425925925925926 0.42916666666666664 0.18425925925925926 0.42916666666666664 0.23148148148148148 0.40729166666666666 0.23148148148148148
2 0.45208333333333334 0.17962962962962964 0.47239583333333335 0.17962962962962964 0.47239583333333335 0.23425925925925925 0.45208333333333334 0.23425925925925925
2 0.5546875 0.15092592592592594 0.575 0.15092592592592594 0.575 0.20277777777777778 0.5546875 0.20277777777777778
2 0.43072916666666666 0.21481481481481482 0.4510416666666667 0.21481481481481482 0.4510416666666667 0.2722222222222222 0.43072916666666666 0.2722222222222222
2 0.4083333333333333 0.29444444444444445 0.4421875 0.29444444444444445 0.4421875 0.387037037037037 0.4083333333333333 0.387037037037037
2 0.484375 0.13796296296296295 0.49895833333333334 0.13796296296296295 0.49895833333333334 0.17962962962962964 0.484375 0.17962962962962964
2 0.3026041666666667 0.5074074074074074 0.35260416666666666 0.5074074074074074 0.35260416666666666 0.6527777777777778 0.3026041666666667 0.6527777777777778
2 0.603125 0.18611111111111112 0.6229166666666667 0.18611111111111112 0.6229166666666667 0.2361111111111111 0.603125 0.2361111111111111
2 0.4546875 0.2777777777777778 0.4822916666666667 0.2777777777777778 0.4822916666666667 0.36944444444444446 0.4546875 0.36944444444444446
2 0.4359375 0.1287037037037037 0.44947916666666665 0.1287037037037037 0.44947916666666665 0.16296296296296298 0.4359375 0.16296296296296298
2 0.6265625 0.15833333333333333 0.6427083333333333 0.15833333333333333 0.6427083333333333 0.20092592592592592 0.6265625 0.20092592592592592
2 0.5838541666666667 0.1648148148148148 0.6015625 0.1648148148148148 0.6015625 0.21574074074074073 0.5838541666666667 0.21574074074074073
2 0.309375 0.6259259259259259 0.35572916666666665 0.6259259259259259 0.35572916666666665 0.887962962962963 0.309375 0.887962962962963