1 0.14791666666666667 0.31666666666666665 0.26979166666666665 0.31666666666666665 0.26979166666666665 0.4935185185185185 0.14791666666666667 0.4935185185185185
1 0.41041666666666665 0.27870370370370373 0.475 0.27870370370370373 0.475 0.3861111111111111 0.41041666666666665 0.3861111111111111
1 0.321875 0.17777777777777778 0.38958333333333334 0.17777777777777778 0.38958333333333334 0.23981481481481481 0.321875 0.23981481481481481
2 0.013020833333333334 0.7972222222222223 0.10989583333333333 0.7972222222222223 0.10989583333333333 0.9962962962962963 0.013020833333333334 0.9962962962962963
2 0.7765625 0.39444444444444443 0.8213541666666667 0.39444444444444443 0.8213541666666667 0.5092592592592593 0.7765625 0.5092592592592593
2 0.2734375 0.6981481481481482 0.3338541666666667 0.6981481481481482 0.3338541666666667 0.9416666666666667 0.2734375 0.9416666666666667
2 0.30833333333333335 0.39351851851851855 0.340625 0.39351851851851855 0.340625 0.4842592592592593 0.30833333333333335 0.4842592592592593
2 0.16875 0.549074074074074 0.225 0.549074074074074 0.225 0.7138888888888889 0.16875 0.7138888888888889
2 0.3703125 0.34814814814814815 0.40572916666666664 0.34814814814814815 0.40572916666666664 0.4537037037037037 0.3703125 0.4537037037037037
2 0.3932291666666667 0.24722222222222223 0.41458333333333336 0.24722222222222223 0.41458333333333336 0.30925925925925923 0.3932291666666667 0.30925925925925923
2 0.32395833333333335 0.32592592592592595 0.3541666666666667 0.32592592592592595 0.3541666666666667 0.4111111111111111 0.32395833333333335 0.4111111111111111
2 0.4973958333333333 0.175 0.51875 0.175 0.51875 0.2361111111111111 0.4973958333333333 0.2361111111111111
2 0.3260416666666667 0.4675925925925926 0.3729166666666667 0.4675925925925926 0.3729166666666667 0.6 0.3260416666666667 0.6
2 0.6109375 0.17685185185185184 0.6322916666666667 0.17685185185185184 0.6322916666666667 0.23796296296296296 0.6109375 0.23796296296296296
2 0.22864583333333333 0.4203703703703704 0.26927083333333335 0.4203703703703704 0.26927083333333335 0.5361111111111111 0.22864583333333333 0.5361111111111111
2 0.6671875 0.22592592592592592 0.6895833333333333 0.22592592592592592 0.6895833333333333 0.2972222222222222 0.6671875 0.2972222222222222
2 0.6260416666666667 0.225 0.6494791666666667 0.225 0.6494791666666667 0.2935185185185185 0.6260416666666667 0.2935185185185185
2 0.45416666666666666 0.1685185185185185 0.47239583333333335 0.1685185185185185 0.47239583333333335 0.22037037037037038 0.45416666666666666 0.22037037037037038
2 0.4270833333333333 0.18518518518518517 0.4432291666666667 0.18518518518518517 0.4432291666666667 0.23425925925925925 0.4270833333333333 0.23425925925925925
2 0.47604166666666664 0.15 0.49114583333333334 0.15 0.49114583333333334 0.19814814814814816 0.47604166666666664 0.19814814814814816
2 0.43802083333333336 0.2037037037037037 0.46041666666666664 0.2037037037037037 0.46041666666666664 0.28055555555555556 0.43802083333333336 0.28055555555555556