1 0.13958333333333334 0.30648148148148147 0.26614583333333336 0.30648148148148147 0.26614583333333336 0.4888888888888889 0.13958333333333334 0.4888888888888889
1 0.6244791666666667 0.27870370370370373 0.7067708333333333 0.27870370370370373 0.7067708333333333 0.39351851851851855 0.6244791666666667 0.39351851851851855
1 0.4484375 0.13703703703703704 0.4901041666666667 0.13703703703703704 0.4901041666666667 0.1962962962962963 0.4484375 0.1962962962962963
0 0.2984375 0.18518518518518517 0.41302083333333334 0.18518518518518517 0.41302083333333334 0.4027777777777778 0.2984375 0.4027777777777778
2 0.8484375 0.7055555555555556 0.9307291666666667 0.7055555555555556 0.9307291666666667 0.924074074074074 0.8484375 0.924074074074074
2 0.325 0.4064814814814815 0.36354166666666665 0.4064814814814815 0.36354166666666665 0.5259259259259259 0.325 0.5259259259259259
2 0.009375 0.7222222222222222 0.09479166666666666 0.7222222222222222 0.09479166666666666 0.9601851851851851 0.009375 0.9601851851851851
2 0.7677083333333333 0.41944444444444445 0.8052083333333333 0.41944444444444445 0.8052083333333333 0.5472222222222223 0.7677083333333333 0.5472222222222223
2 0.6796875 0.425 0.7239583333333334 0.425 0.7239583333333334 0.5555555555555556 0.6796875 0.5555555555555556
2 0.5473958333333333 0.1175925925925926 0.5619791666666667 0.1175925925925926 0.5619791666666667 0.15925925925925927 0.5473958333333333 0.15925925925925927
2 0.4432291666666667 0.2601851851851852 0.47604166666666664 0.2601851851851852 0.47604166666666664 0.3453703703703704 0.4432291666666667 0.3453703703703704
2 0.8723958333333334 0.524074074074074 0.9317708333333333 0.524074074074074 0.9317708333333333 0.6685185185185185 0.8723958333333334 0.6685185185185185
2 0.4140625 0.3731481481481482 0.45260416666666664 0.3731481481481482 0.45260416666666664 0.49444444444444446 0.4140625 0.49444444444444446
1 0.5286458333333334 0.08703703703703704 0.5546875 0.08703703703703704 0.5546875 0.12222222222222222 0.5286458333333334 0.12222222222222222
2 0.2994791666666667 0.5546296296296296 0.34739583333333335 0.5546296296296296 0.34739583333333335 0.7342592592592593 0.2994791666666667 0.7342592592592593
2 0.0046875 0.5416666666666666 0.08958333333333333 0.5416666666666666 0.08958333333333333 0.687962962962963 0.0046875 0.687962962962963
2 0.5833333333333334 0.3055555555555556 0.615625 0.3055555555555556 0.615625 0.41203703703703703 0.5833333333333334 0.41203703703703703
2 0.60625 0.18888888888888888 0.6260416666666667 0.18888888888888888 0.6260416666666667 0.2537037037037037 0.60625 0.2537037037037037
1 0.559375 0.10555555555555556 0.59375 0.10555555555555556 0.59375 0.14722222222222223 0.559375 0.14722222222222223
2 0.7338541666666667 0.31666666666666665 0.7666666666666667 0.31666666666666665 0.7666666666666667 0.41944444444444445 0.7338541666666667 0.41944444444444445