1 0.14322916666666666 0.32222222222222224 0.26927083333333335 0.32222222222222224 0.26927083333333335 0.5 0.14322916666666666 0.5
1 0.33125 0.1787037037037037 0.39010416666666664 0.1787037037037037 0.39010416666666664 0.24259259259259258 0.33125 0.24259259259259258
1 0.5442708333333334 0.10925925925925926 0.5697916666666667 0.10925925925925926 0.5697916666666667 0.15555555555555556 0.5442708333333334 0.15555555555555556
1 0.653125 0.13055555555555556 0.70625 0.13055555555555556 0.70625 0.17407407407407408 0.653125 0.17407407407407408
2 0.17239583333333333 0.5305555555555556 0.21927083333333333 0.5305555555555556 0.21927083333333333 0.6925925925925925 0.17239583333333333 0.6925925925925925
2 0.14635416666666667 0.725 0.22083333333333333 0.725 0.22083333333333333 0.9916666666666667 0.14635416666666667 0.9916666666666667
2 0.29270833333333335 0.3592592592592593 0.3307291666666667 0.3592592592592593 0.3307291666666667 0.4888888888888889 0.29270833333333335 0.4888888888888889
2 0.35260416666666666 0.43703703703703706 0.3848958333333333 0.43703703703703706 0.3848958333333333 0.5898148148148148 0.35260416666666666 0.5898148148148148
2 0.36302083333333335 0.3333333333333333 0.38697916666666665 0.3333333333333333 0.38697916666666665 0.45 0.36302083333333335 0.45
2 0.35052083333333334 0.262037037037037 0.37447916666666664 0.262037037037037 0.37447916666666664 0.37777777777777777 0.35052083333333334 0.37777777777777777
2 0.4114583333333333 0.31296296296296294 0.42916666666666664 0.31296296296296294 0.42916666666666664 0.42407407407407405 0.4114583333333333 0.42407407407407405
2 0.403125 0.21203703703703702 0.41770833333333335 0.21203703703703702 0.41770833333333335 0.2824074074074074 0.403125 0.2824074074074074
2 0.4197916666666667 0.22962962962962963 0.4322916666666667 0.22962962962962963 0.4322916666666667 0.30277777777777776 0.4197916666666667 0.30277777777777776
2 0.4354166666666667 0.20185185185185187 0.4453125 0.20185185185185187 0.4453125 0.262037037037037 0.4354166666666667 0.262037037037037
2 0.45364583333333336 0.1962962962962963 0.46822916666666664 0.1962962962962963 0.46822916666666664 0.26296296296296295 0.45364583333333336 0.26296296296296295
2 0.4734375 0.19907407407407407 0.4859375 0.19907407407407407 0.4859375 0.2574074074074074 0.4734375 0.2574074074074074
2 0.4041666666666667 0.14907407407407408 0.41458333333333336 0.14907407407407408 0.41458333333333336 0.1935185185185185 0.4041666666666667 0.1935185185185185
2 0.4109375 0.15555555555555556 0.42135416666666664 0.15555555555555556 0.42135416666666664 0.2074074074074074 0.4109375 0.2074074074074074
2 0.4197916666666667 0.16666666666666666 0.43072916666666666 0.16666666666666666 0.43072916666666666 0.22037037037037038 0.4197916666666667 0.22037037037037038
2 0.4359375 0.1398148148148148 0.4432291666666667 0.1398148148148148 0.4432291666666667 0.1925925925925926 0.4359375 0.1925925925925926
2 0.4427083333333333 0.14907407407407408 0.45416666666666666 0.14907407407407408 0.45416666666666666 0.1925925925925926 0.4427083333333333 0.1925925925925926
2 0.4479166666666667 0.1638888888888889 0.46041666666666664 0.1638888888888889 0.46041666666666664 0.21666666666666667 0.4479166666666667 0.21666666666666667
2 0.4630208333333333 0.13240740740740742 0.46979166666666666 0.13240740740740742 0.46979166666666666 0.16574074074074074 0.4630208333333333 0.16574074074074074
2 0.4661458333333333 0.1175925925925926 0.475 0.1175925925925926 0.475 0.14722222222222223 0.4661458333333333 0.14722222222222223
2 0.47708333333333336 0.13055555555555556 0.48541666666666666 0.13055555555555556 0.48541666666666666 0.1685185185185185 0.47708333333333336 0.1685185185185185
2 0.48385416666666664 0.15462962962962962 0.4942708333333333 0.15462962962962962 0.4942708333333333 0.20185185185185187 0.48385416666666664 0.20185185185185187
2 0.565625 0.1675925925925926 0.584375 0.1675925925925926 0.584375 0.22037037037037038 0.565625 0.22037037037037038
2 0.5890625 0.175 0.6104166666666667 0.175 0.6104166666666667 0.23148148148148148 0.5890625 0.23148148148148148
2 0.6197916666666666 0.16574074074074074 0.6348958333333333 0.16574074074074074 0.6348958333333333 0.21944444444444444 0.6197916666666666 0.21944444444444444
2 0.6526041666666667 0.2222222222222222 0.6666666666666666 0.2222222222222222 0.6666666666666666 0.27870370370370373 0.6526041666666667 0.27870370370370373
2 0.6552083333333333 0.27870370370370373 0.6723958333333333 0.27870370370370373 0.6723958333333333 0.36018518518518516 0.6552083333333333 0.36018518518518516
2 0.4421875 0.12037037037037036 0.45416666666666666 0.12037037037037036 0.45416666666666666 0.1537037037037037 0.4421875 0.1537037037037037