1 0.13541666666666666 0.34444444444444444 0.25885416666666666 0.34444444444444444 0.25885416666666666 0.524074074074074 0.13541666666666666 0.524074074074074
1 0.5526041666666667 0.23148148148148148 0.6057291666666667 0.23148148148148148 0.6057291666666667 0.32037037037037036 0.5526041666666667 0.32037037037037036
1 0.4390625 0.2111111111111111 0.4817708333333333 0.2111111111111111 0.4817708333333333 0.2759259259259259 0.4390625 0.2759259259259259
1 0.32395833333333335 0.19722222222222222 0.3828125 0.19722222222222222 0.3828125 0.2611111111111111 0.32395833333333335 0.2611111111111111
1 0.5286458333333334 0.14722222222222223 0.5572916666666666 0.14722222222222223 0.5572916666666666 0.19444444444444445 0.5286458333333334 0.19444444444444445
2 0.8770833333333333 0.612037037037037 0.9192708333333334 0.612037037037037 0.9192708333333334 0.8018518518518518 0.8770833333333333 0.8018518518518518
2 0.18541666666666667 0.49722222222222223 0.22708333333333333 0.49722222222222223 0.22708333333333333 0.6722222222222223 0.18541666666666667 0.6722222222222223
2 0.0005208333333333333 0.7694444444444445 0.078125 0.7694444444444445 0.078125 1 0.0005208333333333333 1
2 0.10572916666666667 0.7694444444444445 0.1671875 0.7694444444444445 0.1671875 1 0.10572916666666667 1
2 0.2552083333333333 0.5 0.2890625 0.5 0.2890625 0.5953703703703703 0.2552083333333333 0.5953703703703703
2 0.23697916666666666 0.6185185185185185 0.3026041666666667 0.6185185185185185 0.3026041666666667 0.7842592592592592 0.23697916666666666 0.7842592592592592
2 0.31302083333333336 0.6212962962962963 0.35989583333333336 0.6212962962962963 0.35989583333333336 0.812037037037037 0.31302083333333336 0.812037037037037
2 0.3296875 0.7203703703703703 0.4 0.7203703703703703 0.4 0.9638888888888889 0.3296875 0.9638888888888889
2 0.3182291666666667 0.42592592592592593 0.3536458333333333 0.42592592592592593 0.3536458333333333 0.5953703703703703 0.3182291666666667 0.5953703703703703
2 0.2911458333333333 0.3435185185185185 0.30885416666666665 0.3435185185185185 0.30885416666666665 0.39814814814814814 0.2911458333333333 0.39814814814814814
2 0.29270833333333335 0.3648148148148148 0.3260416666666667 0.3648148148148148 0.3260416666666667 0.4685185185185185 0.29270833333333335 0.4685185185185185
2 0.34479166666666666 0.37777777777777777 0.3734375 0.37777777777777777 0.3734375 0.4564814814814815 0.34479166666666666 0.4564814814814815
2 0.36041666666666666 0.31851851851851853 0.3802083333333333 0.31851851851851853 0.3802083333333333 0.3972222222222222 0.36041666666666666 0.3972222222222222
2 0.39739583333333334 0.32037037037037036 0.4270833333333333 0.32037037037037036 0.4270833333333333 0.4148148148148148 0.39739583333333334 0.4148148148148148
2 0.375 0.2462962962962963 0.39479166666666665 0.2462962962962963 0.39479166666666665 0.31296296296296294 0.375 0.31296296296296294
2 0.38229166666666664 0.20925925925925926 0.4010416666666667 0.20925925925925926 0.4010416666666667 0.2574074074074074 0.38229166666666664 0.2574074074074074
2 0.4005208333333333 0.225 0.425 0.225 0.425 0.2851851851851852 0.4005208333333333 0.2851851851851852
2 0.4083333333333333 0.1685185185185185 0.42083333333333334 0.1685185185185185 0.42083333333333334 0.2111111111111111 0.4083333333333333 0.2111111111111111
2 0.42083333333333334 0.17685185185185184 0.4375 0.17685185185185184 0.4375 0.23703703703703705 0.42083333333333334 0.23703703703703705
2 0.5036458333333333 0.20277777777777778 0.528125 0.20277777777777778 0.528125 0.25555555555555554 0.5036458333333333 0.25555555555555554
2 0.6520833333333333 0.33240740740740743 0.6828125 0.33240740740740743 0.6828125 0.42777777777777776 0.6520833333333333 0.42777777777777776
2 0.43385416666666665 0.14722222222222223 0.4479166666666667 0.14722222222222223 0.4479166666666667 0.20462962962962963 0.43385416666666665 0.20462962962962963
2 0.4473958333333333 0.14351851851851852 0.4588541666666667 0.14351851851851852 0.4588541666666667 0.19166666666666668 0.4473958333333333 0.19166666666666668
2 0.46458333333333335 0.1388888888888889 0.478125 0.1388888888888889 0.478125 0.19444444444444445 0.46458333333333335 0.19444444444444445
2 0.425 0.13333333333333333 0.43645833333333334 0.13333333333333333 0.43645833333333334 0.17314814814814813 0.425 0.17314814814814813
2 0.5682291666666667 0.16296296296296298 0.5833333333333334 0.16296296296296298 0.5833333333333334 0.2074074074074074 0.5682291666666667 0.2074074074074074
2 0.590625 0.1574074074074074 0.603125 0.1574074074074074 0.603125 0.19907407407407407 0.590625 0.19907407407407407
2 0.584375 0.13796296296296295 0.5932291666666667 0.13796296296296295 0.5932291666666667 0.17592592592592593 0.584375 0.17592592592592593