1 0.4739583333333333 0.29814814814814816 0.5713541666666667 0.29814814814814816 0.5713541666666667 0.45185185185185184 0.4739583333333333 0.45185185185185184
1 0.4984375 0 0.5994791666666667 0 0.5994791666666667 0.08981481481481482 0.4984375 0.08981481481481482
1 0.6442708333333333 0.19814814814814816 0.6791666666666667 0.19814814814814816 0.6791666666666667 0.30277777777777776 0.6442708333333333 0.30277777777777776
1 0.6786458333333333 0.5879629629629629 0.7067708333333333 0.5879629629629629 0.7067708333333333 0.6481481481481481 0.6786458333333333 0.6481481481481481
2 0.4119791666666667 0.9583333333333334 0.5098958333333333 0.9583333333333334 0.5098958333333333 1 0.4119791666666667 1
2 0.34427083333333336 0.05740740740740741 0.4479166666666667 0.05740740740740741 0.4479166666666667 0.15092592592592594 0.34427083333333336 0.15092592592592594
2 0.42864583333333334 0.009259259259259259 0.5119791666666667 0.009259259259259259 0.5119791666666667 0.06759259259259259 0.42864583333333334 0.06759259259259259
2 0.5390625 0.1648148148148148 0.5984375 0.1648148148148148 0.5984375 0.22407407407407406 0.5390625 0.22407407407407406
2 0.55 0.2759259259259259 0.6072916666666667 0.2759259259259259 0.6072916666666667 0.30462962962962964 0.55 0.30462962962962964
2 0.6010416666666667 0.26944444444444443 0.6484375 0.26944444444444443 0.6484375 0.32314814814814813 0.6010416666666667 0.32314814814814813
2 0.6203125 0.3351851851851852 0.6640625 0.3351851851851852 0.6640625 0.36944444444444446 0.6203125 0.36944444444444446
2 0.5536458333333333 0.875 0.6067708333333334 0.875 0.6067708333333334 0.9138888888888889 0.5536458333333333 0.9138888888888889
2 0.6098958333333333 0.7888888888888889 0.6489583333333333 0.7888888888888889 0.6489583333333333 0.8277777777777777 0.6098958333333333 0.8277777777777777
2 0.646875 0.5611111111111111 0.678125 0.5611111111111111 0.678125 0.6305555555555555 0.646875 0.6305555555555555
2 0.6765625 0.6731481481481482 0.7015625 0.6731481481481482 0.7015625 0.7027777777777777 0.6765625 0.7027777777777777
2 0.6098958333333333 0.3962962962962963 0.6520833333333333 0.3962962962962963 0.6520833333333333 0.43425925925925923 0.6098958333333333 0.43425925925925923
2 0.6364583333333333 0.3962962962962963 0.6671875 0.3962962962962963 0.6671875 0.42592592592592593 0.6364583333333333 0.42592592592592593
2 0.6671875 0.41944444444444445 0.696875 0.41944444444444445 0.696875 0.43796296296296294 0.6671875 0.43796296296296294
2 0.6682291666666667 0.36666666666666664 0.6953125 0.36666666666666664 0.6953125 0.3990740740740741 0.6682291666666667 0.3990740740740741
2 0.6838541666666667 0.33425925925925926 0.7067708333333333 0.33425925925925926 0.7067708333333333 0.3537037037037037 0.6838541666666667 0.3537037037037037
2 0.6807291666666667 0.44166666666666665 0.7015625 0.44166666666666665 0.7015625 0.4601851851851852 0.6807291666666667 0.4601851851851852
2 0.6817708333333333 0.487962962962963 0.7041666666666667 0.487962962962963 0.7041666666666667 0.5083333333333333 0.6817708333333333 0.5083333333333333
2 0.7026041666666667 0.4824074074074074 0.71875 0.4824074074074074 0.71875 0.5037037037037037 0.7026041666666667 0.5037037037037037
2 0.696875 0.42777777777777776 0.7145833333333333 0.42777777777777776 0.7145833333333333 0.44166666666666665 0.696875 0.44166666666666665
2 0.6817708333333333 0.3925925925925926 0.7041666666666667 0.3925925925925926 0.7041666666666667 0.412962962962963 0.6817708333333333 0.412962962962963
2 0.69375 0.3851851851851852 0.7104166666666667 0.3851851851851852 0.7104166666666667 0.39444444444444443 0.69375 0.39444444444444443
1 0.6791666666666667 0.7814814814814814 0.7088541666666667 0.7814814814814814 0.7088541666666667 0.8759259259259259 0.6791666666666667 0.8759259259259259