1 0.39479166666666665 0.9064814814814814 0.49322916666666666 0.9064814814814814 0.49322916666666666 1 0.39479166666666665 1
1 0.31614583333333335 0.6935185185185185 0.35052083333333334 0.6935185185185185 0.35052083333333334 0.812037037037037 0.31614583333333335 0.812037037037037
2 0.3265625 0.20833333333333334 0.359375 0.20833333333333334 0.359375 0.25555555555555554 0.3265625 0.25555555555555554
2 0.36666666666666664 0.29444444444444445 0.4119791666666667 0.29444444444444445 0.4119791666666667 0.3453703703703704 0.36666666666666664 0.3453703703703704
2 0.4322916666666667 0.20277777777777778 0.4953125 0.20277777777777778 0.4953125 0.26481481481481484 0.4322916666666667 0.26481481481481484
2 0.471875 0.03425925925925926 0.5427083333333333 0.03425925925925926 0.5427083333333333 0.10740740740740741 0.471875 0.10740740740740741
2 0.3177083333333333 0.2833333333333333 0.3453125 0.2833333333333333 0.3453125 0.33055555555555555 0.3177083333333333 0.33055555555555555
2 0.4166666666666667 0.700925925925926 0.4864583333333333 0.700925925925926 0.4864583333333333 0.7731481481481481 0.4166666666666667 0.7731481481481481
2 0.49947916666666664 0.8666666666666667 0.5859375 0.8666666666666667 0.5859375 0.9564814814814815 0.49947916666666664 0.9564814814814815
2 0.3770833333333333 0.2111111111111111 0.42239583333333336 0.2111111111111111 0.42239583333333336 0.25462962962962965 0.3770833333333333 0.25462962962962965
2 0.3697916666666667 0.6537037037037037 0.4171875 0.6537037037037037 0.4171875 0.7046296296296296 0.3697916666666667 0.7046296296296296
2 0.38333333333333336 0.5944444444444444 0.44114583333333335 0.5944444444444444 0.44114583333333335 0.6518518518518519 0.38333333333333336 0.6518518518518519
2 0.30885416666666665 0.4444444444444444 0.3463541666666667 0.4444444444444444 0.3463541666666667 0.4981481481481482 0.30885416666666665 0.4981481481481482
2 0.328125 0.3527777777777778 0.37083333333333335 0.3527777777777778 0.37083333333333335 0.3990740740740741 0.328125 0.3990740740740741
2 0.2828125 0.35185185185185186 0.3015625 0.35185185185185186 0.3015625 0.375 0.2828125 0.375
2 0.31354166666666666 0.5740740740740741 0.35572916666666665 0.5740740740740741 0.35572916666666665 0.6027777777777777 0.31354166666666666 0.6027777777777777
2 0.303125 0.537962962962963 0.34010416666666665 0.537962962962963 0.34010416666666665 0.5555555555555556 0.303125 0.5555555555555556
2 0.30364583333333334 0.6157407407407407 0.3333333333333333 0.6157407407407407 0.3333333333333333 0.6407407407407407 0.30364583333333334 0.6407407407407407