1 0.14739583333333334 0.31851851851851853 0.27447916666666666 0.31851851851851853 0.27447916666666666 0.4981481481481482 0.14739583333333334 0.4981481481481482
1 0.33645833333333336 0.17777777777777778 0.3890625 0.17777777777777778 0.3890625 0.24074074074074073 0.33645833333333336 0.24074074074074073
1 0.4744791666666667 0.11574074074074074 0.5020833333333333 0.11574074074074074 0.5020833333333333 0.15648148148148147 0.4744791666666667 0.15648148148148147
1 0.6239583333333333 0.11944444444444445 0.6802083333333333 0.11944444444444445 0.6802083333333333 0.16203703703703703 0.6239583333333333 0.16203703703703703
2 0.1546875 0.5740740740740741 0.20208333333333334 0.5740740740740741 0.20208333333333334 0.7833333333333333 0.1546875 0.7833333333333333
2 0.2484375 0.5592592592592592 0.2864583333333333 0.5592592592592592 0.2864583333333333 0.7675925925925926 0.2484375 0.7675925925925926
2 0.34010416666666665 0.5287037037037037 0.37604166666666666 0.5287037037037037 0.37604166666666666 0.7453703703703703 0.34010416666666665 0.7453703703703703
2 0.2671875 0.41203703703703703 0.30520833333333336 0.41203703703703703 0.30520833333333336 0.5351851851851852 0.2671875 0.5351851851851852
2 0.35989583333333336 0.33240740740740743 0.38177083333333334 0.33240740740740743 0.38177083333333334 0.44907407407407407 0.35989583333333336 0.44907407407407407
2 0.3723958333333333 0.2759259259259259 0.39427083333333335 0.2759259259259259 0.39427083333333335 0.3648148148148148 0.3723958333333333 0.3648148148148148
2 0.39947916666666666 0.2675925925925926 0.4197916666666667 0.2675925925925926 0.4197916666666667 0.37037037037037035 0.39947916666666666 0.37037037037037035
2 0.4328125 0.3 0.446875 0.3 0.446875 0.39814814814814814 0.4328125 0.39814814814814814
2 0.4421875 0.26481481481481484 0.46041666666666664 0.26481481481481484 0.46041666666666664 0.3435185185185185 0.4421875 0.3435185185185185
2 0.61875 0.1962962962962963 0.6338541666666667 0.1962962962962963 0.6338541666666667 0.27037037037037037 0.61875 0.27037037037037037
2 0.6432291666666666 0.17962962962962964 0.6557291666666667 0.17962962962962964 0.6557291666666667 0.2361111111111111 0.6432291666666666 0.2361111111111111
2 0.6140625 0.1527777777777778 0.625 0.1527777777777778 0.625 0.2037037037037037 0.6140625 0.2037037037037037
2 0.5895833333333333 0.1527777777777778 0.603125 0.1527777777777778 0.603125 0.20925925925925926 0.5895833333333333 0.20925925925925926
2 0.6020833333333333 0.12222222222222222 0.6104166666666667 0.12222222222222222 0.6104166666666667 0.1685185185185185 0.6020833333333333 0.1685185185185185
2 0.4765625 0.20925925925925926 0.490625 0.20925925925925926 0.490625 0.2833333333333333 0.4765625 0.2833333333333333
2 0.43385416666666665 0.21203703703703702 0.44583333333333336 0.21203703703703702 0.44583333333333336 0.27685185185185185 0.43385416666666665 0.27685185185185185
2 0.390625 0.2222222222222222 0.40520833333333334 0.2222222222222222 0.40520833333333334 0.287962962962963 0.390625 0.287962962962963
2 0.39895833333333336 0.1685185185185185 0.40729166666666666 0.1685185185185185 0.40729166666666666 0.22037037037037038 0.39895833333333336 0.22037037037037038
2 0.4125 0.1574074074074074 0.4197916666666667 0.1574074074074074 0.4197916666666667 0.20925925925925926 0.4125 0.20925925925925926
2 0.42916666666666664 0.16203703703703703 0.43385416666666665 0.16203703703703703 0.43385416666666665 0.2074074074074074 0.42916666666666664 0.2074074074074074
2 0.4473958333333333 0.14444444444444443 0.453125 0.14444444444444443 0.453125 0.17777777777777778 0.4473958333333333 0.17777777777777778
2 0.46510416666666665 0.1361111111111111 0.4744791666666667 0.1361111111111111 0.4744791666666667 0.1787037037037037 0.46510416666666665 0.1787037037037037
2 0.4625 0.10925925925925926 0.4708333333333333 0.10925925925925926 0.4708333333333333 0.14074074074074075 0.4625 0.14074074074074075
2 0.5005208333333333 0.1 0.5098958333333333 0.1 0.5098958333333333 0.1361111111111111 0.5005208333333333 0.1361111111111111