1 0.39895833333333336 0.9092592592592592 0.5 0.9092592592592592 0.5 1 0.39895833333333336 1
1 0.31875 0.6962962962962963 0.3546875 0.6962962962962963 0.3546875 0.7981481481481482 0.31875 0.7981481481481482
1 0.2796875 0.4935185185185185 0.3026041666666667 0.4935185185185185 0.3026041666666667 0.5416666666666666 0.2796875 0.5416666666666666
1 0.2869791666666667 0.15092592592592594 0.3177083333333333 0.15092592592592594 0.3177083333333333 0.25925925925925924 0.2869791666666667 0.25925925925925924
2 0.58125 0.8305555555555556 0.7072916666666667 0.8305555555555556 0.7072916666666667 0.9388888888888889 0.58125 0.9388888888888889
2 0.46927083333333336 0.8833333333333333 0.5598958333333334 0.8833333333333333 0.5598958333333334 0.962037037037037 0.46927083333333336 0.962037037037037
2 0.45729166666666665 0.7657407407407407 0.5291666666666667 0.7657407407407407 0.5291666666666667 0.8268518518518518 0.45729166666666665 0.8268518518518518
2 0.40625 0.7898148148148149 0.465625 0.7898148148148149 0.465625 0.8305555555555556 0.40625 0.8305555555555556
2 0.4427083333333333 0.6537037037037037 0.5276041666666667 0.6537037037037037 0.5276041666666667 0.7092592592592593 0.4427083333333333 0.7092592592592593
2 0.371875 0.6583333333333333 0.42916666666666664 0.6583333333333333 0.42916666666666664 0.6925925925925925 0.371875 0.6925925925925925
2 0.346875 0.6194444444444445 0.3927083333333333 0.6194444444444445 0.3927083333333333 0.637962962962963 0.346875 0.637962962962963
2 0.3546875 0.5509259259259259 0.403125 0.5509259259259259 0.403125 0.5814814814814815 0.3546875 0.5814814814814815
2 0.3177083333333333 0.512962962962963 0.35520833333333335 0.512962962962963 0.35520833333333335 0.5333333333333333 0.3177083333333333 0.5333333333333333
2 0.30052083333333335 0.5231481481481481 0.3223958333333333 0.5231481481481481 0.3223958333333333 0.5388888888888889 0.30052083333333335 0.5388888888888889
2 0.3015625 0.5564814814814815 0.3265625 0.5564814814814815 0.3265625 0.5712962962962963 0.3015625 0.5712962962962963
2 0.290625 0.5453703703703704 0.31197916666666664 0.5453703703703704 0.31197916666666664 0.562037037037037 0.290625 0.562037037037037
2 0.30416666666666664 0.6064814814814815 0.3296875 0.6064814814814815 0.3296875 0.6212962962962963 0.30416666666666664 0.6212962962962963
2 0.3072916666666667 0.5777777777777777 0.3307291666666667 0.5777777777777777 0.3307291666666667 0.5935185185185186 0.3072916666666667 0.5935185185185186
2 0.3296875 0.6481481481481481 0.3625 0.6481481481481481 0.3625 0.6638888888888889 0.3296875 0.6638888888888889
2 0.31614583333333335 0.6583333333333333 0.34791666666666665 0.6583333333333333 0.34791666666666665 0.6824074074074075 0.31614583333333335 0.6824074074074075
2 0.3255208333333333 0.5851851851851851 0.35572916666666665 0.5851851851851851 0.35572916666666665 0.6046296296296296 0.3255208333333333 0.6046296296296296
2 0.3104166666666667 0.3287037037037037 0.340625 0.3287037037037037 0.340625 0.3574074074074074 0.3104166666666667 0.3574074074074074
2 0.29583333333333334 0.2861111111111111 0.3177083333333333 0.2861111111111111 0.3177083333333333 0.3055555555555556 0.29583333333333334 0.3055555555555556
2 0.31145833333333334 0.2833333333333333 0.34322916666666664 0.2833333333333333 0.34322916666666664 0.31666666666666665 0.31145833333333334 0.31666666666666665
2 0.32760416666666664 0.21388888888888888 0.359375 0.21388888888888888 0.359375 0.24444444444444444 0.32760416666666664 0.24444444444444444
2 0.34739583333333335 0.22962962962962963 0.39427083333333335 0.22962962962962963 0.39427083333333335 0.2657407407407407 0.34739583333333335 0.2657407407407407