1 0.1484375 0.32314814814814813 0.271875 0.32314814814814813 0.271875 0.5 0.1484375 0.5
1 0.4276041666666667 0.23796296296296296 0.4822916666666667 0.23796296296296296 0.4822916666666667 0.32685185185185184 0.4276041666666667 0.32685185185185184
1 0.3234375 0.17592592592592593 0.390625 0.17592592592592593 0.390625 0.23981481481481481 0.3234375 0.23981481481481481
2 0.071875 0.7925925925925926 0.15104166666666666 0.7925925925925926 0.15104166666666666 0.9972222222222222 0.071875 0.9972222222222222
2 0.19895833333333332 0.5416666666666666 0.253125 0.5416666666666666 0.253125 0.7101851851851851 0.19895833333333332 0.7101851851851851
2 0.8677083333333333 0.5287037037037037 0.9328125 0.5287037037037037 0.9328125 0.6851851851851852 0.8677083333333333 0.6851851851851852
2 0.27239583333333334 0.7342592592592593 0.34375 0.7342592592592593 0.34375 0.950925925925926 0.27239583333333334 0.950925925925926
2 0.6572916666666667 0.2972222222222222 0.6895833333333333 0.2972222222222222 0.6895833333333333 0.3731481481481482 0.6572916666666667 0.3731481481481482
2 0.7046875 0.3074074074074074 0.7380208333333333 0.3074074074074074 0.7380208333333333 0.4009259259259259 0.7046875 0.4009259259259259
2 0.3609375 0.4527777777777778 0.4088541666666667 0.4527777777777778 0.4088541666666667 0.5935185185185186 0.3609375 0.5935185185185186
2 0.265625 0.39351851851851855 0.30833333333333335 0.39351851851851855 0.30833333333333335 0.5259259259259259 0.265625 0.5259259259259259
2 0 0.6537037037037037 0.0453125 0.6537037037037037 0.0453125 0.837037037037037 0 0.837037037037037
2 0.646875 0.2111111111111111 0.6734375 0.2111111111111111 0.6734375 0.28425925925925927 0.646875 0.28425925925925927
2 0.4010416666666667 0.27314814814814814 0.428125 0.27314814814814814 0.428125 0.35462962962962963 0.4010416666666667 0.35462962962962963
2 0.49635416666666665 0.1712962962962963 0.515625 0.1712962962962963 0.515625 0.22777777777777777 0.49635416666666665 0.22777777777777777
2 0.34010416666666665 0.3296296296296296 0.3703125 0.3296296296296296 0.3703125 0.42685185185185187 0.34010416666666665 0.42685185185185187
2 0.4192708333333333 0.20462962962962963 0.4395833333333333 0.20462962962962963 0.4395833333333333 0.25833333333333336 0.4192708333333333 0.25833333333333336
2 0.478125 0.14166666666666666 0.49166666666666664 0.14166666666666666 0.49166666666666664 0.18055555555555555 0.478125 0.18055555555555555
2 0.359375 0.275 0.3859375 0.275 0.3859375 0.3425925925925926 0.359375 0.3425925925925926
2 0.4171875 0.14907407407407408 0.43125 0.14907407407407408 0.43125 0.18611111111111112 0.4171875 0.18611111111111112
2 0.42552083333333335 0.17592592592592593 0.4432291666666667 0.17592592592592593 0.4432291666666667 0.2175925925925926 0.42552083333333335 0.2175925925925926
2 0.6203125 0.2037037037037037 0.6473958333333333 0.2037037037037037 0.6473958333333333 0.2777777777777778 0.6203125 0.2777777777777778
2 0.4515625 0.18888888888888888 0.46875 0.18888888888888888 0.46875 0.23055555555555557 0.4515625 0.23055555555555557
2 0.4588541666666667 0.15648148148148147 0.4744791666666667 0.15648148148148147 0.4744791666666667 0.1962962962962963 0.4588541666666667 0.1962962962962963
2 0.5744791666666667 0.11666666666666667 0.590625 0.11666666666666667 0.590625 0.15092592592592594 0.5744791666666667 0.15092592592592594
2 0.60625 0.12962962962962962 0.621875 0.12962962962962962 0.621875 0.16944444444444445 0.60625 0.16944444444444445
2 0.3776041666666667 0.3435185185185185 0.4083333333333333 0.3435185185185185 0.4083333333333333 0.42685185185185187 0.3776041666666667 0.42685185185185187