1 0.4973958333333333 0 0.5963541666666666 0 0.5963541666666666 0.08981481481481482 0.4973958333333333 0.08981481481481482
1 0.6453125 0.20185185185185187 0.68125 0.20185185185185187 0.68125 0.3037037037037037 0.6453125 0.3037037037037037
1 0.6994791666666667 0.45925925925925926 0.7213541666666666 0.45925925925925926 0.7213541666666666 0.5064814814814815 0.6994791666666667 0.5064814814814815
1 0.6786458333333333 0.7472222222222222 0.7140625 0.7472222222222222 0.7140625 0.8546296296296296 0.6786458333333333 0.8546296296296296
2 0.3390625 0.14444444444444443 0.459375 0.14444444444444443 0.459375 0.2064814814814815 0.3390625 0.2064814814814815
2 0.46822916666666664 0.07314814814814814 0.5447916666666667 0.07314814814814814 0.5447916666666667 0.13240740740740742 0.46822916666666664 0.13240740740740742
2 0.48385416666666664 0.20277777777777778 0.5588541666666667 0.20277777777777778 0.5588541666666667 0.24722222222222223 0.48385416666666664 0.24722222222222223
2 0.5354166666666667 0.18703703703703703 0.6036458333333333 0.18703703703703703 0.6036458333333333 0.24814814814814815 0.5354166666666667 0.24814814814814815
2 0.49635416666666665 0.2861111111111111 0.5692708333333333 0.2861111111111111 0.5692708333333333 0.35462962962962963 0.49635416666666665 0.35462962962962963
2 0.6197916666666666 0.3138888888888889 0.6572916666666667 0.3138888888888889 0.6572916666666667 0.3398148148148148 0.6197916666666666 0.3398148148148148
2 0.5911458333333334 0.325 0.6369791666666667 0.325 0.6369791666666667 0.3509259259259259 0.5911458333333334 0.3509259259259259
2 0.6135416666666667 0.36574074074074076 0.6567708333333333 0.36574074074074076 0.6567708333333333 0.3888888888888889 0.6135416666666667 0.3888888888888889
2 0.6265625 0.4148148148148148 0.6630208333333333 0.4148148148148148 0.6630208333333333 0.42962962962962964 0.6265625 0.42962962962962964
2 0.6072916666666667 0.42685185185185187 0.6510416666666666 0.42685185185185187 0.6510416666666666 0.45555555555555555 0.6072916666666667 0.45555555555555555
2 0.6447916666666667 0.4638888888888889 0.684375 0.4638888888888889 0.684375 0.4888888888888889 0.6447916666666667 0.4888888888888889
2 0.6578125 0.6407407407407407 0.6895833333333333 0.6407407407407407 0.6895833333333333 0.6712962962962963 0.6578125 0.6712962962962963
2 0.6567708333333333 0.6824074074074075 0.6895833333333333 0.6824074074074075 0.6895833333333333 0.7064814814814815 0.6567708333333333 0.7064814814814815
2 0.6765625 0.7 0.7 0.7 0.7 0.7185185185185186 0.6765625 0.7185185185185186
2 0.6354166666666666 0.7666666666666667 0.6682291666666667 0.7666666666666667 0.6682291666666667 0.7962962962962963 0.6354166666666666 0.7962962962962963
2 0.6046875 0.737037037037037 0.6494791666666667 0.737037037037037 0.6494791666666667 0.7768518518518519 0.6046875 0.7768518518518519
2 0.653125 0.32685185185185184 0.6828125 0.32685185185185184 0.6828125 0.3425925925925926 0.653125 0.3425925925925926
2 0.646875 0.3398148148148148 0.6729166666666667 0.3398148148148148 0.6729166666666667 0.36018518518518516 0.646875 0.36018518518518516
2 0.675 0.3425925925925926 0.6994791666666667 0.3425925925925926 0.6994791666666667 0.3574074074074074 0.675 0.3574074074074074
2 0.66875 0.38055555555555554 0.696875 0.38055555555555554 0.696875 0.3907407407407407 0.66875 0.3907407407407407
2 0.6692708333333334 0.39351851851851855 0.6895833333333333 0.39351851851851855 0.6895833333333333 0.40925925925925927 0.6692708333333334 0.40925925925925927
2 0.6494791666666667 0.40185185185185185 0.6791666666666667 0.40185185185185185 0.6791666666666667 0.4222222222222222 0.6494791666666667 0.4222222222222222
2 0.6744791666666666 0.412962962962963 0.6958333333333333 0.412962962962963 0.6958333333333333 0.4287037037037037 0.6744791666666666 0.4287037037037037
2 0.6755208333333333 0.42592592592592593 0.7020833333333333 0.42592592592592593 0.7020833333333333 0.4444444444444444 0.6755208333333333 0.4444444444444444
2 0.6916666666666667 0.4425925925925926 0.7140625 0.4425925925925926 0.7140625 0.4537037037037037 0.6916666666666667 0.4537037037037037
2 0.6833333333333333 0.46296296296296297 0.7041666666666667 0.46296296296296297 0.7041666666666667 0.4759259259259259 0.6833333333333333 0.4759259259259259
2 0.690625 0.4027777777777778 0.7088541666666667 0.4027777777777778 0.7088541666666667 0.4166666666666667 0.690625 0.4166666666666667