1 0.13854166666666667 0.30648148148148147 0.26666666666666666 0.30648148148148147 0.26666666666666666 0.4861111111111111 0.13854166666666667 0.4861111111111111
0 0.28541666666666665 0.22314814814814815 0.40677083333333336 0.22314814814814815 0.40677083333333336 0.42592592592592593 0.28541666666666665 0.42592592592592593
1 0.4453125 0.14166666666666666 0.48854166666666665 0.14166666666666666 0.48854166666666665 0.20462962962962963 0.4453125 0.20462962962962963
2 0.2947916666666667 0.46111111111111114 0.3416666666666667 0.46111111111111114 0.3416666666666667 0.5962962962962963 0.2947916666666667 0.5962962962962963
2 0.7703125 0.5518518518518518 0.8307291666666666 0.5518518518518518 0.8307291666666666 0.7240740740740741 0.7703125 0.7240740740740741
1 0.6229166666666667 0.2537037037037037 0.6932291666666667 0.2537037037037037 0.6932291666666667 0.3592592592592593 0.6229166666666667 0.3592592592592593
2 0.2552083333333333 0.6694444444444444 0.3151041666666667 0.6694444444444444 0.3151041666666667 0.9 0.2552083333333333 0.9
2 0.8484375 0.48055555555555557 0.8958333333333334 0.48055555555555557 0.8958333333333334 0.6157407407407407 0.8484375 0.6157407407407407
2 0.74375 0.3675925925925926 0.7807291666666667 0.3675925925925926 0.7807291666666667 0.48703703703703705 0.74375 0.48703703703703705
2 0.6661458333333333 0.3731481481481482 0.703125 0.3731481481481482 0.703125 0.48333333333333334 0.6661458333333333 0.48333333333333334
2 0.4010416666666667 0.43148148148148147 0.446875 0.43148148148148147 0.446875 0.5694444444444444 0.4010416666666667 0.5694444444444444
2 0.5713541666666667 0.27314814814814814 0.5989583333333334 0.27314814814814814 0.5989583333333334 0.3685185185185185 0.5713541666666667 0.3685185185185185
2 0.5473958333333333 0.11296296296296296 0.5625 0.11296296296296296 0.5625 0.15185185185185185 0.5473958333333333 0.15185185185185185
2 0.0109375 0.5407407407407407 0.08958333333333333 0.5407407407407407 0.08958333333333333 0.7138888888888889 0.0109375 0.7138888888888889
2 0.43802083333333336 0.2814814814814815 0.4739583333333333 0.2814814814814815 0.4739583333333333 0.38055555555555554 0.43802083333333336 0.38055555555555554
2 0.5973958333333333 0.16944444444444445 0.6182291666666667 0.16944444444444445 0.6182291666666667 0.23333333333333334 0.5973958333333333 0.23333333333333334
2 0.6901041666666666 0.7407407407407407 0.7671875 0.7407407407407407 0.7671875 0.9685185185185186 0.6901041666666666 0.9685185185185186
1 0.5276041666666667 0.08333333333333333 0.5520833333333334 0.08333333333333333 0.5520833333333334 0.1175925925925926 0.5276041666666667 0.1175925925925926