1 0.14895833333333333 0.325 0.27239583333333334 0.325 0.27239583333333334 0.5009259259259259 0.14895833333333333 0.5009259259259259
2 0.08177083333333333 0.775 0.159375 0.775 0.159375 0.9972222222222222 0.08177083333333333 0.9972222222222222
2 0.2515625 0.7574074074074074 0.32135416666666666 0.7574074074074074 0.32135416666666666 0.9962962962962963 0.2515625 0.9962962962962963
1 0.3234375 0.17777777777777778 0.390625 0.17777777777777778 0.390625 0.23981481481481481 0.3234375 0.23981481481481481
2 0.05677083333333333 0.549074074074074 0.13854166666666667 0.549074074074074 0.13854166666666667 0.7296296296296296 0.05677083333333333 0.7296296296296296
1 0.4354166666666667 0.21388888888888888 0.48385416666666664 0.21388888888888888 0.48385416666666664 0.29074074074074074 0.4354166666666667 0.29074074074074074
2 0.2078125 0.5601851851851852 0.2630208333333333 0.5601851851851852 0.2630208333333333 0.7342592592592593 0.2078125 0.7342592592592593
2 0.6822916666666666 0.3712962962962963 0.7203125 0.3712962962962963 0.7203125 0.47314814814814815 0.6822916666666666 0.47314814814814815
2 0.7447916666666666 0.40925925925925927 0.7880208333333333 0.40925925925925927 0.7880208333333333 0.5370370370370371 0.7447916666666666 0.5370370370370371
2 0.36302083333333335 0.2972222222222222 0.3890625 0.2972222222222222 0.3890625 0.37777777777777777 0.36302083333333335 0.37777777777777777
2 0.4744791666666667 0.13333333333333333 0.4875 0.13333333333333333 0.4875 0.1685185185185185 0.4744791666666667 0.1685185185185185
2 0.26666666666666666 0.4305555555555556 0.31354166666666666 0.4305555555555556 0.31354166666666666 0.562962962962963 0.26666666666666666 0.562962962962963
2 0.334375 0.5203703703703704 0.3958333333333333 0.5203703703703704 0.3958333333333333 0.6944444444444444 0.334375 0.6944444444444444
2 0.378125 0.25092592592592594 0.3984375 0.25092592592592594 0.3984375 0.30833333333333335 0.378125 0.30833333333333335
2 0.6755208333333333 0.25925925925925924 0.7083333333333334 0.25925925925925924 0.7083333333333334 0.3435185185185185 0.6755208333333333 0.3435185185185185
2 0.4109375 0.2361111111111111 0.43125 0.2361111111111111 0.43125 0.3037037037037037 0.4109375 0.3037037037037037
2 0.4078125 0.3537037037037037 0.44375 0.3537037037037037 0.44375 0.4685185185185185 0.4078125 0.4685185185185185
2 0.96875 0.6814814814814815 1 0.6814814814814815 1 0.85 0.96875 0.85
2 0.3109375 0.34814814814814815 0.34479166666666666 0.34814814814814815 0.34479166666666666 0.44722222222222224 0.3109375 0.44722222222222224
2 0.6098958333333333 0.13703703703703704 0.6255208333333333 0.13703703703703704 0.6255208333333333 0.17777777777777778 0.6098958333333333 0.17777777777777778
2 0.4166666666666667 0.1425925925925926 0.43125 0.1425925925925926 0.43125 0.1787037037037037 0.4166666666666667 0.1787037037037037
2 0.45677083333333335 0.16944444444444445 0.4708333333333333 0.16944444444444445 0.4708333333333333 0.20833333333333334 0.45677083333333335 0.20833333333333334
2 0.5765625 0.12685185185185185 0.5932291666666667 0.12685185185185185 0.5932291666666667 0.1638888888888889 0.5765625 0.1638888888888889
2 0.40677083333333336 0.17962962962962964 0.425 0.17962962962962964 0.425 0.225 0.40677083333333336 0.225
2 0.46041666666666664 0.13796296296296295 0.4744791666666667 0.13796296296296295 0.4744791666666667 0.17592592592592593 0.46041666666666664 0.17592592592592593
2 0.4953125 0.15462962962962962 0.5104166666666666 0.15462962962962962 0.5104166666666666 0.21574074074074073 0.4953125 0.21574074074074073
2 0.4317708333333333 0.1787037037037037 0.44427083333333334 0.1787037037037037 0.44427083333333334 0.225 0.4317708333333333 0.225
2 0.4015625 0.2861111111111111 0.42239583333333336 0.2861111111111111 0.42239583333333336 0.36203703703703705 0.4015625 0.36203703703703705
2 0.6307291666666667 0.23148148148148148 0.6458333333333334 0.23148148148148148 0.6458333333333334 0.3138888888888889 0.6307291666666667 0.3138888888888889