1 0.1390625 0.30648148148148147 0.2671875 0.30648148148148147 0.2671875 0.4888888888888889 0.1390625 0.4888888888888889
2 0.0375 0.8546296296296296 0.121875 0.8546296296296296 0.121875 1 0.0375 1
1 0.6317708333333333 0.29074074074074074 0.7182291666666667 0.29074074074074074 0.7182291666666667 0.41759259259259257 0.6317708333333333 0.41759259259259257
2 0.890625 0.562962962962963 0.95625 0.562962962962963 0.95625 0.7324074074074074 0.890625 0.7324074074074074
2 0.5463541666666667 0.12222222222222222 0.5619791666666667 0.12222222222222222 0.5619791666666667 0.16574074074074074 0.5463541666666667 0.16574074074074074
2 0.6994791666666667 0.4703703703703704 0.7479166666666667 0.4703703703703704 0.7479166666666667 0.6055555555555555 0.6994791666666667 0.6055555555555555
2 0.084375 0.6240740740740741 0.15208333333333332 0.6240740740740741 0.15208333333333332 0.8148148148148148 0.084375 0.8148148148148148
2 0.7890625 0.46944444444444444 0.8348958333333333 0.46944444444444444 0.8348958333333333 0.6064814814814815 0.7890625 0.6064814814814815
2 0.315625 0.4935185185185185 0.3640625 0.4935185185185185 0.3640625 0.6481481481481481 0.315625 0.6481481481481481
2 0.3463541666666667 0.3675925925925926 0.38697916666666665 0.3675925925925926 0.38697916666666665 0.4777777777777778 0.3463541666666667 0.4777777777777778
0 0.30520833333333336 0.1787037037037037 0.4161458333333333 0.1787037037037037 0.4161458333333333 0.3861111111111111 0.30520833333333336 0.3861111111111111
2 0.4234375 0.3333333333333333 0.4588541666666667 0.3333333333333333 0.4588541666666667 0.4425925925925926 0.4234375 0.4425925925925926
1 0.5296875 0.09074074074074075 0.5557291666666667 0.09074074074074075 0.5557291666666667 0.12685185185185185 0.5296875 0.12685185185185185
2 0.0046875 0.5398148148148149 0.0890625 0.5398148148148149 0.0890625 0.6953703703703704 0.0046875 0.6953703703703704
2 0.7447916666666666 0.3592592592592593 0.7802083333333333 0.3592592592592593 0.7802083333333333 0.4601851851851852 0.7447916666666666 0.4601851851851852
2 0.4432291666666667 0.2490740740740741 0.4739583333333333 0.2490740740740741 0.4739583333333333 0.3333333333333333 0.4432291666666667 0.3333333333333333
1 0.4552083333333333 0.13240740740740742 0.4947916666666667 0.13240740740740742 0.4947916666666667 0.19074074074074074 0.4552083333333333 0.19074074074074074
1 0.5614583333333333 0.10925925925925926 0.5963541666666666 0.10925925925925926 0.5963541666666666 0.15092592592592594 0.5614583333333333 0.15092592592592594
2 0.934375 0.8425925925925926 1 0.8425925925925926 1 1 0.934375 1
2 0.5859375 0.3398148148148148 0.6223958333333334 0.3398148148148148 0.6223958333333334 0.45185185185185184 0.5859375 0.45185185185185184
2 0.5015625 0.15833333333333333 0.5255208333333333 0.15833333333333333 0.5255208333333333 0.21851851851851853 0.5015625 0.21851851851851853
2 0.43645833333333334 0.11481481481481481 0.4510416666666667 0.11481481481481481 0.4510416666666667 0.15833333333333333 0.43645833333333334 0.15833333333333333
2 0.6098958333333333 0.1935185185185185 0.6322916666666667 0.1935185185185185 0.6322916666666667 0.28055555555555556 0.6098958333333333 0.28055555555555556