1 0.496875 0 0.5963541666666666 0 0.5963541666666666 0.08888888888888889 0.496875 0.08888888888888889
1 0.6453125 0.20092592592592592 0.6817708333333333 0.20092592592592592 0.6817708333333333 0.3037037037037037 0.6453125 0.3037037037037037
1 0.6989583333333333 0.4601851851851852 0.7208333333333333 0.4601851851851852 0.7208333333333333 0.5064814814814815 0.6989583333333333 0.5064814814814815
2 0.3265625 0.10555555555555556 0.44635416666666666 0.10555555555555556 0.44635416666666666 0.21388888888888888 0.3265625 0.21388888888888888
2 0.4609375 0.04722222222222222 0.5359375 0.04722222222222222 0.5359375 0.12314814814814815 0.4609375 0.12314814814814815
2 0.4828125 0.19166666666666668 0.5505208333333333 0.19166666666666668 0.5505208333333333 0.2388888888888889 0.4828125 0.2388888888888889
2 0.5458333333333333 0.18611111111111112 0.5963541666666666 0.18611111111111112 0.5963541666666666 0.23333333333333334 0.5458333333333333 0.23333333333333334
2 0.48125 0.29074074074074074 0.56875 0.29074074074074074 0.56875 0.3490740740740741 0.48125 0.3490740740740741
2 0.6229166666666667 0.3101851851851852 0.6515625 0.3101851851851852 0.6515625 0.3333333333333333 0.6229166666666667 0.3333333333333333
2 0.5838541666666667 0.3175925925925926 0.6333333333333333 0.3175925925925926 0.6333333333333333 0.35 0.5838541666666667 0.35
2 0.6125 0.36574074074074076 0.653125 0.36574074074074076 0.653125 0.387037037037037 0.6125 0.387037037037037
2 0.6260416666666667 0.41203703703703703 0.6598958333333333 0.41203703703703703 0.6598958333333333 0.4305555555555556 0.6260416666666667 0.4305555555555556
2 0.6041666666666666 0.4212962962962963 0.6494791666666667 0.4212962962962963 0.6494791666666667 0.4537037037037037 0.6041666666666666 0.4537037037037037
2 0.6416666666666667 0.33796296296296297 0.6697916666666667 0.33796296296296297 0.6697916666666667 0.36018518518518516 0.6416666666666667 0.36018518518518516
2 0.6557291666666667 0.32314814814814813 0.6822916666666666 0.32314814814814813 0.6822916666666666 0.3453703703703704 0.6557291666666667 0.3453703703703704
2 0.6729166666666667 0.3814814814814815 0.6947916666666667 0.3814814814814815 0.6947916666666667 0.3962962962962963 0.6729166666666667 0.3962962962962963
2 0.6630208333333333 0.39166666666666666 0.6885416666666667 0.39166666666666666 0.6885416666666667 0.4083333333333333 0.6630208333333333 0.4083333333333333
2 0.6515625 0.4009259259259259 0.6807291666666667 0.4009259259259259 0.6807291666666667 0.42314814814814816 0.6515625 0.42314814814814816
2 0.6708333333333333 0.41203703703703703 0.6947916666666667 0.41203703703703703 0.6947916666666667 0.42407407407407405 0.6708333333333333 0.42407407407407405
2 0.6536458333333334 0.4675925925925926 0.6822916666666666 0.4675925925925926 0.6822916666666666 0.4824074074074074 0.6536458333333334 0.4824074074074074
2 0.6755208333333333 0.42685185185185187 0.7 0.42685185185185187 0.7 0.4462962962962963 0.6755208333333333 0.4462962962962963
2 0.6833333333333333 0.4583333333333333 0.7010416666666667 0.4583333333333333 0.7010416666666667 0.4722222222222222 0.6833333333333333 0.4722222222222222
2 0.6895833333333333 0.44166666666666665 0.709375 0.44166666666666665 0.709375 0.4546296296296296 0.6895833333333333 0.4546296296296296
2 0.6911458333333333 0.40370370370370373 0.7067708333333333 0.40370370370370373 0.7067708333333333 0.4148148148148148 0.6911458333333333 0.4148148148148148
2 0.6588541666666666 0.6370370370370371 0.6916666666666667 0.6370370370370371 0.6916666666666667 0.6731481481481482 0.6588541666666666 0.6731481481481482
2 0.659375 0.6842592592592592 0.6859375 0.6842592592592592 0.6859375 0.7064814814814815 0.659375 0.7064814814814815
2 0.6755208333333333 0.6981481481481482 0.6994791666666667 0.6981481481481482 0.6994791666666667 0.7194444444444444 0.6755208333333333 0.7194444444444444
2 0.6411458333333333 0.762962962962963 0.6697916666666667 0.762962962962963 0.6697916666666667 0.7898148148148149 0.6411458333333333 0.7898148148148149
2 0.6052083333333333 0.7398148148148148 0.6520833333333333 0.7398148148148148 0.6520833333333333 0.774074074074074 0.6052083333333333 0.774074074074074
1 0.6848958333333334 0.7555555555555555 0.7109375 0.7555555555555555 0.7109375 0.8546296296296296 0.6848958333333334 0.8546296296296296