1 0.34375 0.6351851851851852 0.4765625 0.6351851851851852 0.4765625 0.8907407407407407 0.34375 0.8907407407407407
1 0.48020833333333335 0 0.5822916666666667 0 0.5822916666666667 0.06481481481481481 0.48020833333333335 0.06481481481481481
1 0.5046875 0.2638888888888889 0.5755208333333334 0.2638888888888889 0.5755208333333334 0.39166666666666666 0.5046875 0.39166666666666666
1 0.6125 0.5601851851851852 0.6510416666666666 0.5601851851851852 0.6510416666666666 0.6351851851851852 0.6125 0.6351851851851852
1 0.6265625 0.1685185185185185 0.6619791666666667 0.1685185185185185 0.6619791666666667 0.26851851851851855 0.6265625 0.26851851851851855
1 0.665625 0.4101851851851852 0.69375 0.4101851851851852 0.69375 0.4675925925925926 0.665625 0.4675925925925926
2 0.4166666666666667 0 0.5 0 0.5 0.041666666666666664 0.4166666666666667 0.041666666666666664
1 0.6640625 0.7546296296296297 0.6875 0.7546296296296297 0.6875 0.8314814814814815 0.6640625 0.8314814814814815
2 0.4791666666666667 0.13148148148148148 0.5520833333333334 0.13148148148148148 0.5520833333333334 0.1935185185185185 0.4791666666666667 0.1935185185185185
2 0.4510416666666667 0.3675925925925926 0.5338541666666666 0.3675925925925926 0.5338541666666666 0.41944444444444445 0.4510416666666667 0.41944444444444445
2 0.5619791666666667 0.2037037037037037 0.6036458333333333 0.2037037037037037 0.6036458333333333 0.2351851851851852 0.5619791666666667 0.2351851851851852
2 0.55625 0.27037037037037037 0.5984375 0.27037037037037037 0.5984375 0.30462962962962964 0.55625 0.30462962962962964
2 0.5942708333333333 0.2462962962962963 0.63125 0.2462962962962963 0.63125 0.2712962962962963 0.5942708333333333 0.2712962962962963
2 0.5817708333333333 0.275 0.6234375 0.275 0.6234375 0.31851851851851853 0.5817708333333333 0.31851851851851853
2 0.5885416666666666 0.38425925925925924 0.6369791666666667 0.38425925925925924 0.6369791666666667 0.41203703703703703 0.5885416666666666 0.41203703703703703
2 0.6171875 0.412962962962963 0.6536458333333334 0.412962962962963 0.6536458333333334 0.44074074074074077 0.6171875 0.44074074074074077
2 0.6213541666666667 0.3333333333333333 0.6510416666666666 0.3333333333333333 0.6510416666666666 0.3592592592592593 0.6213541666666667 0.3592592592592593
2 0.6 0.3574074074074074 0.6442708333333333 0.3574074074074074 0.6442708333333333 0.3861111111111111 0.6 0.3861111111111111
2 0.628125 0.26296296296296295 0.6557291666666667 0.26296296296296295 0.6557291666666667 0.28055555555555556 0.628125 0.28055555555555556
2 0.6177083333333333 0.275 0.6583333333333333 0.275 0.6583333333333333 0.30462962962962964 0.6177083333333333 0.30462962962962964
2 0.6145833333333334 0.29444444444444445 0.6447916666666667 0.29444444444444445 0.6447916666666667 0.3277777777777778 0.6145833333333334 0.3277777777777778
2 0.6447916666666667 0.3333333333333333 0.6651041666666667 0.3333333333333333 0.6651041666666667 0.35648148148148145 0.6447916666666667 0.35648148148148145
2 0.6416666666666667 0.3675925925925926 0.6661458333333333 0.3675925925925926 0.6661458333333333 0.3925925925925926 0.6416666666666667 0.3925925925925926
2 0.6369791666666667 0.4583333333333333 0.671875 0.4583333333333333 0.671875 0.48148148148148145 0.6369791666666667 0.48148148148148145
2 0.6640625 0.3388888888888889 0.6885416666666667 0.3388888888888889 0.6885416666666667 0.35648148148148145 0.6640625 0.35648148148148145
2 0.6546875 0.35648148148148145 0.6833333333333333 0.35648148148148145 0.6833333333333333 0.3712962962962963 0.6546875 0.3712962962962963
2 0.6713541666666667 0.36666666666666664 0.690625 0.36666666666666664 0.690625 0.38796296296296295 0.6713541666666667 0.38796296296296295
2 0.6338541666666667 0.4824074074074074 0.6645833333333333 0.4824074074074074 0.6645833333333333 0.5222222222222223 0.6338541666666667 0.5222222222222223
1 0.6776041666666667 0.5203703703703704 0.703125 0.5203703703703704 0.703125 0.562037037037037 0.6776041666666667 0.562037037037037
2 0.55 0.6953703703703704 0.6005208333333333 0.6953703703703704 0.6005208333333333 0.7481481481481481 0.55 0.7481481481481481
2 0.5791666666666667 0.7453703703703703 0.6260416666666667 0.7453703703703703 0.6260416666666667 0.7842592592592592 0.5791666666666667 0.7842592592592592
2 0.609375 0.7148148148148148 0.646875 0.7148148148148148 0.646875 0.75 0.609375 0.75
2 0.6359375 0.6444444444444445 0.6682291666666667 0.6444444444444445 0.6682291666666667 0.6722222222222223 0.6359375 0.6722222222222223
2 0.6395833333333333 0.6675925925925926 0.6713541666666667 0.6675925925925926 0.6713541666666667 0.6925925925925925 0.6395833333333333 0.6925925925925925
2 0.6604166666666667 0.6416666666666667 0.6776041666666667 0.6416666666666667 0.6776041666666667 0.6620370370370371 0.6604166666666667 0.6620370370370371
2 0.6760416666666667 0.6351851851851852 0.6973958333333333 0.6351851851851852 0.6973958333333333 0.6583333333333333 0.6760416666666667 0.6583333333333333
2 0.6739583333333333 0.6148148148148148 0.6979166666666666 0.6148148148148148 0.6979166666666666 0.6305555555555555 0.6739583333333333 0.6305555555555555
2 0.6671875 0.5953703703703703 0.6927083333333334 0.5953703703703703 0.6927083333333334 0.612037037037037 0.6671875 0.612037037037037
2 0.6744791666666666 0.5814814814814815 0.6953125 0.5814814814814815 0.6953125 0.5972222222222222 0.6744791666666666 0.5972222222222222