1 0.14375 0.3148148148148148 0.2703125 0.3148148148148148 0.2703125 0.4898148148148148 0.14375 0.4898148148148148
1 0.3229166666666667 0.17407407407407408 0.3932291666666667 0.17407407407407408 0.3932291666666667 0.23796296296296296 0.3229166666666667 0.23796296296296296
2 0.0005208333333333333 0.8037037037037037 0.09010416666666667 0.8037037037037037 0.09010416666666667 0.9953703703703703 0.0005208333333333333 0.9953703703703703
2 0.7046875 0.6444444444444445 0.7692708333333333 0.6444444444444445 0.7692708333333333 0.8435185185185186 0.7046875 0.8435185185185186
2 0.853125 0.775 0.9213541666666667 0.775 0.9213541666666667 0.9953703703703703 0.853125 0.9953703703703703
2 0.17395833333333333 0.5805555555555556 0.23385416666666667 0.5805555555555556 0.23385416666666667 0.7638888888888888 0.17395833333333333 0.7638888888888888
2 0.54375 0.175 0.5802083333333333 0.175 0.5802083333333333 0.22777777777777777 0.54375 0.22777777777777777
2 0.6760416666666667 0.3814814814814815 0.7078125 0.3814814814814815 0.7078125 0.49907407407407406 0.6760416666666667 0.49907407407407406
2 0.396875 0.26851851851851855 0.428125 0.26851851851851855 0.428125 0.3537037037037037 0.396875 0.3537037037037037
2 0.6119791666666666 0.3851851851851852 0.6458333333333334 0.3851851851851852 0.6458333333333334 0.5074074074074074 0.6119791666666666 0.5074074074074074
2 0.2828125 0.4842592592592593 0.3307291666666667 0.4842592592592593 0.3307291666666667 0.6361111111111111 0.2828125 0.6361111111111111
2 0.3421875 0.362962962962963 0.378125 0.362962962962963 0.378125 0.46944444444444444 0.3421875 0.46944444444444444
2 0.565625 0.2537037037037037 0.5932291666666667 0.2537037037037037 0.5932291666666667 0.33240740740740743 0.565625 0.33240740740740743
2 0.5953125 0.2490740740740741 0.6182291666666667 0.2490740740740741 0.6182291666666667 0.3138888888888889 0.5953125 0.3138888888888889
2 0.42916666666666664 0.22962962962962963 0.45416666666666666 0.22962962962962963 0.45416666666666666 0.3055555555555556 0.42916666666666664 0.3055555555555556
2 0.2640625 0.6212962962962963 0.31614583333333335 0.6212962962962963 0.31614583333333335 0.8148148148148148 0.2640625 0.8148148148148148
2 0.40208333333333335 0.20462962962962963 0.425 0.20462962962962963 0.425 0.2601851851851852 0.40208333333333335 0.2601851851851852