1 0.5046875 0 0.6026041666666667 0 0.6026041666666667 0.09166666666666666 0.5046875 0.09166666666666666
1 0.5614583333333333 0.33796296296296297 0.621875 0.33796296296296297 0.621875 0.4546296296296296 0.5614583333333333 0.4546296296296296
1 0.6463541666666667 0.18425925925925926 0.6817708333333333 0.18425925925925926 0.6817708333333333 0.30462962962962964 0.6463541666666667 0.30462962962962964
2 0.221875 0.06944444444444445 0.3697916666666667 0.06944444444444445 0.3697916666666667 0.19907407407407407 0.221875 0.19907407407407407
2 0.5447916666666667 0.1824074074074074 0.5885416666666666 0.1824074074074074 0.5885416666666666 0.2361111111111111 0.5447916666666667 0.2361111111111111
2 0.6494791666666667 0.6962962962962963 0.6828125 0.6962962962962963 0.6828125 0.7333333333333333 0.6494791666666667 0.7333333333333333
2 0.5015625 0.975925925925926 0.5651041666666666 0.975925925925926 0.5651041666666666 1 0.5015625 1
2 0.5197916666666667 0.2712962962962963 0.578125 0.2712962962962963 0.578125 0.3351851851851852 0.5197916666666667 0.3351851851851852
2 0.43072916666666666 0.17777777777777778 0.515625 0.17777777777777778 0.515625 0.26666666666666666 0.43072916666666666 0.26666666666666666
2 0.4739583333333333 0.003703703703703704 0.5411458333333333 0.003703703703703704 0.5411458333333333 0.08796296296296297 0.4739583333333333 0.08796296296296297
2 0.6484375 0.4962962962962963 0.6833333333333333 0.4962962962962963 0.6833333333333333 0.5342592592592592 0.6484375 0.5342592592592592
2 0.6171875 0.7925925925925926 0.6557291666666667 0.7925925925925926 0.6557291666666667 0.8324074074074074 0.6171875 0.8324074074074074
2 0.5151041666666667 0.15555555555555556 0.5546875 0.15555555555555556 0.5546875 0.21296296296296297 0.5151041666666667 0.21296296296296297
2 0.6265625 0.3888888888888889 0.6583333333333333 0.3888888888888889 0.6583333333333333 0.42407407407407405 0.6265625 0.42407407407407405
2 0.6552083333333333 0.41759259259259257 0.6838541666666667 0.41759259259259257 0.6838541666666667 0.45 0.6552083333333333 0.45
2 0.60625 0.30648148148148147 0.6432291666666666 0.30648148148148147 0.6432291666666666 0.34814814814814815 0.60625 0.34814814814814815
2 0.621875 0.7268518518518519 0.6598958333333333 0.7268518518518519 0.6598958333333333 0.7712962962962963 0.621875 0.7712962962962963
2 0.6677083333333333 0.4583333333333333 0.6947916666666667 0.4583333333333333 0.6947916666666667 0.48518518518518516 0.6677083333333333 0.48518518518518516
2 0.6505208333333333 0.3712962962962963 0.6760416666666667 0.3712962962962963 0.6760416666666667 0.4009259259259259 0.6505208333333333 0.4009259259259259
2 0.7046875 0.40555555555555556 0.7229166666666667 0.40555555555555556 0.7229166666666667 0.42685185185185187 0.7046875 0.42685185185185187