1 0.36302083333333335 0.41203703703703703 0.4666666666666667 0.41203703703703703 0.4666666666666667 0.6111111111111112 0.36302083333333335 0.6111111111111112
1 0.14114583333333333 0.32407407407407407 0.26927083333333335 0.32407407407407407 0.26927083333333335 0.5018518518518519 0.14114583333333333 0.5018518518518519
1 0.3307291666666667 0.18055555555555555 0.3890625 0.18055555555555555 0.3890625 0.24351851851851852 0.3307291666666667 0.24351851851851852
1 0.5479166666666667 0.12777777777777777 0.58125 0.12777777777777777 0.58125 0.17685185185185184 0.5479166666666667 0.17685185185185184
2 0.19947916666666668 0.7185185185185186 0.2578125 0.7185185185185186 0.2578125 0.9648148148148148 0.19947916666666668 0.9648148148148148
2 0.19010416666666666 0.5305555555555556 0.24114583333333334 0.5305555555555556 0.24114583333333334 0.7148148148148148 0.19010416666666666 0.7148148148148148
2 0.2942708333333333 0.33611111111111114 0.3307291666666667 0.33611111111111114 0.3307291666666667 0.475 0.2942708333333333 0.475
2 0.35520833333333335 0.34074074074074073 0.38125 0.34074074074074073 0.38125 0.46574074074074073 0.35520833333333335 0.46574074074074073
2 0.7354166666666667 0.4287037037037037 0.7682291666666666 0.4287037037037037 0.7682291666666666 0.5824074074074074 0.7354166666666667 0.5824074074074074
2 0.6953125 0.29907407407407405 0.7135416666666666 0.29907407407407405 0.7135416666666666 0.37592592592592594 0.6953125 0.37592592592592594
2 0.6552083333333333 0.225 0.6703125 0.225 0.6703125 0.2916666666666667 0.6552083333333333 0.2916666666666667
2 0.5385416666666667 0.18055555555555555 0.5848958333333333 0.18055555555555555 0.5848958333333333 0.23148148148148148 0.5385416666666667 0.23148148148148148
2 0.5947916666666667 0.13425925925925927 0.6078125 0.13425925925925927 0.6078125 0.18611111111111112 0.5947916666666667 0.18611111111111112
2 0.4296875 0.2564814814814815 0.45260416666666664 0.2564814814814815 0.45260416666666664 0.34074074074074073 0.4296875 0.34074074074074073
2 0.43645833333333334 0.21296296296296297 0.4552083333333333 0.21296296296296297 0.4552083333333333 0.26944444444444443 0.43645833333333334 0.26944444444444443
2 0.4041666666666667 0.21666666666666667 0.4192708333333333 0.21666666666666667 0.4192708333333333 0.29444444444444445 0.4041666666666667 0.29444444444444445
2 0.3984375 0.18518518518518517 0.41302083333333334 0.18518518518518517 0.41302083333333334 0.24444444444444444 0.3984375 0.24444444444444444
2 0.35885416666666664 0.23796296296296296 0.38333333333333336 0.23796296296296296 0.38333333333333336 0.30925925925925923 0.35885416666666664 0.30925925925925923
2 0.4046875 0.13240740740740742 0.4166666666666667 0.13240740740740742 0.4166666666666667 0.17777777777777778 0.4046875 0.17777777777777778
2 0.4234375 0.15648148148148147 0.43697916666666664 0.15648148148148147 0.43697916666666664 0.21296296296296297 0.4234375 0.21296296296296297
2 0.43802083333333336 0.13518518518518519 0.4479166666666667 0.13518518518518519 0.4479166666666667 0.17407407407407408 0.43802083333333336 0.17407407407407408
2 0.4552083333333333 0.1537037037037037 0.46458333333333335 0.1537037037037037 0.46458333333333335 0.2222222222222222 0.4552083333333333 0.2222222222222222
2 0.46875 0.14444444444444443 0.4817708333333333 0.14444444444444443 0.4817708333333333 0.18796296296296297 0.46875 0.18796296296296297
2 0.49322916666666666 0.14814814814814814 0.5026041666666666 0.14814814814814814 0.5026041666666666 0.18518518518518517 0.49322916666666666 0.18518518518518517
2 0.490625 0.11481481481481481 0.4979166666666667 0.11481481481481481 0.4979166666666667 0.15 0.490625 0.15
2 0.45729166666666665 0.12314814814814815 0.4671875 0.12314814814814815 0.4671875 0.16203703703703703 0.45729166666666665 0.16203703703703703
2 0.44427083333333334 0.12037037037037036 0.4546875 0.12037037037037036 0.4546875 0.1527777777777778 0.44427083333333334 0.1527777777777778
2 0.4322916666666667 0.1287037037037037 0.4375 0.1287037037037037 0.4375 0.1574074074074074 0.4322916666666667 0.1574074074074074
2 0.46510416666666665 0.1175925925925926 0.4713541666666667 0.1175925925925926 0.4713541666666667 0.14351851851851852 0.46510416666666665 0.14351851851851852