1 0.14427083333333332 0.32037037037037036 0.2708333333333333 0.32037037037037036 0.2708333333333333 0.49722222222222223 0.14427083333333332 0.49722222222222223
1 0.3229166666666667 0.17407407407407408 0.3932291666666667 0.17407407407407408 0.3932291666666667 0.23796296296296296 0.3229166666666667 0.23796296296296296
2 0.035416666666666666 0.7675925925925926 0.11302083333333333 0.7675925925925926 0.11302083333333333 0.9972222222222222 0.035416666666666666 0.9972222222222222
2 0.1921875 0.5546296296296296 0.2484375 0.5546296296296296 0.2484375 0.725925925925926 0.1921875 0.725925925925926
2 0.615625 0.41388888888888886 0.653125 0.41388888888888886 0.653125 0.5407407407407407 0.615625 0.5407407407407407
2 0.6838541666666667 0.3990740740740741 0.7171875 0.3990740740740741 0.7171875 0.5175925925925926 0.6838541666666667 0.5175925925925926
2 0.7208333333333333 0.6990740740740741 0.790625 0.6990740740740741 0.790625 0.9175925925925926 0.7208333333333333 0.9175925925925926
2 0.4005208333333333 0.2638888888888889 0.4317708333333333 0.2638888888888889 0.4317708333333333 0.34444444444444444 0.4005208333333333 0.34444444444444444
2 0.5385416666666667 0.1824074074074074 0.5729166666666666 0.1824074074074074 0.5729166666666666 0.23055555555555557 0.5385416666666667 0.23055555555555557
2 0.8770833333333333 0.8277777777777777 0.9484375 0.8277777777777777 0.9484375 0.9953703703703703 0.8770833333333333 0.9953703703703703
2 0.35104166666666664 0.3537037037037037 0.390625 0.3537037037037037 0.390625 0.45 0.35104166666666664 0.45
2 0.603125 0.24537037037037038 0.6265625 0.24537037037037038 0.6265625 0.31666666666666665 0.603125 0.31666666666666665
2 0.2916666666666667 0.4685185185185185 0.3375 0.4685185185185185 0.3375 0.600925925925926 0.2916666666666667 0.600925925925926
2 0.56875 0.2601851851851852 0.5963541666666666 0.2601851851851852 0.5963541666666666 0.34074074074074073 0.56875 0.34074074074074073
2 0.27708333333333335 0.5879629629629629 0.32916666666666666 0.5879629629629629 0.32916666666666666 0.7851851851851852 0.27708333333333335 0.7851851851851852
2 0.5869791666666667 0.2074074074074074 0.6234375 0.2074074074074074 0.6234375 0.25462962962962965 0.5869791666666667 0.25462962962962965
2 0.42864583333333334 0.22037037037037038 0.45364583333333336 0.22037037037037038 0.45364583333333336 0.29444444444444445 0.42864583333333334 0.29444444444444445
2 0.403125 0.20185185185185187 0.42552083333333335 0.20185185185185187 0.42552083333333335 0.2564814814814815 0.403125 0.2564814814814815
2 0.5703125 0.14074074074074075 0.5911458333333334 0.14074074074074075 0.5911458333333334 0.18703703703703703 0.5703125 0.18703703703703703