1 0.5869791666666667 0.5879629629629629 0.7505208333333333 0.5879629629629629 0.7505208333333333 0.8796296296296297 0.5869791666666667 0.8796296296296297
1 0.12083333333333333 0.3592592592592593 0.24895833333333334 0.3592592592592593 0.24895833333333334 0.5407407407407407 0.12083333333333333 0.5407407407407407
1 0.5354166666666667 0.24166666666666667 0.5791666666666667 0.24166666666666667 0.5791666666666667 0.3101851851851852 0.5354166666666667 0.3101851851851852
1 0.37604166666666666 0.34444444444444444 0.440625 0.34444444444444444 0.440625 0.45555555555555555 0.37604166666666666 0.45555555555555555
1 0.31302083333333336 0.21388888888888888 0.3671875 0.21388888888888888 0.3671875 0.2777777777777778 0.31302083333333336 0.2777777777777778
1 0.4510416666666667 0.15555555555555556 0.4817708333333333 0.15555555555555556 0.4817708333333333 0.2 0.4510416666666667 0.2
2 0.21041666666666667 0.4861111111111111 0.2640625 0.4861111111111111 0.2640625 0.600925925925926 0.21041666666666667 0.600925925925926
2 0.20260416666666667 0.4398148148148148 0.24375 0.4398148148148148 0.24375 0.562962962962963 0.20260416666666667 0.562962962962963
2 0.3072916666666667 0.3888888888888889 0.340625 0.3888888888888889 0.340625 0.5092592592592593 0.3072916666666667 0.5092592592592593
2 0.43125 0.41388888888888886 0.46197916666666666 0.41388888888888886 0.46197916666666666 0.5537037037037037 0.43125 0.5537037037037037
2 0.34322916666666664 0.30092592592592593 0.36354166666666665 0.30092592592592593 0.36354166666666665 0.3712962962962963 0.34322916666666664 0.3712962962962963
2 0.3796875 0.31574074074074077 0.40677083333333336 0.31574074074074077 0.40677083333333336 0.36666666666666664 0.3796875 0.36666666666666664
2 0.36041666666666666 0.2657407407407407 0.3770833333333333 0.2657407407407407 0.3770833333333333 0.31851851851851853 0.36041666666666666 0.31851851851851853
2 0.36875 0.22314814814814815 0.378125 0.22314814814814815 0.378125 0.2712962962962963 0.36875 0.2712962962962963
2 0.3776041666666667 0.22037037037037038 0.3880208333333333 0.22037037037037038 0.3880208333333333 0.2833333333333333 0.3776041666666667 0.2833333333333333
2 0.38645833333333335 0.2361111111111111 0.4046875 0.2361111111111111 0.4046875 0.2953703703703704 0.38645833333333335 0.2953703703703704
2 0.40572916666666664 0.22592592592592592 0.42135416666666664 0.22592592592592592 0.42135416666666664 0.28055555555555556 0.40572916666666664 0.28055555555555556
2 0.42604166666666665 0.23796296296296296 0.4390625 0.23796296296296296 0.4390625 0.29907407407407405 0.42604166666666665 0.29907407407407405
2 0.4390625 0.25277777777777777 0.45208333333333334 0.25277777777777777 0.45208333333333334 0.3287037037037037 0.4390625 0.3287037037037037
2 0.45 0.23055555555555557 0.4671875 0.23055555555555557 0.4671875 0.27685185185185185 0.45 0.27685185185185185
2 0.41041666666666665 0.16666666666666666 0.42083333333333334 0.16666666666666666 0.42083333333333334 0.20277777777777778 0.41041666666666665 0.20277777777777778
2 0.4046875 0.20185185185185187 0.4171875 0.20185185185185187 0.4171875 0.2351851851851852 0.4046875 0.2351851851851852
2 0.42916666666666664 0.19444444444444445 0.44375 0.19444444444444445 0.44375 0.2351851851851852 0.42916666666666664 0.2351851851851852
2 0.421875 0.17685185185185184 0.42864583333333334 0.17685185185185184 0.42864583333333334 0.21851851851851853 0.421875 0.21851851851851853
2 0.4265625 0.15833333333333333 0.43645833333333334 0.15833333333333333 0.43645833333333334 0.19722222222222222 0.4265625 0.19722222222222222
2 0.4739583333333333 0.20185185185185187 0.48489583333333336 0.20185185185185187 0.48489583333333336 0.2490740740740741 0.4739583333333333 0.2490740740740741
2 0.6239583333333333 0.3509259259259259 0.6432291666666666 0.3509259259259259 0.6432291666666666 0.4425925925925926 0.6239583333333333 0.4425925925925926
2 0.490625 0.20925925925925926 0.5104166666666666 0.20925925925925926 0.5104166666666666 0.2638888888888889 0.490625 0.2638888888888889
2 0.6489583333333333 0.29259259259259257 0.66875 0.29259259259259257 0.66875 0.37592592592592594 0.6489583333333333 0.37592592592592594
2 0.63125 0.26296296296296295 0.6473958333333333 0.26296296296296295 0.6473958333333333 0.3175925925925926 0.63125 0.3175925925925926
2 0.5864583333333333 0.2222222222222222 0.6020833333333333 0.2222222222222222 0.6020833333333333 0.26944444444444443 0.5864583333333333 0.26944444444444443
2 0.5963541666666666 0.20462962962962963 0.6119791666666666 0.20462962962962963 0.6119791666666666 0.2462962962962963 0.5963541666666666 0.2462962962962963
2 0.58125 0.19074074074074074 0.5911458333333334 0.19074074074074074 0.5911458333333334 0.225 0.58125 0.225
1 0.5109375 0.14537037037037037 0.5364583333333334 0.14537037037037037 0.5364583333333334 0.18888888888888888 0.5109375 0.18888888888888888
2 0.5796875 0.15648148148148147 0.5911458333333334 0.15648148148148147 0.5911458333333334 0.1925925925925926 0.5796875 0.1925925925925926
2 0.5369791666666667 0.14814814814814814 0.5463541666666667 0.14814814814814814 0.5463541666666667 0.18333333333333332 0.5369791666666667 0.18333333333333332
2 0.5552083333333333 0.1648148148148148 0.5619791666666667 0.1648148148148148 0.5619791666666667 0.20555555555555555 0.5552083333333333 0.20555555555555555
2 0.5489583333333333 0.16296296296296298 0.5567708333333333 0.16296296296296298 0.5567708333333333 0.19537037037037036 0.5489583333333333 0.19537037037037036