1 0.13854166666666667 0.3074074074074074 0.26979166666666665 0.3074074074074074 0.26979166666666665 0.487962962962963 0.13854166666666667 0.487962962962963
0 0.25364583333333335 0.2111111111111111 0.39895833333333336 0.2111111111111111 0.39895833333333336 0.48518518518518516 0.25364583333333335 0.48518518518518516
2 0.6880208333333333 0.4083333333333333 0.73125 0.4083333333333333 0.73125 0.524074074074074 0.6880208333333333 0.524074074074074
2 0.21510416666666668 0.5787037037037037 0.27760416666666665 0.5787037037037037 0.27760416666666665 0.7935185185185185 0.21510416666666668 0.7935185185185185
2 0.35989583333333336 0.5796296296296296 0.41510416666666666 0.5796296296296296 0.41510416666666666 0.7833333333333333 0.35989583333333336 0.7833333333333333
2 0.640625 0.5212962962962963 0.6916666666666667 0.5212962962962963 0.6916666666666667 0.6657407407407407 0.640625 0.6657407407407407
2 0.8473958333333333 0.7129629629629629 0.9234375 0.7129629629629629 0.9234375 0.9583333333333334 0.8473958333333333 0.9583333333333334
2 0.7994791666666666 0.40555555555555556 0.8416666666666667 0.40555555555555556 0.8416666666666667 0.5324074074074074 0.7994791666666666 0.5324074074074074
1 0.4395833333333333 0.16018518518518518 0.484375 0.16018518518518518 0.484375 0.22685185185185186 0.4395833333333333 0.22685185185185186
2 0.011458333333333333 0.5407407407407407 0.08802083333333334 0.5407407407407407 0.08802083333333334 0.7185185185185186 0.011458333333333333 0.7185185185185186
2 0.6885416666666667 0.24166666666666667 0.715625 0.24166666666666667 0.715625 0.3194444444444444 0.6885416666666667 0.3194444444444444
2 0.7114583333333333 0.30925925925925923 0.7416666666666667 0.30925925925925923 0.7416666666666667 0.4009259259259259 0.7114583333333333 0.4009259259259259
2 0.5609375 0.23425925925925925 0.5864583333333333 0.23425925925925925 0.5864583333333333 0.3148148148148148 0.5609375 0.3148148148148148
2 0.6416666666666667 0.29907407407407405 0.6713541666666667 0.29907407407407405 0.6713541666666667 0.3990740740740741 0.6416666666666667 0.3990740740740741
2 0.42864583333333334 0.3435185185185185 0.4666666666666667 0.3435185185185185 0.4666666666666667 0.4583333333333333 0.42864583333333334 0.4583333333333333
1 0.6078125 0.22592592592592592 0.6703125 0.22592592592592592 0.6703125 0.3138888888888889 0.6078125 0.3138888888888889
2 0.4015625 0.16296296296296298 0.41770833333333335 0.16296296296296298 0.41770833333333335 0.20462962962962963 0.4015625 0.20462962962962963
2 0.6197916666666666 0.7064814814814815 0.6802083333333333 0.7064814814814815 0.6802083333333333 0.9601851851851851 0.6197916666666666 0.9601851851851851
2 0.9046875 0.4722222222222222 0.95625 0.4722222222222222 0.95625 0.6537037037037037 0.9046875 0.6537037037037037
2 0.453125 0.28055555555555556 0.4822916666666667 0.28055555555555556 0.4822916666666667 0.38796296296296295 0.453125 0.38796296296296295
2 0.5932291666666667 0.1398148148148148 0.6125 0.1398148148148148 0.6125 0.21296296296296297 0.5932291666666667 0.21296296296296297