1 0.13697916666666668 0.33611111111111114 0.26145833333333335 0.33611111111111114 0.26145833333333335 0.5185185185185185 0.13697916666666668 0.5185185185185185
1 0.4239583333333333 0.2518518518518518 0.47708333333333336 0.2518518518518518 0.47708333333333336 0.3592592592592593 0.4239583333333333 0.3592592592592593
1 0.5515625 0.175 0.5958333333333333 0.175 0.5958333333333333 0.2518518518518518 0.5515625 0.2518518518518518
1 0.32760416666666664 0.18888888888888888 0.3828125 0.18888888888888888 0.3828125 0.25462962962962965 0.32760416666666664 0.25462962962962965
1 0.5276041666666667 0.125 0.553125 0.125 0.553125 0.16203703703703703 0.5276041666666667 0.16203703703703703
2 0.1734375 0.5305555555555556 0.21927083333333333 0.5305555555555556 0.21927083333333333 0.7055555555555556 0.1734375 0.7055555555555556
2 0.16041666666666668 0.7805555555555556 0.24427083333333333 0.7805555555555556 0.24427083333333333 1 0.16041666666666668 1
2 0.22291666666666668 0.5768518518518518 0.2786458333333333 0.5768518518518518 0.2786458333333333 0.7518518518518519 0.22291666666666668 0.7518518518518519
2 0.3 0.4361111111111111 0.3411458333333333 0.4361111111111111 0.3411458333333333 0.5907407407407408 0.3 0.5907407407407408
2 0.3515625 0.46111111111111114 0.37395833333333334 0.46111111111111114 0.37395833333333334 0.6314814814814815 0.3515625 0.6314814814814815
2 0.3307291666666667 0.3148148148148148 0.3625 0.3148148148148148 0.3625 0.41574074074074074 0.3307291666666667 0.41574074074074074
2 0.3765625 0.31574074074074077 0.40208333333333335 0.31574074074074077 0.40208333333333335 0.40370370370370373 0.3765625 0.40370370370370373
2 0.35520833333333335 0.23703703703703705 0.384375 0.23703703703703705 0.384375 0.3138888888888889 0.35520833333333335 0.3138888888888889
2 0.4114583333333333 0.21296296296296297 0.4244791666666667 0.21296296296296297 0.4244791666666667 0.27870370370370373 0.4114583333333333 0.27870370370370373
2 0.4005208333333333 0.19074074074074074 0.4125 0.19074074074074074 0.4125 0.23796296296296296 0.4005208333333333 0.23796296296296296
2 0.4036458333333333 0.12129629629629629 0.41458333333333336 0.12129629629629629 0.41458333333333336 0.1638888888888889 0.4036458333333333 0.1638888888888889
2 0.415625 0.14907407407407408 0.42552083333333335 0.14907407407407408 0.42552083333333335 0.20092592592592592 0.415625 0.20092592592592592
2 0.42864583333333334 0.17222222222222222 0.4427083333333333 0.17222222222222222 0.4427083333333333 0.22592592592592592 0.42864583333333334 0.22592592592592592
2 0.44479166666666664 0.16203703703703703 0.4546875 0.16203703703703703 0.4546875 0.21203703703703702 0.44479166666666664 0.21203703703703702
2 0.46145833333333336 0.16944444444444445 0.475 0.16944444444444445 0.475 0.2324074074074074 0.46145833333333336 0.2324074074074074
2 0.44166666666666665 0.13333333333333333 0.4505208333333333 0.13333333333333333 0.4505208333333333 0.175 0.44166666666666665 0.175
2 0.4546875 0.1259259259259259 0.46197916666666666 0.1259259259259259 0.46197916666666666 0.16574074074074074 0.4546875 0.16574074074074074
2 0.5109375 0.18333333333333332 0.5380208333333333 0.18333333333333332 0.5380208333333333 0.24722222222222223 0.5109375 0.24722222222222223
2 0.6239583333333333 0.21666666666666667 0.6375 0.21666666666666667 0.6375 0.2777777777777778 0.6239583333333333 0.2777777777777778
2 0.7255208333333333 0.36574074074074076 0.7625 0.36574074074074076 0.7625 0.475 0.7255208333333333 0.475
2 0.8328125 0.5157407407407407 0.8994791666666667 0.5157407407407407 0.8994791666666667 0.6592592592592592 0.8328125 0.6592592592592592
2 0.5614583333333333 0.12777777777777777 0.5734375 0.12777777777777777 0.5734375 0.1685185185185185 0.5614583333333333 0.1685185185185185
2 0.5833333333333334 0.1259259259259259 0.5901041666666667 0.1259259259259259 0.5901041666666667 0.16666666666666666 0.5833333333333334 0.16666666666666666
2 0.46041666666666664 0.12777777777777777 0.47239583333333335 0.12777777777777777 0.47239583333333335 0.16203703703703703 0.46041666666666664 0.16203703703703703
2 0.47552083333333334 0.12037037037037036 0.4859375 0.12037037037037036 0.4859375 0.1527777777777778 0.47552083333333334 0.1527777777777778