1 0.3453125 0.4166666666666667 0.4515625 0.4166666666666667 0.4515625 0.5953703703703703 0.3453125 0.5953703703703703
1 0.146875 0.3175925925925926 0.2708333333333333 0.3175925925925926 0.2708333333333333 0.49074074074074076 0.146875 0.49074074074074076
2 0.059895833333333336 0.6370370370370371 0.13125 0.6370370370370371 0.13125 0.8361111111111111 0.059895833333333336 0.8361111111111111
2 0.6802083333333333 0.37407407407407406 0.7161458333333334 0.37407407407407406 0.7161458333333334 0.4759259259259259 0.6802083333333333 0.4759259259259259
2 0.1765625 0.6453703703703704 0.23072916666666668 0.6453703703703704 0.23072916666666668 0.7388888888888889 0.1765625 0.7388888888888889
2 0.6322916666666667 0.44074074074074077 0.675 0.44074074074074077 0.675 0.5740740740740741 0.6322916666666667 0.5740740740740741
2 0.3567708333333333 0.2796296296296296 0.3859375 0.2796296296296296 0.3859375 0.36574074074074076 0.3567708333333333 0.36574074074074076
2 0.2109375 0.5111111111111111 0.2578125 0.5111111111111111 0.2578125 0.6324074074074074 0.2109375 0.6324074074074074
2 0.6328125 0.29259259259259257 0.6598958333333333 0.29259259259259257 0.6598958333333333 0.3824074074074074 0.6328125 0.3824074074074074
2 0.6786458333333333 0.25833333333333336 0.70625 0.25833333333333336 0.70625 0.33425925925925926 0.6786458333333333 0.33425925925925926
2 0.325 0.35462962962962963 0.35885416666666664 0.35462962962962963 0.35885416666666664 0.4537037037037037 0.325 0.4537037037037037
2 0.39114583333333336 0.3037037037037037 0.42083333333333334 0.3037037037037037 0.42083333333333334 0.3925925925925926 0.39114583333333336 0.3925925925925926
1 0.31979166666666664 0.17592592592592593 0.38333333333333336 0.17592592592592593 0.38333333333333336 0.23981481481481481 0.31979166666666664 0.23981481481481481
2 0.46041666666666664 0.2 0.4791666666666667 0.2 0.4791666666666667 0.26851851851851855 0.46041666666666664 0.26851851851851855
2 0.17447916666666666 0.6962962962962963 0.23333333333333334 0.6962962962962963 0.23333333333333334 0.8472222222222222 0.17447916666666666 0.8472222222222222
2 0.5901041666666667 0.16018518518518518 0.6057291666666667 0.16018518518518518 0.6057291666666667 0.2037037037037037 0.5901041666666667 0.2037037037037037
2 0.4296875 0.18796296296296297 0.4484375 0.18796296296296297 0.4484375 0.23333333333333334 0.4296875 0.23333333333333334
2 0.61875 0.1537037037037037 0.6348958333333333 0.1537037037037037 0.6348958333333333 0.20555555555555555 0.61875 0.20555555555555555
2 0.4401041666666667 0.13055555555555556 0.45416666666666666 0.13055555555555556 0.45416666666666666 0.16944444444444445 0.4401041666666667 0.16944444444444445
2 0.48802083333333335 0.13796296296296295 0.5036458333333333 0.13796296296296295 0.5036458333333333 0.18333333333333332 0.48802083333333335 0.18333333333333332