1 0.5010416666666667 0 0.6015625 0 0.6015625 0.09259259259259259 0.5010416666666667 0.09259259259259259
1 0.6458333333333334 0.20555555555555555 0.6817708333333333 0.20555555555555555 0.6817708333333333 0.30833333333333335 0.6458333333333334 0.30833333333333335
2 0.228125 0.005555555555555556 0.3734375 0.005555555555555556 0.3734375 0.11574074074074074 0.228125 0.11574074074074074
2 0.4239583333333333 0.007407407407407408 0.5140625 0.007407407407407408 0.5140625 0.06944444444444445 0.4239583333333333 0.06944444444444445
2 0.4317708333333333 0.1537037037037037 0.5338541666666666 0.1537037037037037 0.5338541666666666 0.18981481481481483 0.4317708333333333 0.18981481481481483
2 0.5182291666666666 0.14907407407407408 0.5833333333333334 0.14907407407407408 0.5833333333333334 0.1935185185185185 0.5182291666666666 0.1935185185185185
2 0.4552083333333333 0.26944444444444443 0.5348958333333333 0.26944444444444443 0.5348958333333333 0.3138888888888889 0.4552083333333333 0.3138888888888889
2 0.5661458333333333 0.28703703703703703 0.6234375 0.28703703703703703 0.6234375 0.32037037037037036 0.5661458333333333 0.32037037037037036
2 0.6140625 0.29444444444444445 0.6432291666666666 0.29444444444444445 0.6432291666666666 0.32685185185185184 0.6140625 0.32685185185185184
2 0.6026041666666667 0.3490740740740741 0.64375 0.3490740740740741 0.64375 0.3768518518518518 0.6026041666666667 0.3768518518518518
2 0.5927083333333333 0.4046296296296296 0.6375 0.4046296296296296 0.6375 0.43796296296296294 0.5927083333333333 0.43796296296296294
2 0.6354166666666666 0.32314814814814813 0.6640625 0.32314814814814813 0.6640625 0.3490740740740741 0.6354166666666666 0.3490740740740741
2 0.653125 0.3138888888888889 0.6760416666666667 0.3138888888888889 0.6760416666666667 0.3314814814814815 0.653125 0.3314814814814815
2 0.6635416666666667 0.33055555555555555 0.6875 0.33055555555555555 0.6875 0.3490740740740741 0.6635416666666667 0.3490740740740741
2 0.671875 0.3453703703703704 0.6942708333333333 0.3453703703703704 0.6942708333333333 0.36018518518518516 0.671875 0.36018518518518516
2 0.6380208333333334 0.39444444444444443 0.6723958333333333 0.39444444444444443 0.6723958333333333 0.41759259259259257 0.6380208333333334 0.41759259259259257
2 0.6703125 0.40925925925925927 0.690625 0.40925925925925927 0.690625 0.42314814814814816 0.6703125 0.42314814814814816
2 0.6473958333333333 0.4666666666666667 0.6760416666666667 0.4666666666666667 0.6760416666666667 0.4898148148148148 0.6473958333333333 0.4898148148148148
2 0.6770833333333334 0.4638888888888889 0.6973958333333333 0.4638888888888889 0.6973958333333333 0.4842592592592593 0.6770833333333334 0.4842592592592593
2 0.6692708333333334 0.4324074074074074 0.69375 0.4324074074074074 0.69375 0.44722222222222224 0.6692708333333334 0.44722222222222224
2 0.6880208333333333 0.4425925925925926 0.7083333333333334 0.4425925925925926 0.7083333333333334 0.4583333333333333 0.6880208333333333 0.4583333333333333
2 0.6875 0.4046296296296296 0.7067708333333333 0.4046296296296296 0.7067708333333333 0.4222222222222222 0.6875 0.4222222222222222
2 0.6723958333333333 0.3768518518518518 0.69375 0.3768518518518518 0.69375 0.38796296296296295 0.6723958333333333 0.38796296296296295
2 0.6651041666666667 0.65 0.6911458333333333 0.65 0.6911458333333333 0.6787037037037037 0.6651041666666667 0.6787037037037037
2 0.6848958333333334 0.687037037037037 0.7026041666666667 0.687037037037037 0.7026041666666667 0.7092592592592593 0.6848958333333334 0.7092592592592593
2 0.6630208333333333 0.687037037037037 0.6848958333333334 0.687037037037037 0.6848958333333334 0.7185185185185186 0.6630208333333333 0.7185185185185186
2 0.6427083333333333 0.762962962962963 0.6729166666666667 0.762962962962963 0.6729166666666667 0.7814814814814814 0.6427083333333333 0.7814814814814814
2 0.6171875 0.7324074074074074 0.6625 0.7324074074074074 0.6625 0.7537037037037037 0.6171875 0.7537037037037037
1 0.6885416666666667 0.7379629629629629 0.7130208333333333 0.7379629629629629 0.7130208333333333 0.837037037037037 0.6885416666666667 0.837037037037037