1 0.48385416666666664 0.6101851851851852 0.5661458333333333 0.6101851851851852 0.5661458333333333 0.7722222222222223 0.48385416666666664 0.7722222222222223
1 0.484375 0 0.5817708333333333 0 0.5817708333333333 0.06388888888888888 0.484375 0.06388888888888888
1 0.3953125 0.17037037037037037 0.5098958333333333 0.17037037037037037 0.5098958333333333 0.37407407407407406 0.3953125 0.37407407407407406
1 0.6572916666666667 0.4046296296296296 0.6880208333333333 0.4046296296296296 0.6880208333333333 0.4638888888888889 0.6572916666666667 0.4638888888888889
1 0.6291666666666667 0.17592592592592593 0.6651041666666667 0.17592592592592593 0.6651041666666667 0.275 0.6291666666666667 0.275
1 0.6364583333333333 0.5537037037037037 0.66875 0.5537037037037037 0.66875 0.6194444444444445 0.6364583333333333 0.6194444444444445
1 0.6682291666666667 0.7583333333333333 0.6916666666666667 0.7583333333333333 0.6916666666666667 0.837037037037037 0.6682291666666667 0.837037037037037
2 0.47760416666666666 0.16944444444444445 0.540625 0.16944444444444445 0.540625 0.22407407407407406 0.47760416666666666 0.22407407407407406
1 0.6921875 0.5212962962962963 0.7104166666666667 0.5212962962962963 0.7104166666666667 0.562037037037037 0.6921875 0.562037037037037
2 0.2796875 0.2935185185185185 0.41875 0.2935185185185185 0.41875 0.4074074074074074 0.2796875 0.4074074074074074
2 0.3651041666666667 0.003703703703703704 0.46927083333333336 0.003703703703703704 0.46927083333333336 0.07592592592592592 0.3651041666666667 0.07592592592592592
2 0.5083333333333333 0.11018518518518519 0.5713541666666667 0.11018518518518519 0.5713541666666667 0.1648148148148148 0.5083333333333333 0.1648148148148148
2 0.5354166666666667 0.15092592592592594 0.6020833333333333 0.15092592592592594 0.6020833333333333 0.21296296296296297 0.5354166666666667 0.21296296296296297
2 0.5333333333333333 0.2351851851851852 0.5875 0.2351851851851852 0.5875 0.27037037037037037 0.5333333333333333 0.27037037037037037
2 0.5723958333333333 0.2074074074074074 0.6177083333333333 0.2074074074074074 0.6177083333333333 0.25462962962962965 0.5723958333333333 0.25462962962962965
2 0.5583333333333333 0.3592592592592593 0.6072916666666667 0.3592592592592593 0.6072916666666667 0.4027777777777778 0.5583333333333333 0.4027777777777778
2 0.5734375 0.412962962962963 0.6265625 0.412962962962963 0.6265625 0.4601851851851852 0.5734375 0.4601851851851852
2 0.6140625 0.2175925925925926 0.6447916666666667 0.2175925925925926 0.6447916666666667 0.25833333333333336 0.6140625 0.25833333333333336
2 0.5989583333333334 0.24259259259259258 0.640625 0.24259259259259258 0.640625 0.2833333333333333 0.5989583333333334 0.2833333333333333
2 0.575 0.27314814814814814 0.6276041666666666 0.27314814814814814 0.6276041666666666 0.3074074074074074 0.575 0.3074074074074074
2 0.565625 0.30277777777777776 0.6109375 0.30277777777777776 0.6109375 0.35555555555555557 0.565625 0.35555555555555557
2 0.60625 0.32222222222222224 0.634375 0.32222222222222224 0.634375 0.35 0.60625 0.35
2 0.621875 0.31851851851851853 0.6578125 0.31851851851851853 0.6578125 0.3527777777777778 0.621875 0.3527777777777778
2 0.6213541666666667 0.362962962962963 0.6572916666666667 0.362962962962963 0.6572916666666667 0.3972222222222222 0.6213541666666667 0.3972222222222222
2 0.6317708333333333 0.487962962962963 0.66875 0.487962962962963 0.66875 0.5296296296296297 0.6317708333333333 0.5296296296296297
2 0.609375 0.712037037037037 0.6536458333333334 0.712037037037037 0.6536458333333334 0.7462962962962963 0.609375 0.7462962962962963
2 0.6067708333333334 0.662962962962963 0.6421875 0.662962962962963 0.6421875 0.6990740740740741 0.6067708333333334 0.6990740740740741
2 0.6432291666666666 0.6861111111111111 0.6682291666666667 0.6861111111111111 0.6682291666666667 0.7185185185185186 0.6432291666666666 0.7185185185185186
2 0.6578125 0.6277777777777778 0.6802083333333333 0.6277777777777778 0.6802083333333333 0.6425925925925926 0.6578125 0.6425925925925926
2 0.6588541666666666 0.6611111111111111 0.6817708333333333 0.6611111111111111 0.6817708333333333 0.6833333333333333 0.6588541666666666 0.6833333333333333
2 0.6458333333333334 0.3398148148148148 0.6703125 0.3398148148148148 0.6703125 0.36574074074074076 0.6458333333333334 0.36574074074074076
2 0.6578125 0.362962962962963 0.6802083333333333 0.362962962962963 0.6802083333333333 0.38981481481481484 0.6578125 0.38981481481481484