1 0.5161458333333333 0.2972222222222222 0.5927083333333333 0.2972222222222222 0.5927083333333333 0.4462962962962963 0.5161458333333333 0.4462962962962963
1 0.5041666666666667 0 0.6026041666666667 0 0.6026041666666667 0.09351851851851851 0.5041666666666667 0.09351851851851851
2 0.4 0.9287037037037037 0.4859375 0.9287037037037037 0.4859375 1 0.4 1
2 0.5578125 0.8740740740740741 0.6046875 0.8740740740740741 0.6046875 0.9435185185185185 0.5578125 0.9435185185185185
2 0.28125 0 0.4005208333333333 0 0.4005208333333333 0.10833333333333334 0.28125 0.10833333333333334
1 0.6463541666666667 0.18055555555555555 0.6817708333333333 0.18055555555555555 0.6817708333333333 0.2972222222222222 0.6463541666666667 0.2972222222222222
2 0.4947916666666667 0.09259259259259259 0.5520833333333334 0.09259259259259259 0.5520833333333334 0.1648148148148148 0.4947916666666667 0.1648148148148148
2 0.4114583333333333 0.18796296296296297 0.4973958333333333 0.18796296296296297 0.4973958333333333 0.2740740740740741 0.4114583333333333 0.2740740740740741
2 0.4171875 0.07037037037037037 0.5020833333333333 0.07037037037037037 0.5020833333333333 0.14907407407407408 0.4171875 0.14907407407407408
2 0.5697916666666667 0.25833333333333336 0.6161458333333333 0.25833333333333336 0.6161458333333333 0.3101851851851852 0.5697916666666667 0.3101851851851852
2 0.4869791666666667 0.7824074074074074 0.5546875 0.7824074074074074 0.5546875 0.8490740740740741 0.4869791666666667 0.8490740740740741
2 0.6041666666666666 0.29074074074074074 0.6442708333333333 0.29074074074074074 0.6442708333333333 0.33425925925925926 0.6041666666666666 0.33425925925925926
2 0.646875 0.6842592592592592 0.6770833333333334 0.6842592592592592 0.6770833333333334 0.7203703703703703 0.646875 0.7203703703703703
2 0.6458333333333334 0.7509259259259259 0.6776041666666667 0.7509259259259259 0.6776041666666667 0.7851851851851852 0.6458333333333334 0.7851851851851852
2 0.6380208333333334 0.40555555555555556 0.6744791666666666 0.40555555555555556 0.6744791666666666 0.4425925925925926 0.6380208333333334 0.4425925925925926
2 0.23645833333333333 0.8777777777777778 0.31979166666666664 0.8777777777777778 0.31979166666666664 1 0.23645833333333333 1
2 0.5989583333333334 0.3537037037037037 0.6395833333333333 0.3537037037037037 0.6395833333333333 0.4 0.5989583333333334 0.4
2 0.6494791666666667 0.4462962962962963 0.6817708333333333 0.4462962962962963 0.6817708333333333 0.475 0.6494791666666667 0.475
2 0.696875 0.46111111111111114 0.7140625 0.46111111111111114 0.7140625 0.4861111111111111 0.696875 0.4861111111111111