1 0.3234375 0.17592592592592593 0.3921875 0.17592592592592593 0.3921875 0.23796296296296296 0.3234375 0.23796296296296296
1 0.14947916666666666 0.3175925925925926 0.26979166666666665 0.3175925925925926 0.26979166666666665 0.4935185185185185 0.14947916666666666 0.4935185185185185
1 0.4270833333333333 0.24444444444444444 0.4828125 0.24444444444444444 0.4828125 0.3351851851851852 0.4270833333333333 0.3351851851851852
2 0.24791666666666667 0.825 0.3229166666666667 0.825 0.3229166666666667 0.9981481481481481 0.24791666666666667 0.9981481481481481
2 0.171875 0.5768518518518518 0.240625 0.5768518518518518 0.240625 0.7564814814814815 0.171875 0.7564814814814815
2 0.028125 0.8685185185185185 0.12083333333333333 0.8685185185185185 0.12083333333333333 0.9962962962962963 0.028125 0.9962962962962963
2 0.8453125 0.4962962962962963 0.9114583333333334 0.4962962962962963 0.9114583333333334 0.6444444444444445 0.8453125 0.6444444444444445
2 0.6979166666666666 0.2916666666666667 0.7296875 0.2916666666666667 0.7296875 0.37962962962962965 0.6979166666666666 0.37962962962962965
2 0.6520833333333333 0.28055555555555556 0.68125 0.28055555555555556 0.68125 0.3574074074074074 0.6520833333333333 0.3574074074074074
2 0.33541666666666664 0.34074074074074073 0.3645833333333333 0.34074074074074073 0.3645833333333333 0.43425925925925923 0.33541666666666664 0.43425925925925923
2 0.39791666666666664 0.28055555555555556 0.4270833333333333 0.28055555555555556 0.4270833333333333 0.3712962962962963 0.39791666666666664 0.3712962962962963
1 0.5385416666666667 0.1537037037037037 0.6083333333333333 0.1537037037037037 0.6083333333333333 0.3212962962962963 0.5385416666666667 0.3212962962962963
2 0.3572916666666667 0.48148148148148145 0.39895833333333336 0.48148148148148145 0.39895833333333336 0.6342592592592593 0.3572916666666667 0.6342592592592593
2 0.35208333333333336 0.2833333333333333 0.3776041666666667 0.2833333333333333 0.3776041666666667 0.3527777777777778 0.35208333333333336 0.3527777777777778
2 0.49583333333333335 0.17314814814814813 0.5145833333333333 0.17314814814814813 0.5145833333333333 0.23055555555555557 0.49583333333333335 0.23055555555555557
2 0.246875 0.42407407407407405 0.2921875 0.42407407407407405 0.2921875 0.5564814814814815 0.246875 0.5564814814814815
2 0.6421875 0.20092592592592592 0.6697916666666667 0.20092592592592592 0.6697916666666667 0.2740740740740741 0.6421875 0.2740740740740741
2 0.37552083333333336 0.362962962962963 0.40677083333333336 0.362962962962963 0.40677083333333336 0.46296296296296297 0.37552083333333336 0.46296296296296297
2 0.478125 0.1388888888888889 0.4921875 0.1388888888888889 0.4921875 0.1814814814814815 0.478125 0.1814814814814815
2 0.45729166666666665 0.15925925925925927 0.4739583333333333 0.15925925925925927 0.4739583333333333 0.2 0.45729166666666665 0.2
2 0.27760416666666665 0.35 0.31145833333333334 0.35 0.31145833333333334 0.4361111111111111 0.27760416666666665 0.4361111111111111
2 0.5734375 0.11388888888888889 0.5890625 0.11388888888888889 0.5890625 0.14722222222222223 0.5734375 0.14722222222222223
2 0.4239583333333333 0.18518518518518517 0.440625 0.18518518518518517 0.440625 0.22870370370370371 0.4239583333333333 0.22870370370370371
2 0.6 0.12222222222222222 0.6166666666666667 0.12222222222222222 0.6166666666666667 0.1638888888888889 0.6 0.1638888888888889
2 0.4171875 0.21574074074074073 0.43697916666666664 0.21574074074074073 0.43697916666666664 0.26851851851851855 0.4171875 0.26851851851851855