1 0.325 0.17222222222222222 0.390625 0.17222222222222222 0.390625 0.2361111111111111 0.325 0.2361111111111111
1 0.14479166666666668 0.31851851851851853 0.2708333333333333 0.31851851851851853 0.2708333333333333 0.49444444444444446 0.14479166666666668 0.49444444444444446
2 0.7489583333333333 0.5768518518518518 0.8135416666666667 0.5768518518518518 0.8135416666666667 0.75 0.7489583333333333 0.75
2 0.12552083333333333 0.6796296296296296 0.19270833333333334 0.6796296296296296 0.19270833333333334 0.8870370370370371 0.12552083333333333 0.8870370370370371
2 0.6776041666666667 0.3425925925925926 0.7135416666666666 0.3425925925925926 0.7135416666666666 0.4444444444444444 0.6776041666666667 0.4444444444444444
2 0.2942708333333333 0.46944444444444444 0.34322916666666664 0.46944444444444444 0.34322916666666664 0.6074074074074074 0.2942708333333333 0.6074074074074074
2 0.7729166666666667 0.45555555555555555 0.8161458333333333 0.45555555555555555 0.8161458333333333 0.5277777777777778 0.7729166666666667 0.5277777777777778
2 0.41354166666666664 0.17685185185185184 0.4317708333333333 0.17685185185185184 0.4317708333333333 0.22777777777777777 0.41354166666666664 0.22777777777777777
2 0.3885416666666667 0.3712962962962963 0.4265625 0.3712962962962963 0.4265625 0.5009259259259259 0.3885416666666667 0.5009259259259259
2 0.4317708333333333 0.2064814814814815 0.4552083333333333 0.2064814814814815 0.4552083333333333 0.27685185185185185 0.4317708333333333 0.27685185185185185
2 0.5854166666666667 0.21481481481481482 0.6067708333333334 0.21481481481481482 0.6067708333333334 0.2851851851851852 0.5854166666666667 0.2851851851851852
2 0.5520833333333334 0.17777777777777778 0.5744791666666667 0.17777777777777778 0.5744791666666667 0.24074074074074073 0.5520833333333334 0.24074074074074073
2 0.3703125 0.33055555555555555 0.4010416666666667 0.33055555555555555 0.4010416666666667 0.4111111111111111 0.3703125 0.4111111111111111
2 0.5755208333333334 0.12037037037037036 0.5895833333333333 0.12037037037037036 0.5895833333333333 0.15555555555555556 0.5755208333333334 0.15555555555555556
2 0.4625 0.19907407407407407 0.4817708333333333 0.19907407407407407 0.4817708333333333 0.25462962962962965 0.4625 0.25462962962962965
2 0.6098958333333333 0.28055555555555556 0.6401041666666667 0.28055555555555556 0.6401041666666667 0.38055555555555554 0.6098958333333333 0.38055555555555554
2 0.6234375 0.22314814814814815 0.6473958333333333 0.22314814814814815 0.6473958333333333 0.30277777777777776 0.6234375 0.30277777777777776