1 0.14427083333333332 0.3175925925925926 0.271875 0.3175925925925926 0.271875 0.49074074074074076 0.14427083333333332 0.49074074074074076
1 0.35885416666666664 0.3962962962962963 0.4583333333333333 0.3962962962962963 0.4583333333333333 0.5601851851851852 0.35885416666666664 0.5601851851851852
2 0.0875 0.6083333333333333 0.15625 0.6083333333333333 0.15625 0.7842592592592592 0.0875 0.7842592592592592
2 0.19322916666666667 0.6083333333333333 0.25052083333333336 0.6083333333333333 0.25052083333333336 0.7444444444444445 0.19322916666666667 0.7444444444444445
2 0.3625 0.2712962962962963 0.39166666666666666 0.2712962962962963 0.39166666666666666 0.3509259259259259 0.3625 0.3509259259259259
2 0.6354166666666666 0.31851851851851853 0.6651041666666667 0.31851851851851853 0.6651041666666667 0.4111111111111111 0.6354166666666666 0.4111111111111111
2 0.6848958333333334 0.3990740740740741 0.7265625 0.3990740740740741 0.7265625 0.5166666666666667 0.6848958333333334 0.5166666666666667
2 0.4010416666666667 0.2935185185185185 0.43020833333333336 0.2935185185185185 0.43020833333333336 0.37407407407407406 0.4010416666666667 0.37407407407407406
2 0.3338541666666667 0.3398148148148148 0.36614583333333334 0.3398148148148148 0.36614583333333334 0.43333333333333335 0.3338541666666667 0.43333333333333335
1 0.31979166666666664 0.17777777777777778 0.38333333333333336 0.17777777777777778 0.38333333333333336 0.24074074074074073 0.31979166666666664 0.24074074074074073
2 0.6401041666666667 0.48703703703703705 0.6895833333333333 0.48703703703703705 0.6895833333333333 0.6314814814814815 0.6401041666666667 0.6314814814814815
2 0.2296875 0.48333333333333334 0.2755208333333333 0.48333333333333334 0.2755208333333333 0.5962962962962963 0.2296875 0.5962962962962963
2 0.6864583333333333 0.26851851851851855 0.7140625 0.26851851851851855 0.7140625 0.3453703703703704 0.6864583333333333 0.3453703703703704
2 0.46145833333333336 0.19537037037037036 0.4791666666666667 0.19537037037037036 0.4791666666666667 0.2564814814814815 0.46145833333333336 0.2564814814814815
2 0.459375 0.11018518518518519 0.47291666666666665 0.11018518518518519 0.47291666666666665 0.1425925925925926 0.459375 0.1425925925925926
2 0.43020833333333336 0.18425925925925926 0.446875 0.18425925925925926 0.446875 0.22592592592592592 0.43020833333333336 0.22592592592592592
2 0.490625 0.13796296296296295 0.5046875 0.13796296296296295 0.5046875 0.18055555555555555 0.490625 0.18055555555555555
2 0.5942708333333333 0.1685185185185185 0.609375 0.1685185185185185 0.609375 0.2111111111111111 0.5942708333333333 0.2111111111111111
2 0.47708333333333336 0.12685185185185185 0.49322916666666666 0.12685185185185185 0.49322916666666666 0.16203703703703703 0.47708333333333336 0.16203703703703703
2 0.621875 0.1648148148148148 0.6390625 0.1648148148148148 0.6390625 0.21574074074074073 0.621875 0.21574074074074073