1 0.14479166666666668 0.32037037037037036 0.26979166666666665 0.32037037037037036 0.26979166666666665 0.4981481481481482 0.14479166666666668 0.4981481481481482
1 0.46822916666666664 0.13148148148148148 0.5 0.13148148148148148 0.5 0.18055555555555555 0.46822916666666664 0.18055555555555555
1 0.33697916666666666 0.1787037037037037 0.38958333333333334 0.1787037037037037 0.38958333333333334 0.24166666666666667 0.33697916666666666 0.24166666666666667
1 0.60625 0.11481481481481481 0.6515625 0.11481481481481481 0.6515625 0.15185185185185185 0.60625 0.15185185185185185
2 0.1359375 0.6416666666666667 0.1859375 0.6416666666666667 0.1859375 0.8888888888888888 0.1359375 0.8888888888888888
2 0.23854166666666668 0.4935185185185185 0.3026041666666667 0.4935185185185185 0.3026041666666667 0.6814814814814815 0.23854166666666668 0.6814814814814815
2 0.35208333333333336 0.475 0.40989583333333335 0.475 0.40989583333333335 0.6759259259259259 0.35208333333333336 0.6759259259259259
2 0.3921875 0.38981481481481484 0.4359375 0.38981481481481484 0.4359375 0.5296296296296297 0.3921875 0.5296296296296297
2 0.7984375 0.7416666666666667 0.8755208333333333 0.7416666666666667 0.8755208333333333 0.9888888888888889 0.7984375 0.9888888888888889
2 0.3177083333333333 0.3574074074074074 0.34479166666666666 0.3574074074074074 0.34479166666666666 0.48055555555555557 0.3177083333333333 0.48055555555555557
2 0.3453125 0.3685185185185185 0.38385416666666666 0.3685185185185185 0.38385416666666666 0.5 0.3453125 0.5
2 0.3416666666666667 0.29444444444444445 0.3619791666666667 0.29444444444444445 0.3619791666666667 0.39166666666666666 0.3416666666666667 0.39166666666666666
2 0.35104166666666664 0.2462962962962963 0.3734375 0.2462962962962963 0.3734375 0.32037037037037036 0.35104166666666664 0.32037037037037036
2 0.4015625 0.27870370370370373 0.41822916666666665 0.27870370370370373 0.41822916666666665 0.36574074074074076 0.4015625 0.36574074074074076
2 0.4473958333333333 0.29074074074074074 0.478125 0.29074074074074074 0.478125 0.3962962962962963 0.4473958333333333 0.3962962962962963
2 0.4140625 0.2175925925925926 0.43385416666666665 0.2175925925925926 0.43385416666666665 0.28425925925925927 0.4140625 0.28425925925925927
2 0.396875 0.24074074074074073 0.4140625 0.24074074074074073 0.4140625 0.2953703703703704 0.396875 0.2953703703703704
2 0.38177083333333334 0.19537037037037036 0.3984375 0.19537037037037036 0.3984375 0.25833333333333336 0.38177083333333334 0.25833333333333336
2 0.403125 0.1814814814814815 0.4114583333333333 0.1814814814814815 0.4114583333333333 0.22685185185185186 0.403125 0.22685185185185186
2 0.4479166666666667 0.21203703703703702 0.4635416666666667 0.21203703703703702 0.4635416666666667 0.2824074074074074 0.4479166666666667 0.2824074074074074
2 0.465625 0.19814814814814816 0.48125 0.19814814814814816 0.48125 0.2657407407407407 0.465625 0.2657407407407407
2 0.4625 0.16111111111111112 0.47291666666666665 0.16111111111111112 0.47291666666666665 0.2064814814814815 0.4625 0.2064814814814815
2 0.44114583333333335 0.16296296296296298 0.45260416666666664 0.16296296296296298 0.45260416666666664 0.21388888888888888 0.44114583333333335 0.21388888888888888
2 0.43333333333333335 0.14722222222222223 0.44166666666666665 0.14722222222222223 0.44166666666666665 0.1935185185185185 0.43333333333333335 0.1935185185185185
2 0.4166666666666667 0.175 0.42864583333333334 0.175 0.42864583333333334 0.21851851851851853 0.4166666666666667 0.21851851851851853
2 0.4088541666666667 0.19907407407407407 0.4161458333333333 0.19907407407407407 0.4161458333333333 0.24351851851851852 0.4088541666666667 0.24351851851851852
2 0.4973958333333333 0.11018518518518519 0.5072916666666667 0.11018518518518519 0.5072916666666667 0.16666666666666666 0.4973958333333333 0.16666666666666666
2 0.45260416666666664 0.13240740740740742 0.4583333333333333 0.13240740740740742 0.4583333333333333 0.1685185185185185 0.45260416666666664 0.1685185185185185
2 0.46145833333333336 0.12037037037037036 0.46822916666666664 0.12037037037037036 0.46822916666666664 0.15462962962962962 0.46145833333333336 0.15462962962962962
2 0.46979166666666666 0.10925925925925926 0.48125 0.10925925925925926 0.48125 0.1425925925925926 0.46979166666666666 0.1425925925925926
2 0.4296875 0.10555555555555556 0.4401041666666667 0.10555555555555556 0.4401041666666667 0.14351851851851852 0.4296875 0.14351851851851852
2 0.4421875 0.11851851851851852 0.44895833333333335 0.11851851851851852 0.44895833333333335 0.15648148148148147 0.4421875 0.15648148148148147
2 0.4473958333333333 0.10462962962962963 0.45416666666666666 0.10462962962962963 0.45416666666666666 0.13333333333333333 0.4473958333333333 0.13333333333333333
2 0.5817708333333333 0.10833333333333334 0.5916666666666667 0.10833333333333334 0.5916666666666667 0.14351851851851852 0.5817708333333333 0.14351851851851852
2 0.590625 0.14907407407407408 0.6052083333333333 0.14907407407407408 0.6052083333333333 0.2 0.590625 0.2
2 0.6057291666666667 0.1638888888888889 0.6166666666666667 0.1638888888888889 0.6166666666666667 0.23425925925925925 0.6057291666666667 0.23425925925925925
2 0.6223958333333334 0.15462962962962962 0.6317708333333333 0.15462962962962962 0.6317708333333333 0.19722222222222222 0.6223958333333334 0.19722222222222222
2 0.634375 0.16666666666666666 0.6489583333333333 0.16666666666666666 0.6489583333333333 0.2212962962962963 0.634375 0.2212962962962963