1 0.14635416666666667 0.32407407407407407 0.27239583333333334 0.32407407407407407 0.27239583333333334 0.5 0.14635416666666667 0.5
1 0.3802083333333333 0.35555555555555557 0.4661458333333333 0.35555555555555557 0.4661458333333333 0.4962962962962963 0.3802083333333333 0.4962962962962963
1 0.31979166666666664 0.17777777777777778 0.3885416666666667 0.17777777777777778 0.3885416666666667 0.24074074074074073 0.31979166666666664 0.24074074074074073
2 0.725 0.4925925925925926 0.7739583333333333 0.4925925925925926 0.7739583333333333 0.6268518518518519 0.725 0.6268518518518519
2 0.2625 0.4212962962962963 0.30416666666666664 0.4212962962962963 0.30416666666666664 0.5175925925925926 0.2625 0.5175925925925926
2 0.1328125 0.5351851851851852 0.19270833333333334 0.5351851851851852 0.19270833333333334 0.6925925925925925 0.1328125 0.6925925925925925
2 0.240625 0.5166666666666667 0.2869791666666667 0.5166666666666667 0.2869791666666667 0.6787037037037037 0.240625 0.6787037037037037
2 0.1828125 0.7342592592592593 0.2598958333333333 0.7342592592592593 0.2598958333333333 0.9638888888888889 0.1828125 0.9638888888888889
2 0.6510416666666666 0.3768518518518518 0.690625 0.3768518518518518 0.690625 0.4888888888888889 0.6510416666666666 0.4888888888888889
2 0.703125 0.30277777777777776 0.7375 0.30277777777777776 0.7375 0.387037037037037 0.703125 0.387037037037037
2 0.6786458333333333 0.6666666666666666 0.7390625 0.6666666666666666 0.7390625 0.8546296296296296 0.6786458333333333 0.8546296296296296
2 0.3151041666666667 0.5324074074074074 0.36770833333333336 0.5324074074074074 0.36770833333333336 0.7046296296296296 0.3151041666666667 0.7046296296296296
2 0.4140625 0.2611111111111111 0.4390625 0.2611111111111111 0.4390625 0.33796296296296297 0.4140625 0.33796296296296297
2 0.6359375 0.1787037037037037 0.6541666666666667 0.1787037037037037 0.6541666666666667 0.23333333333333334 0.6359375 0.23333333333333334
2 0.35833333333333334 0.3074074074074074 0.3875 0.3074074074074074 0.3875 0.3888888888888889 0.35833333333333334 0.3888888888888889
2 0.3796875 0.2490740740740741 0.403125 0.2490740740740741 0.403125 0.31574074074074077 0.3796875 0.31574074074074077
2 0 0.8824074074074074 0.03854166666666667 0.8824074074074074 0.03854166666666667 1 0 1
2 0.44583333333333336 0.2 0.4666666666666667 0.2 0.4666666666666667 0.26296296296296295 0.44583333333333336 0.26296296296296295
2 0.5953125 0.18888888888888888 0.6166666666666667 0.18888888888888888 0.6166666666666667 0.2324074074074074 0.5953125 0.2324074074074074
2 0.46770833333333334 0.17777777777777778 0.4864583333333333 0.17777777777777778 0.4864583333333333 0.23703703703703705 0.46770833333333334 0.23703703703703705
2 0.4166666666666667 0.19537037037037036 0.4375 0.19537037037037036 0.4375 0.24537037037037038 0.4166666666666667 0.24537037037037038