1 0.1453125 0.3296296296296296 0.2671875 0.3296296296296296 0.2671875 0.5074074074074074 0.1453125 0.5074074074074074
1 0.33125 0.18055555555555555 0.38958333333333334 0.18055555555555555 0.38958333333333334 0.24351851851851852 0.33125 0.24351851851851852
2 0.6776041666666667 0.30833333333333335 0.6953125 0.30833333333333335 0.6953125 0.41574074074074074 0.6776041666666667 0.41574074074074074
2 0.23385416666666667 0.4324074074074074 0.2703125 0.4324074074074074 0.2703125 0.6101851851851852 0.23385416666666667 0.6101851851851852
2 0.26927083333333335 0.5009259259259259 0.315625 0.5009259259259259 0.315625 0.6694444444444444 0.26927083333333335 0.6694444444444444
2 0.33229166666666665 0.29907407407407405 0.3578125 0.29907407407407405 0.3578125 0.41388888888888886 0.33229166666666665 0.41388888888888886
2 0.4 0.3425925925925926 0.4270833333333333 0.3425925925925926 0.4270833333333333 0.46296296296296297 0.4 0.46296296296296297
2 0.4234375 0.25925925925925924 0.44635416666666666 0.25925925925925924 0.44635416666666666 0.3611111111111111 0.4234375 0.3611111111111111
2 0.38697916666666665 0.2861111111111111 0.4088541666666667 0.2861111111111111 0.4088541666666667 0.3731481481481482 0.38697916666666665 0.3731481481481482
2 0.37447916666666664 0.23425925925925925 0.39010416666666664 0.23425925925925925 0.39010416666666664 0.32037037037037036 0.37447916666666664 0.32037037037037036
2 0.6609375 0.24074074074074073 0.6817708333333333 0.24074074074074073 0.6817708333333333 0.31574074074074077 0.6609375 0.31574074074074077
2 0.6317708333333333 0.1787037037037037 0.6463541666666667 0.1787037037037037 0.6463541666666667 0.25092592592592594 0.6317708333333333 0.25092592592592594
2 0.56875 0.1787037037037037 0.6010416666666667 0.1787037037037037 0.6010416666666667 0.23333333333333334 0.56875 0.23333333333333334
2 0.5505208333333333 0.17222222222222222 0.571875 0.17222222222222222 0.571875 0.22407407407407406 0.5505208333333333 0.22407407407407406
2 0.434375 0.19444444444444445 0.45260416666666664 0.19444444444444445 0.45260416666666664 0.2611111111111111 0.434375 0.2611111111111111
2 0.41458333333333336 0.18981481481481483 0.42604166666666665 0.18981481481481483 0.42604166666666665 0.24537037037037038 0.41458333333333336 0.24537037037037038
2 0.40729166666666666 0.14351851851851852 0.415625 0.14351851851851852 0.415625 0.18888888888888888 0.40729166666666666 0.18888888888888888
2 0.4197916666666667 0.14444444444444443 0.42864583333333334 0.14444444444444443 0.42864583333333334 0.18796296296296297 0.4197916666666667 0.18796296296296297
2 0.4270833333333333 0.15648148148148147 0.4375 0.15648148148148147 0.4375 0.20555555555555555 0.4270833333333333 0.20555555555555555
2 0.46041666666666664 0.16944444444444445 0.46875 0.16944444444444445 0.46875 0.22407407407407406 0.46041666666666664 0.22407407407407406
2 0.48385416666666664 0.17407407407407408 0.49270833333333336 0.17407407407407408 0.49270833333333336 0.23148148148148148 0.48385416666666664 0.23148148148148148
2 0.44114583333333335 0.17592592592592593 0.45364583333333336 0.17592592592592593 0.45364583333333336 0.21388888888888888 0.44114583333333335 0.21388888888888888
2 0.48541666666666666 0.13425925925925927 0.4984375 0.13425925925925927 0.4984375 0.16944444444444445 0.48541666666666666 0.16944444444444445
2 0.47604166666666664 0.12314814814814815 0.4822916666666667 0.12314814814814815 0.4822916666666667 0.1537037037037037 0.47604166666666664 0.1537037037037037
2 0.4609375 0.12777777777777777 0.4661458333333333 0.12777777777777777 0.4661458333333333 0.16018518518518518 0.4609375 0.16018518518518518
2 0.45260416666666664 0.13518518518518519 0.4583333333333333 0.13518518518518519 0.4583333333333333 0.18055555555555555 0.45260416666666664 0.18055555555555555
2 0.4390625 0.13148148148148148 0.446875 0.13148148148148148 0.446875 0.1685185185185185 0.4390625 0.1685185185185185
2 0.44635416666666666 0.11574074074074074 0.45260416666666664 0.11574074074074074 0.45260416666666664 0.13796296296296295 0.44635416666666666 0.13796296296296295
2 0.5822916666666667 0.11018518518518519 0.5927083333333333 0.11018518518518519 0.5927083333333333 0.16111111111111112 0.5822916666666667 0.16111111111111112
1 0.6583333333333333 0.13148148148148148 0.7109375 0.13148148148148148 0.7109375 0.17685185185185184 0.6583333333333333 0.17685185185185184
1 0.5432291666666667 0.11481481481481481 0.5760416666666667 0.11481481481481481 0.5760416666666667 0.16666666666666666 0.5432291666666667 0.16666666666666666
1 0.25729166666666664 0.6037037037037037 0.44635416666666666 0.6037037037037037 0.44635416666666666 1 0.25729166666666664 1