1 0.521875 0.3 0.5953125 0.3 0.5953125 0.4444444444444444 0.521875 0.4444444444444444
1 0.5036458333333333 0 0.6026041666666667 0 0.6026041666666667 0.09444444444444444 0.5036458333333333 0.09444444444444444
1 0.6463541666666667 0.18055555555555555 0.6817708333333333 0.18055555555555555 0.6817708333333333 0.29907407407407405 0.6463541666666667 0.29907407407407405
2 0.5020833333333333 0.10462962962962963 0.5546875 0.10462962962962963 0.5546875 0.17592592592592593 0.5020833333333333 0.17592592592592593
2 0.37083333333333335 0.9462962962962963 0.4625 0.9462962962962963 0.4625 1 0.37083333333333335 1
2 0.5510416666666667 0.8842592592592593 0.6015625 0.8842592592592593 0.6015625 0.9555555555555556 0.5510416666666667 0.9555555555555556
2 0.4328125 0.08796296296296297 0.5114583333333333 0.08796296296296297 0.5114583333333333 0.1638888888888889 0.4328125 0.1638888888888889
2 0.3078125 0.021296296296296296 0.41822916666666665 0.021296296296296296 0.41822916666666665 0.13703703703703704 0.3078125 0.13703703703703704
2 0.43333333333333335 0.20555555555555555 0.5119791666666667 0.20555555555555555 0.5119791666666667 0.28425925925925927 0.43333333333333335 0.28425925925925927
2 0.6432291666666666 0.7574074074074074 0.6760416666666667 0.7574074074074074 0.6760416666666667 0.7907407407407407 0.6432291666666666 0.7907407407407407
2 0.6020833333333333 0.3592592592592593 0.6401041666666667 0.3592592592592593 0.6401041666666667 0.40370370370370373 0.6020833333333333 0.40370370370370373
2 0.5776041666666667 0.26666666666666666 0.6229166666666667 0.26666666666666666 0.6229166666666667 0.3175925925925926 0.5776041666666667 0.3175925925925926
2 0.64375 0.6898148148148148 0.675 0.6898148148148148 0.675 0.725 0.64375 0.725
2 0.6083333333333333 0.29814814814814816 0.634375 0.29814814814814816 0.634375 0.337037037037037 0.6083333333333333 0.337037037037037
2 0.46510416666666665 0.7962962962962963 0.5338541666666666 0.7962962962962963 0.5338541666666666 0.8685185185185185 0.46510416666666665 0.8685185185185185
2 0.6401041666666667 0.4064814814814815 0.6744791666666666 0.4064814814814815 0.6744791666666666 0.4425925925925926 0.6401041666666667 0.4425925925925926
2 0.6854166666666667 0.48518518518518516 0.7088541666666667 0.48518518518518516 0.7088541666666667 0.5157407407407407 0.6854166666666667 0.5157407407407407
2 0.6546875 0.44814814814814813 0.6864583333333333 0.44814814814814813 0.6864583333333333 0.4777777777777778 0.6546875 0.4777777777777778
2 0.6984375 0.46111111111111114 0.7161458333333334 0.46111111111111114 0.7161458333333334 0.48518518518518516 0.6984375 0.48518518518518516