1 0.31875 0.18055555555555555 0.3776041666666667 0.18055555555555555 0.3776041666666667 0.24722222222222223 0.31875 0.24722222222222223
1 0.1453125 0.3138888888888889 0.26979166666666665 0.3138888888888889 0.26979166666666665 0.49907407407407406 0.1453125 0.49907407407407406
2 0.7416666666666667 0.38333333333333336 0.7838541666666666 0.38333333333333336 0.7838541666666666 0.49444444444444446 0.7416666666666667 0.49444444444444446
2 0.5333333333333333 0.17777777777777778 0.5692708333333333 0.17777777777777778 0.5692708333333333 0.22777777777777777 0.5333333333333333 0.22777777777777777
2 0.31979166666666664 0.5157407407407407 0.37447916666666664 0.5157407407407407 0.37447916666666664 0.700925925925926 0.31979166666666664 0.700925925925926
2 0.3692708333333333 0.2601851851851852 0.40260416666666665 0.2601851851851852 0.40260416666666665 0.34444444444444444 0.3692708333333333 0.34444444444444444
2 0.44479166666666664 0.23981481481481481 0.4703125 0.23981481481481481 0.4703125 0.32222222222222224 0.44479166666666664 0.32222222222222224
2 0.3984375 0.30925925925925923 0.4296875 0.30925925925925923 0.4296875 0.4148148148148148 0.3984375 0.4148148148148148
2 0.40625 0.5537037037037037 0.45208333333333334 0.5537037037037037 0.45208333333333334 0.7527777777777778 0.40625 0.7527777777777778
2 0.4270833333333333 0.1527777777777778 0.44166666666666665 0.1527777777777778 0.44166666666666665 0.1962962962962963 0.4270833333333333 0.1962962962962963
2 0.39479166666666665 0.17685185185185184 0.41354166666666664 0.17685185185185184 0.41354166666666664 0.22407407407407406 0.39479166666666665 0.22407407407407406
2 0.47760416666666666 0.15185185185185185 0.49375 0.15185185185185185 0.49375 0.2 0.47760416666666666 0.2
2 0.41458333333333336 0.23981481481481481 0.4390625 0.23981481481481481 0.4390625 0.32037037037037036 0.41458333333333336 0.32037037037037036
2 0.6255208333333333 0.24722222222222223 0.6505208333333333 0.24722222222222223 0.6505208333333333 0.32407407407407407 0.6255208333333333 0.32407407407407407
2 0.6572916666666667 0.2462962962962963 0.6791666666666667 0.2462962962962963 0.6791666666666667 0.3175925925925926 0.6572916666666667 0.3175925925925926
2 0.5739583333333333 0.1537037037037037 0.5901041666666667 0.1537037037037037 0.5901041666666667 0.19907407407407407 0.5739583333333333 0.19907407407407407
2 0.45677083333333335 0.14629629629629629 0.46979166666666666 0.14629629629629629 0.46979166666666666 0.18333333333333332 0.45677083333333335 0.18333333333333332
2 0.5854166666666667 0.13333333333333333 0.603125 0.13333333333333333 0.603125 0.18055555555555555 0.5854166666666667 0.18055555555555555
2 0.44635416666666666 0.17962962962962964 0.46197916666666666 0.17962962962962964 0.46197916666666666 0.22685185185185186 0.44635416666666666 0.22685185185185186
2 0.5546875 0.12314814814814815 0.5697916666666667 0.12314814814814815 0.5697916666666667 0.15925925925925927 0.5546875 0.15925925925925927
2 0.6265625 0.17685185185185184 0.640625 0.17685185185185184 0.640625 0.24166666666666667 0.6265625 0.24166666666666667
2 0.39010416666666664 0.22777777777777777 0.40625 0.22777777777777777 0.40625 0.2953703703703704 0.39010416666666664 0.2953703703703704