1 0.4453125 0.6222222222222222 0.5416666666666666 0.6222222222222222 0.5416666666666666 0.8101851851851852 0.4453125 0.8101851851851852
1 0.48020833333333335 0 0.5807291666666666 0 0.5807291666666666 0.062037037037037036 0.48020833333333335 0.062037037037037036
1 0.44635416666666666 0.22314814814814815 0.5395833333333333 0.22314814814814815 0.5395833333333333 0.3907407407407407 0.44635416666666666 0.3907407407407407
1 0.628125 0.175 0.6640625 0.175 0.6640625 0.2611111111111111 0.628125 0.2611111111111111
1 0.628125 0.5574074074074075 0.6614583333333334 0.5574074074074075 0.6614583333333334 0.6259259259259259 0.628125 0.6259259259259259
1 0.6682291666666667 0.7481481481481481 0.690625 0.7481481481481481 0.690625 0.837037037037037 0.6682291666666667 0.837037037037037
1 0.6614583333333334 0.40185185185185185 0.690625 0.40185185185185185 0.690625 0.4583333333333333 0.6614583333333334 0.4583333333333333
2 0.4192708333333333 0.041666666666666664 0.4765625 0.041666666666666664 0.4765625 0.125 0.4192708333333333 0.125
1 0.6880208333333333 0.5194444444444445 0.7067708333333333 0.5194444444444445 0.7067708333333333 0.562962962962963 0.6880208333333333 0.562962962962963
2 0.3567708333333333 0.31574074074074077 0.47552083333333334 0.31574074074074077 0.47552083333333334 0.39814814814814814 0.3567708333333333 0.39814814814814814
2 0.53125 0.15462962962962962 0.5901041666666667 0.15462962962962962 0.5901041666666667 0.18796296296296297 0.53125 0.18796296296296297
2 0.5041666666666667 0.2064814814814815 0.5708333333333333 0.2064814814814815 0.5708333333333333 0.2537037037037037 0.5041666666666667 0.2537037037037037
2 0.5526041666666667 0.18703703703703703 0.6052083333333333 0.18703703703703703 0.6052083333333333 0.23055555555555557 0.5526041666666667 0.23055555555555557
2 0.5510416666666667 0.25092592592592594 0.6026041666666667 0.25092592592592594 0.6026041666666667 0.2916666666666667 0.5510416666666667 0.2916666666666667
2 0.5708333333333333 0.36574074074074076 0.6260416666666667 0.36574074074074076 0.6260416666666667 0.4064814814814815 0.5708333333333333 0.4064814814814815
2 0.5901041666666667 0.41574074074074074 0.6338541666666667 0.41574074074074074 0.6338541666666667 0.4546296296296296 0.5901041666666667 0.4546296296296296
2 0.5921875 0.2712962962962963 0.6369791666666667 0.2712962962962963 0.6369791666666667 0.31666666666666665 0.5921875 0.31666666666666665
2 0.5869791666666667 0.325 0.6322916666666667 0.325 0.6322916666666667 0.3574074074074074 0.5869791666666667 0.3574074074074074
2 0.584375 0.225 0.621875 0.225 0.621875 0.2601851851851852 0.584375 0.2601851851851852
2 0.6177083333333333 0.24074074074074073 0.6458333333333334 0.24074074074074073 0.6458333333333334 0.262037037037037 0.6177083333333333 0.262037037037037
2 0.6046875 0.2611111111111111 0.6416666666666667 0.2611111111111111 0.6416666666666667 0.28425925925925927 0.6046875 0.28425925925925927
2 0.6296875 0.31666666666666665 0.6604166666666667 0.31666666666666665 0.6604166666666667 0.35 0.6296875 0.35
2 0.6317708333333333 0.3675925925925926 0.6625 0.3675925925925926 0.6625 0.3972222222222222 0.6317708333333333 0.3972222222222222
2 0.6625 0.3314814814814815 0.6921875 0.3314814814814815 0.6921875 0.3527777777777778 0.6625 0.3527777777777778
2 0.6473958333333333 0.3472222222222222 0.675 0.3472222222222222 0.675 0.3675925925925926 0.6473958333333333 0.3675925925925926
2 0.6630208333333333 0.362962962962963 0.6880208333333333 0.362962962962963 0.6880208333333333 0.3814814814814815 0.6630208333333333 0.3814814814814815
2 0.584375 0.6759259259259259 0.6317708333333333 0.6759259259259259 0.6317708333333333 0.7185185185185186 0.584375 0.7185185185185186
2 0.6036458333333333 0.7129629629629629 0.6463541666666667 0.7129629629629629 0.6463541666666667 0.7583333333333333 0.6036458333333333 0.7583333333333333
2 0.6291666666666667 0.6935185185185185 0.6666666666666666 0.6935185185185185 0.6666666666666666 0.7231481481481481 0.6291666666666667 0.7231481481481481
2 0.6510416666666666 0.6555555555555556 0.6838541666666667 0.6555555555555556 0.6838541666666667 0.6888888888888889 0.6510416666666666 0.6888888888888889
2 0.6453125 0.6277777777777778 0.6802083333333333 0.6277777777777778 0.6802083333333333 0.6638888888888889 0.6453125 0.6638888888888889
2 0.6447916666666667 0.46296296296296297 0.6734375 0.46296296296296297 0.6734375 0.48518518518518516 0.6447916666666667 0.48518518518518516
2 0.6286458333333333 0.4888888888888889 0.6682291666666667 0.4888888888888889 0.6682291666666667 0.5314814814814814 0.6286458333333333 0.5314814814814814
2 0.6791666666666667 0.6425925925925926 0.7015625 0.6425925925925926 0.7015625 0.6583333333333333 0.6791666666666667 0.6583333333333333
2 0.6817708333333333 0.6138888888888889 0.7052083333333333 0.6138888888888889 0.7052083333333333 0.6296296296296297 0.6817708333333333 0.6296296296296297
2 0.6791666666666667 0.5888888888888889 0.7026041666666667 0.5888888888888889 0.7026041666666667 0.6148148148148148 0.6791666666666667 0.6148148148148148
2 0.68125 0.575 0.7046875 0.575 0.7046875 0.5935185185185186 0.68125 0.5935185185185186
2 0.6510416666666666 0.40555555555555556 0.6567708333333333 0.40555555555555556 0.6567708333333333 0.5222222222222223 0.6510416666666666 0.5222222222222223