1 0.39791666666666664 0.9083333333333333 0.4942708333333333 0.9083333333333333 0.4942708333333333 1 0.39791666666666664 1
1 0.47708333333333336 0.6 0.59375 0.6 0.59375 0.8175925925925925 0.47708333333333336 0.8175925925925925
1 0.31875 0.7055555555555556 0.3536458333333333 0.7055555555555556 0.3536458333333333 0.8203703703703704 0.31875 0.8203703703703704
2 0.4109375 0.15462962962962962 0.46197916666666666 0.15462962962962962 0.46197916666666666 0.21481481481481482 0.4109375 0.21481481481481482
2 0.36875 0.23055555555555557 0.415625 0.23055555555555557 0.415625 0.2777777777777778 0.36875 0.2777777777777778
2 0.3859375 0.7212962962962963 0.4401041666666667 0.7212962962962963 0.4401041666666667 0.775 0.3859375 0.775
2 0.3229166666666667 0.42407407407407405 0.359375 0.42407407407407405 0.359375 0.48055555555555557 0.3229166666666667 0.48055555555555557
2 0.33697916666666666 0.5370370370370371 0.3802083333333333 0.5370370370370371 0.3802083333333333 0.575925925925926 0.33697916666666666 0.575925925925926
2 0.4046875 0.6583333333333333 0.4588541666666667 0.6583333333333333 0.4588541666666667 0.7129629629629629 0.4046875 0.7129629629629629
2 0.43385416666666665 0.7805555555555556 0.49583333333333335 0.7805555555555556 0.49583333333333335 0.8416666666666667 0.43385416666666665 0.8416666666666667
2 0.5395833333333333 0.975 0.6203125 0.975 0.6203125 1 0.5395833333333333 1
2 0.35572916666666665 0.16111111111111112 0.39739583333333334 0.16111111111111112 0.39739583333333334 0.2064814814814815 0.35572916666666665 0.2064814814814815
2 0.4359375 0.21574074074074073 0.49895833333333334 0.21574074074074073 0.49895833333333334 0.27870370370370373 0.4359375 0.27870370370370373
2 0.3 0.31666666666666665 0.32708333333333334 0.31666666666666665 0.32708333333333334 0.34814814814814815 0.3 0.34814814814814815
2 0.30052083333333335 0.4935185185185185 0.325 0.4935185185185185 0.325 0.5222222222222223 0.30052083333333335 0.5222222222222223
2 0.353125 0.5805555555555556 0.39895833333333336 0.5805555555555556 0.39895833333333336 0.6222222222222222 0.353125 0.6222222222222222
2 0.3255208333333333 0.5925925925925926 0.3536458333333333 0.5925925925925926 0.3536458333333333 0.6296296296296297 0.3255208333333333 0.6296296296296297
2 0.3026041666666667 0.27037037037037037 0.3296875 0.27037037037037037 0.3296875 0.3 0.3026041666666667 0.3
2 0.3489583333333333 0.675 0.4015625 0.675 0.4015625 0.7018518518518518 0.3489583333333333 0.7018518518518518