1 0.14322916666666666 0.32222222222222224 0.26927083333333335 0.32222222222222224 0.26927083333333335 0.5 0.14322916666666666 0.5
1 0.33125 0.17962962962962964 0.39010416666666664 0.17962962962962964 0.39010416666666664 0.24166666666666667 0.33125 0.24166666666666667
1 0.54375 0.10833333333333334 0.5703125 0.10833333333333334 0.5703125 0.15555555555555556 0.54375 0.15555555555555556
1 0.6536458333333334 0.12962962962962962 0.70625 0.12962962962962962 0.70625 0.17407407407407408 0.6536458333333334 0.17407407407407408
2 0.14635416666666667 0.5305555555555556 0.2296875 0.5305555555555556 0.2296875 0.7277777777777777 0.14635416666666667 0.7277777777777777
2 0.14010416666666667 0.7712962962962963 0.21145833333333333 0.7712962962962963 0.21145833333333333 0.9981481481481481 0.14010416666666667 0.9981481481481481
2 0.35208333333333336 0.44907407407407407 0.38229166666666664 0.44907407407407407 0.38229166666666664 0.5842592592592593 0.35208333333333336 0.5842592592592593
2 0.29270833333333335 0.3592592592592593 0.3375 0.3592592592592593 0.3375 0.48518518518518516 0.29270833333333335 0.48518518518518516
2 0.3609375 0.3287037037037037 0.3828125 0.3287037037037037 0.3828125 0.42685185185185187 0.3609375 0.42685185185185187
2 0.3453125 0.26481481481481484 0.3770833333333333 0.26481481481481484 0.3770833333333333 0.3685185185185185 0.3453125 0.3685185185185185
2 0.4125 0.3175925925925926 0.434375 0.3175925925925926 0.434375 0.42314814814814816 0.4125 0.42314814814814816
2 0.6484375 0.2638888888888889 0.6765625 0.2638888888888889 0.6765625 0.37407407407407406 0.6484375 0.37407407407407406
2 0.6494791666666667 0.21666666666666667 0.6604166666666667 0.21666666666666667 0.6604166666666667 0.2675925925925926 0.6494791666666667 0.2675925925925926
2 0.6213541666666667 0.1638888888888889 0.6364583333333333 0.1638888888888889 0.6364583333333333 0.21481481481481482 0.6213541666666667 0.21481481481481482
2 0.590625 0.1787037037037037 0.609375 0.1787037037037037 0.609375 0.22777777777777777 0.590625 0.22777777777777777
2 0.5671875 0.16944444444444445 0.5880208333333333 0.16944444444444445 0.5880208333333333 0.225 0.5671875 0.225
2 0.39791666666666664 0.2101851851851852 0.41822916666666665 0.2101851851851852 0.41822916666666665 0.275 0.39791666666666664 0.275
2 0.41770833333333335 0.21944444444444444 0.43697916666666664 0.21944444444444444 0.43697916666666664 0.3037037037037037 0.41770833333333335 0.3037037037037037
2 0.4354166666666667 0.19907407407407407 0.44583333333333336 0.19907407407407407 0.44583333333333336 0.26944444444444443 0.4354166666666667 0.26944444444444443
2 0.45677083333333335 0.18981481481481483 0.46822916666666664 0.18981481481481483 0.46822916666666664 0.2574074074074074 0.45677083333333335 0.2574074074074074
2 0.46927083333333336 0.19722222222222222 0.490625 0.19722222222222222 0.490625 0.26296296296296295 0.46927083333333336 0.26296296296296295
2 0.4817708333333333 0.15185185185185185 0.4953125 0.15185185185185185 0.4953125 0.20277777777777778 0.4817708333333333 0.20277777777777778
2 0.47708333333333336 0.13425925925925927 0.48541666666666666 0.13425925925925927 0.48541666666666666 0.175 0.47708333333333336 0.175
2 0.4041666666666667 0.15462962962962962 0.41302083333333334 0.15462962962962962 0.41302083333333334 0.19166666666666668 0.4041666666666667 0.19166666666666668
2 0.409375 0.15648148148148147 0.421875 0.15648148148148147 0.421875 0.20925925925925926 0.409375 0.20925925925925926
2 0.4171875 0.17222222222222222 0.43072916666666666 0.17222222222222222 0.43072916666666666 0.225 0.4171875 0.225
2 0.43697916666666664 0.14444444444444443 0.44166666666666665 0.14444444444444443 0.44166666666666665 0.19074074074074074 0.43697916666666664 0.19074074074074074
2 0.44583333333333336 0.14907407407407408 0.4510416666666667 0.14907407407407408 0.4510416666666667 0.19722222222222222 0.44583333333333336 0.19722222222222222
2 0.4510416666666667 0.1648148148148148 0.46041666666666664 0.1648148148148148 0.46041666666666664 0.20925925925925926 0.4510416666666667 0.20925925925925926
2 0.4635416666666667 0.13425925925925927 0.4671875 0.13425925925925927 0.4671875 0.17314814814814813 0.4635416666666667 0.17314814814814813
2 0.46510416666666665 0.11574074074074074 0.47291666666666665 0.11574074074074074 0.47291666666666665 0.15092592592592594 0.46510416666666665 0.15092592592592594