1 0.1484375 0.31666666666666665 0.2713541666666667 0.31666666666666665 0.2713541666666667 0.49166666666666664 0.1484375 0.49166666666666664
1 0.4078125 0.2851851851851852 0.4744791666666667 0.2851851851851852 0.4744791666666667 0.39537037037037037 0.4078125 0.39537037037037037
1 0.321875 0.17685185185185184 0.3890625 0.17685185185185184 0.3890625 0.23981481481481481 0.321875 0.23981481481481481
2 0.25 0.7472222222222222 0.32395833333333335 0.7472222222222222 0.32395833333333335 0.9962962962962963 0.25 0.9962962962962963
2 0.8609375 0.8435185185185186 0.9390625 0.8435185185185186 0.9390625 0.9972222222222222 0.8609375 0.9972222222222222
2 0.21666666666666667 0.4398148148148148 0.2671875 0.4398148148148148 0.2671875 0.5564814814814815 0.21666666666666667 0.5564814814814815
2 0.36822916666666666 0.36574074074074076 0.4046875 0.36574074074074076 0.4046875 0.4740740740740741 0.36822916666666666 0.4740740740740741
2 0.15416666666666667 0.5685185185185185 0.21041666666666667 0.5685185185185185 0.21041666666666667 0.7453703703703703 0.15416666666666667 0.7453703703703703
2 0.31614583333333335 0.48055555555555557 0.3640625 0.48055555555555557 0.3640625 0.6277777777777778 0.31614583333333335 0.6277777777777778
2 0 0.8851851851851852 0.0765625 0.8851851851851852 0.0765625 1 0 1
2 0.7651041666666667 0.38055555555555554 0.8088541666666667 0.38055555555555554 0.8088541666666667 0.4935185185185185 0.7651041666666667 0.4935185185185185
2 0.6098958333333333 0.17592592592592593 0.6307291666666667 0.17592592592592593 0.6307291666666667 0.23333333333333334 0.6098958333333333 0.23333333333333334
2 0.6265625 0.21574074074074073 0.6510416666666666 0.21574074074074073 0.6510416666666666 0.28055555555555556 0.6265625 0.28055555555555556
2 0.4979166666666667 0.175 0.5197916666666667 0.175 0.5197916666666667 0.23703703703703705 0.4979166666666667 0.23703703703703705
2 0.45364583333333336 0.17685185185185184 0.471875 0.17685185185185184 0.471875 0.22592592592592592 0.45364583333333336 0.22592592592592592
2 0.3203125 0.3416666666666667 0.35 0.3416666666666667 0.35 0.42592592592592593 0.3203125 0.42592592592592593
2 0.30416666666666664 0.4074074074074074 0.3380208333333333 0.4074074074074074 0.3380208333333333 0.48333333333333334 0.30416666666666664 0.48333333333333334
2 0.6635416666666667 0.21944444444444444 0.6854166666666667 0.21944444444444444 0.6854166666666667 0.2898148148148148 0.6635416666666667 0.2898148148148148
2 0.39010416666666664 0.25555555555555554 0.4119791666666667 0.25555555555555554 0.4119791666666667 0.31851851851851853 0.39010416666666664 0.31851851851851853
2 0.7177083333333333 0.6212962962962963 0.7770833333333333 0.6212962962962963 0.7770833333333333 0.825 0.7177083333333333 0.825
2 0.47552083333333334 0.1527777777777778 0.49114583333333334 0.1527777777777778 0.49114583333333334 0.20277777777777778 0.47552083333333334 0.20277777777777778
2 0.44635416666666666 0.10462962962962963 0.4583333333333333 0.10462962962962963 0.4583333333333333 0.13703703703703704 0.44635416666666666 0.13703703703703704