1 0.3984375 0.9101851851851852 0.4984375 0.9101851851851852 0.4984375 1 0.3984375 1
1 0.2911458333333333 0.4981481481481482 0.31979166666666664 0.4981481481481482 0.31979166666666664 0.5564814814814815 0.2911458333333333 0.5564814814814815
1 0.31927083333333334 0.6972222222222222 0.3546875 0.6972222222222222 0.3546875 0.7907407407407407 0.31927083333333334 0.7907407407407407
1 0.2838541666666667 0.22870370370370371 0.3046875 0.22870370370370371 0.3046875 0.3074074074074074 0.2838541666666667 0.3074074074074074
2 0.49114583333333334 0.8490740740740741 0.5864583333333333 0.8490740740740741 0.5864583333333333 0.9324074074074075 0.49114583333333334 0.9324074074074075
2 0.4875 0.6601851851851852 0.5791666666666667 0.6601851851851852 0.5791666666666667 0.7453703703703703 0.4875 0.7453703703703703
2 0.42604166666666665 0.6212962962962963 0.496875 0.6212962962962963 0.496875 0.6777777777777778 0.42604166666666665 0.6777777777777778
2 0.4276041666666667 0.7194444444444444 0.490625 0.7194444444444444 0.490625 0.7592592592592593 0.4276041666666667 0.7592592592592593
2 0.41822916666666665 0.7712962962962963 0.4786458333333333 0.7712962962962963 0.4786458333333333 0.8194444444444444 0.41822916666666665 0.8194444444444444
2 0.3885416666666667 0.7361111111111112 0.43125 0.7361111111111112 0.43125 0.775 0.3885416666666667 0.775
2 0.36770833333333336 0.6398148148148148 0.425 0.6398148148148148 0.425 0.6731481481481482 0.36770833333333336 0.6731481481481482
2 0.38125 0.5398148148148149 0.42864583333333334 0.5398148148148149 0.42864583333333334 0.5824074074074074 0.38125 0.5824074074074074
2 0.3515625 0.6481481481481481 0.37604166666666666 0.6481481481481481 0.37604166666666666 0.6694444444444444 0.3515625 0.6694444444444444
2 0.3536458333333333 0.7314814814814815 0.3885416666666667 0.7314814814814815 0.3885416666666667 0.7638888888888888 0.3536458333333333 0.7638888888888888
2 0.33697916666666666 0.6268518518518519 0.37447916666666664 0.6268518518518519 0.37447916666666664 0.6472222222222223 0.33697916666666666 0.6472222222222223
2 0.334375 0.5611111111111111 0.375 0.5611111111111111 0.375 0.5907407407407408 0.334375 0.5907407407407408
2 0.3302083333333333 0.537962962962963 0.36302083333333335 0.537962962962963 0.36302083333333335 0.5601851851851852 0.3302083333333333 0.5601851851851852
2 0.325 0.6814814814814815 0.36041666666666666 0.6814814814814815 0.36041666666666666 0.7074074074074074 0.325 0.7074074074074074
2 0.3223958333333333 0.6583333333333333 0.35260416666666666 0.6583333333333333 0.35260416666666666 0.6685185185185185 0.3223958333333333 0.6685185185185185
2 0.32916666666666666 0.6472222222222223 0.35520833333333335 0.6472222222222223 0.35520833333333335 0.6611111111111111 0.32916666666666666 0.6611111111111111
2 0.3140625 0.6231481481481481 0.3380208333333333 0.6231481481481481 0.3380208333333333 0.6444444444444445 0.3140625 0.6444444444444445
2 0.30833333333333335 0.5851851851851851 0.33541666666666664 0.5851851851851851 0.33541666666666664 0.6064814814814815 0.30833333333333335 0.6064814814814815
2 0.3020833333333333 0.6037037037037037 0.328125 0.6037037037037037 0.328125 0.6231481481481481 0.3020833333333333 0.6231481481481481
2 0.30833333333333335 0.5472222222222223 0.3333333333333333 0.5472222222222223 0.3333333333333333 0.5685185185185185 0.30833333333333335 0.5685185185185185
2 0.2916666666666667 0.5675925925925925 0.3140625 0.5675925925925925 0.3140625 0.5851851851851851 0.2916666666666667 0.5851851851851851
2 0.28489583333333335 0.5564814814814815 0.30520833333333336 0.5564814814814815 0.30520833333333336 0.5685185185185185 0.28489583333333335 0.5685185185185185
2 0.2864583333333333 0.5935185185185186 0.30520833333333336 0.5935185185185186 0.30520833333333336 0.6055555555555555 0.2864583333333333 0.6055555555555555
2 0.28125 0.6083333333333333 0.296875 0.6083333333333333 0.296875 0.6194444444444445 0.28125 0.6194444444444445
2 0.2859375 0.48148148148148145 0.3067708333333333 0.48148148148148145 0.3067708333333333 0.49907407407407406 0.2859375 0.49907407407407406
2 0.2796875 0.5407407407407407 0.2953125 0.5407407407407407 0.2953125 0.5509259259259259 0.2796875 0.5509259259259259
2 0.28020833333333334 0.3287037037037037 0.3046875 0.3287037037037037 0.3046875 0.35648148148148145 0.28020833333333334 0.35648148148148145
2 0.3020833333333333 0.31296296296296294 0.33177083333333335 0.31296296296296294 0.33177083333333335 0.3388888888888889 0.3020833333333333 0.3388888888888889
2 0.3145833333333333 0.29259259259259257 0.3484375 0.29259259259259257 0.3484375 0.3148148148148148 0.3145833333333333 0.3148148148148148
2 0.3020833333333333 0.26481481481481484 0.32760416666666664 0.26481481481481484 0.32760416666666664 0.2861111111111111 0.3020833333333333 0.2861111111111111
2 0.3109375 0.24166666666666667 0.34322916666666664 0.24166666666666667 0.34322916666666664 0.2564814814814815 0.3109375 0.2564814814814815