1 0.39791666666666664 0.9083333333333333 0.49895833333333334 0.9083333333333333 0.49895833333333334 1 0.39791666666666664 1
1 0.28802083333333334 0.5 0.3109375 0.5 0.3109375 0.5481481481481482 0.28802083333333334 0.5481481481481482
1 0.3171875 0.7018518518518518 0.35260416666666666 0.7018518518518518 0.35260416666666666 0.7981481481481482 0.3171875 0.7981481481481482
1 0.2859375 0.20185185185185187 0.3098958333333333 0.20185185185185187 0.3098958333333333 0.29444444444444445 0.2859375 0.29444444444444445
2 0.6057291666666667 0.9601851851851851 0.7578125 0.9601851851851851 0.7578125 1 0.6057291666666667 1
2 0.59375 0.7898148148148149 0.7546875 0.7898148148148149 0.7546875 0.8657407407407407 0.59375 0.8657407407407407
2 0.4890625 0.9083333333333333 0.5822916666666667 0.9083333333333333 0.5822916666666667 0.9787037037037037 0.4890625 0.9787037037037037
2 0.43072916666666666 0.7592592592592593 0.5104166666666666 0.7592592592592593 0.5104166666666666 0.8268518518518518 0.43072916666666666 0.8268518518518518
2 0.3885416666666667 0.7129629629629629 0.44583333333333336 0.7129629629629629 0.44583333333333336 0.7638888888888888 0.3885416666666667 0.7638888888888888
2 0.3932291666666667 0.6555555555555556 0.45364583333333336 0.6555555555555556 0.45364583333333336 0.7064814814814815 0.3932291666666667 0.7064814814814815
2 0.4244791666666667 0.6111111111111112 0.4875 0.6111111111111112 0.4875 0.6703703703703704 0.4244791666666667 0.6703703703703704
2 0.3880208333333333 0.5907407407407408 0.44479166666666664 0.5907407407407408 0.44479166666666664 0.6194444444444445 0.3880208333333333 0.6194444444444445
2 0.3609375 0.6962962962962963 0.39791666666666664 0.6962962962962963 0.39791666666666664 0.7212962962962963 0.3609375 0.7212962962962963
2 0.3390625 0.7018518518518518 0.36822916666666666 0.7018518518518518 0.36822916666666666 0.7277777777777777 0.3390625 0.7277777777777777
2 0.3494791666666667 0.6101851851851852 0.3932291666666667 0.6101851851851852 0.3932291666666667 0.6370370370370371 0.3494791666666667 0.6370370370370371
2 0.3489583333333333 0.5203703703703704 0.39791666666666664 0.5203703703703704 0.39791666666666664 0.5537037037037037 0.3489583333333333 0.5537037037037037
2 0.31875 0.6731481481481482 0.3494791666666667 0.6731481481481482 0.3494791666666667 0.6944444444444444 0.31875 0.6944444444444444
2 0.31145833333333334 0.6453703703703704 0.3385416666666667 0.6453703703703704 0.3385416666666667 0.6638888888888889 0.31145833333333334 0.6638888888888889
2 0.3182291666666667 0.6259259259259259 0.346875 0.6259259259259259 0.346875 0.6416666666666667 0.3182291666666667 0.6416666666666667
2 0.325 0.6037037037037037 0.3536458333333333 0.6037037037037037 0.3536458333333333 0.6222222222222222 0.325 0.6222222222222222
2 0.31927083333333334 0.5574074074074075 0.3546875 0.5574074074074075 0.3546875 0.5768518518518518 0.31927083333333334 0.5768518518518518
2 0.3171875 0.5231481481481481 0.34739583333333335 0.5231481481481481 0.34739583333333335 0.5509259259259259 0.3171875 0.5509259259259259
2 0.30052083333333335 0.5453703703703704 0.3234375 0.5453703703703704 0.3234375 0.562037037037037 0.30052083333333335 0.562037037037037
2 0.3020833333333333 0.5851851851851851 0.32916666666666666 0.5851851851851851 0.32916666666666666 0.5944444444444444 0.3020833333333333 0.5944444444444444
2 0.296875 0.600925925925926 0.3151041666666667 0.600925925925926 0.3151041666666667 0.6129629629629629 0.296875 0.6129629629629629
2 0.28541666666666665 0.5601851851851852 0.3067708333333333 0.5601851851851852 0.3067708333333333 0.5740740740740741 0.28541666666666665 0.5740740740740741
2 0.28125 0.5851851851851851 0.2984375 0.5851851851851851 0.2984375 0.600925925925926 0.28125 0.600925925925926
2 0.2796875 0.487962962962963 0.3020833333333333 0.487962962962963 0.3020833333333333 0.5009259259259259 0.2796875 0.5009259259259259
2 0.30572916666666666 0.32314814814814813 0.33177083333333335 0.32314814814814813 0.33177083333333335 0.34074074074074073 0.30572916666666666 0.34074074074074073
2 0.2869791666666667 0.31851851851851853 0.3067708333333333 0.31851851851851853 0.3067708333333333 0.33240740740740743 0.2869791666666667 0.33240740740740743
2 0.3072916666666667 0.2740740740740741 0.32916666666666666 0.2740740740740741 0.32916666666666666 0.29259259259259257 0.3072916666666667 0.29259259259259257
2 0.325 0.27685185185185185 0.36302083333333335 0.27685185185185185 0.36302083333333335 0.30277777777777776 0.325 0.30277777777777776