1 0.1328125 0.34814814814814815 0.2546875 0.34814814814814815 0.2546875 0.5259259259259259 0.1328125 0.5259259259259259
1 0.5520833333333334 0.26851851851851855 0.6130208333333333 0.26851851851851855 0.6130208333333333 0.36574074074074076 0.5520833333333334 0.36574074074074076
1 0.3203125 0.20092592592592592 0.37604166666666666 0.20092592592592592 0.37604166666666666 0.26481481481481484 0.3203125 0.26481481481481484
1 0.4375 0.18796296296296297 0.47552083333333334 0.18796296296296297 0.47552083333333334 0.25462962962962965 0.4375 0.25462962962962965
1 0.5291666666666667 0.1648148148148148 0.559375 0.1648148148148148 0.559375 0.21296296296296297 0.5291666666666667 0.21296296296296297
2 0.13385416666666666 0.5675925925925925 0.19114583333333332 0.5675925925925925 0.19114583333333332 0.7787037037037037 0.13385416666666666 0.7787037037037037
2 0.13020833333333334 0.8027777777777778 0.21822916666666667 0.8027777777777778 0.21822916666666667 0.9888888888888889 0.13020833333333334 0.9888888888888889
2 0.23385416666666667 0.5574074074074075 0.2677083333333333 0.5574074074074075 0.2677083333333333 0.7444444444444445 0.23385416666666667 0.7444444444444445
2 0.24322916666666666 0.42962962962962964 0.26666666666666666 0.42962962962962964 0.26666666666666666 0.5462962962962963 0.24322916666666666 0.5462962962962963
2 0.2921875 0.4074074074074074 0.3145833333333333 0.4074074074074074 0.3145833333333333 0.5185185185185185 0.2921875 0.5185185185185185
2 0.31302083333333336 0.44166666666666665 0.3489583333333333 0.44166666666666665 0.3489583333333333 0.5953703703703703 0.31302083333333336 0.5953703703703703
2 0.3723958333333333 0.46296296296296297 0.39947916666666666 0.46296296296296297 0.39947916666666666 0.6388888888888888 0.3723958333333333 0.6388888888888888
2 0.421875 0.48055555555555557 0.46458333333333335 0.48055555555555557 0.46458333333333335 0.6268518518518519 0.421875 0.6268518518518519
2 0.30885416666666665 0.30277777777777776 0.32760416666666664 0.30277777777777776 0.32760416666666664 0.3787037037037037 0.30885416666666665 0.3787037037037037
2 0.31875 0.31666666666666665 0.3385416666666667 0.31666666666666665 0.3385416666666667 0.412962962962963 0.31875 0.412962962962963
2 0.3380208333333333 0.37222222222222223 0.3776041666666667 0.37222222222222223 0.3776041666666667 0.46296296296296297 0.3380208333333333 0.46296296296296297
2 0.3692708333333333 0.3277777777777778 0.39375 0.3277777777777778 0.39375 0.4166666666666667 0.3692708333333333 0.4166666666666667
2 0.3703125 0.27685185185185185 0.396875 0.27685185185185185 0.396875 0.35648148148148145 0.3703125 0.35648148148148145
2 0.4125 0.25833333333333336 0.43385416666666665 0.25833333333333336 0.43385416666666665 0.3509259259259259 0.4125 0.3509259259259259
2 0.39166666666666666 0.21851851851851853 0.4109375 0.21851851851851853 0.4109375 0.2740740740740741 0.39166666666666666 0.2740740740740741
2 0.39010416666666664 0.19444444444444445 0.4078125 0.19444444444444445 0.4078125 0.2564814814814815 0.39010416666666664 0.2564814814814815
2 0.40989583333333335 0.2074074074074074 0.42864583333333334 0.2074074074074074 0.42864583333333334 0.262037037037037 0.40989583333333335 0.262037037037037
2 0.6901041666666666 0.42685185185185187 0.7239583333333334 0.42685185185185187 0.7239583333333334 0.5481481481481482 0.6901041666666666 0.5481481481481482
2 0.5786458333333333 0.18703703703703703 0.5947916666666667 0.18703703703703703 0.5947916666666667 0.24722222222222223 0.5786458333333333 0.24722222222222223
2 0.6015625 0.1675925925925926 0.6119791666666666 0.1675925925925926 0.6119791666666666 0.23425925925925925 0.6015625 0.23425925925925925
2 0.5901041666666667 0.14351851851851852 0.603125 0.14351851851851852 0.603125 0.20277777777777778 0.5901041666666667 0.20277777777777778
2 0.5614583333333333 0.14351851851851852 0.5713541666666667 0.14351851851851852 0.5713541666666667 0.19074074074074074 0.5614583333333333 0.19074074074074074
2 0.41302083333333334 0.1537037037037037 0.4234375 0.1537037037037037 0.4234375 0.2 0.41302083333333334 0.2
2 0.4276041666666667 0.1685185185185185 0.4390625 0.1685185185185185 0.4390625 0.21481481481481482 0.4276041666666667 0.21481481481481482
2 0.43854166666666666 0.14074074074074075 0.44375 0.14074074074074075 0.44375 0.18333333333333332 0.43854166666666666 0.18333333333333332
2 0.4484375 0.13240740740740742 0.4588541666666667 0.13240740740740742 0.4588541666666667 0.17407407407407408 0.4484375 0.17407407407407408
2 0.46458333333333335 0.13703703703703704 0.47604166666666664 0.13703703703703704 0.47604166666666664 0.17685185185185184 0.46458333333333335 0.17685185185185184
2 0.49635416666666665 0.18611111111111112 0.5234375 0.18611111111111112 0.5234375 0.25925925925925924 0.49635416666666665 0.25925925925925924