1 0.48385416666666664 0 0.584375 0 0.584375 0.06296296296296296 0.48385416666666664 0.06296296296296296
1 0.5526041666666667 0.5981481481481481 0.6140625 0.5981481481481481 0.6140625 0.7203703703703703 0.5526041666666667 0.7203703703703703
1 0.6317708333333333 0.18333333333333332 0.6677083333333333 0.18333333333333332 0.6677083333333333 0.2861111111111111 0.6317708333333333 0.2861111111111111
1 0.6572916666666667 0.5518518518518518 0.6838541666666667 0.5518518518518518 0.6838541666666667 0.6074074074074074 0.6572916666666667 0.6074074074074074
1 0.6447916666666667 0.3907407407407407 0.6817708333333333 0.3907407407407407 0.6817708333333333 0.45740740740740743 0.6447916666666667 0.45740740740740743
2 0.4203125 0 0.5119791666666667 0 0.5119791666666667 0.041666666666666664 0.4203125 0.041666666666666664
2 0.33229166666666665 0.007407407407407408 0.4395833333333333 0.007407407407407408 0.4395833333333333 0.10185185185185185 0.33229166666666665 0.10185185185185185
2 0.4453125 0.11388888888888889 0.525 0.11388888888888889 0.525 0.18703703703703703 0.4453125 0.18703703703703703
2 0.4947916666666667 0.08703703703703704 0.5604166666666667 0.08703703703703704 0.5604166666666667 0.14722222222222223 0.4947916666666667 0.14722222222222223
2 0.5223958333333333 0.15833333333333333 0.5776041666666667 0.15833333333333333 0.5776041666666667 0.21851851851851853 0.5223958333333333 0.21851851851851853
2 0.5104166666666666 0.2324074074074074 0.5713541666666667 0.2324074074074074 0.5713541666666667 0.3 0.5104166666666666 0.3
2 0.5557291666666667 0.23981481481481481 0.5989583333333334 0.23981481481481481 0.5989583333333334 0.29259259259259257 0.5557291666666667 0.29259259259259257
2 0.5682291666666667 0.2037037037037037 0.6208333333333333 0.2037037037037037 0.6208333333333333 0.25092592592592594 0.5682291666666667 0.25092592592592594
2 0.5791666666666667 0.16944444444444445 0.6286458333333333 0.16944444444444445 0.6286458333333333 0.21851851851851853 0.5791666666666667 0.21851851851851853
2 0.49270833333333336 0.31574074074074077 0.5682291666666667 0.31574074074074077 0.5682291666666667 0.3712962962962963 0.49270833333333336 0.3712962962962963
2 0.4973958333333333 0.4009259259259259 0.5744791666666667 0.4009259259259259 0.5744791666666667 0.4666666666666667 0.4973958333333333 0.4666666666666667
1 0.21875 0 0.3619791666666667 0 0.3619791666666667 0.2712962962962963 0.21875 0.2712962962962963
2 0.39114583333333336 0.9138888888888889 0.484375 0.9138888888888889 0.484375 1 0.39114583333333336 1
2 0.5901041666666667 0.3453703703703704 0.6364583333333333 0.3453703703703704 0.6364583333333333 0.39537037037037037 0.5901041666666667 0.39537037037037037
2 0.6026041666666667 0.2796296296296296 0.6338541666666667 0.2796296296296296 0.6338541666666667 0.325 0.6026041666666667 0.325
2 0.5692708333333333 0.2861111111111111 0.6104166666666667 0.2861111111111111 0.6104166666666667 0.33611111111111114 0.5692708333333333 0.33611111111111114
2 0.6520833333333333 0.3148148148148148 0.6786458333333333 0.3148148148148148 0.6786458333333333 0.34074074074074073 0.6520833333333333 0.34074074074074073
2 0.6302083333333334 0.3194444444444444 0.6609375 0.3194444444444444 0.6609375 0.3472222222222222 0.6302083333333334 0.3472222222222222
2 0.6453125 0.3509259259259259 0.6697916666666667 0.3509259259259259 0.6697916666666667 0.37777777777777777 0.6453125 0.37777777777777777
2 0.6723958333333333 0.3472222222222222 0.6942708333333333 0.3472222222222222 0.6942708333333333 0.37592592592592594 0.6723958333333333 0.37592592592592594
2 0.6645833333333333 0.3675925925925926 0.6875 0.3675925925925926 0.6875 0.3962962962962963 0.6645833333333333 0.3962962962962963
2 0.6401041666666667 0.49166666666666664 0.6682291666666667 0.49166666666666664 0.6682291666666667 0.5287037037037037 0.6401041666666667 0.5287037037037037
2 0.6333333333333333 0.6370370370370371 0.6677083333333333 0.6370370370370371 0.6677083333333333 0.674074074074074 0.6333333333333333 0.674074074074074
2 0.6447916666666667 0.6842592592592592 0.6744791666666666 0.6842592592592592 0.6744791666666666 0.7037037037037037 0.6447916666666667 0.7037037037037037
2 0.6630208333333333 0.6685185185185185 0.690625 0.6685185185185185 0.690625 0.6972222222222222 0.6630208333333333 0.6972222222222222
2 0.6697916666666667 0.6101851851851852 0.696875 0.6101851851851852 0.696875 0.6370370370370371 0.6697916666666667 0.6370370370370371
2 0.6765625 0.6555555555555556 0.6963541666666667 0.6555555555555556 0.6963541666666667 0.6703703703703704 0.6765625 0.6703703703703704