1 0.42083333333333334 0.2564814814814815 0.48020833333333335 0.2564814814814815 0.48020833333333335 0.3527777777777778 0.42083333333333334 0.3527777777777778
1 0.3229166666666667 0.17592592592592593 0.39166666666666666 0.17592592592592593 0.39166666666666666 0.23796296296296296 0.3229166666666667 0.23796296296296296
1 0.14947916666666666 0.3175925925925926 0.27239583333333334 0.3175925925925926 0.27239583333333334 0.4925925925925926 0.14947916666666666 0.4925925925925926
2 0.11458333333333333 0.65 0.1953125 0.65 0.1953125 0.8703703703703703 0.11458333333333333 0.8703703703703703
2 0.8203125 0.45185185185185184 0.8734375 0.45185185185185184 0.8734375 0.587037037037037 0.8203125 0.587037037037037
2 0.6848958333333334 0.25925925925925924 0.7130208333333333 0.25925925925925924 0.7130208333333333 0.3398148148148148 0.6848958333333334 0.3398148148148148
2 0.4083333333333333 0.22870370370370371 0.43020833333333336 0.22870370370370371 0.43020833333333336 0.28888888888888886 0.4083333333333333 0.28888888888888886
2 0.22552083333333334 0.46111111111111114 0.2682291666666667 0.46111111111111114 0.2682291666666667 0.6018518518518519 0.22552083333333334 0.6018518518518519
2 0.6421875 0.2564814814814815 0.6697916666666667 0.2564814814814815 0.6697916666666667 0.3296296296296296 0.6421875 0.3296296296296296
2 0.32708333333333334 0.5435185185185185 0.3802083333333333 0.5435185185185185 0.3802083333333333 0.7268518518518519 0.32708333333333334 0.7268518518518519
2 0.3411458333333333 0.3055555555555556 0.3692708333333333 0.3055555555555556 0.3692708333333333 0.3787037037037037 0.3411458333333333 0.3787037037037037
1 0.5369791666666667 0.14629629629629629 0.5989583333333334 0.14629629629629629 0.5989583333333334 0.2953703703703704 0.5369791666666667 0.2953703703703704
2 0.38697916666666665 0.30648148148148147 0.41875 0.30648148148148147 0.41875 0.3972222222222222 0.38697916666666665 0.3972222222222222
2 0.45729166666666665 0.16111111111111112 0.4734375 0.16111111111111112 0.4734375 0.2074074074074074 0.45729166666666665 0.2074074074074074
2 0.32708333333333334 0.3648148148148148 0.3567708333333333 0.3648148148148148 0.3567708333333333 0.4666666666666667 0.32708333333333334 0.4666666666666667
2 0.6197916666666666 0.1814814814814815 0.6333333333333333 0.1814814814814815 0.6333333333333333 0.25555555555555554 0.6197916666666666 0.25555555555555554
2 0.478125 0.14444444444444443 0.4921875 0.14444444444444443 0.4921875 0.18703703703703703 0.478125 0.18703703703703703
2 0.49583333333333335 0.1712962962962963 0.5171875 0.1712962962962963 0.5171875 0.2324074074074074 0.49583333333333335 0.2324074074074074
2 0.2630208333333333 0.37592592592592594 0.3 0.37592592592592594 0.3 0.4888888888888889 0.2630208333333333 0.4888888888888889
2 0.571875 0.11203703703703703 0.5880208333333333 0.11203703703703703 0.5880208333333333 0.14444444444444443 0.571875 0.14444444444444443
2 0.3619791666666667 0.3962962962962963 0.3984375 0.3962962962962963 0.3984375 0.5064814814814815 0.3619791666666667 0.5064814814814815
2 0.44947916666666665 0.09907407407407408 0.46197916666666666 0.09907407407407408 0.46197916666666666 0.1287037037037037 0.44947916666666665 0.1287037037037037
2 0.6307291666666667 0.18518518518518517 0.6526041666666667 0.18518518518518517 0.6526041666666667 0.2462962962962963 0.6307291666666667 0.2462962962962963