1 0.40729166666666666 0.9287037037037037 0.5098958333333333 0.9287037037037037 0.5098958333333333 1 0.40729166666666666 1
1 0.35572916666666665 0.5314814814814814 0.40989583333333335 0.5314814814814814 0.40989583333333335 0.6268518518518519 0.35572916666666665 0.6268518518518519
1 0.321875 0.32407407407407407 0.36614583333333334 0.32407407407407407 0.36614583333333334 0.4083333333333333 0.321875 0.4083333333333333
1 0.3255208333333333 0.7111111111111111 0.36302083333333335 0.7111111111111111 0.36302083333333335 0.8101851851851852 0.3255208333333333 0.8101851851851852
1 0.290625 0.4046296296296296 0.31302083333333336 0.4046296296296296 0.31302083333333336 0.45092592592592595 0.290625 0.45092592592592595
2 0.44375 0 0.5046875 0 0.5046875 0.06851851851851852 0.44375 0.06851851851851852
2 0.6109375 0.8972222222222223 0.7458333333333333 0.8972222222222223 0.7458333333333333 1 0.6109375 1
2 0.48333333333333334 0.9546296296296296 0.571875 0.9546296296296296 0.571875 1 0.48333333333333334 1
2 0.46145833333333336 0.9287037037037037 0.5135416666666667 0.9287037037037037 0.5135416666666667 0.9990740740740741 0.46145833333333336 0.9990740740740741
2 0.5098958333333333 0.85 0.6 0.85 0.6 0.9222222222222223 0.5098958333333333 0.9222222222222223
2 0.44375 0.7768518518518519 0.5109375 0.7768518518518519 0.5109375 0.825 0.44375 0.825
2 0.44895833333333335 0.6722222222222223 0.5270833333333333 0.6722222222222223 0.5270833333333333 0.7462962962962963 0.44895833333333335 0.7462962962962963
2 0.3875 0.7379629629629629 0.4322916666666667 0.7379629629629629 0.4322916666666667 0.7777777777777778 0.3875 0.7777777777777778
2 0.3494791666666667 0.7092592592592593 0.38697916666666665 0.7092592592592593 0.38697916666666665 0.7379629629629629 0.3494791666666667 0.7379629629629629
2 0.378125 0.6546296296296297 0.42916666666666664 0.6546296296296297 0.42916666666666664 0.6990740740740741 0.378125 0.6990740740740741
2 0.3145833333333333 0.6527777777777778 0.35104166666666664 0.6527777777777778 0.35104166666666664 0.6814814814814815 0.3145833333333333 0.6814814814814815
2 0.2791666666666667 0.6537037037037037 0.30572916666666666 0.6537037037037037 0.30572916666666666 0.6759259259259259 0.2791666666666667 0.6759259259259259
2 0.334375 0.6333333333333333 0.3703125 0.6333333333333333 0.3703125 0.6537037037037037 0.334375 0.6537037037037037
2 0.2984375 0.6268518518518519 0.3255208333333333 0.6268518518518519 0.3255208333333333 0.6435185185185185 0.2984375 0.6435185185185185
2 0.3109375 0.6018518518518519 0.34010416666666665 0.6018518518518519 0.34010416666666665 0.625 0.3109375 0.625
2 0.3072916666666667 0.5768518518518518 0.334375 0.5768518518518518 0.334375 0.5981481481481481 0.3072916666666667 0.5981481481481481
2 0.3104166666666667 0.549074074074074 0.340625 0.549074074074074 0.340625 0.5712962962962963 0.3104166666666667 0.5712962962962963
2 0.29322916666666665 0.5888888888888889 0.315625 0.5888888888888889 0.315625 0.6046296296296296 0.29322916666666665 0.6046296296296296
2 0.28802083333333334 0.5694444444444444 0.3104166666666667 0.5694444444444444 0.3104166666666667 0.5824074074074074 0.28802083333333334 0.5824074074074074
2 0.2869791666666667 0.5527777777777778 0.309375 0.5527777777777778 0.309375 0.5712962962962963 0.2869791666666667 0.5712962962962963
2 0.3234375 0.44722222222222224 0.3541666666666667 0.44722222222222224 0.3541666666666667 0.48518518518518516 0.3234375 0.48518518518518516
2 0.346875 0.23981481481481481 0.3885416666666667 0.23981481481481481 0.3885416666666667 0.27314814814814814 0.346875 0.27314814814814814
2 0.29375 0.3712962962962963 0.3171875 0.3712962962962963 0.3171875 0.38796296296296295 0.29375 0.38796296296296295
2 0.29322916666666665 0.33240740740740743 0.31614583333333335 0.33240740740740743 0.31614583333333335 0.35555555555555557 0.29322916666666665 0.35555555555555557