1 0.41770833333333335 0.9351851851851852 0.5182291666666666 0.9351851851851852 0.5182291666666666 1 0.41770833333333335 1
1 0.546875 0.6555555555555556 0.703125 0.6555555555555556 0.703125 0.9148148148148149 0.546875 0.9148148148148149
1 0.40729166666666666 0.25833333333333336 0.475 0.25833333333333336 0.475 0.38981481481481484 0.40729166666666666 0.38981481481481484
1 0.334375 0.7166666666666667 0.3703125 0.7166666666666667 0.3703125 0.8194444444444444 0.334375 0.8194444444444444
1 0.3151041666666667 0.5388888888888889 0.34739583333333335 0.5388888888888889 0.34739583333333335 0.5981481481481481 0.3151041666666667 0.5981481481481481
1 0.321875 0.38425925925925924 0.35260416666666666 0.38425925925925924 0.35260416666666666 0.44722222222222224 0.321875 0.44722222222222224
1 0.30885416666666665 0.1685185185185185 0.33125 0.1685185185185185 0.33125 0.24814814814814815 0.30885416666666665 0.24814814814814815
2 0.6625 0.6166666666666667 0.78125 0.6166666666666667 0.78125 0.7546296296296297 0.6625 0.7546296296296297
2 0.4947916666666667 0.8296296296296296 0.5744791666666667 0.8296296296296296 0.5744791666666667 0.8851851851851852 0.4947916666666667 0.8851851851851852
2 0.4583333333333333 0.8935185185185185 0.521875 0.8935185185185185 0.521875 0.9462962962962963 0.4583333333333333 0.9462962962962963
2 0.4161458333333333 0.825 0.47760416666666666 0.825 0.47760416666666666 0.8814814814814815 0.4161458333333333 0.8814814814814815
2 0.4390625 0.775 0.4942708333333333 0.775 0.4942708333333333 0.8166666666666667 0.4390625 0.8166666666666667
2 0.40729166666666666 0.7712962962962963 0.44166666666666665 0.7712962962962963 0.44166666666666665 0.7972222222222223 0.40729166666666666 0.7972222222222223
2 0.365625 0.7666666666666667 0.40572916666666664 0.7666666666666667 0.40572916666666664 0.7962962962962963 0.365625 0.7962962962962963
2 0.3734375 0.7324074074074074 0.42083333333333334 0.7324074074074074 0.42083333333333334 0.7731481481481481 0.3734375 0.7731481481481481
2 0.38697916666666665 0.7037037037037037 0.434375 0.7037037037037037 0.434375 0.7388888888888889 0.38697916666666665 0.7388888888888889
2 0.39947916666666666 0.674074074074074 0.46458333333333335 0.674074074074074 0.46458333333333335 0.712037037037037 0.39947916666666666 0.712037037037037
2 0.4109375 0.6092592592592593 0.4765625 0.6092592592592593 0.4765625 0.65 0.4109375 0.65
2 0.3963541666666667 0.5342592592592592 0.46145833333333336 0.5342592592592592 0.46145833333333336 0.5851851851851851 0.3963541666666667 0.5851851851851851
2 0.3494791666666667 0.6583333333333333 0.38697916666666665 0.6583333333333333 0.38697916666666665 0.6944444444444444 0.3494791666666667 0.6944444444444444
2 0.346875 0.6148148148148148 0.39375 0.6148148148148148 0.39375 0.6435185185185185 0.346875 0.6435185185185185
2 0.37604166666666666 0.6583333333333333 0.41510416666666666 0.6583333333333333 0.41510416666666666 0.6925925925925925 0.37604166666666666 0.6925925925925925
2 0.3338541666666667 0.6453703703703704 0.36302083333333335 0.6453703703703704 0.36302083333333335 0.6712962962962963 0.3338541666666667 0.6712962962962963
2 0.31979166666666664 0.649074074074074 0.3494791666666667 0.649074074074074 0.3494791666666667 0.6787037037037037 0.31979166666666664 0.6787037037037037
2 0.3203125 0.6138888888888889 0.3515625 0.6138888888888889 0.3515625 0.6351851851851852 0.3203125 0.6351851851851852
2 0.303125 0.6314814814814815 0.321875 0.6314814814814815 0.321875 0.6462962962962963 0.303125 0.6462962962962963
2 0.30572916666666666 0.6018518518518519 0.32760416666666664 0.6018518518518519 0.32760416666666664 0.6203703703703703 0.30572916666666666 0.6203703703703703
2 0.33177083333333335 0.4685185185185185 0.365625 0.4685185185185185 0.365625 0.5074074074074074 0.33177083333333335 0.5074074074074074
2 0.34270833333333334 0.32314814814814813 0.3776041666666667 0.32314814814814813 0.3776041666666667 0.34629629629629627 0.34270833333333334 0.34629629629629627
2 0.3380208333333333 0.26851851851851855 0.3729166666666667 0.26851851851851855 0.3729166666666667 0.30277777777777776 0.3380208333333333 0.30277777777777776
2 0.3260416666666667 0.29444444444444445 0.35208333333333336 0.29444444444444445 0.35208333333333336 0.3212962962962963 0.3260416666666667 0.3212962962962963
2 0.3109375 0.32685185185185184 0.334375 0.32685185185185184 0.334375 0.3509259259259259 0.3109375 0.3509259259259259
2 0.31302083333333336 0.3592592592592593 0.33958333333333335 0.3592592592592593 0.33958333333333335 0.3888888888888889 0.31302083333333336 0.3888888888888889