1 0.4083333333333333 0.925 0.5104166666666666 0.925 0.5104166666666666 1 0.4083333333333333 1
1 0.35104166666666664 0.5314814814814814 0.40572916666666664 0.5314814814814814 0.40572916666666664 0.6268518518518519 0.35104166666666664 0.6268518518518519
1 0.3255208333333333 0.32407407407407407 0.3697916666666667 0.32407407407407407 0.3697916666666667 0.40925925925925927 0.3255208333333333 0.40925925925925927
1 0.3260416666666667 0.7138888888888889 0.3619791666666667 0.7138888888888889 0.3619791666666667 0.812037037037037 0.3260416666666667 0.812037037037037
2 0.5744791666666667 0.8898148148148148 0.6989583333333333 0.8898148148148148 0.6989583333333333 1 0.5744791666666667 1
2 0.478125 0.9194444444444444 0.5677083333333334 0.9194444444444444 0.5677083333333334 1 0.478125 1
2 0.49270833333333336 0.8305555555555556 0.6020833333333333 0.8305555555555556 0.6020833333333333 0.899074074074074 0.49270833333333336 0.899074074074074
2 0.43385416666666665 0.7620370370370371 0.525 0.7620370370370371 0.525 0.8212962962962963 0.43385416666666665 0.8212962962962963
2 0.446875 0.6731481481481482 0.5302083333333333 0.6731481481481482 0.5302083333333333 0.7379629629629629 0.446875 0.7379629629629629
2 0.4453125 0 0.5286458333333334 0 0.5286458333333334 0.04537037037037037 0.4453125 0.04537037037037037
2 0.35208333333333336 0.24537037037037038 0.39479166666666665 0.24537037037037038 0.39479166666666665 0.275 0.35208333333333336 0.275
2 0.37864583333333335 0.7296296296296296 0.4239583333333333 0.7296296296296296 0.4239583333333333 0.7685185185185185 0.37864583333333335 0.7685185185185185
2 0.37604166666666666 0.6592592592592592 0.4234375 0.6592592592592592 0.4234375 0.6962962962962963 0.37604166666666666 0.6962962962962963
2 0.35052083333333334 0.700925925925926 0.3953125 0.700925925925926 0.3953125 0.7388888888888889 0.35052083333333334 0.7388888888888889
2 0.3223958333333333 0.6453703703703704 0.35572916666666665 0.6453703703703704 0.35572916666666665 0.6768518518518518 0.3223958333333333 0.6768518518518518
2 0.28489583333333335 0.6592592592592592 0.30520833333333336 0.6592592592592592 0.30520833333333336 0.6712962962962963 0.28489583333333335 0.6712962962962963
2 0.33177083333333335 0.6259259259259259 0.3697916666666667 0.6259259259259259 0.3697916666666667 0.6472222222222223 0.33177083333333335 0.6472222222222223
2 0.31145833333333334 0.6083333333333333 0.3385416666666667 0.6083333333333333 0.3385416666666667 0.6240740740740741 0.31145833333333334 0.6240740740740741
2 0.29635416666666664 0.6185185185185185 0.33229166666666665 0.6185185185185185 0.33229166666666665 0.6444444444444445 0.29635416666666664 0.6444444444444445
2 0.3125 0.5398148148148149 0.3411458333333333 0.5398148148148149 0.3411458333333333 0.5712962962962963 0.3125 0.5712962962962963
2 0.309375 0.5768518518518518 0.33125 0.5768518518518518 0.33125 0.5935185185185186 0.309375 0.5935185185185186
2 0.2947916666666667 0.5861111111111111 0.31197916666666664 0.5861111111111111 0.31197916666666664 0.600925925925926 0.2947916666666667 0.600925925925926
2 0.2890625 0.5703703703703704 0.31145833333333334 0.5703703703703704 0.31145833333333334 0.5879629629629629 0.2890625 0.5879629629629629
2 0.3255208333333333 0.44537037037037036 0.3567708333333333 0.44537037037037036 0.3567708333333333 0.4861111111111111 0.3255208333333333 0.4861111111111111
2 0.29583333333333334 0.3675925925925926 0.3177083333333333 0.3675925925925926 0.3177083333333333 0.38425925925925924 0.29583333333333334 0.38425925925925924
2 0.2953125 0.3296296296296296 0.3177083333333333 0.3296296296296296 0.3177083333333333 0.35185185185185186 0.2953125 0.35185185185185186
1 0.2916666666666667 0.4074074074074074 0.3145833333333333 0.4074074074074074 0.3145833333333333 0.44814814814814813 0.2916666666666667 0.44814814814814813
2 0.2869791666666667 0.5518518518518518 0.309375 0.5518518518518518 0.309375 0.5666666666666667 0.2869791666666667 0.5666666666666667