1 0.4583333333333333 0.19074074074074074 0.5546875 0.19074074074074074 0.5546875 0.3787037037037037 0.4583333333333333 0.3787037037037037
1 0.4192708333333333 0.937962962962963 0.5197916666666667 0.937962962962963 0.5197916666666667 1 0.4192708333333333 1
1 0.4609375 0.6101851851851852 0.5541666666666667 0.6101851851851852 0.5541666666666667 0.7777777777777778 0.4609375 0.7777777777777778
1 0.3359375 0.7388888888888889 0.371875 0.7388888888888889 0.371875 0.825 0.3359375 0.825
1 0.3385416666666667 0.375 0.371875 0.375 0.371875 0.44351851851851853 0.3385416666666667 0.44351851851851853
1 0.3098958333333333 0.16296296296296298 0.33229166666666665 0.16296296296296298 0.33229166666666665 0.2518518518518518 0.3098958333333333 0.2518518518518518
1 0.309375 0.5425925925925926 0.3385416666666667 0.5425925925925926 0.3385416666666667 0.5990740740740741 0.309375 0.5990740740740741
2 0.5234375 0.8759259259259259 0.5807291666666666 0.8759259259259259 0.5807291666666666 0.9592592592592593 0.5234375 0.9592592592592593
1 0.29375 0.43703703703703706 0.3125 0.43703703703703706 0.3125 0.48055555555555557 0.29375 0.48055555555555557
2 0.5244791666666667 0.6018518518518519 0.6432291666666666 0.6018518518518519 0.6432291666666666 0.6842592592592592 0.5244791666666667 0.6842592592592592
2 0.40989583333333335 0.812037037037037 0.46875 0.812037037037037 0.46875 0.8453703703703703 0.40989583333333335 0.8453703703703703
2 0.4296875 0.7472222222222222 0.49635416666666665 0.7472222222222222 0.49635416666666665 0.7944444444444444 0.4296875 0.7944444444444444
2 0.39479166666666665 0.7703703703703704 0.4473958333333333 0.7703703703703704 0.4473958333333333 0.8138888888888889 0.39479166666666665 0.8138888888888889
2 0.39791666666666664 0.7083333333333334 0.44947916666666665 0.7083333333333334 0.44947916666666665 0.7490740740740741 0.39791666666666664 0.7490740740740741
2 0.37395833333333334 0.5944444444444444 0.42916666666666664 0.5944444444444444 0.42916666666666664 0.6351851851851852 0.37395833333333334 0.6351851851851852
2 0.36614583333333334 0.5462962962962963 0.40989583333333335 0.5462962962962963 0.40989583333333335 0.5851851851851851 0.36614583333333334 0.5851851851851851
2 0.36354166666666665 0.6833333333333333 0.4083333333333333 0.6833333333333333 0.4083333333333333 0.7287037037037037 0.36354166666666665 0.7287037037037037
2 0.36822916666666666 0.6425925925925926 0.41354166666666664 0.6425925925925926 0.41354166666666664 0.675 0.36822916666666666 0.675
2 0.378125 0.7398148148148148 0.415625 0.7398148148148148 0.415625 0.775 0.378125 0.775
2 0.3546875 0.7388888888888889 0.3828125 0.7388888888888889 0.3828125 0.7601851851851852 0.3546875 0.7601851851851852
2 0.35885416666666664 0.7166666666666667 0.3958333333333333 0.7166666666666667 0.3958333333333333 0.7398148148148148 0.35885416666666664 0.7398148148148148
2 0.34010416666666665 0.6509259259259259 0.37083333333333335 0.6509259259259259 0.37083333333333335 0.6842592592592592 0.34010416666666665 0.6842592592592592
2 0.3375 0.6027777777777777 0.36822916666666666 0.6027777777777777 0.36822916666666666 0.6324074074074074 0.3375 0.6324074074074074
2 0.30833333333333335 0.6472222222222223 0.3380208333333333 0.6472222222222223 0.3380208333333333 0.6685185185185185 0.30833333333333335 0.6685185185185185
2 0.325 0.6324074074074074 0.35260416666666666 0.6324074074074074 0.35260416666666666 0.6527777777777778 0.325 0.6527777777777778
2 0.3125 0.6194444444444445 0.3375 0.6194444444444445 0.3375 0.637962962962963 0.3125 0.637962962962963
2 0.36875 0.2824074074074074 0.4161458333333333 0.2824074074074074 0.4161458333333333 0.325 0.36875 0.325
2 0.3536458333333333 0.24166666666666667 0.3963541666666667 0.24166666666666667 0.3963541666666667 0.28703703703703703 0.3536458333333333 0.28703703703703703
2 0.3338541666666667 0.2777777777777778 0.37135416666666665 0.2777777777777778 0.37135416666666665 0.3074074074074074 0.3338541666666667 0.3074074074074074
2 0.31666666666666665 0.31203703703703706 0.3494791666666667 0.31203703703703706 0.3494791666666667 0.3453703703703704 0.31666666666666665 0.3453703703703704
2 0.3203125 0.337037037037037 0.35520833333333335 0.337037037037037 0.35520833333333335 0.3731481481481482 0.3203125 0.3731481481481482
2 0.3265625 0.5157407407407407 0.35520833333333335 0.5157407407407407 0.35520833333333335 0.537962962962963 0.3265625 0.537962962962963
2 0.33229166666666665 0.46944444444444444 0.371875 0.46944444444444444 0.371875 0.5120370370370371 0.33229166666666665 0.5120370370370371
2 0.2984375 0.3425925925925926 0.32083333333333336 0.3425925925925926 0.32083333333333336 0.35833333333333334 0.2984375 0.35833333333333334
2 0.2947916666666667 0.37037037037037035 0.3182291666666667 0.37037037037037035 0.3182291666666667 0.3861111111111111 0.2947916666666667 0.3861111111111111
2 0.29791666666666666 0.3851851851851852 0.32135416666666666 0.3851851851851852 0.32135416666666666 0.4111111111111111 0.29791666666666666 0.4111111111111111
2 0.29583333333333334 0.4074074074074074 0.31927083333333334 0.4074074074074074 0.31927083333333334 0.42592592592592593 0.29583333333333334 0.42592592592592593
2 0.34322916666666664 0.4777777777777778 0.3489583333333333 0.4777777777777778 0.3489583333333333 0.5944444444444444 0.34322916666666664 0.5944444444444444