1 0.390625 0.9148148148148149 0.49270833333333336 0.9148148148148149 0.49270833333333336 1 0.390625 1
1 0.3729166666666667 0.14074074074074075 0.43645833333333334 0.14074074074074075 0.43645833333333334 0.2796296296296296 0.3729166666666667 0.2796296296296296
0 0.33177083333333335 0.6611111111111111 0.44947916666666665 0.6611111111111111 0.44947916666666665 0.8703703703703703 0.33177083333333335 0.8703703703703703
1 0.26666666666666666 0.40370370370370373 0.2864583333333333 0.40370370370370373 0.2864583333333333 0.45092592592592595 0.26666666666666666 0.45092592592592595
2 0.44895833333333335 0 0.5171875 0 0.5171875 0.03333333333333333 0.44895833333333335 0.03333333333333333
2 0.4546875 0.7472222222222222 0.5255208333333333 0.7472222222222222 0.5255208333333333 0.8166666666666667 0.4546875 0.8166666666666667
2 0.4505208333333333 0.10925925925925926 0.5171875 0.10925925925925926 0.5171875 0.1814814814814815 0.4505208333333333 0.1814814814814815
1 0.296875 0.5120370370370371 0.33125 0.5120370370370371 0.33125 0.5861111111111111 0.296875 0.5861111111111111
2 0.5442708333333334 0.7842592592592592 0.65 0.7842592592592592 0.65 0.8712962962962963 0.5442708333333334 0.8712962962962963
2 0.36614583333333334 0.5425925925925926 0.4161458333333333 0.5425925925925926 0.4161458333333333 0.6027777777777777 0.36614583333333334 0.6027777777777777
2 0.43385416666666665 0.587037037037037 0.5036458333333333 0.587037037037037 0.5036458333333333 0.6564814814814814 0.43385416666666665 0.6564814814814814
2 0.284375 0.38981481481481484 0.3078125 0.38981481481481484 0.3078125 0.4166666666666667 0.284375 0.4166666666666667
2 0.39166666666666666 0.03611111111111111 0.44895833333333335 0.03611111111111111 0.44895833333333335 0.09351851851851851 0.39166666666666666 0.09351851851851851
2 0.38697916666666665 0.30462962962962964 0.4432291666666667 0.30462962962962964 0.4432291666666667 0.36574074074074076 0.38697916666666665 0.36574074074074076
2 0.309375 0.45 0.34270833333333334 0.45 0.34270833333333334 0.4925925925925926 0.309375 0.4925925925925926
2 0.31979166666666664 0.2777777777777778 0.35885416666666664 0.2777777777777778 0.35885416666666664 0.3138888888888889 0.31979166666666664 0.3138888888888889