1 0.4036458333333333 0.9120370370370371 0.5041666666666667 0.9120370370370371 0.5041666666666667 1 0.4036458333333333 1
1 0.31927083333333334 0.6962962962962963 0.35520833333333335 0.6962962962962963 0.35520833333333335 0.8 0.31927083333333334 0.8
1 0.2796875 0.37407407407407406 0.30572916666666666 0.37407407407407406 0.30572916666666666 0.42407407407407405 0.2796875 0.42407407407407405
1 0.2869791666666667 0.11944444444444445 0.3177083333333333 0.11944444444444445 0.3177083333333333 0.24537037037037038 0.2869791666666667 0.24537037037037038
2 0.4234375 0.8222222222222222 0.5015625 0.8222222222222222 0.5015625 0.8611111111111112 0.4234375 0.8611111111111112
2 0.47552083333333334 0.7037037037037037 0.5552083333333333 0.7037037037037037 0.5552083333333333 0.7694444444444445 0.47552083333333334 0.7694444444444445
2 0.41354166666666664 0.700925925925926 0.47760416666666666 0.700925925925926 0.47760416666666666 0.7509259259259259 0.41354166666666664 0.7509259259259259
2 0.4109375 0.6129629629629629 0.47291666666666665 0.6129629629629629 0.47291666666666665 0.6675925925925926 0.4109375 0.6675925925925926
2 0.37604166666666666 0.7203703703703703 0.43645833333333334 0.7203703703703703 0.43645833333333334 0.7722222222222223 0.37604166666666666 0.7722222222222223
2 0.33958333333333335 0.6509259259259259 0.3734375 0.6509259259259259 0.3734375 0.6722222222222223 0.33958333333333335 0.6722222222222223
2 0.3489583333333333 0.625 0.39375 0.625 0.39375 0.6444444444444445 0.3489583333333333 0.6444444444444445
2 0.3328125 0.600925925925926 0.3671875 0.600925925925926 0.3671875 0.6157407407407407 0.3328125 0.6157407407407407
2 0.3338541666666667 0.5601851851851852 0.365625 0.5601851851851852 0.365625 0.5768518518518518 0.3338541666666667 0.5768518518518518
2 0.33541666666666664 0.5305555555555556 0.37447916666666664 0.5305555555555556 0.37447916666666664 0.5518518518518518 0.33541666666666664 0.5518518518518518
2 0.36354166666666665 0.2037037037037037 0.40677083333333336 0.2037037037037037 0.40677083333333336 0.2361111111111111 0.36354166666666665 0.2361111111111111
2 0.34010416666666665 0.2111111111111111 0.36770833333333336 0.2111111111111111 0.36770833333333336 0.23148148148148148 0.34010416666666665 0.23148148148148148
2 0.31354166666666666 0.34074074074074073 0.34322916666666664 0.34074074074074073 0.34322916666666664 0.3824074074074074 0.31354166666666666 0.3824074074074074
2 0.31666666666666665 0.30185185185185187 0.3489583333333333 0.30185185185185187 0.3489583333333333 0.3333333333333333 0.31666666666666665 0.3333333333333333
2 0.3067708333333333 0.2712962962962963 0.33645833333333336 0.2712962962962963 0.33645833333333336 0.2833333333333333 0.3067708333333333 0.2833333333333333
2 0.30885416666666665 0.5148148148148148 0.33645833333333336 0.5148148148148148 0.33645833333333336 0.5296296296296297 0.30885416666666665 0.5296296296296297
2 0.29322916666666665 0.5268518518518519 0.3182291666666667 0.5268518518518519 0.3182291666666667 0.5444444444444444 0.29322916666666665 0.5444444444444444
2 0.3072916666666667 0.6555555555555556 0.3265625 0.6555555555555556 0.3265625 0.6703703703703704 0.3072916666666667 0.6703703703703704
2 0.31197916666666664 0.6425925925925926 0.33541666666666664 0.6425925925925926 0.33541666666666664 0.6638888888888889 0.31197916666666664 0.6638888888888889
2 0.3182291666666667 0.6259259259259259 0.34479166666666666 0.6259259259259259 0.34479166666666666 0.6472222222222223 0.3182291666666667 0.6472222222222223
2 0.3015625 0.6018518518518519 0.32447916666666665 0.6018518518518519 0.32447916666666665 0.6129629629629629 0.3015625 0.6129629629629629
2 0.30520833333333336 0.5833333333333334 0.325 0.5833333333333334 0.325 0.5972222222222222 0.30520833333333336 0.5972222222222222
2 0.3125 0.5685185185185185 0.33697916666666666 0.5685185185185185 0.33697916666666666 0.587037037037037 0.3125 0.587037037037037
2 0.29322916666666665 0.5527777777777778 0.31927083333333334 0.5527777777777778 0.31927083333333334 0.5703703703703704 0.29322916666666665 0.5703703703703704
2 0.2833333333333333 0.5462962962962963 0.30104166666666665 0.5462962962962963 0.30104166666666665 0.562037037037037 0.2833333333333333 0.562037037037037