1 0.14583333333333334 0.31851851851851853 0.2708333333333333 0.31851851851851853 0.2708333333333333 0.4898148148148148 0.14583333333333334 0.4898148148148148
1 0.3411458333333333 0.4305555555555556 0.44895833333333335 0.4305555555555556 0.44895833333333335 0.6175925925925926 0.3411458333333333 0.6175925925925926
2 0.0515625 0.6537037037037037 0.12552083333333333 0.6537037037037037 0.12552083333333333 0.8546296296296296 0.0515625 0.8546296296296296
1 0.31979166666666664 0.17685185185185184 0.38333333333333336 0.17685185185185184 0.38333333333333336 0.2388888888888889 0.31979166666666664 0.2388888888888889
2 0.6760416666666667 0.25462962962962965 0.7036458333333333 0.25462962962962965 0.7036458333333333 0.3296296296296296 0.6760416666666667 0.3296296296296296
2 0.20572916666666666 0.5370370370370371 0.2515625 0.5370370370370371 0.2515625 0.6583333333333333 0.20572916666666666 0.6583333333333333
2 0.32135416666666666 0.36574074074074076 0.3546875 0.36574074074074076 0.3546875 0.4601851851851852 0.32135416666666666 0.4601851851851852
2 0.2015625 0.8435185185185186 0.27291666666666664 0.8435185185185186 0.27291666666666664 1 0.2015625 1
2 0.6296875 0.2898148148148148 0.65625 0.2898148148148148 0.65625 0.3731481481481482 0.6296875 0.3731481481481482
2 0.6729166666666667 0.3685185185185185 0.7088541666666667 0.3685185185185185 0.7088541666666667 0.4703703703703704 0.6729166666666667 0.4703703703703704
2 0.38958333333333334 0.30833333333333335 0.41875 0.30833333333333335 0.41875 0.3962962962962963 0.38958333333333334 0.3962962962962963
2 0.46041666666666664 0.20462962962962963 0.4796875 0.20462962962962963 0.4796875 0.2722222222222222 0.46041666666666664 0.2722222222222222
2 0.16770833333333332 0.6990740740740741 0.225 0.6990740740740741 0.225 0.8787037037037037 0.16770833333333332 0.8787037037037037
2 0.35572916666666665 0.2833333333333333 0.3828125 0.2833333333333333 0.3828125 0.36574074074074076 0.35572916666666665 0.36574074074074076
2 0.16979166666666667 0.6611111111111111 0.22552083333333334 0.6611111111111111 0.22552083333333334 0.7574074074074074 0.16979166666666667 0.7574074074074074
2 0.5890625 0.15462962962962962 0.6067708333333334 0.15462962962962962 0.6067708333333334 0.20277777777777778 0.5890625 0.20277777777777778
2 0.4401041666666667 0.13240740740740742 0.45364583333333336 0.13240740740740742 0.45364583333333336 0.17222222222222222 0.4401041666666667 0.17222222222222222
2 0.6302083333333334 0.43148148148148147 0.6682291666666667 0.43148148148148147 0.6682291666666667 0.5555555555555556 0.6302083333333334 0.5555555555555556
2 0.43020833333333336 0.18796296296296297 0.44947916666666665 0.18796296296296297 0.44947916666666665 0.23796296296296296 0.43020833333333336 0.23796296296296296
2 0.03333333333333333 0.5796296296296296 0.08229166666666667 0.5796296296296296 0.08229166666666667 0.6703703703703704 0.03333333333333333 0.6703703703703704
2 0.48854166666666665 0.14074074074074075 0.5036458333333333 0.14074074074074075 0.5036458333333333 0.18518518518518517 0.48854166666666665 0.18518518518518517
2 0.4354166666666667 0.24537037037037038 0.4588541666666667 0.24537037037037038 0.4588541666666667 0.30092592592592593 0.4354166666666667 0.30092592592592593