1 0.5010416666666667 0 0.6015625 0 0.6015625 0.09444444444444444 0.5010416666666667 0.09444444444444444
1 0.6901041666666666 0.7111111111111111 0.7130208333333333 0.7111111111111111 0.7130208333333333 0.8064814814814815 0.6901041666666666 0.8064814814814815
1 0.6479166666666667 0.2064814814814815 0.6833333333333333 0.2064814814814815 0.6833333333333333 0.30277777777777776 0.6479166666666667 0.30277777777777776
1 0.690625 0.45185185185185184 0.7140625 0.45185185185185184 0.7140625 0.5046296296296297 0.690625 0.5046296296296297
2 0.31614583333333335 0 0.4322916666666667 0 0.4322916666666667 0.07962962962962963 0.31614583333333335 0.07962962962962963
2 0.32135416666666666 0.17592592592592593 0.4473958333333333 0.17592592592592593 0.4473958333333333 0.24814814814814815 0.32135416666666666 0.24814814814814815
2 0.5041666666666667 0.21296296296296297 0.5822916666666667 0.21296296296296297 0.5822916666666667 0.26851851851851855 0.5041666666666667 0.26851851851851855
2 0.5723958333333333 0.2574074074074074 0.6223958333333334 0.2574074074074074 0.6223958333333334 0.2935185185185185 0.5723958333333333 0.2935185185185185
2 0.5796875 0.387037037037037 0.6208333333333333 0.387037037037037 0.6208333333333333 0.425 0.5796875 0.425
2 0.5333333333333333 0.35462962962962963 0.5963541666666666 0.35462962962962963 0.5963541666666666 0.4 0.5333333333333333 0.4
2 0.5671875 0.3037037037037037 0.6223958333333334 0.3037037037037037 0.6223958333333334 0.34629629629629627 0.5671875 0.34629629629629627
2 0.6114583333333333 0.28703703703703703 0.6494791666666667 0.28703703703703703 0.6494791666666667 0.32037037037037036 0.6114583333333333 0.32037037037037036
2 0.6192708333333333 0.36666666666666664 0.6567708333333333 0.36666666666666664 0.6567708333333333 0.39814814814814814 0.6192708333333333 0.39814814814814814
2 0.6166666666666667 0.4546296296296296 0.6583333333333333 0.4546296296296296 0.6583333333333333 0.4861111111111111 0.6166666666666667 0.4861111111111111
2 0.6515625 0.3111111111111111 0.6854166666666667 0.3111111111111111 0.6854166666666667 0.33796296296296297 0.6515625 0.33796296296296297
2 0.659375 0.3388888888888889 0.6927083333333334 0.3388888888888889 0.6927083333333334 0.3611111111111111 0.659375 0.3611111111111111
2 0.6609375 0.36574074074074076 0.6859375 0.36574074074074076 0.6859375 0.3814814814814815 0.6609375 0.3814814814814815
2 0.653125 0.38425925925925924 0.6828125 0.38425925925925924 0.6828125 0.4083333333333333 0.653125 0.4083333333333333
2 0.6776041666666667 0.4 0.6984375 0.4 0.6984375 0.4166666666666667 0.6776041666666667 0.4166666666666667
2 0.6796875 0.44074074074074077 0.7010416666666667 0.44074074074074077 0.7010416666666667 0.4546296296296296 0.6796875 0.4546296296296296
2 0.6588541666666666 0.4546296296296296 0.6885416666666667 0.4546296296296296 0.6885416666666667 0.47685185185185186 0.6588541666666666 0.47685185185185186
2 0.6515625 0.42407407407407405 0.6848958333333334 0.42407407407407405 0.6848958333333334 0.44907407407407407 0.6515625 0.44907407407407407
2 0.6375 0.7064814814814815 0.671875 0.7064814814814815 0.671875 0.7296296296296296 0.6375 0.7296296296296296
2 0.653125 0.7509259259259259 0.6807291666666667 0.7509259259259259 0.6807291666666667 0.7731481481481481 0.653125 0.7731481481481481
2 0.6703125 0.6990740740740741 0.6958333333333333 0.6990740740740741 0.6958333333333333 0.7314814814814815 0.6703125 0.7314814814814815
2 0.6682291666666667 0.6527777777777778 0.6963541666666667 0.6527777777777778 0.6963541666666667 0.6861111111111111 0.6682291666666667 0.6861111111111111