1 0.50625 0 0.6088541666666667 0 0.6088541666666667 0.05925925925925926 0.50625 0.05925925925925926
0 0.6109375 0.2064814814814815 0.7119791666666667 0.2064814814814815 0.7119791666666667 0.3537037037037037 0.6109375 0.3537037037037037
1 0.42916666666666664 0.812037037037037 0.5328125 0.812037037037037 0.5328125 1 0.42916666666666664 1
2 0.3223958333333333 0.8240740740740741 0.40625 0.8240740740740741 0.40625 0.9268518518518518 0.3223958333333333 0.9268518518518518
1 0.6963541666666667 0.5592592592592592 0.7197916666666667 0.5592592592592592 0.7197916666666667 0.6148148148148148 0.6963541666666667 0.6148148148148148
2 0.40677083333333336 0.019444444444444445 0.49947916666666664 0.019444444444444445 0.49947916666666664 0.1037037037037037 0.40677083333333336 0.1037037037037037
2 0.26614583333333336 0.21388888888888888 0.4046875 0.21388888888888888 0.4046875 0.3435185185185185 0.26614583333333336 0.3435185185185185
2 0.415625 0.17777777777777778 0.5067708333333333 0.17777777777777778 0.5067708333333333 0.2564814814814815 0.415625 0.2564814814814815
2 0.6619791666666667 0.5879629629629629 0.6927083333333334 0.5879629629629629 0.6927083333333334 0.6287037037037037 0.6619791666666667 0.6287037037037037
2 0.61875 0.7398148148148148 0.6536458333333334 0.7398148148148148 0.6536458333333334 0.7777777777777778 0.61875 0.7777777777777778
2 0.5473958333333333 0.2935185185185185 0.6052083333333333 0.2935185185185185 0.6052083333333333 0.3453703703703704 0.5473958333333333 0.3453703703703704
1 0.6786458333333333 0.6287037037037037 0.7088541666666667 0.6287037037037037 0.7088541666666667 0.7018518518518518 0.6786458333333333 0.7018518518518518
2 0.5588541666666667 0.7333333333333333 0.6125 0.7333333333333333 0.6125 0.7898148148148149 0.5588541666666667 0.7898148148148149
2 0.6416666666666667 0.4148148148148148 0.6744791666666666 0.4148148148148148 0.6744791666666666 0.4527777777777778 0.6416666666666667 0.4527777777777778
2 0.5088541666666667 0.06111111111111111 0.5708333333333333 0.06111111111111111 0.5708333333333333 0.11851851851851852 0.5088541666666667 0.11851851851851852
2 0.5869791666666667 0.3425925925925926 0.6375 0.3425925925925926 0.6375 0.3861111111111111 0.5869791666666667 0.3861111111111111
2 0.6078125 0.4009259259259259 0.659375 0.4009259259259259 0.659375 0.4388888888888889 0.6078125 0.4388888888888889
2 0.65625 0.7592592592592593 0.6880208333333333 0.7592592592592593 0.6880208333333333 0.7861111111111111 0.65625 0.7861111111111111