1 0.14322916666666666 0.3148148148148148 0.26979166666666665 0.3148148148148148 0.26979166666666665 0.48703703703703705 0.14322916666666666 0.48703703703703705
1 0.3223958333333333 0.175 0.39010416666666664 0.175 0.39010416666666664 0.2361111111111111 0.3223958333333333 0.2361111111111111
2 0.9286458333333333 0.7194444444444444 1 0.7194444444444444 1 0.9296296296296296 0.9286458333333333 0.9296296296296296
2 0.16145833333333334 0.8333333333333334 0.23333333333333334 0.8333333333333334 0.23333333333333334 1 0.16145833333333334 1
2 0.22864583333333333 0.6 0.29270833333333335 0.6 0.29270833333333335 0.7962962962962963 0.22864583333333333 0.7962962962962963
2 0.0765625 0.7268518518518519 0.15677083333333333 0.7268518518518519 0.15677083333333333 0.9601851851851851 0.0765625 0.9601851851851851
2 0.7703125 0.5879629629629629 0.8265625 0.5879629629629629 0.8265625 0.7453703703703703 0.7703125 0.7453703703703703
2 0.6583333333333333 0.4824074074074074 0.7088541666666667 0.4824074074074074 0.7088541666666667 0.6268518518518519 0.6583333333333333 0.6268518518518519
2 0.5932291666666667 0.31851851851851853 0.6265625 0.31851851851851853 0.6265625 0.41203703703703703 0.5932291666666667 0.41203703703703703
2 0.3098958333333333 0.4166666666666667 0.3463541666666667 0.4166666666666667 0.3463541666666667 0.5277777777777778 0.3098958333333333 0.5277777777777778
2 0.6541666666666667 0.3287037037037037 0.6828125 0.3287037037037037 0.6828125 0.4222222222222222 0.6541666666666667 0.4222222222222222
2 0.5989583333333334 0.16018518518518518 0.6161458333333333 0.16018518518518518 0.6161458333333333 0.20277777777777778 0.5989583333333334 0.20277777777777778
2 0.5567708333333333 0.1259259259259259 0.5729166666666666 0.1259259259259259 0.5729166666666666 0.1685185185185185 0.5567708333333333 0.1685185185185185
2 0.6182291666666667 0.20092592592592592 0.6536458333333334 0.20092592592592592 0.6536458333333334 0.25555555555555554 0.6182291666666667 0.25555555555555554
2 0.378125 0.3037037037037037 0.40625 0.3037037037037037 0.40625 0.40185185185185185 0.378125 0.40185185185185185
2 0.4234375 0.25277777777777777 0.45208333333333334 0.25277777777777777 0.45208333333333334 0.3388888888888889 0.4234375 0.3388888888888889
2 0.3932291666666667 0.23333333333333334 0.41510416666666666 0.23333333333333334 0.41510416666666666 0.2916666666666667 0.3932291666666667 0.2916666666666667
2 0.559375 0.2324074074074074 0.5833333333333334 0.2324074074074074 0.5833333333333334 0.3037037037037037 0.559375 0.3037037037037037
2 0.5854166666666667 0.21574074074074073 0.6041666666666666 0.21574074074074073 0.6041666666666666 0.2814814814814815 0.5854166666666667 0.2814814814814815