1 0.39114583333333336 0.9055555555555556 0.4890625 0.9055555555555556 0.4890625 1 0.39114583333333336 1
1 0.32135416666666666 0.7231481481481481 0.35989583333333336 0.7231481481481481 0.35989583333333336 0.8212962962962963 0.32135416666666666 0.8212962962962963
2 0.42083333333333334 0.016666666666666666 0.4828125 0.016666666666666666 0.4828125 0.09444444444444444 0.42083333333333334 0.09444444444444444
2 0.315625 0.3638888888888889 0.3458333333333333 0.3638888888888889 0.3458333333333333 0.4305555555555556 0.315625 0.4305555555555556
2 0.3234375 0.5648148148148148 0.3546875 0.5648148148148148 0.3546875 0.5990740740740741 0.3234375 0.5990740740740741
2 0.36302083333333335 0.5537037037037037 0.41041666666666665 0.5537037037037037 0.41041666666666665 0.6018518518518519 0.36302083333333335 0.6018518518518519
2 0.2989583333333333 0.34629629629629627 0.3234375 0.34629629629629627 0.3234375 0.37407407407407406 0.2989583333333333 0.37407407407407406
2 0.5520833333333334 0.7657407407407407 0.6854166666666667 0.7657407407407407 0.6854166666666667 0.8574074074074074 0.5520833333333334 0.8574074074074074
2 0.3484375 0.24814814814814815 0.3890625 0.24814814814814815 0.3890625 0.29074074074074074 0.3484375 0.29074074074074074
2 0.3078125 0.6064814814814815 0.3328125 0.6064814814814815 0.3328125 0.6324074074074074 0.3078125 0.6324074074074074
2 0.36614583333333334 0.6157407407407407 0.40989583333333335 0.6157407407407407 0.40989583333333335 0.6564814814814814 0.36614583333333334 0.6564814814814814
2 0.3536458333333333 0.6731481481481482 0.38958333333333334 0.6731481481481482 0.38958333333333334 0.7138888888888889 0.3536458333333333 0.7138888888888889
2 0.31979166666666664 0.6546296296296297 0.35 0.6546296296296297 0.35 0.6888888888888889 0.31979166666666664 0.6888888888888889
2 0.35 0.18518518518518517 0.3885416666666667 0.18518518518518517 0.3885416666666667 0.22777777777777777 0.35 0.22777777777777777
2 0.375 0.687962962962963 0.42239583333333336 0.687962962962963 0.42239583333333336 0.7435185185185185 0.375 0.7435185185185185
2 0.3046875 0.5111111111111111 0.33177083333333335 0.5111111111111111 0.33177083333333335 0.5398148148148149 0.3046875 0.5398148148148149
2 0.40677083333333336 0.6370370370370371 0.4734375 0.6370370370370371 0.4734375 0.7046296296296296 0.40677083333333336 0.7046296296296296
2 0.31354166666666666 0.2611111111111111 0.34791666666666665 0.2611111111111111 0.34791666666666665 0.2861111111111111 0.31354166666666666 0.2861111111111111
2 0.6 0.6194444444444445 0.7489583333333333 0.6194444444444445 0.7489583333333333 0.7111111111111111 0.6 0.7111111111111111