1 0.5005208333333333 0 0.5989583333333334 0 0.5989583333333334 0.09537037037037037 0.5005208333333333 0.09537037037037037
1 0.6015625 0.37777777777777777 0.6494791666666667 0.37777777777777777 0.6494791666666667 0.4703703703703704 0.6015625 0.4703703703703704
1 0.6463541666666667 0.18518518518518517 0.68125 0.18518518518518517 0.68125 0.30648148148148147 0.6463541666666667 0.30648148148148147
2 0.40208333333333335 0 0.4901041666666667 0 0.4901041666666667 0.07962962962962963 0.40208333333333335 0.07962962962962963
2 0.26510416666666664 0.10833333333333334 0.3890625 0.10833333333333334 0.3890625 0.24537037037037038 0.26510416666666664 0.24537037037037038
2 0.5609375 0.7870370370370371 0.6088541666666667 0.7870370370370371 0.6088541666666667 0.8416666666666667 0.5609375 0.8416666666666667
2 0.5494791666666666 0.2222222222222222 0.6010416666666667 0.2222222222222222 0.6010416666666667 0.2759259259259259 0.5494791666666666 0.2759259259259259
2 0.54375 0.8759259259259259 0.6010416666666667 0.8759259259259259 0.6010416666666667 0.937037037037037 0.54375 0.937037037037037
2 0.5895833333333333 0.2564814814814815 0.6296875 0.2564814814814815 0.6296875 0.30185185185185187 0.5895833333333333 0.30185185185185187
2 0.49583333333333335 0.09907407407407408 0.5645833333333333 0.09907407407407408 0.5645833333333333 0.17407407407407408 0.49583333333333335 0.17407407407407408
2 0.6151041666666667 0.7675925925925926 0.6588541666666666 0.7675925925925926 0.6588541666666666 0.8194444444444444 0.6151041666666667 0.8194444444444444
2 0.6208333333333333 0.7138888888888889 0.6625 0.7138888888888889 0.6625 0.7546296296296297 0.6208333333333333 0.7546296296296297
2 0.5875 0.3287037037037037 0.6322916666666667 0.3287037037037037 0.6322916666666667 0.37222222222222223 0.5875 0.37222222222222223
2 0.6390625 0.36203703703703705 0.6651041666666667 0.36203703703703705 0.6651041666666667 0.39444444444444443 0.6390625 0.39444444444444443
2 0.4588541666666667 0.262037037037037 0.5380208333333333 0.262037037037037 0.5380208333333333 0.3490740740740741 0.4588541666666667 0.3490740740740741
2 0.68125 0.46111111111111114 0.7052083333333333 0.46111111111111114 0.7052083333333333 0.4842592592592593 0.68125 0.4842592592592593
2 0.6541666666666667 0.49537037037037035 0.6817708333333333 0.49537037037037035 0.6817708333333333 0.5268518518518519 0.6541666666666667 0.5268518518518519
2 0.69375 0.6333333333333333 0.7135416666666666 0.6333333333333333 0.7135416666666666 0.6620370370370371 0.69375 0.6620370370370371
2 0.6770833333333334 0.35185185185185186 0.6973958333333333 0.35185185185185186 0.6973958333333333 0.37777777777777777 0.6770833333333334 0.37777777777777777
2 0.6536458333333334 0.4166666666666667 0.675 0.4166666666666667 0.675 0.44537037037037036 0.6536458333333334 0.44537037037037036
2 0.6729166666666667 0.42777777777777776 0.696875 0.42777777777777776 0.696875 0.4546296296296296 0.6729166666666667 0.4546296296296296
2 0.6854166666666667 0.6916666666666667 0.7067708333333333 0.6916666666666667 0.7067708333333333 0.7185185185185186 0.6854166666666667 0.7185185185185186
2 0.6734375 0.3888888888888889 0.6979166666666666 0.3888888888888889 0.6979166666666666 0.41574074074074074 0.6734375 0.41574074074074074
2 0.6578125 0.37037037037037035 0.6807291666666667 0.37037037037037035 0.6807291666666667 0.4 0.6578125 0.4
2 0.5348958333333333 0.30092592592592593 0.6026041666666667 0.30092592592592593 0.6026041666666667 0.34444444444444444 0.5348958333333333 0.34444444444444444