1 0.4390625 0.225 0.5244791666666667 0.225 0.5244791666666667 0.3907407407407407 0.4390625 0.3907407407407407
1 0.48541666666666666 0.6194444444444445 0.5953125 0.6194444444444445 0.5953125 0.812962962962963 0.48541666666666666 0.812962962962963
1 0.41770833333333335 0.9351851851851852 0.5166666666666667 0.9351851851851852 0.5166666666666667 1 0.41770833333333335 1
1 0.33541666666666664 0.7240740740740741 0.37135416666666665 0.7240740740740741 0.37135416666666665 0.8231481481481482 0.33541666666666664 0.8231481481481482
1 0.31197916666666664 0.5351851851851852 0.3421875 0.5351851851851852 0.3421875 0.5953703703703703 0.31197916666666664 0.5953703703703703
1 0.3328125 0.3787037037037037 0.365625 0.3787037037037037 0.365625 0.44537037037037036 0.3328125 0.44537037037037036
1 0.309375 0.1638888888888889 0.33229166666666665 0.1638888888888889 0.33229166666666665 0.24537037037037038 0.309375 0.24537037037037038
2 0.5572916666666666 0.9120370370370371 0.6239583333333333 0.9120370370370371 0.6239583333333333 1 0.5572916666666666 1
2 0.5807291666666666 0.5907407407407408 0.721875 0.5907407407407408 0.721875 0.6851851851851852 0.5807291666666666 0.6851851851851852
2 0.428125 0.8314814814814815 0.4921875 0.8314814814814815 0.4921875 0.8777777777777778 0.428125 0.8777777777777778
2 0.446875 0.7787037037037037 0.5182291666666666 0.7787037037037037 0.5182291666666666 0.8240740740740741 0.446875 0.8240740740740741
2 0.4203125 0.7314814814814815 0.46979166666666666 0.7314814814814815 0.46979166666666666 0.7805555555555556 0.4203125 0.7805555555555556
2 0.4 0.7851851851851852 0.44947916666666665 0.7851851851851852 0.44947916666666665 0.8481481481481481 0.4 0.8481481481481481
2 0.3932291666666667 0.5916666666666667 0.4421875 0.5916666666666667 0.4421875 0.6361111111111111 0.3932291666666667 0.6361111111111111
2 0.37395833333333334 0.5416666666666666 0.42083333333333334 0.5416666666666666 0.42083333333333334 0.5824074074074074 0.37395833333333334 0.5824074074074074
2 0.3854166666666667 0.7314814814814815 0.43072916666666666 0.7314814814814815 0.43072916666666666 0.7861111111111111 0.3854166666666667 0.7861111111111111
2 0.384375 0.6481481481481481 0.434375 0.6481481481481481 0.434375 0.6925925925925925 0.384375 0.6925925925925925
2 0.38229166666666664 0.687962962962963 0.42239583333333336 0.687962962962963 0.42239583333333336 0.7342592592592593 0.38229166666666664 0.7342592592592593
2 0.3625 0.7472222222222222 0.39114583333333336 0.7472222222222222 0.39114583333333336 0.7712962962962963 0.3625 0.7712962962962963
2 0.36302083333333335 0.7138888888888889 0.4005208333333333 0.7138888888888889 0.4005208333333333 0.7574074074074074 0.36302083333333335 0.7574074074074074
2 0.3484375 0.6601851851851852 0.37864583333333335 0.6601851851851852 0.37864583333333335 0.6824074074074075 0.3484375 0.6824074074074075
2 0.346875 0.6018518518518519 0.38229166666666664 0.6018518518518519 0.38229166666666664 0.6351851851851852 0.346875 0.6351851851851852
2 0.3619791666666667 0.2962962962962963 0.4046875 0.2962962962962963 0.4046875 0.33055555555555555 0.3619791666666667 0.33055555555555555
2 0.34322916666666664 0.24444444444444444 0.3885416666666667 0.24444444444444444 0.3885416666666667 0.2824074074074074 0.34322916666666664 0.2824074074074074
2 0.3307291666666667 0.28703703703703703 0.36354166666666665 0.28703703703703703 0.36354166666666665 0.30462962962962964 0.3307291666666667 0.30462962962962964
2 0.31354166666666666 0.3527777777777778 0.34739583333333335 0.3527777777777778 0.34739583333333335 0.37407407407407406 0.31354166666666666 0.37407407407407406
2 0.31979166666666664 0.32222222222222224 0.3458333333333333 0.32222222222222224 0.3458333333333333 0.35185185185185186 0.31979166666666664 0.35185185185185186
2 0.32864583333333336 0.6351851851851852 0.35572916666666665 0.6351851851851852 0.35572916666666665 0.6592592592592592 0.32864583333333336 0.6592592592592592
2 0.3171875 0.6342592592592593 0.34427083333333336 0.6342592592592593 0.34427083333333336 0.6703703703703704 0.3171875 0.6703703703703704
2 0.31666666666666665 0.6055555555555555 0.3380208333333333 0.6055555555555555 0.3380208333333333 0.6287037037037037 0.31666666666666665 0.6287037037037037