1 0.4161458333333333 0.9361111111111111 0.5166666666666667 0.9361111111111111 0.5166666666666667 1 0.4161458333333333 1
1 0.3885416666666667 0.27870370370370373 0.453125 0.27870370370370373 0.453125 0.4046296296296296 0.3885416666666667 0.4046296296296296
1 0.3328125 0.7148148148148148 0.36875 0.7148148148148148 0.36875 0.8148148148148148 0.3328125 0.8148148148148148
1 0.31666666666666665 0.387037037037037 0.34739583333333335 0.387037037037037 0.34739583333333335 0.44537037037037036 0.31666666666666665 0.44537037037037036
1 0.31875 0.5462962962962963 0.3546875 0.5462962962962963 0.3546875 0.6074074074074074 0.31875 0.6074074074074074
1 0.6135416666666667 0.6953703703703704 0.7802083333333333 0.6953703703703704 0.7802083333333333 1 0.6135416666666667 1
1 0.30572916666666666 0.1537037037037037 0.3307291666666667 0.1537037037037037 0.3307291666666667 0.24444444444444444 0.30572916666666666 0.24444444444444444
2 0.48854166666666665 0.950925925925926 0.5739583333333333 0.950925925925926 0.5739583333333333 1 0.48854166666666665 1
2 0.5536458333333333 0.8722222222222222 0.6197916666666666 0.8722222222222222 0.6197916666666666 0.9694444444444444 0.5536458333333333 0.9694444444444444
2 0.4703125 0.8240740740740741 0.5635416666666667 0.8240740740740741 0.5635416666666667 0.8657407407407407 0.4703125 0.8657407407407407
2 0.42864583333333334 0.8518518518518519 0.49322916666666666 0.8518518518518519 0.49322916666666666 0.9120370370370371 0.42864583333333334 0.9120370370370371
2 0.41458333333333336 0.7907407407407407 0.475 0.7907407407407407 0.475 0.8333333333333334 0.41458333333333336 0.8333333333333334
2 0.4265625 0.7129629629629629 0.49270833333333336 0.7129629629629629 0.49270833333333336 0.7537037037037037 0.4265625 0.7537037037037037
2 0.4276041666666667 0.6268518518518519 0.5072916666666667 0.6268518518518519 0.5072916666666667 0.6990740740740741 0.4276041666666667 0.6990740740740741
2 0.4197916666666667 0.5462962962962963 0.49375 0.5462962962962963 0.49375 0.5907407407407408 0.4197916666666667 0.5907407407407408
2 0.37604166666666666 0.7787037037037037 0.4119791666666667 0.7787037037037037 0.4119791666666667 0.8111111111111111 0.37604166666666666 0.8111111111111111
2 0.3807291666666667 0.7407407407407407 0.4270833333333333 0.7407407407407407 0.4270833333333333 0.7861111111111111 0.3807291666666667 0.7861111111111111
2 0.4 0.7157407407407408 0.4375 0.7157407407407408 0.4375 0.75 0.4 0.75
2 0.3796875 0.6657407407407407 0.4234375 0.6657407407407407 0.4234375 0.7083333333333334 0.3796875 0.7083333333333334
2 0.36666666666666664 0.6712962962962963 0.4010416666666667 0.6712962962962963 0.4010416666666667 0.7018518518518518 0.36666666666666664 0.7018518518518518
2 0.3546875 0.6101851851851852 0.4015625 0.6101851851851852 0.4015625 0.6583333333333333 0.3546875 0.6583333333333333
2 0.3229166666666667 0.6537037037037037 0.35 0.6537037037037037 0.35 0.6805555555555556 0.3229166666666667 0.6805555555555556
2 0.33958333333333335 0.6453703703703704 0.36770833333333336 0.6453703703703704 0.36770833333333336 0.6777777777777778 0.33958333333333335 0.6777777777777778
2 0.3265625 0.6222222222222222 0.3567708333333333 0.6222222222222222 0.3567708333333333 0.6527777777777778 0.3265625 0.6527777777777778
2 0.33541666666666664 0.4666666666666667 0.36666666666666664 0.4666666666666667 0.36666666666666664 0.5138888888888888 0.33541666666666664 0.5138888888888888
2 0.5296875 0 0.625 0 0.625 0.08425925925925926 0.5296875 0.08425925925925926
2 0.33645833333333336 0.31851851851851853 0.371875 0.31851851851851853 0.371875 0.35555555555555557 0.33645833333333336 0.35555555555555557
2 0.32708333333333334 0.2777777777777778 0.3609375 0.2777777777777778 0.3609375 0.3111111111111111 0.32708333333333334 0.3111111111111111
2 0.31197916666666664 0.3037037037037037 0.3375 0.3037037037037037 0.3375 0.3398148148148148 0.31197916666666664 0.3398148148148148
2 0.3026041666666667 0.32407407407407407 0.32760416666666664 0.32407407407407407 0.32760416666666664 0.3472222222222222 0.3026041666666667 0.3472222222222222
2 0.30625 0.37037037037037035 0.32708333333333334 0.37037037037037035 0.32708333333333334 0.38055555555555554 0.30625 0.38055555555555554
2 0.309375 0.6027777777777777 0.334375 0.6027777777777777 0.334375 0.6287037037037037 0.309375 0.6287037037037037
2 0.30572916666666666 0.6296296296296297 0.32864583333333336 0.6296296296296297 0.32864583333333336 0.6518518518518519 0.30572916666666666 0.6518518518518519