1 0.1453125 0.31851851851851853 0.2708333333333333 0.31851851851851853 0.2708333333333333 0.49074074074074076 0.1453125 0.49074074074074076
1 0.32760416666666664 0.44814814814814813 0.44635416666666666 0.44814814814814813 0.44635416666666666 0.649074074074074 0.32760416666666664 0.649074074074074
1 0.3203125 0.17685185185185184 0.38385416666666666 0.17685185185185184 0.38385416666666666 0.23981481481481481 0.3203125 0.23981481481481481
2 0.022916666666666665 0.6833333333333333 0.10052083333333334 0.6833333333333333 0.10052083333333334 0.9 0.022916666666666665 0.9
2 0.6671875 0.24814814814814815 0.69375 0.24814814814814815 0.69375 0.3212962962962963 0.6671875 0.3212962962962963
2 0.6260416666666667 0.27314814814814814 0.6515625 0.27314814814814814 0.6515625 0.35648148148148145 0.6260416666666667 0.35648148148148145
2 0.34739583333333335 0.2953703703703704 0.37916666666666665 0.2953703703703704 0.37916666666666665 0.387037037037037 0.34739583333333335 0.387037037037037
2 0.6630208333333333 0.3490740740740741 0.6989583333333333 0.3490740740740741 0.6989583333333333 0.4425925925925926 0.6630208333333333 0.4425925925925926
2 0.3125 0.3768518518518518 0.346875 0.3768518518518518 0.346875 0.4842592592592593 0.3125 0.4842592592592593
2 0.6255208333333333 0.4009259259259259 0.6619791666666667 0.4009259259259259 0.6619791666666667 0.5185185185185185 0.6255208333333333 0.5185185185185185
2 0.13697916666666668 0.7148148148148148 0.21041666666666667 0.7148148148148148 0.21041666666666667 0.9259259259259259 0.13697916666666668 0.9259259259259259
2 0.1890625 0.5583333333333333 0.2390625 0.5583333333333333 0.2390625 0.6953703703703704 0.1890625 0.6953703703703704
2 0.4583333333333333 0.2074074074074074 0.4791666666666667 0.2074074074074074 0.4791666666666667 0.2814814814814815 0.4583333333333333 0.2814814814814815
2 0.5109375 0.18333333333333332 0.5401041666666667 0.18333333333333332 0.5401041666666667 0.24722222222222223 0.5109375 0.24722222222222223
2 0.38333333333333336 0.32222222222222224 0.4119791666666667 0.32222222222222224 0.4119791666666667 0.41388888888888886 0.38333333333333336 0.41388888888888886
2 0.5875 0.14907407407407408 0.6046875 0.14907407407407408 0.6046875 0.19537037037037036 0.5875 0.19537037037037036
2 0.4869791666666667 0.14351851851851852 0.5036458333333333 0.14351851851851852 0.5036458333333333 0.18796296296296297 0.4869791666666667 0.18796296296296297
2 0.43385416666666665 0.24814814814814815 0.4557291666666667 0.24814814814814815 0.4557291666666667 0.3138888888888889 0.43385416666666665 0.3138888888888889
2 0.38697916666666665 0.2351851851851852 0.40677083333333336 0.2351851851851852 0.40677083333333336 0.31574074074074077 0.38697916666666665 0.31574074074074077
2 0.6161458333333333 0.14166666666666666 0.6307291666666667 0.14166666666666666 0.6307291666666667 0.20462962962962963 0.6161458333333333 0.20462962962962963