1 0.5015625 0 0.6036458333333333 0 0.6036458333333333 0.09074074074074075 0.5015625 0.09074074074074075
2 0.653125 0.5546296296296296 0.6817708333333333 0.5546296296296296 0.6817708333333333 0.6194444444444445 0.653125 0.6194444444444445
1 0.6421875 0.17777777777777778 0.6802083333333333 0.17777777777777778 0.6802083333333333 0.2851851851851852 0.6421875 0.2851851851851852
2 0.4947916666666667 0.9388888888888889 0.5604166666666667 0.9388888888888889 0.5604166666666667 1 0.4947916666666667 1
2 0.41354166666666664 0.19722222222222222 0.5088541666666667 0.19722222222222222 0.5088541666666667 0.29259259259259257 0.41354166666666664 0.29259259259259257
2 0.5875 0.26944444444444443 0.6369791666666667 0.26944444444444443 0.6369791666666667 0.32407407407407407 0.5875 0.32407407407407407
2 0.6052083333333333 0.40185185185185185 0.6494791666666667 0.40185185185185185 0.6494791666666667 0.44537037037037036 0.6052083333333333 0.44537037037037036
2 0.3885416666666667 0.34629629629629627 0.4901041666666667 0.34629629629629627 0.4901041666666667 0.43703703703703706 0.3885416666666667 0.43703703703703706
2 0.6791666666666667 0.6564814814814814 0.7046875 0.6564814814814814 0.7046875 0.6851851851851852 0.6791666666666667 0.6851851851851852
2 0.6692708333333334 0.46111111111111114 0.6963541666666667 0.46111111111111114 0.6963541666666667 0.4898148148148148 0.6692708333333334 0.4898148148148148
2 0.5552083333333333 0.3296296296296296 0.6125 0.3296296296296296 0.6125 0.38333333333333336 0.5552083333333333 0.38333333333333336
2 0.6729166666666667 0.37222222222222223 0.696875 0.37222222222222223 0.696875 0.39814814814814814 0.6729166666666667 0.39814814814814814
2 0.6640625 0.6305555555555555 0.6885416666666667 0.6305555555555555 0.6885416666666667 0.6611111111111111 0.6640625 0.6611111111111111
2 0.6770833333333334 0.42314814814814816 0.7 0.42314814814814816 0.7 0.44722222222222224 0.6770833333333334 0.44722222222222224
2 0.6583333333333333 0.31574074074074077 0.6833333333333333 0.31574074074074077 0.6833333333333333 0.34814814814814815 0.6583333333333333 0.34814814814814815
2 0.59375 0.7305555555555555 0.6390625 0.7305555555555555 0.6390625 0.7712962962962963 0.59375 0.7712962962962963
2 0.5947916666666667 0.7870370370370371 0.6432291666666666 0.7870370370370371 0.6432291666666666 0.8212962962962963 0.5947916666666667 0.8212962962962963
2 0.6427083333333333 0.725 0.6786458333333333 0.725 0.6786458333333333 0.7564814814814815 0.6427083333333333 0.7564814814814815
2 0.6046875 0.3537037037037037 0.6510416666666666 0.3537037037037037 0.6510416666666666 0.387037037037037 0.6046875 0.387037037037037
2 0.6192708333333333 0.3055555555555556 0.6572916666666667 0.3055555555555556 0.6572916666666667 0.3416666666666667 0.6192708333333333 0.3416666666666667