1 0.3953125 0.5555555555555556 0.46458333333333335 0.5555555555555556 0.46458333333333335 0.6898148148148148 0.3953125 0.6898148148148148
1 0.39739583333333334 0.9064814814814814 0.49375 0.9064814814814814 0.49375 1 0.39739583333333334 1
2 0.43385416666666665 0.8046296296296296 0.484375 0.8046296296296296 0.484375 0.8648148148148148 0.43385416666666665 0.8648148148148148
1 0.3182291666666667 0.6981481481481482 0.3536458333333333 0.6981481481481482 0.3536458333333333 0.8194444444444444 0.3182291666666667 0.8194444444444444
2 0.409375 0.014814814814814815 0.4635416666666667 0.014814814814814815 0.4635416666666667 0.08888888888888889 0.409375 0.08888888888888889
2 0.48385416666666664 0.10555555555555556 0.565625 0.10555555555555556 0.565625 0.19537037037037036 0.48385416666666664 0.19537037037037036
2 0.5505208333333333 0.812962962962963 0.6395833333333333 0.812962962962963 0.6395833333333333 0.9194444444444444 0.5505208333333333 0.9194444444444444
2 0.48385416666666664 0.9712962962962963 0.5635416666666667 0.9712962962962963 0.5635416666666667 1 0.48385416666666664 1
2 0.4661458333333333 0.6907407407407408 0.5421875 0.6907407407407408 0.5421875 0.7694444444444445 0.4661458333333333 0.7694444444444445
2 0.375 0.674074074074074 0.4161458333333333 0.674074074074074 0.4161458333333333 0.7212962962962963 0.375 0.7212962962962963
2 0.4734375 0.8314814814814815 0.5473958333333333 0.8314814814814815 0.5473958333333333 0.9018518518518519 0.4734375 0.9018518518518519
2 0.3307291666666667 0.19907407407407407 0.3625 0.19907407407407407 0.3625 0.23425925925925925 0.3307291666666667 0.23425925925925925
2 0.2911458333333333 0.4842592592592593 0.31354166666666666 0.4842592592592593 0.31354166666666666 0.5138888888888888 0.2911458333333333 0.5138888888888888
2 0.3536458333333333 0.6555555555555556 0.3875 0.6555555555555556 0.3875 0.6935185185185185 0.3536458333333333 0.6935185185185185
2 0.28072916666666664 0.575 0.3 0.575 0.3 0.5981481481481481 0.28072916666666664 0.5981481481481481
2 0.3567708333333333 0.5916666666666667 0.3921875 0.5916666666666667 0.3921875 0.6324074074074074 0.3567708333333333 0.6324074074074074
2 0.32708333333333334 0.5537037037037037 0.35572916666666665 0.5537037037037037 0.35572916666666665 0.587037037037037 0.32708333333333334 0.587037037037037
2 0.30104166666666665 0.2833333333333333 0.32708333333333334 0.2833333333333333 0.32708333333333334 0.3277777777777778 0.30104166666666665 0.3277777777777778
2 0.31145833333333334 0.5203703703703704 0.3416666666666667 0.5203703703703704 0.3416666666666667 0.5509259259259259 0.31145833333333334 0.5509259259259259
2 0.2828125 0.5157407407407407 0.3015625 0.5157407407407407 0.3015625 0.5398148148148149 0.2828125 0.5398148148148149
2 0.3171875 0.45 0.353125 0.45 0.353125 0.49166666666666664 0.3171875 0.49166666666666664