1 0.4005208333333333 0.9046296296296297 0.49895833333333334 0.9046296296296297 0.49895833333333334 1 0.4005208333333333 1
1 0.4354166666666667 0.5722222222222222 0.5276041666666667 0.5722222222222222 0.5276041666666667 0.7490740740740741 0.4354166666666667 0.7490740740740741
2 0.5515625 0.9296296296296296 0.6494791666666667 0.9296296296296296 0.6494791666666667 1 0.5515625 1
1 0.31875 0.7074074074074074 0.3541666666666667 0.7074074074074074 0.3541666666666667 0.8194444444444444 0.31875 0.8194444444444444
2 0.3703125 0.6888888888888889 0.41354166666666664 0.6888888888888889 0.41354166666666664 0.7388888888888889 0.3703125 0.7388888888888889
2 0.4005208333333333 0.20092592592592592 0.45416666666666666 0.20092592592592592 0.45416666666666666 0.25555555555555554 0.4005208333333333 0.25555555555555554
2 0.37395833333333334 0.11388888888888889 0.41770833333333335 0.11388888888888889 0.41770833333333335 0.16666666666666666 0.37395833333333334 0.16666666666666666
2 0.45208333333333334 0.0824074074074074 0.5182291666666666 0.0824074074074074 0.5182291666666666 0.1574074074074074 0.45208333333333334 0.1574074074074074
2 0.4088541666666667 0.7342592592592593 0.45729166666666665 0.7342592592592593 0.45729166666666665 0.787962962962963 0.4088541666666667 0.787962962962963
2 0.5072916666666667 0.16111111111111112 0.5947916666666667 0.16111111111111112 0.5947916666666667 0.24537037037037038 0.5072916666666667 0.24537037037037038
2 0.328125 0.5370370370370371 0.3614583333333333 0.5370370370370371 0.3614583333333333 0.5675925925925925 0.328125 0.5675925925925925
2 0.4828125 0.8916666666666667 0.5453125 0.8916666666666667 0.5453125 0.9703703703703703 0.4828125 0.9703703703703703
2 0.3109375 0.25 0.3416666666666667 0.25 0.3416666666666667 0.2814814814814815 0.3109375 0.2814814814814815
2 0.2942708333333333 0.49074074074074076 0.31979166666666664 0.49074074074074076 0.31979166666666664 0.5157407407407407 0.2942708333333333 0.5157407407407407
2 0.28020833333333334 0.5472222222222223 0.2989583333333333 0.5472222222222223 0.2989583333333333 0.5712962962962963 0.28020833333333334 0.5712962962962963
2 0.38177083333333334 0.625 0.42552083333333335 0.625 0.42552083333333335 0.6675925925925926 0.38177083333333334 0.6675925925925926
2 0.31666666666666665 0.30277777777777776 0.33958333333333335 0.30277777777777776 0.33958333333333335 0.33055555555555555 0.31666666666666665 0.33055555555555555
2 0.2911458333333333 0.5796296296296296 0.31145833333333334 0.5796296296296296 0.31145833333333334 0.6046296296296296 0.2911458333333333 0.6046296296296296
2 0.3484375 0.5685185185185185 0.378125 0.5685185185185185 0.378125 0.6064814814814815 0.3484375 0.6064814814814815