1 0.39114583333333336 0.5527777777777778 0.4578125 0.5527777777777778 0.4578125 0.6833333333333333 0.39114583333333336 0.6833333333333333
1 0.39739583333333334 0.9064814814814814 0.4942708333333333 0.9064814814814814 0.4942708333333333 1 0.39739583333333334 1
1 0.3182291666666667 0.6953703703703704 0.3536458333333333 0.6953703703703704 0.3536458333333333 0.8185185185185185 0.3182291666666667 0.8185185185185185
2 0.41302083333333334 0 0.46927083333333336 0 0.46927083333333336 0.07685185185185185 0.41302083333333334 0.07685185185185185
2 0.4244791666666667 0.7944444444444444 0.4739583333333333 0.7944444444444444 0.4739583333333333 0.8592592592592593 0.4244791666666667 0.8592592592592593
2 0.4744791666666667 0.9537037037037037 0.5541666666666667 0.9537037037037037 0.5541666666666667 1 0.4744791666666667 1
2 0.5052083333333334 0.08518518518518518 0.5916666666666667 0.08518518518518518 0.5916666666666667 0.17314814814814813 0.5052083333333334 0.17314814814814813
2 0.46510416666666665 0.812037037037037 0.5286458333333334 0.812037037037037 0.5286458333333334 0.8851851851851852 0.46510416666666665 0.8851851851851852
2 0.45364583333333336 0.6824074074074075 0.5265625 0.6824074074074075 0.5265625 0.7638888888888888 0.45364583333333336 0.7638888888888888
2 0.5322916666666667 0.7824074074074074 0.6197916666666666 0.7824074074074074 0.6197916666666666 0.8972222222222223 0.5322916666666667 0.8972222222222223
2 0.2796875 0.575 0.2989583333333333 0.575 0.2989583333333333 0.5972222222222222 0.2796875 0.5972222222222222
2 0.37135416666666665 0.674074074074074 0.4125 0.674074074074074 0.4125 0.7194444444444444 0.37135416666666665 0.7194444444444444
2 0.33229166666666665 0.19166666666666668 0.3671875 0.19166666666666668 0.3671875 0.23055555555555557 0.33229166666666665 0.23055555555555557
2 0.334375 0.2611111111111111 0.365625 0.2611111111111111 0.365625 0.3 0.334375 0.3
2 0.30364583333333334 0.2759259259259259 0.32916666666666666 0.2759259259259259 0.32916666666666666 0.32037037037037036 0.30364583333333334 0.32037037037037036
2 0.34375 0.5861111111111111 0.3927083333333333 0.5861111111111111 0.3927083333333333 0.6231481481481481 0.34375 0.6231481481481481
2 0.3385416666666667 0.6527777777777778 0.3854166666666667 0.6527777777777778 0.3854166666666667 0.6814814814814815 0.3385416666666667 0.6814814814814815
2 0.31197916666666664 0.4666666666666667 0.353125 0.4666666666666667 0.353125 0.5 0.31197916666666664 0.5
2 0.315625 0.5527777777777778 0.35052083333333334 0.5527777777777778 0.35052083333333334 0.5833333333333334 0.315625 0.5833333333333334
2 0.3046875 0.5231481481481481 0.3411458333333333 0.5231481481481481 0.3411458333333333 0.5509259259259259 0.3046875 0.5509259259259259