1 0.5703125 0.34814814814814815 0.6270833333333333 0.34814814814814815 0.6270833333333333 0.4583333333333333 0.5703125 0.4583333333333333
1 0.5036458333333333 0 0.6026041666666667 0 0.6026041666666667 0.09259259259259259 0.5036458333333333 0.09259259259259259
1 0.6473958333333333 0.18425925925925926 0.6822916666666666 0.18425925925925926 0.6822916666666666 0.30462962962962964 0.6473958333333333 0.30462962962962964
2 0.4046875 0 0.4895833333333333 0 0.4895833333333333 0.037037037037037035 0.4046875 0.037037037037037035
2 0.64375 0.7 0.6817708333333333 0.7 0.6817708333333333 0.7453703703703703 0.64375 0.7453703703703703
2 0.5354166666666667 0.2833333333333333 0.5916666666666667 0.2833333333333333 0.5916666666666667 0.34444444444444444 0.5354166666666667 0.34444444444444444
2 0.6494791666666667 0.49444444444444446 0.6838541666666667 0.49444444444444446 0.6838541666666667 0.5324074074074074 0.6494791666666667 0.5324074074074074
2 0.6598958333333333 0.4212962962962963 0.6880208333333333 0.4212962962962963 0.6880208333333333 0.45092592592592595 0.6598958333333333 0.45092592592592595
2 0.4625 0.2111111111111111 0.5333333333333333 0.2111111111111111 0.5333333333333333 0.2851851851851852 0.4625 0.2851851851851852
2 0.22083333333333333 0.9407407407407408 0.3515625 0.9407407407407408 0.3515625 1 0.22083333333333333 1
2 0.2890625 0.11481481481481481 0.421875 0.11481481481481481 0.421875 0.24259259259259258 0.2890625 0.24259259259259258
2 0.5583333333333333 0.19814814814814816 0.6005208333333333 0.19814814814814816 0.6005208333333333 0.25092592592592594 0.5583333333333333 0.25092592592592594
2 0.4895833333333333 0.03425925925925926 0.55625 0.03425925925925926 0.55625 0.10648148148148148 0.4895833333333333 0.10648148148148148
2 0.515625 0.17222222222222222 0.5640625 0.17222222222222222 0.5640625 0.225 0.515625 0.225
2 0.6046875 0.8055555555555556 0.646875 0.8055555555555556 0.646875 0.85 0.6046875 0.85
2 0.6114583333333333 0.7388888888888889 0.6505208333333333 0.7388888888888889 0.6505208333333333 0.7833333333333333 0.6114583333333333 0.7833333333333333
2 0.6109375 0.3194444444444444 0.6432291666666666 0.3194444444444444 0.6432291666666666 0.3537037037037037 0.6109375 0.3537037037037037
1 0.6260416666666667 0.5685185185185185 0.7057291666666666 0.5685185185185185 0.7057291666666666 0.6685185185185185 0.6260416666666667 0.6685185185185185
2 0.6729166666666667 0.4601851851851852 0.6984375 0.4601851851851852 0.6984375 0.48518518518518516 0.6729166666666667 0.48518518518518516
2 0.6692708333333334 0.38425925925925924 0.690625 0.38425925925925924 0.690625 0.4101851851851852 0.6692708333333334 0.4101851851851852
2 0.6520833333333333 0.3731481481481482 0.6760416666666667 0.3731481481481482 0.6760416666666667 0.39814814814814814 0.6520833333333333 0.39814814814814814