1 0.1453125 0.3296296296296296 0.26614583333333336 0.3296296296296296 0.26614583333333336 0.5092592592592593 0.1453125 0.5092592592592593
1 0.33489583333333334 0.1824074074074074 0.39114583333333336 0.1824074074074074 0.39114583333333336 0.24351851851851852 0.33489583333333334 0.24351851851851852
1 0.6583333333333333 0.13148148148148148 0.7078125 0.13148148148148148 0.7078125 0.175 0.6583333333333333 0.175
1 0.28177083333333336 0.6370370370370371 0.43072916666666666 0.6370370370370371 0.43072916666666666 1 0.28177083333333336 1
1 0.5473958333333333 0.11666666666666667 0.5765625 0.11666666666666667 0.5765625 0.1638888888888889 0.5473958333333333 0.1638888888888889
2 0.2671875 0.5157407407407407 0.3098958333333333 0.5157407407407407 0.3098958333333333 0.6805555555555556 0.2671875 0.6805555555555556
2 0.23333333333333334 0.44351851851851853 0.26614583333333336 0.44351851851851853 0.26614583333333336 0.5768518518518518 0.23333333333333334 0.5768518518518518
2 0.3328125 0.3037037037037037 0.3546875 0.3037037037037037 0.3546875 0.40555555555555556 0.3328125 0.40555555555555556
2 0.3848958333333333 0.27685185185185185 0.4005208333333333 0.27685185185185185 0.4005208333333333 0.36018518518518516 0.3848958333333333 0.36018518518518516
2 0.39947916666666666 0.33240740740740743 0.41822916666666665 0.33240740740740743 0.41822916666666665 0.4527777777777778 0.39947916666666666 0.4527777777777778
2 0.4234375 0.2657407407407407 0.44166666666666665 0.2657407407407407 0.44166666666666665 0.35648148148148145 0.4234375 0.35648148148148145
2 0.3697916666666667 0.23425925925925925 0.3880208333333333 0.23425925925925925 0.3880208333333333 0.3175925925925926 0.3697916666666667 0.3175925925925926
2 0.6744791666666666 0.3037037037037037 0.703125 0.3037037037037037 0.703125 0.4009259259259259 0.6744791666666666 0.4009259259259259
2 0.6630208333333333 0.23425925925925925 0.6807291666666667 0.23425925925925925 0.6807291666666667 0.3074074074074074 0.6630208333333333 0.3074074074074074
2 0.5708333333333333 0.17314814814814813 0.5979166666666667 0.17314814814814813 0.5979166666666667 0.23981481481481481 0.5708333333333333 0.23981481481481481
2 0.5489583333333333 0.175 0.5723958333333333 0.175 0.5723958333333333 0.22685185185185186 0.5489583333333333 0.22685185185185186
2 0.628125 0.175 0.6494791666666667 0.175 0.6494791666666667 0.2361111111111111 0.628125 0.2361111111111111
2 0.4140625 0.18611111111111112 0.428125 0.18611111111111112 0.428125 0.25462962962962965 0.4140625 0.25462962962962965
2 0.43802083333333336 0.19722222222222222 0.44635416666666666 0.19722222222222222 0.44635416666666666 0.2564814814814815 0.43802083333333336 0.2564814814814815
2 0.44375 0.17592592592592593 0.4546875 0.17592592592592593 0.4546875 0.22870370370370371 0.44375 0.22870370370370371
2 0.4625 0.17314814814814813 0.4703125 0.17314814814814813 0.4703125 0.22407407407407406 0.4625 0.22407407407407406
2 0.48072916666666665 0.17037037037037037 0.49270833333333336 0.17037037037037037 0.49270833333333336 0.225 0.48072916666666665 0.225
2 0.484375 0.13518518518518519 0.4973958333333333 0.13518518518518519 0.4973958333333333 0.17685185185185184 0.484375 0.17685185185185184
2 0.40572916666666664 0.14537037037037037 0.41510416666666666 0.14537037037037037 0.41510416666666666 0.1824074074074074 0.40572916666666664 0.1824074074074074
2 0.42083333333333334 0.14629629629629629 0.4265625 0.14629629629629629 0.4265625 0.18796296296296297 0.42083333333333334 0.18796296296296297
2 0.42604166666666665 0.15648148148148147 0.43645833333333334 0.15648148148148147 0.43645833333333334 0.19537037037037036 0.42604166666666665 0.19537037037037036
2 0.4401041666666667 0.13425925925925927 0.446875 0.13425925925925927 0.446875 0.17777777777777778 0.4401041666666667 0.17777777777777778
2 0.4505208333333333 0.13796296296296295 0.46041666666666664 0.13796296296296295 0.46041666666666664 0.18333333333333332 0.4505208333333333 0.18333333333333332
2 0.4583333333333333 0.13055555555555556 0.46822916666666664 0.13055555555555556 0.46822916666666664 0.16018518518518518 0.4583333333333333 0.16018518518518518
2 0.4734375 0.1259259259259259 0.4859375 0.1259259259259259 0.4859375 0.15555555555555556 0.4734375 0.15555555555555556
2 0.5822916666666667 0.10925925925925926 0.5916666666666667 0.10925925925925926 0.5916666666666667 0.14814814814814814 0.5822916666666667 0.14814814814814814