1 0.39895833333333336 0.9092592592592592 0.49895833333333334 0.9092592592592592 0.49895833333333334 1 0.39895833333333336 1
1 0.29322916666666665 0.5027777777777778 0.31979166666666664 0.5027777777777778 0.31979166666666664 0.5574074074074075 0.29322916666666665 0.5574074074074075
1 0.3182291666666667 0.6935185185185185 0.35625 0.6935185185185185 0.35625 0.7953703703703704 0.3182291666666667 0.7953703703703704
1 0.28020833333333334 0.22870370370370371 0.3072916666666667 0.22870370370370371 0.3072916666666667 0.3148148148148148 0.28020833333333334 0.3148148148148148
2 0.5083333333333333 0.8666666666666667 0.6223958333333334 0.8666666666666667 0.6223958333333334 0.9574074074074074 0.5083333333333333 0.9574074074074074
2 0.5020833333333333 0.6824074074074075 0.5890625 0.6824074074074075 0.5890625 0.7546296296296297 0.5020833333333333 0.7546296296296297
2 0.4395833333333333 0.6259259259259259 0.5072916666666667 0.6259259259259259 0.5072916666666667 0.6731481481481482 0.4395833333333333 0.6731481481481482
2 0.4354166666666667 0.7342592592592593 0.50625 0.7342592592592593 0.50625 0.7824074074074074 0.4354166666666667 0.7824074074074074
2 0.4265625 0.7768518518518519 0.4942708333333333 0.7768518518518519 0.4942708333333333 0.8333333333333334 0.4265625 0.8333333333333334
2 0.3848958333333333 0.7527777777777778 0.4354166666666667 0.7527777777777778 0.4354166666666667 0.7981481481481482 0.3848958333333333 0.7981481481481482
2 0.3625 0.7361111111111112 0.3984375 0.7361111111111112 0.3984375 0.775 0.3625 0.775
2 0.375 0.6370370370370371 0.4328125 0.6370370370370371 0.4328125 0.6990740740740741 0.375 0.6990740740740741
2 0.39010416666666664 0.5361111111111111 0.44635416666666666 0.5361111111111111 0.44635416666666666 0.5972222222222222 0.39010416666666664 0.5972222222222222
2 0.3260416666666667 0.6796296296296296 0.3640625 0.6796296296296296 0.3640625 0.712037037037037 0.3260416666666667 0.712037037037037
2 0.3203125 0.6601851851851852 0.34375 0.6601851851851852 0.34375 0.6768518518518518 0.3203125 0.6768518518518518
2 0.3307291666666667 0.6481481481481481 0.36041666666666666 0.6481481481481481 0.36041666666666666 0.6694444444444444 0.3307291666666667 0.6694444444444444
2 0.34010416666666665 0.6259259259259259 0.37552083333333336 0.6259259259259259 0.37552083333333336 0.6481481481481481 0.34010416666666665 0.6481481481481481
2 0.35625 0.6564814814814814 0.384375 0.6564814814814814 0.384375 0.6833333333333333 0.35625 0.6833333333333333
2 0.3375 0.5638888888888889 0.3828125 0.5638888888888889 0.3828125 0.5925925925925926 0.3375 0.5925925925925926
2 0.32864583333333336 0.5435185185185185 0.3692708333333333 0.5435185185185185 0.3692708333333333 0.5648148148148148 0.32864583333333336 0.5648148148148148
2 0.3125 0.5898148148148148 0.34010416666666665 0.5898148148148148 0.34010416666666665 0.6074074074074074 0.3125 0.6074074074074074
2 0.3046875 0.6055555555555555 0.33229166666666665 0.6055555555555555 0.33229166666666665 0.6231481481481481 0.3046875 0.6231481481481481
2 0.31145833333333334 0.5481481481481482 0.33541666666666664 0.5481481481481482 0.33541666666666664 0.5712962962962963 0.31145833333333334 0.5712962962962963
2 0.2859375 0.5916666666666667 0.309375 0.5916666666666667 0.309375 0.6064814814814815 0.2859375 0.6064814814814815
2 0.2911458333333333 0.5722222222222222 0.321875 0.5722222222222222 0.321875 0.5851851851851851 0.2911458333333333 0.5851851851851851
2 0.2833333333333333 0.5583333333333333 0.3078125 0.5583333333333333 0.3078125 0.575925925925926 0.2833333333333333 0.575925925925926
2 0.2833333333333333 0.47962962962962963 0.30833333333333335 0.47962962962962963 0.30833333333333335 0.5074074074074074 0.2833333333333333 0.5074074074074074
2 0.2791666666666667 0.6083333333333333 0.3015625 0.6083333333333333 0.3015625 0.6231481481481481 0.2791666666666667 0.6231481481481481
2 0.27760416666666665 0.5824074074074074 0.2942708333333333 0.5824074074074074 0.2942708333333333 0.5944444444444444 0.27760416666666665 0.5944444444444444
2 0.2796875 0.537962962962963 0.29791666666666666 0.537962962962963 0.29791666666666666 0.5527777777777778 0.2796875 0.5527777777777778
2 0.2791666666666667 0.33796296296296297 0.29791666666666666 0.33796296296296297 0.29791666666666666 0.35555555555555557 0.2791666666666667 0.35555555555555557
2 0.30052083333333335 0.3148148148148148 0.32708333333333334 0.3148148148148148 0.32708333333333334 0.33240740740740743 0.30052083333333335 0.33240740740740743
2 0.31354166666666666 0.29444444444444445 0.34427083333333336 0.29444444444444445 0.34427083333333336 0.3138888888888889 0.31354166666666666 0.3138888888888889
2 0.3020833333333333 0.26666666666666666 0.3265625 0.26666666666666666 0.3265625 0.28703703703703703 0.3020833333333333 0.28703703703703703
2 0.31354166666666666 0.23796296296296296 0.3385416666666667 0.23796296296296296 0.3385416666666667 0.262037037037037 0.31354166666666666 0.262037037037037
2 0.31979166666666664 0.6296296296296297 0.34479166666666666 0.6296296296296297 0.34479166666666666 0.6481481481481481 0.31979166666666664 0.6481481481481481