1 0.3932291666666667 0.3138888888888889 0.46875 0.3138888888888889 0.46875 0.43703703703703706 0.3932291666666667 0.43703703703703706
1 0.14739583333333334 0.3175925925925926 0.2708333333333333 0.3175925925925926 0.2708333333333333 0.4888888888888889 0.14739583333333334 0.4888888888888889
2 0.7739583333333333 0.6287037037037037 0.8375 0.6287037037037037 0.8375 0.8138888888888889 0.7739583333333333 0.8138888888888889
2 0.2947916666666667 0.3824074074074074 0.32864583333333336 0.3824074074074074 0.32864583333333336 0.4722222222222222 0.2947916666666667 0.4722222222222222
2 0.06145833333333333 0.6916666666666667 0.14479166666666668 0.6916666666666667 0.14479166666666668 0.9314814814814815 0.06145833333333333 0.9314814814814815
1 0.3203125 0.17685185185185184 0.3890625 0.17685185185185184 0.3890625 0.23981481481481481 0.3203125 0.23981481481481481
2 0.73125 0.33796296296296297 0.7729166666666667 0.33796296296296297 0.7729166666666667 0.4351851851851852 0.73125 0.4351851851851852
2 0.671875 0.47129629629629627 0.7223958333333333 0.47129629629629627 0.7223958333333333 0.6166666666666667 0.671875 0.6166666666666667
2 0.2640625 0.5888888888888889 0.32395833333333335 0.5888888888888889 0.32395833333333335 0.7472222222222222 0.2640625 0.7472222222222222
2 0.18333333333333332 0.47129629629629627 0.23489583333333333 0.47129629629629627 0.23489583333333333 0.6129629629629629 0.18333333333333332 0.6129629629629629
2 0.3484375 0.4398148148148148 0.3927083333333333 0.4398148148148148 0.3927083333333333 0.5740740740740741 0.3484375 0.5740740740740741
2 0.37552083333333336 0.2777777777777778 0.40208333333333335 0.2777777777777778 0.40208333333333335 0.3509259259259259 0.37552083333333336 0.3509259259259259
2 0.27395833333333336 0.4527777777777778 0.3140625 0.4527777777777778 0.3140625 0.5842592592592593 0.27395833333333336 0.5842592592592593
2 0.6494791666666667 0.19907407407407407 0.6692708333333334 0.19907407407407407 0.6692708333333334 0.25555555555555554 0.6494791666666667 0.25555555555555554
2 0.4921875 0.1287037037037037 0.5088541666666667 0.1287037037037037 0.5088541666666667 0.1685185185185185 0.4921875 0.1685185185185185
2 0.39114583333333336 0.23981481481481481 0.4125 0.23981481481481481 0.4125 0.3 0.39114583333333336 0.3
2 0.44479166666666664 0.11018518518518519 0.4578125 0.11018518518518519 0.4578125 0.14351851851851852 0.44479166666666664 0.14351851851851852
2 0.42552083333333335 0.24537037037037038 0.4484375 0.24537037037037038 0.4484375 0.30833333333333335 0.42552083333333335 0.30833333333333335
2 0.4515625 0.1925925925925926 0.46979166666666666 0.1925925925925926 0.46979166666666666 0.24351851851851852 0.4515625 0.24351851851851852
2 0.5973958333333333 0.14629629629629629 0.6223958333333334 0.14629629629629629 0.6223958333333334 0.1925925925925926 0.5973958333333333 0.1925925925925926
2 0.4713541666666667 0.1638888888888889 0.48854166666666665 0.1638888888888889 0.48854166666666665 0.21851851851851853 0.4713541666666667 0.21851851851851853
2 0.47760416666666666 0.11296296296296296 0.49114583333333334 0.11296296296296296 0.49114583333333334 0.14629629629629629 0.47760416666666666 0.14629629629629629
2 0.5052083333333334 0.175 0.5286458333333334 0.175 0.5286458333333334 0.2388888888888889 0.5052083333333334 0.2388888888888889