1 0.39166666666666666 0.9277777777777778 0.49375 0.9277777777777778 0.49375 1 0.39166666666666666 1
1 0.48541666666666666 0 0.5963541666666666 0 0.5963541666666666 0.15462962962962962 0.48541666666666666 0.15462962962962962
2 0.6088541666666667 0 0.7354166666666667 0 0.7354166666666667 0.11388888888888889 0.6088541666666667 0.11388888888888889
2 0.559375 0.6435185185185185 0.6703125 0.6435185185185185 0.6703125 0.7472222222222222 0.559375 0.7472222222222222
2 0.48125 0.8722222222222222 0.5697916666666667 0.8722222222222222 0.5697916666666667 0.9537037037037037 0.48125 0.9537037037037037
2 0.31197916666666664 0.3675925925925926 0.34270833333333334 0.3675925925925926 0.34270833333333334 0.4083333333333333 0.31197916666666664 0.4083333333333333
2 0.3854166666666667 0.6462962962962963 0.4390625 0.6462962962962963 0.4390625 0.6916666666666667 0.3854166666666667 0.6916666666666667
1 0.28489583333333335 0.3851851851851852 0.30885416666666665 0.3851851851851852 0.30885416666666665 0.4388888888888889 0.28489583333333335 0.4388888888888889
2 0.46979166666666666 0.7287037037037037 0.55625 0.7287037037037037 0.55625 0.7953703703703704 0.46979166666666666 0.7953703703703704
2 0.31875 0.20277777777777778 0.3515625 0.20277777777777778 0.3515625 0.24166666666666667 0.31875 0.24166666666666667
0 0.2890625 0.6398148148148148 0.384375 0.6398148148148148 0.384375 0.774074074074074 0.2890625 0.774074074074074
1 0.29322916666666665 0.29259259259259257 0.32447916666666665 0.29259259259259257 0.32447916666666665 0.3675925925925926 0.29322916666666665 0.3675925925925926
2 0.3229166666666667 0.5453703703703704 0.3541666666666667 0.5453703703703704 0.3541666666666667 0.5722222222222222 0.3229166666666667 0.5722222222222222
2 0.34427083333333336 0.5648148148148148 0.3776041666666667 0.5648148148148148 0.3776041666666667 0.5972222222222222 0.34427083333333336 0.5972222222222222
2 0.4088541666666667 0.8685185185185185 0.4744791666666667 0.8685185185185185 0.4744791666666667 0.9092592592592592 0.4088541666666667 0.9092592592592592
2 0.3953125 0.21203703703703702 0.4557291666666667 0.21203703703703702 0.4557291666666667 0.2611111111111111 0.3953125 0.2611111111111111
2 0.35104166666666664 0.21481481481481482 0.3921875 0.21481481481481482 0.3921875 0.2574074074074074 0.35104166666666664 0.2574074074074074
2 0.3541666666666667 0.6046296296296296 0.40625 0.6046296296296296 0.40625 0.6481481481481481 0.3541666666666667 0.6481481481481481