1 0.5036458333333333 0 0.6020833333333333 0 0.6020833333333333 0.0962962962962963 0.5036458333333333 0.0962962962962963
1 0.6510416666666666 0.19074074074074074 0.6864583333333333 0.19074074074074074 0.6864583333333333 0.30925925925925923 0.6510416666666666 0.30925925925925923
2 0.3953125 0.07962962962962963 0.48020833333333335 0.07962962962962963 0.48020833333333335 0.175 0.3953125 0.175
2 0.6510416666666666 0.3416666666666667 0.6796875 0.3416666666666667 0.6796875 0.37592592592592594 0.6510416666666666 0.37592592592592594
2 0.6489583333333333 0.7777777777777778 0.675 0.7777777777777778 0.675 0.8101851851851852 0.6489583333333333 0.8101851851851852
2 0.5427083333333333 0.7925925925925926 0.5973958333333333 0.7925925925925926 0.5973958333333333 0.8555555555555555 0.5427083333333333 0.8555555555555555
2 0.6265625 0.6527777777777778 0.6625 0.6527777777777778 0.6625 0.6916666666666667 0.6265625 0.6916666666666667
2 0.6635416666666667 0.7111111111111111 0.6885416666666667 0.7111111111111111 0.6885416666666667 0.7462962962962963 0.6635416666666667 0.7462962962962963
2 0.7078125 0.5703703703703704 0.7255208333333333 0.5703703703703704 0.7255208333333333 0.5935185185185186 0.7078125 0.5935185185185186
2 0.39947916666666666 0.9101851851851852 0.4864583333333333 0.9101851851851852 0.4864583333333333 1 0.39947916666666666 1
2 0.6140625 0.3685185185185185 0.6526041666666667 0.3685185185185185 0.6526041666666667 0.412962962962963 0.6140625 0.412962962962963
2 0.5802083333333333 0.6925925925925925 0.6244791666666667 0.6925925925925925 0.6244791666666667 0.7416666666666667 0.5802083333333333 0.7416666666666667
2 0.703125 0.6601851851851852 0.721875 0.6601851851851852 0.721875 0.6851851851851852 0.703125 0.6851851851851852
2 0.6177083333333333 0.7064814814814815 0.6520833333333333 0.7064814814814815 0.6520833333333333 0.7509259259259259 0.6177083333333333 0.7509259259259259
2 0.6546875 0.5981481481481481 0.6880208333333333 0.5981481481481481 0.6880208333333333 0.6481481481481481 0.6546875 0.6481481481481481
2 0.6286458333333333 0.4305555555555556 0.6640625 0.4305555555555556 0.6640625 0.4685185185185185 0.6286458333333333 0.4685185185185185
2 0.5270833333333333 0.26481481481481484 0.5901041666666667 0.26481481481481484 0.5901041666666667 0.30092592592592593 0.5270833333333333 0.30092592592592593
2 0.47708333333333336 0.2953703703703704 0.5520833333333334 0.2953703703703704 0.5520833333333334 0.35 0.47708333333333336 0.35
2 0.46927083333333336 0.9592592592592593 0.546875 0.9592592592592593 0.546875 1 0.46927083333333336 1