1 0.4041666666666667 0.9157407407407407 0.5046875 0.9157407407407407 0.5046875 1 0.4041666666666667 1
1 0.321875 0.6935185185185185 0.35625 0.6935185185185185 0.35625 0.7935185185185185 0.321875 0.7935185185185185
1 0.29270833333333335 0.13055555555555556 0.3171875 0.13055555555555556 0.3171875 0.21851851851851853 0.29270833333333335 0.21851851851851853
1 0.5770833333333333 0.6240740740740741 0.78125 0.6240740740740741 0.78125 0.8888888888888888 0.5770833333333333 0.8888888888888888
1 0.284375 0.3638888888888889 0.31145833333333334 0.3638888888888889 0.31145833333333334 0.4166666666666667 0.284375 0.4166666666666667
2 0.5088541666666667 0.8379629629629629 0.6015625 0.8379629629629629 0.6015625 0.9138888888888889 0.5088541666666667 0.9138888888888889
2 0.46875 0.9157407407407407 0.54375 0.9157407407407407 0.54375 0.9740740740740741 0.46875 0.9740740740740741
2 0.38958333333333334 0.7592592592592593 0.446875 0.7592592592592593 0.446875 0.7972222222222223 0.38958333333333334 0.7972222222222223
2 0.37447916666666664 0.6768518518518518 0.421875 0.6768518518518518 0.421875 0.7046296296296296 0.37447916666666664 0.7046296296296296
2 0.40572916666666664 0.6462962962962963 0.4734375 0.6462962962962963 0.4734375 0.6796296296296296 0.40572916666666664 0.6796296296296296
2 0.36822916666666666 0.6037037037037037 0.4192708333333333 0.6037037037037037 0.4192708333333333 0.6361111111111111 0.36822916666666666 0.6361111111111111
2 0.35052083333333334 0.6990740740740741 0.39739583333333334 0.6990740740740741 0.39739583333333334 0.7314814814814815 0.35052083333333334 0.7314814814814815
2 0.38958333333333334 0.1388888888888889 0.44427083333333334 0.1388888888888889 0.44427083333333334 0.18981481481481483 0.38958333333333334 0.18981481481481483
2 0.35052083333333334 0.1787037037037037 0.39166666666666666 0.1787037037037037 0.39166666666666666 0.2101851851851852 0.35052083333333334 0.2101851851851852
2 0.31614583333333335 0.32592592592592595 0.3541666666666667 0.32592592592592595 0.3541666666666667 0.37407407407407406 0.31614583333333335 0.37407407407407406
2 0.3171875 0.3712962962962963 0.3463541666666667 0.3712962962962963 0.3463541666666667 0.412962962962963 0.3171875 0.412962962962963
2 0.3177083333333333 0.23425925925925925 0.3515625 0.23425925925925925 0.3515625 0.2722222222222222 0.3177083333333333 0.2722222222222222
2 0.3234375 0.6287037037037037 0.3619791666666667 0.6287037037037037 0.3619791666666667 0.6527777777777778 0.3234375 0.6527777777777778
2 0.3296875 0.5953703703703703 0.36302083333333335 0.5953703703703703 0.36302083333333335 0.6101851851851852 0.3296875 0.6101851851851852
2 0.3177083333333333 0.5805555555555556 0.34739583333333335 0.5805555555555556 0.34739583333333335 0.6 0.3177083333333333 0.6
2 0.31666666666666665 0.5527777777777778 0.34479166666666666 0.5527777777777778 0.34479166666666666 0.5666666666666667 0.31666666666666665 0.5666666666666667
2 0.3145833333333333 0.512962962962963 0.3453125 0.512962962962963 0.3453125 0.5342592592592592 0.3145833333333333 0.5342592592592592
2 0.2947916666666667 0.5046296296296297 0.31875 0.5046296296296297 0.31875 0.5277777777777778 0.2947916666666667 0.5277777777777778
2 0.30052083333333335 0.6509259259259259 0.32135416666666666 0.6509259259259259 0.32135416666666666 0.6675925925925926 0.30052083333333335 0.6675925925925926
2 0.30104166666666665 0.6305555555555555 0.32447916666666665 0.6305555555555555 0.32447916666666665 0.6407407407407407 0.30104166666666665 0.6407407407407407
2 0.3067708333333333 0.6138888888888889 0.32864583333333336 0.6138888888888889 0.32864583333333336 0.6314814814814815 0.3067708333333333 0.6314814814814815
2 0.2942708333333333 0.5944444444444444 0.31875 0.5944444444444444 0.31875 0.6074074074074074 0.2942708333333333 0.6074074074074074
2 0.29635416666666664 0.5703703703703704 0.321875 0.5703703703703704 0.321875 0.5879629629629629 0.29635416666666664 0.5879629629629629
2 0.29270833333333335 0.5564814814814815 0.30885416666666665 0.5564814814814815 0.30885416666666665 0.5740740740740741 0.29270833333333335 0.5740740740740741
2 0.28958333333333336 0.525 0.30625 0.525 0.30625 0.5472222222222223 0.28958333333333336 0.5472222222222223
2 0.28020833333333334 0.337037037037037 0.3020833333333333 0.337037037037037 0.3020833333333333 0.3537037037037037 0.28020833333333334 0.3537037037037037