1 0.39739583333333334 0.9064814814814814 0.4947916666666667 0.9064814814814814 0.4947916666666667 1 0.39739583333333334 1
1 0.4484375 0.5833333333333334 0.546875 0.5833333333333334 0.546875 0.7666666666666667 0.4484375 0.7666666666666667
2 0.43697916666666664 0.10925925925925926 0.4979166666666667 0.10925925925925926 0.4979166666666667 0.17685185185185184 0.43697916666666664 0.17685185185185184
2 0.4791666666666667 0.1685185185185185 0.55625 0.1685185185185185 0.55625 0.2601851851851852 0.4791666666666667 0.2601851851851852
2 0.5770833333333333 0.9574074074074074 0.6807291666666667 0.9574074074074074 0.6807291666666667 1 0.5770833333333333 1
2 0.4161458333333333 0.7472222222222222 0.4671875 0.7472222222222222 0.4671875 0.8046296296296296 0.4161458333333333 0.8046296296296296
2 0.36666666666666664 0.12685185185185185 0.40989583333333335 0.12685185185185185 0.40989583333333335 0.17685185185185184 0.36666666666666664 0.17685185185185184
1 0.3182291666666667 0.7074074074074074 0.3536458333333333 0.7074074074074074 0.3536458333333333 0.8203703703703704 0.3182291666666667 0.8203703703703704
2 0.37447916666666664 0.6990740740740741 0.421875 0.6990740740740741 0.421875 0.7509259259259259 0.37447916666666664 0.7509259259259259
2 0.4973958333333333 0.9203703703703704 0.5692708333333333 0.9203703703703704 0.5692708333333333 1 0.4973958333333333 1
2 0.390625 0.21296296296296297 0.4401041666666667 0.21296296296296297 0.4401041666666667 0.26296296296296295 0.390625 0.26296296296296295
2 0.3302083333333333 0.537962962962963 0.3671875 0.537962962962963 0.3671875 0.5703703703703704 0.3302083333333333 0.5703703703703704
2 0.5729166666666666 0.9592592592592593 0.6270833333333333 0.9592592592592593 0.6270833333333333 1 0.5729166666666666 1
2 0.3859375 0.6296296296296297 0.4354166666666667 0.6296296296296297 0.4354166666666667 0.6787037037037037 0.3859375 0.6787037037037037
2 0.28229166666666666 0.549074074074074 0.30104166666666665 0.549074074074074 0.30104166666666665 0.5731481481481482 0.28229166666666666 0.5731481481481482
2 0.32395833333333335 0.5925925925925926 0.3494791666666667 0.5925925925925926 0.3494791666666667 0.625 0.32395833333333335 0.625
2 0.29583333333333334 0.49166666666666664 0.32135416666666666 0.49166666666666664 0.32135416666666666 0.5185185185185185 0.29583333333333334 0.5185185185185185
2 0.3494791666666667 0.5722222222222222 0.38333333333333336 0.5722222222222222 0.38333333333333336 0.6138888888888889 0.3494791666666667 0.6138888888888889
2 0.2921875 0.5814814814814815 0.31354166666666666 0.5814814814814815 0.31354166666666666 0.6055555555555555 0.2921875 0.6055555555555555
2 0.6385416666666667 0.8583333333333333 0.7791666666666667 0.8583333333333333 0.7791666666666667 0.9796296296296296 0.6385416666666667 0.9796296296296296