1 0.13697916666666668 0.33611111111111114 0.2598958333333333 0.33611111111111114 0.2598958333333333 0.5148148148148148 0.13697916666666668 0.5148148148148148
1 0.4239583333333333 0.25 0.4791666666666667 0.25 0.4791666666666667 0.3453703703703704 0.4239583333333333 0.3453703703703704
1 0.5484375 0.17777777777777778 0.5947916666666667 0.17777777777777778 0.5947916666666667 0.25833333333333336 0.5484375 0.25833333333333336
1 0.32916666666666666 0.18888888888888888 0.384375 0.18888888888888888 0.384375 0.2537037037037037 0.32916666666666666 0.2537037037037037
1 0.528125 0.12314814814814815 0.5536458333333333 0.12314814814814815 0.5536458333333333 0.16296296296296298 0.528125 0.16296296296296298
2 0.19270833333333334 0.49907407407407406 0.225 0.49907407407407406 0.225 0.675 0.19270833333333334 0.675
2 0.19270833333333334 0.7444444444444445 0.246875 0.7444444444444445 0.246875 0.9944444444444445 0.19270833333333334 0.9944444444444445
2 0.20625 0.4462962962962963 0.24583333333333332 0.4462962962962963 0.24583333333333332 0.5361111111111111 0.20625 0.5361111111111111
2 0.24739583333333334 0.5453703703703704 0.28958333333333336 0.5453703703703704 0.28958333333333336 0.7092592592592593 0.24739583333333334 0.7092592592592593
2 0.3078125 0.41759259259259257 0.3390625 0.41759259259259257 0.3390625 0.5592592592592592 0.3078125 0.5592592592592592
2 0.3494791666666667 0.43333333333333335 0.396875 0.43333333333333335 0.396875 0.5953703703703703 0.3494791666666667 0.5953703703703703
2 0.33697916666666666 0.29814814814814816 0.3625 0.29814814814814816 0.3625 0.39444444444444443 0.33697916666666666 0.39444444444444443
2 0.35833333333333334 0.22777777777777777 0.3859375 0.22777777777777777 0.3859375 0.31666666666666665 0.35833333333333334 0.31666666666666665
2 0.38333333333333336 0.2916666666666667 0.4083333333333333 0.2916666666666667 0.4083333333333333 0.38981481481481484 0.38333333333333336 0.38981481481481484
2 0.39791666666666664 0.18333333333333332 0.4109375 0.18333333333333332 0.4109375 0.25555555555555554 0.39791666666666664 0.25555555555555554
2 0.4119791666666667 0.21203703703703702 0.428125 0.21203703703703702 0.428125 0.2777777777777778 0.4119791666666667 0.2777777777777778
2 0.4 0.11203703703703703 0.4140625 0.11203703703703703 0.4140625 0.16203703703703703 0.4 0.16203703703703703
2 0.41458333333333336 0.1388888888888889 0.4270833333333333 0.1388888888888889 0.4270833333333333 0.1962962962962963 0.41458333333333336 0.1962962962962963
2 0.42864583333333334 0.16296296296296298 0.4427083333333333 0.16296296296296298 0.4427083333333333 0.22037037037037038 0.42864583333333334 0.22037037037037038
2 0.4609375 0.1648148148148148 0.47291666666666665 0.1648148148148148 0.47291666666666665 0.2222222222222222 0.4609375 0.2222222222222222
2 0.44479166666666664 0.1574074074074074 0.4557291666666667 0.1574074074074074 0.4557291666666667 0.2111111111111111 0.44479166666666664 0.2111111111111111
2 0.4395833333333333 0.13148148148148148 0.4505208333333333 0.13148148148148148 0.4505208333333333 0.16944444444444445 0.4395833333333333 0.16944444444444445
2 0.453125 0.12777777777777777 0.4625 0.12777777777777777 0.4625 0.1675925925925926 0.453125 0.1675925925925926
2 0.4609375 0.12129629629629629 0.4713541666666667 0.12129629629629629 0.4713541666666667 0.15925925925925927 0.4609375 0.15925925925925927
2 0.5130208333333334 0.18796296296296297 0.534375 0.18796296296296297 0.534375 0.24537037037037038 0.5130208333333334 0.24537037037037038
2 0.625 0.2212962962962963 0.6432291666666666 0.2212962962962963 0.6432291666666666 0.29444444444444445 0.625 0.29444444444444445
2 0.734375 0.3925925925925926 0.7671875 0.3925925925925926 0.7671875 0.49444444444444446 0.734375 0.49444444444444446
2 0.8682291666666667 0.5342592592592592 0.91875 0.5342592592592592 0.91875 0.6907407407407408 0.8682291666666667 0.6907407407407408
2 0.5609375 0.12777777777777777 0.5729166666666666 0.12777777777777777 0.5729166666666666 0.17314814814814813 0.5609375 0.17314814814814813
2 0.58125 0.12222222222222222 0.5953125 0.12222222222222222 0.5953125 0.1685185185185185 0.58125 0.1685185185185185