1 0.37083333333333335 0.5416666666666666 0.4276041666666667 0.5416666666666666 0.4276041666666667 0.65 0.37083333333333335 0.65
1 0.39739583333333334 0.9074074074074074 0.49583333333333335 0.9074074074074074 0.49583333333333335 1 0.39739583333333334 1
1 0.3182291666666667 0.6953703703703704 0.353125 0.6953703703703704 0.353125 0.8157407407407408 0.3182291666666667 0.8157407407407408
2 0.3541666666666667 0.1398148148148148 0.396875 0.1398148148148148 0.396875 0.18425925925925926 0.3541666666666667 0.18425925925925926
2 0.49895833333333334 0.9453703703703704 0.5864583333333333 0.9453703703703704 0.5864583333333333 1 0.49895833333333334 1
2 0.46197916666666666 0.6990740740740741 0.53125 0.6990740740740741 0.53125 0.774074074074074 0.46197916666666666 0.774074074074074
2 0.4046875 0.6564814814814814 0.4583333333333333 0.6564814814814814 0.4583333333333333 0.7111111111111111 0.4046875 0.7111111111111111
2 0.43385416666666665 0.7722222222222223 0.4864583333333333 0.7722222222222223 0.4864583333333333 0.8231481481481482 0.43385416666666665 0.8231481481481482
2 0.31875 0.2518518518518518 0.35833333333333334 0.2518518518518518 0.35833333333333334 0.29814814814814816 0.31875 0.29814814814814816
2 0.39739583333333334 0.7462962962962963 0.44166666666666665 0.7462962962962963 0.44166666666666665 0.799074074074074 0.39739583333333334 0.799074074074074
2 0.3171875 0.46944444444444444 0.35 0.46944444444444444 0.35 0.5055555555555555 0.3171875 0.5055555555555555
2 0.3125 0.5481481481481482 0.33958333333333335 0.5481481481481482 0.33958333333333335 0.5777777777777777 0.3125 0.5777777777777777
2 0.5640625 0.7453703703703703 0.6614583333333334 0.7453703703703703 0.6614583333333334 0.8361111111111111 0.5640625 0.8361111111111111
2 0.4427083333333333 0.8833333333333333 0.5057291666666667 0.8833333333333333 0.5057291666666667 0.9574074074074074 0.4427083333333333 0.9574074074074074
1 0.296875 0.3296296296296296 0.3776041666666667 0.3296296296296296 0.3776041666666667 0.43703703703703706 0.296875 0.43703703703703706
2 0.3015625 0.5148148148148148 0.32708333333333334 0.5148148148148148 0.32708333333333334 0.5388888888888889 0.3015625 0.5388888888888889
2 0.353125 0.6407407407407407 0.38697916666666665 0.6407407407407407 0.38697916666666665 0.6777777777777778 0.353125 0.6777777777777778
2 0.3182291666666667 0.5981481481481481 0.34427083333333336 0.5981481481481481 0.34427083333333336 0.6277777777777778 0.3182291666666667 0.6277777777777778
2 0.2791666666666667 0.34629629629629627 0.29791666666666666 0.34629629629629627 0.29791666666666666 0.37407407407407406 0.2791666666666667 0.37407407407407406