1 0.14791666666666667 0.3175925925925926 0.2713541666666667 0.3175925925925926 0.2713541666666667 0.49074074074074076 0.14791666666666667 0.49074074074074076
1 0.4005208333333333 0.3 0.4713541666666667 0.3 0.4713541666666667 0.4148148148148148 0.4005208333333333 0.4148148148148148
1 0.32083333333333336 0.17777777777777778 0.38958333333333334 0.17777777777777778 0.38958333333333334 0.23981481481481481 0.32083333333333336 0.23981481481481481
2 0.20677083333333332 0.8796296296296297 0.2796875 0.8796296296296297 0.2796875 0.9981481481481481 0.20677083333333332 0.9981481481481481
2 0.3046875 0.3592592592592593 0.3390625 0.3592592592592593 0.3390625 0.4444444444444444 0.3046875 0.4444444444444444
2 0.19895833333333332 0.44351851851851853 0.24895833333333334 0.44351851851851853 0.24895833333333334 0.575 0.19895833333333332 0.575
2 0.1140625 0.6212962962962963 0.178125 0.6212962962962963 0.178125 0.8287037037037037 0.1140625 0.8287037037037037
2 0.8140625 0.7222222222222222 0.890625 0.7222222222222222 0.890625 0.9407407407407408 0.8140625 0.9407407407407408
2 0.29010416666666666 0.4305555555555556 0.32760416666666664 0.4305555555555556 0.32760416666666664 0.5296296296296297 0.29010416666666666 0.5296296296296297
2 0.7479166666666667 0.3527777777777778 0.7890625 0.3527777777777778 0.7890625 0.4564814814814815 0.7479166666666667 0.4564814814814815
2 0.2916666666666667 0.5314814814814814 0.34791666666666665 0.5314814814814814 0.34791666666666665 0.6805555555555556 0.2916666666666667 0.6805555555555556
2 0.6911458333333333 0.5361111111111111 0.7432291666666667 0.5361111111111111 0.7432291666666667 0.7064814814814815 0.6911458333333333 0.7064814814814815
2 0.35885416666666664 0.39537037037037037 0.4 0.39537037037037037 0.4 0.5185185185185185 0.35885416666666664 0.5185185185185185
2 0.38385416666666666 0.2722222222222222 0.40677083333333336 0.2722222222222222 0.40677083333333336 0.3351851851851852 0.38385416666666666 0.3351851851851852
2 0.6171875 0.21296296296296297 0.6385416666666667 0.21296296296296297 0.6385416666666667 0.2712962962962963 0.6171875 0.2712962962962963
2 0.44583333333333336 0.10462962962962963 0.4583333333333333 0.10462962962962963 0.4583333333333333 0.1398148148148148 0.44583333333333336 0.1398148148148148
2 0.65625 0.20925925925925926 0.6786458333333333 0.20925925925925926 0.6786458333333333 0.27037037037037037 0.65625 0.27037037037037037
2 0.42239583333333336 0.19722222222222222 0.4390625 0.19722222222222222 0.4390625 0.24444444444444444 0.42239583333333336 0.24444444444444444
2 0.4515625 0.1814814814814815 0.4708333333333333 0.1814814814814815 0.4708333333333333 0.2361111111111111 0.4515625 0.2361111111111111
2 0.3963541666666667 0.2324074074074074 0.4171875 0.2324074074074074 0.4171875 0.28888888888888886 0.3963541666666667 0.28888888888888886
2 0.6036458333333333 0.15185185185185185 0.628125 0.15185185185185185 0.628125 0.21203703703703702 0.6036458333333333 0.21203703703703702
2 0.47239583333333335 0.15925925925925927 0.490625 0.15925925925925927 0.490625 0.2101851851851852 0.47239583333333335 0.2101851851851852