1 0.5671875 0.4527777777777778 0.6822916666666666 0.4527777777777778 0.6822916666666666 0.6388888888888888 0.5671875 0.6388888888888888
1 0.3541666666666667 0.41203703703703703 0.4401041666666667 0.41203703703703703 0.4401041666666667 0.5638888888888889 0.3541666666666667 0.5638888888888889
1 0.12552083333333333 0.3537037037037037 0.2546875 0.3537037037037037 0.2546875 0.5342592592592592 0.12552083333333333 0.5342592592592592
1 0.534375 0.2175925925925926 0.5723958333333333 0.2175925925925926 0.5723958333333333 0.27870370370370373 0.534375 0.27870370370370373
1 0.31666666666666665 0.20925925925925926 0.36666666666666664 0.20925925925925926 0.36666666666666664 0.2740740740740741 0.31666666666666665 0.2740740740740741
1 0.4473958333333333 0.15833333333333333 0.4796875 0.15833333333333333 0.4796875 0.2111111111111111 0.4473958333333333 0.2111111111111111
1 0.6411458333333333 0.16203703703703703 0.6880208333333333 0.16203703703703703 0.6880208333333333 0.20277777777777778 0.6411458333333333 0.20277777777777778
2 0.11302083333333333 0.6055555555555555 0.16041666666666668 0.6055555555555555 0.16041666666666668 0.725925925925926 0.11302083333333333 0.725925925925926
2 0.2609375 0.5092592592592593 0.30364583333333334 0.5092592592592593 0.30364583333333334 0.6194444444444445 0.2609375 0.6194444444444445
2 0.15052083333333333 0.5824074074074074 0.21770833333333334 0.5824074074074074 0.21770833333333334 0.75 0.15052083333333333 0.75
2 0.40572916666666664 0.4935185185185185 0.4552083333333333 0.4935185185185185 0.4552083333333333 0.6787037037037037 0.40572916666666664 0.6787037037037037
2 0.3104166666666667 0.35185185185185186 0.33541666666666664 0.35185185185185186 0.33541666666666664 0.4305555555555556 0.3104166666666667 0.4305555555555556
2 0.3484375 0.3648148148148148 0.36822916666666666 0.3648148148148148 0.36822916666666666 0.44814814814814813 0.3484375 0.44814814814814813
2 0.32760416666666664 0.30092592592592593 0.3515625 0.30092592592592593 0.3515625 0.38055555555555554 0.32760416666666664 0.38055555555555554
2 0.36875 0.3074074074074074 0.38645833333333335 0.3074074074074074 0.38645833333333335 0.39537037037037037 0.36875 0.39537037037037037
2 0.346875 0.2833333333333333 0.36666666666666664 0.2833333333333333 0.36666666666666664 0.3472222222222222 0.346875 0.3472222222222222
2 0.378125 0.26296296296296295 0.39479166666666665 0.26296296296296295 0.39479166666666665 0.3296296296296296 0.378125 0.3296296296296296
2 0.3625 0.23796296296296296 0.3828125 0.23796296296296296 0.3828125 0.2953703703703704 0.3625 0.2953703703703704
2 0.35572916666666665 0.23425925925925925 0.3723958333333333 0.23425925925925925 0.3723958333333333 0.28425925925925927 0.35572916666666665 0.28425925925925927
2 0.42864583333333334 0.27870370370370373 0.4546875 0.27870370370370373 0.4546875 0.3527777777777778 0.42864583333333334 0.3527777777777778
2 0.40989583333333335 0.2564814814814815 0.4270833333333333 0.2564814814814815 0.4270833333333333 0.3277777777777778 0.40989583333333335 0.3277777777777778
2 0.45416666666666666 0.24537037037037038 0.46927083333333336 0.24537037037037038 0.46927083333333336 0.3296296296296296 0.45416666666666666 0.3296296296296296
2 0.403125 0.25 0.4203125 0.25 0.4203125 0.3037037037037037 0.403125 0.3037037037037037
2 0.4036458333333333 0.21944444444444444 0.42239583333333336 0.21944444444444444 0.42239583333333336 0.2722222222222222 0.4036458333333333 0.2722222222222222
2 0.421875 0.2101851851851852 0.4359375 0.2101851851851852 0.4359375 0.262037037037037 0.421875 0.262037037037037
2 0.6020833333333333 0.2824074074074074 0.6197916666666666 0.2824074074074074 0.6197916666666666 0.35462962962962963 0.6020833333333333 0.35462962962962963
2 0.6286458333333333 0.25 0.6494791666666667 0.25 0.6494791666666667 0.34074074074074073 0.6286458333333333 0.34074074074074073
2 0.48125 0.19722222222222222 0.4942708333333333 0.19722222222222222 0.4942708333333333 0.2518518518518518 0.48125 0.2518518518518518
2 0.48541666666666666 0.2074074074074074 0.5088541666666667 0.2074074074074074 0.5088541666666667 0.2601851851851852 0.48541666666666666 0.2601851851851852
2 0.5734375 0.18611111111111112 0.5916666666666667 0.18611111111111112 0.5916666666666667 0.23981481481481481 0.5734375 0.23981481481481481
2 0.5901041666666667 0.18518518518518517 0.6020833333333333 0.18518518518518517 0.6020833333333333 0.23333333333333334 0.5901041666666667 0.23333333333333334
2 0.5421875 0.14166666666666666 0.5541666666666667 0.14166666666666666 0.5541666666666667 0.18518518518518517 0.5421875 0.18518518518518517
2 0.55 0.14907407407407408 0.5614583333333333 0.14907407407407408 0.5614583333333333 0.18796296296296297 0.55 0.18796296296296297
2 0.41510416666666666 0.18796296296296297 0.42604166666666665 0.18796296296296297 0.42604166666666665 0.22685185185185186 0.41510416666666666 0.22685185185185186