1 0.3958333333333333 0.3425925925925926 0.471875 0.3425925925925926 0.471875 0.4925925925925926 0.3958333333333333 0.4925925925925926
1 0.14375 0.33240740740740743 0.26614583333333336 0.33240740740740743 0.26614583333333336 0.5092592592592593 0.14375 0.5092592592592593
1 0.3302083333333333 0.1814814814814815 0.3880208333333333 0.1814814814814815 0.3880208333333333 0.24537037037037038 0.3302083333333333 0.24537037037037038
1 0.5484375 0.1388888888888889 0.5854166666666667 0.1388888888888889 0.5854166666666667 0.1935185185185185 0.5484375 0.1935185185185185
2 0.1421875 0.7231481481481481 0.20989583333333334 0.7231481481481481 0.20989583333333334 0.9462962962962963 0.1421875 0.9462962962962963
2 0.25885416666666666 0.4305555555555556 0.29375 0.4305555555555556 0.29375 0.5722222222222222 0.25885416666666666 0.5722222222222222
2 0.2833333333333333 0.5027777777777778 0.340625 0.5027777777777778 0.340625 0.6805555555555556 0.2833333333333333 0.6805555555555556
2 0.3260416666666667 0.30648148148148147 0.35520833333333335 0.30648148148148147 0.35520833333333335 0.4212962962962963 0.3260416666666667 0.4212962962962963
2 0.8052083333333333 0.6083333333333333 0.8713541666666667 0.6083333333333333 0.8713541666666667 0.7805555555555556 0.8052083333333333 0.7805555555555556
2 0.7322916666666667 0.33425925925925926 0.753125 0.33425925925925926 0.753125 0.44074074074074077 0.7322916666666667 0.44074074074074077
2 0.6744791666666666 0.2574074074074074 0.6932291666666667 0.2574074074074074 0.6932291666666667 0.3314814814814815 0.6744791666666666 0.3314814814814815
2 0.3770833333333333 0.275 0.4046875 0.275 0.4046875 0.375 0.3770833333333333 0.375
2 0.37395833333333334 0.21944444444444444 0.39166666666666666 0.21944444444444444 0.39166666666666666 0.2814814814814815 0.37395833333333334 0.2814814814814815
2 0.4140625 0.20462962962962963 0.42864583333333334 0.20462962962962963 0.42864583333333334 0.27314814814814814 0.4140625 0.27314814814814814
2 0.44375 0.18425925925925926 0.4546875 0.18425925925925926 0.4546875 0.24722222222222223 0.44375 0.24722222222222223
2 0.4421875 0.20925925925925926 0.4661458333333333 0.20925925925925926 0.4661458333333333 0.29259259259259257 0.4421875 0.29259259259259257
2 0.40625 0.17407407407407408 0.4203125 0.17407407407407408 0.4203125 0.21851851851851853 0.40625 0.21851851851851853
2 0.4036458333333333 0.12962962962962962 0.41458333333333336 0.12962962962962962 0.41458333333333336 0.16944444444444445 0.4036458333333333 0.16944444444444445
2 0.41041666666666665 0.10833333333333334 0.4171875 0.10833333333333334 0.4171875 0.1398148148148148 0.41041666666666665 0.1398148148148148
2 0.43072916666666666 0.14722222222222223 0.44166666666666665 0.14722222222222223 0.44166666666666665 0.20092592592592592 0.43072916666666666 0.20092592592592592
2 0.45625 0.14814814814814814 0.46927083333333336 0.14814814814814814 0.46927083333333336 0.19537037037037036 0.45625 0.19537037037037036
2 0.4708333333333333 0.13240740740740742 0.48020833333333335 0.13240740740740742 0.48020833333333335 0.1712962962962963 0.4708333333333333 0.1712962962962963
2 0.4921875 0.13148148148148148 0.503125 0.13148148148148148 0.503125 0.17777777777777778 0.4921875 0.17777777777777778
2 0.4427083333333333 0.13148148148148148 0.45 0.13148148148148148 0.45 0.1712962962962963 0.4427083333333333 0.1712962962962963
2 0.43697916666666664 0.12222222222222222 0.4432291666666667 0.12222222222222222 0.4432291666666667 0.1527777777777778 0.43697916666666664 0.1527777777777778
2 0.6020833333333333 0.15185185185185185 0.6182291666666667 0.15185185185185185 0.6182291666666667 0.20833333333333334 0.6020833333333333 0.20833333333333334
2 0.5291666666666667 0.17962962962962964 0.5651041666666666 0.17962962962962964 0.5651041666666666 0.24537037037037038 0.5291666666666667 0.24537037037037038