1 0.13854166666666667 0.30648148148148147 0.2557291666666667 0.30648148148148147 0.2557291666666667 0.487962962962963 0.13854166666666667 0.487962962962963
1 0.6734375 0.44537037037037036 0.8229166666666666 0.44537037037037036 0.8229166666666666 0.6342592592592593 0.6734375 0.6342592592592593
0 0.3359375 0.1287037037037037 0.41822916666666665 0.1287037037037037 0.41822916666666665 0.30185185185185187 0.3359375 0.30185185185185187
2 0.8770833333333333 0.649074074074074 0.9390625 0.649074074074074 0.9390625 0.837037037037037 0.8770833333333333 0.837037037037037
2 0.2296875 0.4898148148148148 0.2760416666666667 0.4898148148148148 0.2760416666666667 0.6509259259259259 0.2296875 0.6509259259259259
2 0.6869791666666667 0.6351851851851852 0.7447916666666666 0.6351851851851852 0.7447916666666666 0.8333333333333334 0.6869791666666667 0.8333333333333334
2 0.0067708333333333336 0.5435185185185185 0.090625 0.5435185185185185 0.090625 0.712037037037037 0.0067708333333333336 0.712037037037037
1 0.5333333333333333 0.1111111111111111 0.5645833333333333 0.1111111111111111 0.5645833333333333 0.1537037037037037 0.5333333333333333 0.1537037037037037
2 0.34427083333333336 0.6611111111111111 0.4125 0.6611111111111111 0.4125 0.887962962962963 0.34427083333333336 0.887962962962963
2 0.5505208333333333 0.16203703703703703 0.571875 0.16203703703703703 0.571875 0.21388888888888888 0.5505208333333333 0.21388888888888888
2 0.45208333333333334 0.18888888888888888 0.4734375 0.18888888888888888 0.4734375 0.24722222222222223 0.45208333333333334 0.24722222222222223
2 0.3203125 0.4787037037037037 0.3640625 0.4787037037037037 0.3640625 0.6370370370370371 0.3203125 0.6370370370370371
2 0.6359375 0.23148148148148148 0.6567708333333333 0.23148148148148148 0.6567708333333333 0.2916666666666667 0.6359375 0.2916666666666667
1 0.5729166666666666 0.1287037037037037 0.6140625 0.1287037037037037 0.6140625 0.18333333333333332 0.5729166666666666 0.18333333333333332
2 0.3854166666666667 0.30833333333333335 0.4140625 0.30833333333333335 0.4140625 0.4074074074074074 0.3854166666666667 0.4074074074074074
2 0.4125 0.25277777777777777 0.43854166666666666 0.25277777777777777 0.43854166666666666 0.3398148148148148 0.4125 0.3398148148148148
2 0.6427083333333333 0.17407407407407408 0.6645833333333333 0.17407407407407408 0.6645833333333333 0.22962962962962963 0.6427083333333333 0.22962962962962963
2 0.6348958333333333 0.2935185185185185 0.659375 0.2935185185185185 0.659375 0.40370370370370373 0.6348958333333333 0.40370370370370373
2 0.44635416666666666 0.21944444444444444 0.4666666666666667 0.21944444444444444 0.4666666666666667 0.31203703703703706 0.44635416666666666 0.31203703703703706
2 0.25677083333333334 0.35833333333333334 0.29322916666666665 0.35833333333333334 0.29322916666666665 0.4824074074074074 0.25677083333333334 0.4824074074074074