1 0.5015625 0 0.6010416666666667 0 0.6010416666666667 0.09351851851851851 0.5015625 0.09351851851851851
1 0.6473958333333333 0.17777777777777778 0.68125 0.17777777777777778 0.68125 0.29907407407407405 0.6473958333333333 0.29907407407407405
2 0.5614583333333333 0.8287037037037037 0.6119791666666666 0.8287037037037037 0.6119791666666666 0.8833333333333333 0.5614583333333333 0.8833333333333333
2 0.6640625 0.6712962962962963 0.690625 0.6712962962962963 0.690625 0.7074074074074074 0.6640625 0.7074074074074074
2 0.6151041666666667 0.30092592592592593 0.6526041666666667 0.30092592592592593 0.6526041666666667 0.3435185185185185 0.6151041666666667 0.3435185185185185
2 0.6015625 0.36203703703703705 0.6380208333333334 0.36203703703703705 0.6380208333333334 0.4027777777777778 0.6015625 0.4027777777777778
2 0.6338541666666667 0.4074074074074074 0.6708333333333333 0.4074074074074074 0.6708333333333333 0.45092592592592595 0.6338541666666667 0.45092592592592595
2 0.5583333333333333 0.7555555555555555 0.6109375 0.7555555555555555 0.6109375 0.8083333333333333 0.5583333333333333 0.8083333333333333
2 0.5151041666666667 0.2953703703703704 0.5848958333333333 0.2953703703703704 0.5848958333333333 0.362962962962963 0.5151041666666667 0.362962962962963
2 0.2755208333333333 0 0.396875 0 0.396875 0.14166666666666666 0.2755208333333333 0.14166666666666666
2 0.6166666666666667 0.7472222222222222 0.6526041666666667 0.7472222222222222 0.6526041666666667 0.787962962962963 0.6166666666666667 0.787962962962963
2 0.678125 0.5972222222222222 0.7020833333333333 0.5972222222222222 0.7020833333333333 0.6296296296296297 0.678125 0.6296296296296297
2 0.6822916666666666 0.38055555555555554 0.7036458333333333 0.38055555555555554 0.7036458333333333 0.40555555555555556 0.6822916666666666 0.40555555555555556
2 0.5171875 0.39537037037037037 0.590625 0.39537037037037037 0.590625 0.4564814814814815 0.5171875 0.4564814814814815
2 0.6546875 0.5407407407407407 0.68125 0.5407407407407407 0.68125 0.6046296296296296 0.6546875 0.6046296296296296
2 0.6770833333333334 0.4703703703703704 0.7010416666666667 0.4703703703703704 0.7010416666666667 0.49907407407407406 0.6770833333333334 0.49907407407407406