1 0.37135416666666665 0.5398148148148149 0.428125 0.5398148148148149 0.428125 0.6527777777777778 0.37135416666666665 0.6527777777777778
1 0.39739583333333334 0.9064814814814814 0.49635416666666665 0.9064814814814814 0.49635416666666665 1 0.39739583333333334 1
1 0.3182291666666667 0.6962962962962963 0.353125 0.6962962962962963 0.353125 0.8166666666666667 0.3182291666666667 0.8166666666666667
2 0.5041666666666667 0.9574074074074074 0.590625 0.9574074074074074 0.590625 1 0.5041666666666667 1
2 0.31927083333333334 0.2537037037037037 0.3572916666666667 0.2537037037037037 0.3572916666666667 0.29907407407407405 0.31927083333333334 0.29907407407407405
2 0.40625 0.6555555555555556 0.46197916666666666 0.6555555555555556 0.46197916666666666 0.7138888888888889 0.40625 0.7138888888888889
2 0.353125 0.14351851851851852 0.3953125 0.14351851851851852 0.3953125 0.18611111111111112 0.353125 0.18611111111111112
2 0.39895833333333336 0.7490740740740741 0.4421875 0.7490740740740741 0.4421875 0.8018518518518518 0.39895833333333336 0.8018518518518518
2 0.4671875 0.7083333333333334 0.5364583333333334 0.7083333333333334 0.5364583333333334 0.7888888888888889 0.4671875 0.7888888888888889
2 0.3109375 0.549074074074074 0.34010416666666665 0.549074074074074 0.34010416666666665 0.5796296296296296 0.3109375 0.5796296296296296
2 0.35520833333333335 0.6435185185185185 0.3875 0.6435185185185185 0.3875 0.6796296296296296 0.35520833333333335 0.6796296296296296
2 0.4453125 0.8898148148148148 0.5088541666666667 0.8898148148148148 0.5088541666666667 0.962037037037037 0.4453125 0.962037037037037
2 0.4354166666666667 0.774074074074074 0.48854166666666665 0.774074074074074 0.48854166666666665 0.8268518518518518 0.4354166666666667 0.8268518518518518
1 0.2953125 0.3296296296296296 0.375 0.3296296296296296 0.375 0.4324074074074074 0.2953125 0.4324074074074074
2 0.31666666666666665 0.4685185185185185 0.35052083333333334 0.4685185185185185 0.35052083333333334 0.5055555555555555 0.31666666666666665 0.5055555555555555
2 0.5708333333333333 0.7509259259259259 0.6442708333333333 0.7509259259259259 0.6442708333333333 0.8453703703703703 0.5708333333333333 0.8453703703703703
2 0.3515625 0.21666666666666667 0.390625 0.21666666666666667 0.390625 0.25833333333333336 0.3515625 0.25833333333333336
2 0.3015625 0.5157407407407407 0.3265625 0.5157407407407407 0.3265625 0.5398148148148149 0.3015625 0.5398148148148149
2 0.571875 0.7601851851851852 0.6963541666666667 0.7601851851851852 0.6963541666666667 0.8731481481481481 0.571875 0.8731481481481481
2 0.30885416666666665 0.5916666666666667 0.3307291666666667 0.5916666666666667 0.3307291666666667 0.6175925925925926 0.30885416666666665 0.6175925925925926