1 0.5755208333333334 0.5046296296296297 0.7067708333333333 0.5046296296296297 0.7067708333333333 0.7268518518518519 0.5755208333333334 0.7268518518518519
1 0.12083333333333333 0.35555555555555557 0.2526041666666667 0.35555555555555557 0.2526041666666667 0.5333333333333333 0.12083333333333333 0.5333333333333333
1 0.36666666666666664 0.375 0.43854166666666666 0.375 0.43854166666666666 0.5138888888888888 0.36666666666666664 0.5138888888888888
1 0.5328125 0.225 0.5734375 0.225 0.5734375 0.29444444444444445 0.5328125 0.29444444444444445
1 0.31666666666666665 0.21296296296296297 0.3723958333333333 0.21296296296296297 0.3723958333333333 0.275 0.31666666666666665 0.275
2 0.19114583333333332 0.5342592592592592 0.23229166666666667 0.5342592592592592 0.23229166666666667 0.6759259259259259 0.19114583333333332 0.6759259259259259
1 0.6395833333333333 0.16574074074074074 0.6822916666666666 0.16574074074074074 0.6822916666666666 0.2074074074074074 0.6395833333333333 0.2074074074074074
1 0.44947916666666665 0.1574074074074074 0.48020833333333335 0.1574074074074074 0.48020833333333335 0.20833333333333334 0.44947916666666665 0.20833333333333334
2 0.28072916666666664 0.4305555555555556 0.3177083333333333 0.4305555555555556 0.3177083333333333 0.5722222222222222 0.28072916666666664 0.5722222222222222
2 0.4239583333333333 0.46574074074074073 0.4557291666666667 0.46574074074074073 0.4557291666666667 0.6370370370370371 0.4239583333333333 0.6370370370370371
2 0.15885416666666666 0.4898148148148148 0.20364583333333333 0.4898148148148148 0.20364583333333333 0.6185185185185185 0.15885416666666666 0.6185185185185185
2 0.3338541666666667 0.2824074074074074 0.3567708333333333 0.2824074074074074 0.3567708333333333 0.3592592592592593 0.3338541666666667 0.3592592592592593
2 0.3255208333333333 0.31296296296296294 0.35208333333333336 0.31296296296296294 0.35208333333333336 0.4185185185185185 0.3255208333333333 0.4185185185185185
2 0.3619791666666667 0.3351851851851852 0.3854166666666667 0.3351851851851852 0.3854166666666667 0.41574074074074074 0.3619791666666667 0.41574074074074074
2 0.35572916666666665 0.26666666666666666 0.3703125 0.26666666666666666 0.3703125 0.3388888888888889 0.35572916666666665 0.3388888888888889
2 0.37447916666666664 0.287962962962963 0.3927083333333333 0.287962962962963 0.3927083333333333 0.36666666666666664 0.37447916666666664 0.36666666666666664
2 0.3645833333333333 0.22592592592592592 0.37395833333333334 0.22592592592592592 0.37395833333333334 0.2814814814814815 0.3645833333333333 0.2814814814814815
2 0.371875 0.22592592592592592 0.3854166666666667 0.22592592592592592 0.3854166666666667 0.29444444444444445 0.371875 0.29444444444444445
2 0.38333333333333336 0.24351851851851852 0.39947916666666666 0.24351851851851852 0.39947916666666666 0.31851851851851853 0.38333333333333336 0.31851851851851853
2 0.4354166666666667 0.2638888888888889 0.44895833333333335 0.2638888888888889 0.44895833333333335 0.3472222222222222 0.4354166666666667 0.3472222222222222
2 0.45364583333333336 0.22777777777777777 0.4671875 0.22777777777777777 0.4671875 0.30833333333333335 0.45364583333333336 0.30833333333333335
2 0.4192708333333333 0.24537037037037038 0.434375 0.24537037037037038 0.434375 0.31666666666666665 0.4192708333333333 0.31666666666666665
2 0.4078125 0.23055555555555557 0.4197916666666667 0.23055555555555557 0.4197916666666667 0.2953703703703704 0.4078125 0.2953703703703704
2 0.403125 0.2064814814814815 0.41822916666666665 0.2064814814814815 0.41822916666666665 0.2574074074074074 0.403125 0.2574074074074074
2 0.4244791666666667 0.19722222222222222 0.4401041666666667 0.19722222222222222 0.4401041666666667 0.2537037037037037 0.4244791666666667 0.2537037037037037
2 0.40625 0.16574074074074074 0.4192708333333333 0.16574074074074074 0.4192708333333333 0.21388888888888888 0.40625 0.21388888888888888
2 0.41822916666666665 0.17685185185185184 0.4276041666666667 0.17685185185185184 0.4276041666666667 0.2212962962962963 0.41822916666666665 0.2212962962962963
2 0.42552083333333335 0.16111111111111112 0.4359375 0.16111111111111112 0.4359375 0.1935185185185185 0.42552083333333335 0.1935185185185185
2 0.4375 0.14907407407407408 0.44635416666666666 0.14907407407407408 0.44635416666666666 0.17962962962962964 0.4375 0.17962962962962964
2 0.4796875 0.19537037037037036 0.4921875 0.19537037037037036 0.4921875 0.24259259259259258 0.4796875 0.24259259259259258
2 0.4895833333333333 0.20185185185185187 0.5130208333333334 0.20185185185185187 0.5130208333333334 0.27314814814814814 0.4895833333333333 0.27314814814814814
2 0.6140625 0.3055555555555556 0.6328125 0.3055555555555556 0.6328125 0.3962962962962963 0.6140625 0.3962962962962963
2 0.640625 0.27037037037037037 0.6536458333333334 0.27037037037037037 0.6536458333333334 0.35462962962962963 0.640625 0.35462962962962963
2 0.621875 0.23425925925925925 0.634375 0.23425925925925925 0.634375 0.2935185185185185 0.621875 0.2935185185185185
2 0.584375 0.19537037037037036 0.5921875 0.19537037037037036 0.5921875 0.25092592592592594 0.584375 0.25092592592592594
2 0.5942708333333333 0.18796296296296297 0.60625 0.18796296296296297 0.60625 0.24259259259259258 0.5942708333333333 0.24259259259259258
2 0.5770833333333333 0.17777777777777778 0.5890625 0.17777777777777778 0.5890625 0.2111111111111111 0.5770833333333333 0.2111111111111111
2 0.5536458333333333 0.1574074074074074 0.5630208333333333 0.1574074074074074 0.5630208333333333 0.19444444444444445 0.5536458333333333 0.19444444444444445
2 0.5453125 0.1537037037037037 0.55625 0.1537037037037037 0.55625 0.19074074074074074 0.5453125 0.19074074074074074
2 0.5609375 0.14814814814814814 0.5708333333333333 0.14814814814814814 0.5708333333333333 0.1814814814814815 0.5609375 0.1814814814814815
2 0.5760416666666667 0.15185185185185185 0.5869791666666667 0.15185185185185185 0.5869791666666667 0.19074074074074074 0.5760416666666667 0.19074074074074074
1 0.5098958333333333 0.13796296296296295 0.5333333333333333 0.13796296296296295 0.5333333333333333 0.17962962962962964 0.5098958333333333 0.17962962962962964