1 0.39114583333333336 0.9157407407407407 0.49375 0.9157407407407407 0.49375 1 0.39114583333333336 1
1 0.37552083333333336 0.13333333333333333 0.4401041666666667 0.13333333333333333 0.4401041666666667 0.2796296296296296 0.37552083333333336 0.2796296296296296
1 0.29583333333333334 0.5185185185185185 0.32916666666666666 0.5185185185185185 0.32916666666666666 0.5925925925925926 0.29583333333333334 0.5925925925925926
0 0.3229166666666667 0.6555555555555556 0.4453125 0.6555555555555556 0.4453125 0.8592592592592593 0.3229166666666667 0.8592592592592593
2 0.4473958333333333 0.7425925925925926 0.5145833333333333 0.7425925925925926 0.5145833333333333 0.8111111111111111 0.4473958333333333 0.8111111111111111
2 0.45416666666666666 0 0.5260416666666666 0 0.5260416666666666 0.024074074074074074 0.45416666666666666 0.024074074074074074
2 0.4578125 0.10277777777777777 0.53125 0.10277777777777777 0.53125 0.1814814814814815 0.4578125 0.1814814814814815
2 0.28489583333333335 0.38981481481481484 0.30833333333333335 0.38981481481481484 0.30833333333333335 0.41574074074074074 0.28489583333333335 0.41574074074074074
2 0.3651041666666667 0.5435185185185185 0.41302083333333334 0.5435185185185185 0.41302083333333334 0.6018518518518519 0.3651041666666667 0.6018518518518519
2 0.42864583333333334 0.5842592592592593 0.496875 0.5842592592592593 0.496875 0.6527777777777778 0.42864583333333334 0.6527777777777778
1 0.2677083333333333 0.40370370370370373 0.2875 0.40370370370370373 0.2875 0.45 0.2677083333333333 0.45
2 0.5307291666666667 0.7712962962962963 0.6317708333333333 0.7712962962962963 0.6317708333333333 0.8564814814814815 0.5307291666666667 0.8564814814814815
2 0.390625 0.2953703703703704 0.4505208333333333 0.2953703703703704 0.4505208333333333 0.3527777777777778 0.390625 0.3527777777777778
2 0.325 0.27685185185185185 0.3614583333333333 0.27685185185185185 0.3614583333333333 0.31203703703703706 0.325 0.31203703703703706
1 0.278125 0.3333333333333333 0.3015625 0.3333333333333333 0.3015625 0.39444444444444443 0.278125 0.39444444444444443
2 0.396875 0.025925925925925925 0.4546875 0.025925925925925925 0.4546875 0.08425925925925926 0.396875 0.08425925925925926