1 0.14635416666666667 0.30648148148148147 0.27239583333333334 0.30648148148148147 0.27239583333333334 0.48333333333333334 0.14635416666666667 0.48333333333333334
1 0.31927083333333334 0.1824074074074074 0.3770833333333333 0.1824074074074074 0.3770833333333333 0.2537037037037037 0.31927083333333334 0.2537037037037037
2 0.2703125 0.6435185185185185 0.3416666666666667 0.6435185185185185 0.3416666666666667 0.8925925925925926 0.2703125 0.8925925925925926
2 0.7270833333333333 0.3527777777777778 0.7645833333333333 0.3527777777777778 0.7645833333333333 0.45092592592592595 0.7270833333333333 0.45092592592592595
2 0.37447916666666664 0.24537037037037038 0.4005208333333333 0.24537037037037038 0.4005208333333333 0.3074074074074074 0.37447916666666664 0.3074074074074074
2 0.5432291666666667 0.17962962962962964 0.5807291666666666 0.17962962962962964 0.5807291666666666 0.225 0.5432291666666667 0.225
2 0.44166666666666665 0.262037037037037 0.4708333333333333 0.262037037037037 0.4708333333333333 0.3509259259259259 0.44166666666666665 0.3509259259259259
2 0.44375 0.19166666666666668 0.4640625 0.19166666666666668 0.4640625 0.2462962962962963 0.44375 0.2462962962962963
2 0.3802083333333333 0.35555555555555557 0.4140625 0.35555555555555557 0.4140625 0.4703703703703704 0.3802083333333333 0.4703703703703704
2 0.3609375 0.28703703703703703 0.3932291666666667 0.28703703703703703 0.3932291666666667 0.3768518518518518 0.3609375 0.3768518518518518
2 0.425 0.15925925925925927 0.4401041666666667 0.15925925925925927 0.4401041666666667 0.2064814814814815 0.425 0.2064814814814815
2 0.409375 0.26851851851851855 0.4354166666666667 0.26851851851851855 0.4354166666666667 0.3638888888888889 0.409375 0.3638888888888889
2 0.6166666666666667 0.2222222222222222 0.6401041666666667 0.2222222222222222 0.6401041666666667 0.2916666666666667 0.6166666666666667 0.2916666666666667
2 0.3927083333333333 0.18425925925925926 0.4119791666666667 0.18425925925925926 0.4119791666666667 0.23796296296296296 0.3927083333333333 0.23796296296296296
2 0.5697916666666667 0.14166666666666666 0.584375 0.14166666666666666 0.584375 0.1814814814814815 0.5697916666666667 0.1814814814814815
2 0.5895833333333333 0.125 0.6036458333333333 0.125 0.6036458333333333 0.1675925925925926 0.5895833333333333 0.1675925925925926
2 0.6515625 0.22870370370370371 0.6744791666666666 0.22870370370370371 0.6744791666666666 0.2962962962962963 0.6515625 0.2962962962962963
2 0.478125 0.14351851851851852 0.49375 0.14351851851851852 0.49375 0.19444444444444445 0.478125 0.19444444444444445
2 0.35260416666666666 0.7712962962962963 0.41822916666666665 0.7712962962962963 0.41822916666666665 0.9981481481481481 0.35260416666666666 0.9981481481481481
2 0.6197916666666666 0.16296296296296298 0.6348958333333333 0.16296296296296298 0.6348958333333333 0.2212962962962963 0.6197916666666666 0.2212962962962963