1 0.32083333333333336 0.7194444444444444 0.35885416666666664 0.7194444444444444 0.35885416666666664 0.8222222222222222 0.32083333333333336 0.8222222222222222
1 0.3953125 0.9083333333333333 0.4973958333333333 0.9083333333333333 0.4973958333333333 1 0.3953125 1
2 0.31927083333333334 0.375 0.346875 0.375 0.346875 0.4388888888888889 0.31927083333333334 0.4388888888888889
2 0.4322916666666667 0 0.49375 0 0.49375 0.07222222222222222 0.4322916666666667 0.07222222222222222
2 0.3546875 0.5518518518518518 0.4010416666666667 0.5518518518518518 0.4010416666666667 0.6 0.3546875 0.6
2 0.5145833333333333 0.7240740740740741 0.621875 0.7240740740740741 0.621875 0.8277777777777777 0.5145833333333333 0.8277777777777777
2 0.36666666666666664 0.674074074074074 0.41302083333333334 0.674074074074074 0.41302083333333334 0.7351851851851852 0.36666666666666664 0.7351851851851852
2 0.39375 0.6240740740740741 0.453125 0.6240740740740741 0.453125 0.6833333333333333 0.39375 0.6833333333333333
2 0.3223958333333333 0.5675925925925925 0.35 0.5675925925925925 0.35 0.5972222222222222 0.3223958333333333 0.5972222222222222
2 0.3546875 0.6074074074074074 0.4005208333333333 0.6074074074074074 0.4005208333333333 0.6518518518518519 0.3546875 0.6518518518518519
2 0.30416666666666664 0.6037037037037037 0.32916666666666666 0.6037037037037037 0.32916666666666666 0.6296296296296297 0.30416666666666664 0.6296296296296297
2 0.5427083333333333 0.5842592592592593 0.665625 0.5842592592592593 0.665625 0.6777777777777778 0.5427083333333333 0.6777777777777778
2 0.3046875 0.5111111111111111 0.33177083333333335 0.5111111111111111 0.33177083333333335 0.5407407407407407 0.3046875 0.5407407407407407
2 0.2942708333333333 0.31666666666666665 0.31979166666666664 0.31666666666666665 0.31979166666666664 0.34629629629629627 0.2942708333333333 0.34629629629629627
2 0.3020833333333333 0.3416666666666667 0.3296875 0.3416666666666667 0.3296875 0.37037037037037035 0.3020833333333333 0.37037037037037035
2 0.3567708333333333 0.2324074074074074 0.39947916666666666 0.2324074074074074 0.39947916666666666 0.27870370370370373 0.3567708333333333 0.27870370370370373
2 0.31979166666666664 0.6537037037037037 0.3463541666666667 0.6537037037037037 0.3463541666666667 0.687037037037037 0.31979166666666664 0.687037037037037
2 0.359375 0.17962962962962964 0.4005208333333333 0.17962962962962964 0.4005208333333333 0.22037037037037038 0.359375 0.22037037037037038
2 0.31614583333333335 0.25 0.35208333333333336 0.25 0.35208333333333336 0.2777777777777778 0.31614583333333335 0.2777777777777778
2 0.34375 0.6666666666666666 0.3848958333333333 0.6666666666666666 0.3848958333333333 0.700925925925926 0.34375 0.700925925925926