1 0.39791666666666664 0.9027777777777778 0.4984375 0.9027777777777778 0.4984375 1 0.39791666666666664 1
1 0.3177083333333333 0.6833333333333333 0.3536458333333333 0.6833333333333333 0.3536458333333333 0.7925925925925926 0.3177083333333333 0.7925925925925926
1 0.28802083333333334 0.17314814814814813 0.31145833333333334 0.17314814814814813 0.31145833333333334 0.27037037037037037 0.28802083333333334 0.27037037037037037
1 0.28125 0.4925925925925926 0.30520833333333336 0.4925925925925926 0.30520833333333336 0.5416666666666666 0.28125 0.5416666666666666
2 0.5197916666666667 0.9731481481481481 0.6135416666666667 0.9731481481481481 0.6135416666666667 1 0.5197916666666667 1
2 0.503125 0.8407407407407408 0.5916666666666667 0.8407407407407408 0.5916666666666667 0.8842592592592593 0.503125 0.8842592592592593
2 0.4317708333333333 0.812037037037037 0.4947916666666667 0.812037037037037 0.4947916666666667 0.8675925925925926 0.4317708333333333 0.8675925925925926
2 0.4822916666666667 0.6842592592592592 0.5916666666666667 0.6842592592592592 0.5916666666666667 0.7657407407407407 0.4822916666666667 0.7657407407407407
2 0.3921875 0.6925925925925925 0.44947916666666665 0.6925925925925925 0.44947916666666665 0.7351851851851852 0.3921875 0.7351851851851852
2 0.3614583333333333 0.6787037037037037 0.403125 0.6787037037037037 0.403125 0.7129629629629629 0.3614583333333333 0.7129629629629629
2 0.36302083333333335 0.625 0.40989583333333335 0.625 0.40989583333333335 0.6583333333333333 0.36302083333333335 0.6583333333333333
2 0.34270833333333334 0.6527777777777778 0.371875 0.6527777777777778 0.371875 0.6824074074074075 0.34270833333333334 0.6824074074074075
2 0.37604166666666666 0.5740740740740741 0.42864583333333334 0.5740740740740741 0.42864583333333334 0.5981481481481481 0.37604166666666666 0.5981481481481481
2 0.3359375 0.5925925925925926 0.36770833333333336 0.5925925925925926 0.36770833333333336 0.6129629629629629 0.3359375 0.6129629629629629
2 0.33229166666666665 0.5157407407407407 0.365625 0.5157407407407407 0.365625 0.5388888888888889 0.33229166666666665 0.5388888888888889
2 0.309375 0.31851851851851853 0.33489583333333334 0.31851851851851853 0.33489583333333334 0.34814814814814815 0.309375 0.34814814814814815
2 0.29322916666666665 0.30185185185185187 0.31354166666666666 0.30185185185185187 0.31354166666666666 0.31666666666666665 0.29322916666666665 0.31666666666666665
2 0.3098958333333333 0.27870370370370373 0.33541666666666664 0.27870370370370373 0.33541666666666664 0.30277777777777776 0.3098958333333333 0.30277777777777776
2 0.32447916666666665 0.21203703703703702 0.35625 0.21203703703703702 0.35625 0.2361111111111111 0.32447916666666665 0.2361111111111111
2 0.334375 0.2490740740740741 0.37083333333333335 0.2490740740740741 0.37083333333333335 0.27685185185185185 0.334375 0.27685185185185185
2 0.32708333333333334 0.6787037037037037 0.3536458333333333 0.6787037037037037 0.3536458333333333 0.6935185185185185 0.32708333333333334 0.6935185185185185
2 0.31302083333333336 0.6601851851851852 0.33645833333333336 0.6601851851851852 0.33645833333333336 0.6759259259259259 0.31302083333333336 0.6759259259259259
2 0.30885416666666665 0.6361111111111111 0.33541666666666664 0.6361111111111111 0.33541666666666664 0.6546296296296297 0.30885416666666665 0.6546296296296297
2 0.3109375 0.6148148148148148 0.32760416666666664 0.6148148148148148 0.32760416666666664 0.625 0.3109375 0.625
2 0.3223958333333333 0.6027777777777777 0.34479166666666666 0.6027777777777777 0.34479166666666666 0.6203703703703703 0.3223958333333333 0.6203703703703703
2 0.3145833333333333 0.5787037037037037 0.33489583333333334 0.5787037037037037 0.33489583333333334 0.5953703703703703 0.3145833333333333 0.5953703703703703
2 0.309375 0.5564814814814815 0.3302083333333333 0.5564814814814815 0.3302083333333333 0.5722222222222222 0.309375 0.5722222222222222
2 0.3078125 0.5212962962962963 0.32916666666666666 0.5212962962962963 0.32916666666666666 0.537962962962963 0.3078125 0.537962962962963
2 0.29791666666666666 0.5851851851851851 0.3151041666666667 0.5851851851851851 0.3151041666666667 0.5953703703703703 0.29791666666666666 0.5953703703703703
2 0.29270833333333335 0.5425925925925926 0.31354166666666666 0.5425925925925926 0.31354166666666666 0.562962962962963 0.29270833333333335 0.562962962962963