1 0.39479166666666665 0.9074074074074074 0.49322916666666666 0.9074074074074074 0.49322916666666666 1 0.39479166666666665 1
1 0.31614583333333335 0.6944444444444444 0.35104166666666664 0.6944444444444444 0.35104166666666664 0.8138888888888889 0.31614583333333335 0.8138888888888889
2 0.44895833333333335 0.075 0.5119791666666667 0.075 0.5119791666666667 0.1425925925925926 0.44895833333333335 0.1425925925925926
2 0.528125 0.912962962962963 0.6161458333333333 0.912962962962963 0.6161458333333333 1 0.528125 1
2 0.4354166666666667 0.725 0.50625 0.725 0.50625 0.7953703703703704 0.4354166666666667 0.7953703703703704
2 0.3578125 0.30092592592592593 0.40208333333333335 0.30092592592592593 0.40208333333333335 0.34814814814814815 0.3578125 0.34814814814814815
2 0.31666666666666665 0.2740740740740741 0.34427083333333336 0.2740740740740741 0.34427083333333336 0.31666666666666665 0.31666666666666665 0.31666666666666665
2 0.3958333333333333 0.6064814814814815 0.45729166666666665 0.6064814814814815 0.45729166666666665 0.6685185185185185 0.3958333333333333 0.6685185185185185
2 0.4161458333333333 0.21388888888888888 0.4734375 0.21388888888888888 0.4734375 0.275 0.4161458333333333 0.275
2 0.3098958333333333 0.4462962962962963 0.3458333333333333 0.4462962962962963 0.3458333333333333 0.49722222222222223 0.3098958333333333 0.49722222222222223
2 0.29583333333333334 0.3212962962962963 0.31666666666666665 0.3212962962962963 0.31666666666666665 0.3453703703703704 0.29583333333333334 0.3453703703703704
2 0.3697916666666667 0.21944444444444444 0.4119791666666667 0.21944444444444444 0.4119791666666667 0.25925925925925924 0.3697916666666667 0.25925925925925924
2 0.3260416666666667 0.3527777777777778 0.3645833333333333 0.3527777777777778 0.3645833333333333 0.40370370370370373 0.3260416666666667 0.40370370370370373
2 0.3223958333333333 0.20277777777777778 0.3572916666666667 0.20277777777777778 0.3572916666666667 0.24074074074074073 0.3223958333333333 0.24074074074074073
2 0.37916666666666665 0.6638888888888889 0.421875 0.6638888888888889 0.421875 0.7083333333333334 0.37916666666666665 0.7083333333333334
2 0.3223958333333333 0.5851851851851851 0.3572916666666667 0.5851851851851851 0.3572916666666667 0.6101851851851852 0.3223958333333333 0.6101851851851852
2 0.31145833333333334 0.5370370370370371 0.34322916666666664 0.5370370370370371 0.34322916666666664 0.562037037037037 0.31145833333333334 0.562037037037037
2 0.3020833333333333 0.6157407407407407 0.33697916666666666 0.6157407407407407 0.33697916666666666 0.6435185185185185 0.3020833333333333 0.6435185185185185