1 0.14010416666666667 0.30648148148148147 0.26666666666666666 0.30648148148148147 0.26666666666666666 0.487962962962963 0.14010416666666667 0.487962962962963
1 0.6239583333333333 0.2740740740740741 0.7020833333333333 0.2740740740740741 0.7020833333333333 0.387037037037037 0.6239583333333333 0.387037037037037
2 0 0.7564814814814815 0.071875 0.7564814814814815 0.071875 0.9962962962962963 0 0.9962962962962963
0 0.2921875 0.20092592592592592 0.40989583333333335 0.20092592592592592 0.40989583333333335 0.4101851851851852 0.2921875 0.4101851851851852
2 0.8296875 0.6564814814814814 0.9078125 0.6564814814814814 0.9078125 0.8685185185185185 0.8296875 0.8685185185185185
2 0.0036458333333333334 0.5398148148148149 0.08802083333333334 0.5398148148148149 0.08802083333333334 0.7194444444444444 0.0036458333333333334 0.7194444444444444
1 0.528125 0.08518518518518518 0.5546875 0.08518518518518518 0.5546875 0.12037037037037036 0.528125 0.12037037037037036
2 0.7625 0.4101851851851852 0.8010416666666667 0.4101851851851852 0.8010416666666667 0.5314814814814814 0.7625 0.5314814814814814
2 0.321875 0.41944444444444445 0.3609375 0.41944444444444445 0.3609375 0.5453703703703704 0.321875 0.5453703703703704
2 0.6796875 0.41203703703703703 0.7203125 0.41203703703703703 0.7203125 0.5305555555555556 0.6796875 0.5305555555555556
1 0.4515625 0.1388888888888889 0.49322916666666666 0.1388888888888889 0.49322916666666666 0.2 0.4515625 0.2
2 0.2916666666666667 0.5787037037037037 0.340625 0.5787037037037037 0.340625 0.7666666666666667 0.2916666666666667 0.7666666666666667
2 0.4427083333333333 0.262037037037037 0.4765625 0.262037037037037 0.4765625 0.3509259259259259 0.4427083333333333 0.3509259259259259
2 0.4125 0.3824074074074074 0.4515625 0.3824074074074074 0.4515625 0.5064814814814815 0.4125 0.5064814814814815
2 0.8671875 0.5101851851851852 0.921875 0.5101851851851852 0.921875 0.6527777777777778 0.8671875 0.6527777777777778
2 0.546875 0.11666666666666667 0.5619791666666667 0.11666666666666667 0.5619791666666667 0.15833333333333333 0.546875 0.15833333333333333
2 0.7286458333333333 0.3074074074074074 0.7609375 0.3074074074074074 0.7609375 0.40925925925925927 0.7286458333333333 0.40925925925925927
2 0.5760416666666667 0.29907407407407405 0.6104166666666667 0.29907407407407405 0.6104166666666667 0.3990740740740741 0.5760416666666667 0.3990740740740741
2 0.5046875 0.16111111111111112 0.5286458333333334 0.16111111111111112 0.5286458333333334 0.22037037037037038 0.5046875 0.22037037037037038
2 0.6052083333333333 0.17962962962962964 0.6255208333333333 0.17962962962962964 0.6255208333333333 0.2490740740740741 0.6052083333333333 0.2490740740740741