1 0.4005208333333333 0.9083333333333333 0.4984375 0.9083333333333333 0.4984375 1 0.4005208333333333 1
1 0.3171875 0.6898148148148148 0.35104166666666664 0.6898148148148148 0.35104166666666664 0.8203703703703704 0.3171875 0.8203703703703704
2 0.4203125 0.1259259259259259 0.4875 0.1259259259259259 0.4875 0.20185185185185187 0.4203125 0.20185185185185187
2 0.32083333333333336 0.6259259259259259 0.34739583333333335 0.6259259259259259 0.34739583333333335 0.6638888888888889 0.32083333333333336 0.6638888888888889
2 0.4119791666666667 0.058333333333333334 0.46875 0.058333333333333334 0.46875 0.1259259259259259 0.4119791666666667 0.1259259259259259
2 0.346875 0.2916666666666667 0.378125 0.2916666666666667 0.378125 0.3277777777777778 0.346875 0.3277777777777778
2 0.31927083333333334 0.5481481481481482 0.3484375 0.5481481481481482 0.3484375 0.5833333333333334 0.31927083333333334 0.5833333333333334
2 0.30416666666666664 0.3648148148148148 0.3338541666666667 0.3648148148148148 0.3338541666666667 0.40370370370370373 0.30416666666666664 0.40370370370370373
2 0.3385416666666667 0.5851851851851851 0.37083333333333335 0.5851851851851851 0.37083333333333335 0.6212962962962963 0.3385416666666667 0.6212962962962963
2 0.36875 0.18888888888888888 0.41041666666666665 0.18888888888888888 0.41041666666666665 0.23981481481481481 0.36875 0.23981481481481481
2 0.29635416666666664 0.5027777777777778 0.31927083333333334 0.5027777777777778 0.31927083333333334 0.5277777777777778 0.29635416666666664 0.5277777777777778
2 0.2916666666666667 0.5888888888888889 0.3104166666666667 0.5888888888888889 0.3104166666666667 0.6129629629629629 0.2916666666666667 0.6129629629629629
2 0.3333333333333333 0.6425925925925926 0.36666666666666664 0.6425925925925926 0.36666666666666664 0.6814814814814815 0.3333333333333333 0.6814814814814815
2 0.37916666666666665 0.6027777777777777 0.4322916666666667 0.6027777777777777 0.4322916666666667 0.6611111111111111 0.37916666666666665 0.6611111111111111
2 0.315625 0.31851851851851853 0.34479166666666666 0.31851851851851853 0.34479166666666666 0.3509259259259259 0.315625 0.3509259259259259
2 0.3692708333333333 0.5314814814814814 0.4192708333333333 0.5314814814814814 0.4192708333333333 0.5777777777777777 0.3692708333333333 0.5777777777777777
2 0.3255208333333333 0.2796296296296296 0.3536458333333333 0.2796296296296296 0.3536458333333333 0.3148148148148148 0.3255208333333333 0.3148148148148148
2 0.30833333333333335 0.2462962962962963 0.33229166666666665 0.2462962962962963 0.33229166666666665 0.2759259259259259 0.30833333333333335 0.2759259259259259
2 0.49114583333333334 0.7675925925925926 0.5713541666666667 0.7675925925925926 0.5713541666666667 0.825925925925926 0.49114583333333334 0.825925925925926
2 0.5609375 0.7314814814814815 0.6963541666666667 0.7314814814814815 0.6963541666666667 0.8240740740740741 0.5609375 0.8240740740740741