1 0.41770833333333335 0.9342592592592592 0.515625 0.9342592592592592 0.515625 1 0.41770833333333335 1
1 0.4317708333333333 0.23148148148148148 0.5135416666666667 0.23148148148148148 0.5135416666666667 0.3907407407407407 0.4317708333333333 0.3907407407407407
1 0.4984375 0.625 0.6104166666666667 0.625 0.6104166666666667 0.8333333333333334 0.4984375 0.8333333333333334
1 0.3125 0.5370370370370371 0.34322916666666664 0.5370370370370371 0.34322916666666664 0.5962962962962963 0.3125 0.5962962962962963
1 0.33541666666666664 0.7231481481481481 0.37135416666666665 0.7231481481481481 0.37135416666666665 0.8231481481481482 0.33541666666666664 0.8231481481481482
1 0.30833333333333335 0.1638888888888889 0.33177083333333335 0.1638888888888889 0.33177083333333335 0.24259259259259258 0.30833333333333335 0.24259259259259258
2 0.5729166666666666 0.925 0.6411458333333333 0.925 0.6411458333333333 1 0.5729166666666666 1
1 0.3307291666666667 0.37962962962962965 0.36302083333333335 0.37962962962962965 0.36302083333333335 0.4462962962962963 0.3307291666666667 0.4462962962962963
2 0.5875 0.5740740740740741 0.7114583333333333 0.5740740740740741 0.7114583333333333 0.7037037037037037 0.5875 0.7037037037037037
2 0.4234375 0.8425925925925926 0.4984375 0.8425925925925926 0.4984375 0.8888888888888888 0.4234375 0.8888888888888888
2 0.39791666666666664 0.7935185185185185 0.45677083333333335 0.7935185185185185 0.45677083333333335 0.8518518518518519 0.39791666666666664 0.8518518518518519
2 0.45625 0.7657407407407407 0.5140625 0.7657407407407407 0.5140625 0.8407407407407408 0.45625 0.8407407407407408
2 0.4203125 0.7268518518518519 0.4739583333333333 0.7268518518518519 0.4739583333333333 0.7564814814814815 0.4203125 0.7564814814814815
2 0.3885416666666667 0.7425925925925926 0.42916666666666664 0.7425925925925926 0.42916666666666664 0.7870370370370371 0.3885416666666667 0.7870370370370371
2 0.3729166666666667 0.6972222222222222 0.4244791666666667 0.6972222222222222 0.4244791666666667 0.7203703703703703 0.3729166666666667 0.7203703703703703
2 0.35625 0.7518518518518519 0.3963541666666667 0.7518518518518519 0.3963541666666667 0.7777777777777778 0.35625 0.7777777777777778
2 0.35885416666666664 0.725 0.4046875 0.725 0.4046875 0.7574074074074074 0.35885416666666664 0.7574074074074074
2 0.3848958333333333 0.65 0.440625 0.65 0.440625 0.6851851851851852 0.3848958333333333 0.6851851851851852
2 0.3932291666666667 0.5907407407407408 0.4473958333333333 0.5907407407407408 0.4473958333333333 0.6416666666666667 0.3932291666666667 0.6416666666666667
2 0.3692708333333333 0.5425925925925926 0.42552083333333335 0.5425925925925926 0.42552083333333335 0.5925925925925926 0.3692708333333333 0.5925925925925926
2 0.36041666666666666 0.6481481481481481 0.3958333333333333 0.6481481481481481 0.3958333333333333 0.6916666666666667 0.36041666666666666 0.6916666666666667
2 0.34479166666666666 0.6546296296296297 0.3796875 0.6546296296296297 0.3796875 0.687962962962963 0.34479166666666666 0.687962962962963
2 0.3458333333333333 0.5981481481481481 0.38333333333333336 0.5981481481481481 0.38333333333333336 0.65 0.3458333333333333 0.65
2 0.32864583333333336 0.637962962962963 0.35208333333333336 0.637962962962963 0.35208333333333336 0.6731481481481482 0.32864583333333336 0.6731481481481482
2 0.3182291666666667 0.649074074074074 0.34427083333333336 0.649074074074074 0.34427083333333336 0.6731481481481482 0.3182291666666667 0.6731481481481482
2 0.3177083333333333 0.6111111111111112 0.3484375 0.6111111111111112 0.3484375 0.6453703703703704 0.3177083333333333 0.6453703703703704
2 0.35520833333333335 0.2972222222222222 0.4010416666666667 0.2972222222222222 0.4010416666666667 0.3314814814814815 0.35520833333333335 0.3314814814814815
2 0.34427083333333336 0.24351851851851852 0.38333333333333336 0.24351851851851852 0.38333333333333336 0.28703703703703703 0.34427083333333336 0.28703703703703703
2 0.3260416666666667 0.275 0.35833333333333334 0.275 0.35833333333333334 0.31203703703703706 0.3260416666666667 0.31203703703703706
2 0.3302083333333333 0.4564814814814815 0.375 0.4564814814814815 0.375 0.5120370370370371 0.3302083333333333 0.5120370370370371