1 0.325 0.17222222222222222 0.390625 0.17222222222222222 0.390625 0.2351851851851852 0.325 0.2351851851851852
1 0.14583333333333334 0.3111111111111111 0.2708333333333333 0.3111111111111111 0.2708333333333333 0.48703703703703705 0.14583333333333334 0.48703703703703705
2 0.090625 0.7185185185185186 0.17395833333333333 0.7185185185185186 0.17395833333333333 0.9333333333333333 0.090625 0.9333333333333333
2 0.7630208333333334 0.43703703703703706 0.803125 0.43703703703703706 0.803125 0.5592592592592592 0.7630208333333334 0.5592592592592592
2 0.6739583333333333 0.33611111111111114 0.7072916666666667 0.33611111111111114 0.7072916666666667 0.4324074074074074 0.6739583333333333 0.4324074074074074
2 0.7395833333333334 0.5472222222222223 0.7958333333333333 0.5472222222222223 0.7958333333333333 0.7212962962962963 0.7395833333333334 0.7212962962962963
2 0.2786458333333333 0.487962962962963 0.3411458333333333 0.487962962962963 0.3411458333333333 0.6425925925925926 0.2786458333333333 0.6425925925925926
2 0.428125 0.21944444444444444 0.45260416666666664 0.21944444444444444 0.45260416666666664 0.28888888888888886 0.428125 0.28888888888888886
2 0.5854166666666667 0.20833333333333334 0.6083333333333333 0.20833333333333334 0.6083333333333333 0.2777777777777778 0.5854166666666667 0.2777777777777778
2 0.46041666666666664 0.20092592592592592 0.4828125 0.20092592592592592 0.4828125 0.26296296296296295 0.46041666666666664 0.26296296296296295
2 0.4119791666666667 0.17592592592592593 0.43125 0.17592592592592593 0.43125 0.23055555555555557 0.4119791666666667 0.23055555555555557
2 0.6171875 0.15925925925925927 0.6369791666666667 0.15925925925925927 0.6369791666666667 0.20925925925925926 0.6171875 0.20925925925925926
2 0.3848958333333333 0.38796296296296295 0.4239583333333333 0.38796296296296295 0.4239583333333333 0.5203703703703704 0.3848958333333333 0.5203703703703704
2 0.5729166666666666 0.11666666666666667 0.5869791666666667 0.11666666666666667 0.5869791666666667 0.1537037037037037 0.5729166666666666 0.1537037037037037
2 0.9645833333333333 0.7833333333333333 1 0.7833333333333333 1 0.9888888888888889 0.9645833333333333 0.9888888888888889
2 0.36354166666666665 0.3333333333333333 0.39739583333333334 0.3333333333333333 0.39739583333333334 0.4111111111111111 0.36354166666666665 0.4111111111111111
2 0.5630208333333333 0.16203703703703703 0.5833333333333334 0.16203703703703703 0.5833333333333334 0.21944444444444444 0.5630208333333333 0.21944444444444444
2 0.5526041666666667 0.17222222222222222 0.575 0.17222222222222222 0.575 0.2361111111111111 0.5526041666666667 0.2361111111111111
2 0.6140625 0.2722222222222222 0.6385416666666667 0.2722222222222222 0.6385416666666667 0.3712962962962963 0.6140625 0.3712962962962963
2 0.6270833333333333 0.21851851851851853 0.6390625 0.21851851851851853 0.6390625 0.2962962962962963 0.6270833333333333 0.2962962962962963