1 0.4161458333333333 0.27037037037037037 0.47708333333333336 0.27037037037037037 0.47708333333333336 0.3712962962962963 0.4161458333333333 0.3712962962962963
1 0.15052083333333333 0.3175925925925926 0.2708333333333333 0.3175925925925926 0.2708333333333333 0.4925925925925926 0.15052083333333333 0.4925925925925926
1 0.3223958333333333 0.17685185185185184 0.39010416666666664 0.17685185185185184 0.39010416666666664 0.2388888888888889 0.3223958333333333 0.2388888888888889
2 0.7953125 0.41944444444444445 0.8442708333333333 0.41944444444444445 0.8442708333333333 0.5398148148148149 0.7953125 0.5398148148148149
2 0.0546875 0.7277777777777777 0.16302083333333334 0.7277777777777777 0.16302083333333334 0.9861111111111112 0.0546875 0.9861111111111112
2 0.678125 0.24074074074074073 0.703125 0.24074074074074073 0.703125 0.31666666666666665 0.678125 0.31666666666666665
2 0.20052083333333334 0.49907407407407406 0.24947916666666667 0.49907407407407406 0.24947916666666667 0.6546296296296297 0.20052083333333334 0.6546296296296297
2 0.3458333333333333 0.4324074074074074 0.3880208333333333 0.4324074074074074 0.3880208333333333 0.5555555555555556 0.3458333333333333 0.5555555555555556
2 0.38125 0.33055555555555555 0.4119791666666667 0.33055555555555555 0.4119791666666667 0.42592592592592593 0.38125 0.42592592592592593
2 0.31875 0.3824074074074074 0.34739583333333335 0.3824074074074074 0.34739583333333335 0.4759259259259259 0.31875 0.4759259259259259
2 0.6140625 0.17777777777777778 0.6401041666666667 0.17777777777777778 0.6401041666666667 0.24814814814814815 0.6140625 0.24814814814814815
2 0.33177083333333335 0.3175925925925926 0.3614583333333333 0.3175925925925926 0.3614583333333333 0.3962962962962963 0.33177083333333335 0.3962962962962963
2 0.496875 0.175 0.5171875 0.175 0.5171875 0.23333333333333334 0.496875 0.23333333333333334
2 0.45625 0.16666666666666666 0.47291666666666665 0.16666666666666666 0.47291666666666665 0.21481481481481482 0.45625 0.21481481481481482
2 0.3109375 0.6138888888888889 0.3619791666666667 0.6138888888888889 0.3619791666666667 0.7870370370370371 0.3109375 0.7870370370370371
2 0.24322916666666666 0.39814814814814814 0.28489583333333335 0.39814814814814814 0.28489583333333335 0.5101851851851852 0.24322916666666666 0.5101851851851852
1 0.5354166666666667 0.1388888888888889 0.5958333333333333 0.1388888888888889 0.5958333333333333 0.2824074074074074 0.5354166666666667 0.2824074074074074
2 0.4786458333333333 0.14722222222222223 0.4921875 0.14722222222222223 0.4921875 0.1925925925925926 0.4786458333333333 0.1925925925925926
2 0.4005208333333333 0.2388888888888889 0.42135416666666664 0.2388888888888889 0.42135416666666664 0.29907407407407405 0.4005208333333333 0.29907407407407405
2 0.42864583333333334 0.17685185185185184 0.4453125 0.17685185185185184 0.4453125 0.22314814814814815 0.42864583333333334 0.22314814814814815
2 0.5713541666666667 0.10740740740740741 0.5869791666666667 0.10740740740740741 0.5869791666666667 0.14074074074074075 0.5713541666666667 0.14074074074074075