1 0.396875 0.30648148148148147 0.4703125 0.30648148148148147 0.4703125 0.425 0.396875 0.425
1 0.14739583333333334 0.3175925925925926 0.2708333333333333 0.3175925925925926 0.2708333333333333 0.4898148148148148 0.14739583333333334 0.4898148148148148
1 0.32083333333333336 0.17685185185185184 0.390625 0.17685185185185184 0.390625 0.23981481481481481 0.32083333333333336 0.23981481481481481
2 0.7380208333333333 0.34629629629629627 0.7833333333333333 0.34629629629629627 0.7833333333333333 0.44537037037037036 0.7380208333333333 0.44537037037037036
2 0.7901041666666667 0.6703703703703704 0.8630208333333333 0.6703703703703704 0.8630208333333333 0.8675925925925926 0.7901041666666667 0.8675925925925926
2 0.2984375 0.3648148148148148 0.33489583333333334 0.3648148148148148 0.33489583333333334 0.4537037037037037 0.2984375 0.4537037037037037
2 0.090625 0.6537037037037037 0.1640625 0.6537037037037037 0.1640625 0.8861111111111111 0.090625 0.8861111111111111
2 0.18958333333333333 0.45555555555555555 0.24427083333333333 0.45555555555555555 0.24427083333333333 0.5962962962962963 0.18958333333333333 0.5962962962962963
2 0.6838541666666667 0.5092592592592593 0.7333333333333333 0.5092592592592593 0.7333333333333333 0.662962962962963 0.6838541666666667 0.662962962962963
2 0.2833333333333333 0.43796296296296294 0.32447916666666665 0.43796296296296294 0.32447916666666665 0.5509259259259259 0.2833333333333333 0.5509259259259259
2 0.35208333333333336 0.41759259259259257 0.39739583333333334 0.41759259259259257 0.39739583333333334 0.5472222222222223 0.35208333333333336 0.5472222222222223
2 0.27708333333333335 0.5574074074074075 0.3416666666666667 0.5574074074074075 0.3416666666666667 0.7129629629629629 0.27708333333333335 0.7129629629629629
2 0.4453125 0.10833333333333334 0.4578125 0.10833333333333334 0.4578125 0.1425925925925926 0.4453125 0.1425925925925926
2 0.3765625 0.2712962962962963 0.40208333333333335 0.2712962962962963 0.40208333333333335 0.3435185185185185 0.3765625 0.3435185185185185
2 0.6515625 0.20092592592592592 0.6739583333333333 0.20092592592592592 0.6739583333333333 0.2638888888888889 0.6515625 0.2638888888888889
2 0.6125 0.20555555555555555 0.634375 0.20555555555555555 0.634375 0.2611111111111111 0.6125 0.2611111111111111
2 0.6010416666666667 0.15 0.6265625 0.15 0.6265625 0.1962962962962963 0.6010416666666667 0.1962962962962963
2 0.43072916666666666 0.2222222222222222 0.4515625 0.2222222222222222 0.4515625 0.30925925925925923 0.43072916666666666 0.30925925925925923
2 0.39791666666666664 0.21296296296296297 0.41458333333333336 0.21296296296296297 0.41458333333333336 0.2962962962962963 0.39791666666666664 0.2962962962962963
2 0.5 0.16574074074074074 0.51875 0.16574074074074074 0.51875 0.23796296296296296 0.5 0.23796296296296296
2 0.453125 0.17222222222222222 0.4703125 0.17222222222222222 0.4703125 0.23425925925925925 0.453125 0.23425925925925925
2 0.471875 0.15185185185185185 0.4875 0.15185185185185185 0.4875 0.21666666666666667 0.471875 0.21666666666666667