1 0.425 0.20555555555555555 0.534375 0.20555555555555555 0.534375 0.4074074074074074 0.425 0.4074074074074074
1 0.5052083333333334 0 0.6020833333333333 0 0.6020833333333333 0.09259259259259259 0.5052083333333334 0.09259259259259259
1 0.6463541666666667 0.18055555555555555 0.6817708333333333 0.18055555555555555 0.6817708333333333 0.2935185185185185 0.6463541666666667 0.2935185185185185
2 0.21875 0 0.28177083333333336 0 0.28177083333333336 0.07685185185185185 0.21875 0.07685185185185185
2 0.5244791666666667 0.8046296296296296 0.5807291666666666 0.8046296296296296 0.5807291666666666 0.8685185185185185 0.5244791666666667 0.8685185185185185
2 0.3984375 0 0.47239583333333335 0 0.47239583333333335 0.04814814814814815 0.3984375 0.04814814814814815
2 0.5177083333333333 0.175 0.5729166666666666 0.175 0.5729166666666666 0.23333333333333334 0.5177083333333333 0.23333333333333334
2 0.5989583333333334 0.8018518518518518 0.6390625 0.8018518518518518 0.6390625 0.850925925925926 0.5989583333333334 0.850925925925926
2 0.5760416666666667 0.7296296296296296 0.6223958333333334 0.7296296296296296 0.6223958333333334 0.775 0.5760416666666667 0.775
2 0.5671875 0.23703703703703705 0.6171875 0.23703703703703705 0.6171875 0.28888888888888886 0.5671875 0.28888888888888886
2 0.6260416666666667 0.4287037037037037 0.6645833333333333 0.4287037037037037 0.6645833333333333 0.46296296296296297 0.6260416666666667 0.46296296296296297
2 0.5536458333333333 0.29814814814814816 0.6041666666666666 0.29814814814814816 0.6041666666666666 0.35 0.5536458333333333 0.35
2 0.6697916666666667 0.6574074074074074 0.6963541666666667 0.6574074074074074 0.6963541666666667 0.687962962962963 0.6697916666666667 0.687962962962963
2 0.4822916666666667 0.7287037037037037 0.5505208333333333 0.7287037037037037 0.5505208333333333 0.7916666666666666 0.4822916666666667 0.7916666666666666
2 0.6083333333333333 0.38425925925925924 0.6421875 0.38425925925925924 0.6421875 0.425 0.6083333333333333 0.425
2 0.646875 0.375 0.675 0.375 0.675 0.4101851851851852 0.646875 0.4101851851851852