1 0.4859375 0 0.5890625 0 0.5890625 0.0712962962962963 0.4859375 0.0712962962962963
1 0.6135416666666667 0.5935185185185186 0.6614583333333334 0.5935185185185186 0.6614583333333334 0.6814814814814815 0.6135416666666667 0.6814814814814815
1 0.6359375 0.1925925925925926 0.671875 0.1925925925925926 0.671875 0.2972222222222222 0.6359375 0.2972222222222222
1 0.6161458333333333 0.37962962962962965 0.6598958333333333 0.37962962962962965 0.6598958333333333 0.46296296296296297 0.6161458333333333 0.46296296296296297
1 0.6770833333333334 0.55 0.7015625 0.55 0.7015625 0.6018518518518519 0.6770833333333334 0.6018518518518519
1 0.6729166666666667 0.7648148148148148 0.6989583333333333 0.7648148148148148 0.6989583333333333 0.8546296296296296 0.6729166666666667 0.8546296296296296
2 0.2375 0 0.37083333333333335 0 0.37083333333333335 0.03425925925925926 0.2375 0.03425925925925926
2 0.2296875 0.11388888888888889 0.35520833333333335 0.11388888888888889 0.35520833333333335 0.2074074074074074 0.2296875 0.2074074074074074
2 0.3796875 0 0.45677083333333335 0 0.45677083333333335 0.08055555555555556 0.3796875 0.08055555555555556
2 0.40625 0.13148148148148148 0.5026041666666666 0.13148148148148148 0.5026041666666666 0.2101851851851852 0.40625 0.2101851851851852
2 0.4921875 0.0824074074074074 0.5677083333333334 0.0824074074074074 0.5677083333333334 0.13333333333333333 0.4921875 0.13333333333333333
2 0.4947916666666667 0.19537037037037036 0.5520833333333334 0.19537037037037036 0.5520833333333334 0.2462962962962963 0.4947916666666667 0.2462962962962963
2 0.534375 0.2324074074074074 0.5875 0.2324074074074074 0.5875 0.27685185185185185 0.534375 0.27685185185185185
2 0.528125 0.29907407407407405 0.5895833333333333 0.29907407407407405 0.5895833333333333 0.35 0.528125 0.35
2 0.59375 0.26296296296296295 0.6375 0.26296296296296295 0.6375 0.29259259259259257 0.59375 0.29259259259259257
2 0.6291666666666667 0.28703703703703703 0.6614583333333334 0.28703703703703703 0.6614583333333334 0.3101851851851852 0.6291666666666667 0.3101851851851852
2 0.6052083333333333 0.31851851851851853 0.6453125 0.31851851851851853 0.6453125 0.36018518518518516 0.6052083333333333 0.36018518518518516
2 0.6619791666666667 0.3388888888888889 0.6890625 0.3388888888888889 0.6890625 0.35555555555555557 0.6619791666666667 0.35555555555555557
2 0.6453125 0.36203703703703705 0.678125 0.36203703703703705 0.678125 0.3787037037037037 0.6453125 0.3787037037037037
2 0.665625 0.37962962962962965 0.6973958333333333 0.37962962962962965 0.6973958333333333 0.4 0.665625 0.4
2 0.6677083333333333 0.4046296296296296 0.696875 0.4046296296296296 0.696875 0.4203703703703704 0.6677083333333333 0.4203703703703704
2 0.6697916666666667 0.43703703703703706 0.696875 0.43703703703703706 0.696875 0.45740740740740743 0.6697916666666667 0.45740740740740743
2 0.6427083333333333 0.5092592592592593 0.6760416666666667 0.5092592592592593 0.6760416666666667 0.5444444444444444 0.6427083333333333 0.5444444444444444
2 0.571875 0.7537037037037037 0.6151041666666667 0.7537037037037037 0.6151041666666667 0.799074074074074 0.571875 0.799074074074074
2 0.671875 0.6212962962962963 0.6958333333333333 0.6212962962962963 0.6958333333333333 0.6435185185185185 0.671875 0.6435185185185185
2 0.671875 0.6592592592592592 0.6973958333333333 0.6592592592592592 0.6973958333333333 0.6731481481481482 0.671875 0.6731481481481482
2 0.6875 0.6453703703703704 0.7036458333333333 0.6453703703703704 0.7036458333333333 0.6601851851851852 0.6875 0.6601851851851852
2 0.6817708333333333 0.36203703703703705 0.70625 0.36203703703703705 0.70625 0.38425925925925924 0.6817708333333333 0.38425925925925924
2 0.6958333333333333 0.32407407407407407 0.7140625 0.32407407407407407 0.7140625 0.3453703703703704 0.6958333333333333 0.3453703703703704
2 0.6973958333333333 0.4064814814814815 0.7083333333333334 0.4064814814814815 0.7083333333333334 0.4185185185185185 0.6973958333333333 0.4185185185185185