1 0.14114583333333333 0.3175925925925926 0.2734375 0.3175925925925926 0.2734375 0.4925925925925926 0.14114583333333333 0.4925925925925926
1 0.32447916666666665 0.1685185185185185 0.3927083333333333 0.1685185185185185 0.3927083333333333 0.23148148148148148 0.32447916666666665 0.23148148148148148
2 0.40989583333333335 0.1814814814814815 0.42916666666666664 0.1814814814814815 0.42916666666666664 0.2324074074074074 0.40989583333333335 0.2324074074074074
2 0.2604166666666667 0.537962962962963 0.31302083333333336 0.537962962962963 0.31302083333333336 0.6981481481481482 0.2604166666666667 0.6981481481481482
2 0.6572916666666667 0.19166666666666668 0.6744791666666666 0.19166666666666668 0.6744791666666666 0.23425925925925925 0.6572916666666667 0.23425925925925925
2 0.5864583333333333 0.2111111111111111 0.6072916666666667 0.2111111111111111 0.6072916666666667 0.2722222222222222 0.5864583333333333 0.2722222222222222
2 0.6635416666666667 0.32314814814814813 0.6979166666666666 0.32314814814814813 0.6979166666666666 0.41944444444444445 0.6635416666666667 0.41944444444444445
2 0.4244791666666667 0.23055555555555557 0.4510416666666667 0.23055555555555557 0.4510416666666667 0.30092592592592593 0.4244791666666667 0.30092592592592593
2 0.6072916666666667 0.27685185185185185 0.6338541666666667 0.27685185185185185 0.6338541666666667 0.3527777777777778 0.6072916666666667 0.3527777777777778
2 0.5395833333333333 0.09814814814814815 0.5526041666666667 0.09814814814814815 0.5526041666666667 0.13055555555555556 0.5395833333333333 0.13055555555555556
2 0.61875 0.1638888888888889 0.6380208333333334 0.1638888888888889 0.6380208333333334 0.2101851851851852 0.61875 0.2101851851851852
2 0.06822916666666666 0.7787037037037037 0.15260416666666668 0.7787037037037037 0.15260416666666668 0.9861111111111112 0.06822916666666666 0.9861111111111112
2 0.590625 0.10555555555555556 0.6041666666666666 0.10555555555555556 0.6041666666666666 0.13796296296296295 0.590625 0.13796296296296295
2 0.6161458333333333 0.225 0.640625 0.225 0.640625 0.2861111111111111 0.6161458333333333 0.2861111111111111
2 0.721875 0.5074074074074074 0.7734375 0.5074074074074074 0.7734375 0.6657407407407407 0.721875 0.6657407407407407
2 0.5723958333333333 0.1111111111111111 0.5859375 0.1111111111111111 0.5859375 0.14537037037037037 0.5723958333333333 0.14537037037037037
2 0.46041666666666664 0.20925925925925926 0.4822916666666667 0.20925925925925926 0.4822916666666667 0.275 0.46041666666666664 0.275
2 0.3734375 0.4111111111111111 0.41354166666666664 0.4111111111111111 0.41354166666666664 0.5564814814814815 0.3734375 0.5564814814814815
2 0.5526041666666667 0.17314814814814813 0.5744791666666667 0.17314814814814813 0.5744791666666667 0.2324074074074074 0.5526041666666667 0.2324074074074074
2 0.5723958333333333 0.16574074074074074 0.5828125 0.16574074074074074 0.5828125 0.22407407407407406 0.5723958333333333 0.22407407407407406
2 0.4546875 0.1537037037037037 0.46979166666666666 0.1537037037037037 0.46979166666666666 0.19166666666666668 0.4546875 0.19166666666666668
2 0.7572916666666667 0.4111111111111111 0.7963541666666667 0.4111111111111111 0.7963541666666667 0.5287037037037037 0.7572916666666667 0.5287037037037037
2 0.9369791666666667 0.7157407407407408 1 0.7157407407407408 1 0.950925925925926 0.9369791666666667 0.950925925925926
2 0.3640625 0.3490740740740741 0.3921875 0.3490740740740741 0.3921875 0.4564814814814815 0.3640625 0.4564814814814815