1 0.1421875 0.32222222222222224 0.2713541666666667 0.32222222222222224 0.2713541666666667 0.4962962962962963 0.1421875 0.4962962962962963
1 0.31979166666666664 0.17777777777777778 0.3880208333333333 0.17777777777777778 0.3880208333333333 0.2388888888888889 0.31979166666666664 0.2388888888888889
2 0.7947916666666667 0.4703703703703704 0.8479166666666667 0.4703703703703704 0.8479166666666667 0.6212962962962963 0.7947916666666667 0.6212962962962963
2 0.5973958333333333 0.16203703703703703 0.6177083333333333 0.16203703703703703 0.6177083333333333 0.20925925925925926 0.5973958333333333 0.20925925925925926
2 0.6869791666666667 0.3055555555555556 0.7171875 0.3055555555555556 0.7171875 0.3925925925925926 0.6869791666666667 0.3925925925925926
2 0.225 0.6703703703703704 0.29791666666666666 0.6703703703703704 0.29791666666666666 0.875 0.225 0.875
2 0.4244791666666667 0.2518518518518518 0.446875 0.2518518518518518 0.446875 0.3148148148148148 0.4244791666666667 0.3148148148148148
2 0.6401041666666667 0.2324074074074074 0.6635416666666667 0.2324074074074074 0.6635416666666667 0.2972222222222222 0.6401041666666667 0.2972222222222222
2 0.6447916666666667 0.31203703703703706 0.6755208333333333 0.31203703703703706 0.6755208333333333 0.4046296296296296 0.6447916666666667 0.4046296296296296
2 0.3890625 0.22962962962962963 0.4119791666666667 0.22962962962962963 0.4119791666666667 0.29444444444444445 0.3890625 0.29444444444444445
2 0.3880208333333333 0.3435185185185185 0.4234375 0.3435185185185185 0.4234375 0.46574074074074073 0.3880208333333333 0.46574074074074073
2 0.4479166666666667 0.19537037037037036 0.471875 0.19537037037037036 0.471875 0.2601851851851852 0.4479166666666667 0.2601851851851852
2 0.5541666666666667 0.14166666666666666 0.5734375 0.14166666666666666 0.5734375 0.18518518518518517 0.5541666666666667 0.18518518518518517
2 0.4328125 0.13703703703703704 0.446875 0.13703703703703704 0.446875 0.17592592592592593 0.4328125 0.17592592592592593
2 0.48333333333333334 0.14166666666666666 0.49947916666666664 0.14166666666666666 0.49947916666666664 0.18425925925925926 0.48333333333333334 0.18425925925925926
2 0.44375 0.32685185185185184 0.478125 0.32685185185185184 0.478125 0.4527777777777778 0.44375 0.4527777777777778