1 0.4005208333333333 0.9037037037037037 0.49895833333333334 0.9037037037037037 0.49895833333333334 1 0.4005208333333333 1
1 0.43385416666666665 0.5712962962962963 0.5239583333333333 0.5712962962962963 0.5239583333333333 0.7481481481481481 0.43385416666666665 0.7481481481481481
1 0.31875 0.7074074074074074 0.3541666666666667 0.7074074074074074 0.3541666666666667 0.8194444444444444 0.31875 0.8194444444444444
2 0.4546875 0.07685185185185185 0.5244791666666667 0.07685185185185185 0.5244791666666667 0.1537037037037037 0.4546875 0.1537037037037037
2 0.546875 0.9185185185185185 0.6447916666666667 0.9185185185185185 0.6447916666666667 1 0.546875 1
2 0.4046875 0.19907407407407407 0.4578125 0.19907407407407407 0.4578125 0.2537037037037037 0.4046875 0.2537037037037037
2 0.375 0.10833333333333334 0.41875 0.10833333333333334 0.41875 0.1648148148148148 0.375 0.1648148148148148
2 0.3703125 0.687037037037037 0.41302083333333334 0.687037037037037 0.41302083333333334 0.737037037037037 0.3703125 0.737037037037037
2 0.4005208333333333 0.7287037037037037 0.45260416666666664 0.7287037037037037 0.45260416666666664 0.7851851851851852 0.4005208333333333 0.7851851851851852
2 0.5145833333333333 0.15 0.6005208333333333 0.15 0.6005208333333333 0.24259259259259258 0.5145833333333333 0.24259259259259258
2 0.32864583333333336 0.5361111111111111 0.3609375 0.5361111111111111 0.3609375 0.5666666666666667 0.32864583333333336 0.5666666666666667
2 0.28020833333333334 0.5462962962962963 0.2984375 0.5462962962962963 0.2984375 0.5703703703703704 0.28020833333333334 0.5703703703703704
2 0.2947916666666667 0.49074074074074076 0.31979166666666664 0.49074074074074076 0.31979166666666664 0.5166666666666667 0.2947916666666667 0.5166666666666667
2 0.478125 0.8851851851851852 0.5463541666666667 0.8851851851851852 0.5463541666666667 0.9657407407407408 0.478125 0.9657407407407408
2 0.3171875 0.30092592592592593 0.34010416666666665 0.30092592592592593 0.34010416666666665 0.3296296296296296 0.3171875 0.3296296296296296
2 0.31927083333333334 0.5944444444444444 0.34427083333333336 0.5944444444444444 0.34427083333333336 0.6268518518518519 0.31927083333333334 0.6268518518518519
2 0.34479166666666666 0.5685185185185185 0.378125 0.5685185185185185 0.378125 0.6055555555555555 0.34479166666666666 0.6055555555555555
2 0.31302083333333336 0.24814814814814815 0.34270833333333334 0.24814814814814815 0.34270833333333334 0.27870370370370373 0.31302083333333336 0.27870370370370373