1 0.146875 0.30648148148148147 0.27291666666666664 0.30648148148148147 0.27291666666666664 0.4842592592592593 0.146875 0.4842592592592593
2 0.2604166666666667 0.6796296296296296 0.32916666666666666 0.6796296296296296 0.32916666666666666 0.9435185185185185 0.2604166666666667 0.9435185185185185
1 0.31979166666666664 0.1814814814814815 0.3765625 0.1814814814814815 0.3765625 0.25462962962962965 0.31979166666666664 0.25462962962962965
2 0.3390625 0.8333333333333334 0.4140625 0.8333333333333334 0.4140625 0.9953703703703703 0.3390625 0.9953703703703703
2 0.725 0.34814814814814815 0.7640625 0.34814814814814815 0.7640625 0.44907407407407407 0.725 0.44907407407407407
2 0.5447916666666667 0.18055555555555555 0.5822916666666667 0.18055555555555555 0.5822916666666667 0.22407407407407406 0.5447916666666667 0.22407407407407406
2 0.44375 0.19537037037037036 0.4635416666666667 0.19537037037037036 0.4635416666666667 0.25 0.44375 0.25
2 0.440625 0.26481481481481484 0.46979166666666666 0.26481481481481484 0.46979166666666666 0.35833333333333334 0.440625 0.35833333333333334
2 0.6171875 0.22037037037037038 0.6401041666666667 0.22037037037037038 0.6401041666666667 0.2916666666666667 0.6171875 0.2916666666666667
2 0.4244791666666667 0.16018518518518518 0.4395833333333333 0.16018518518518518 0.4395833333333333 0.2074074074074074 0.4244791666666667 0.2074074074074074
2 0.375 0.36944444444444446 0.4088541666666667 0.36944444444444446 0.4088541666666667 0.48333333333333334 0.375 0.48333333333333334
2 0.35989583333333336 0.2898148148148148 0.39166666666666666 0.2898148148148148 0.39166666666666666 0.38333333333333336 0.35989583333333336 0.38333333333333336
2 0.3921875 0.18796296296296297 0.4109375 0.18796296296296297 0.4109375 0.24166666666666667 0.3921875 0.24166666666666667
2 0.5692708333333333 0.1361111111111111 0.5833333333333334 0.1361111111111111 0.5833333333333334 0.17592592592592593 0.5692708333333333 0.17592592592592593
2 0.371875 0.24814814814814815 0.4 0.24814814814814815 0.4 0.31574074074074077 0.371875 0.31574074074074077
2 0.5890625 0.12314814814814815 0.603125 0.12314814814814815 0.603125 0.1648148148148148 0.5890625 0.1648148148148148
2 0.48125 0.14722222222222223 0.496875 0.14722222222222223 0.496875 0.2 0.48125 0.2
2 0.65 0.225 0.6723958333333333 0.225 0.6723958333333333 0.2935185185185185 0.65 0.2935185185185185
2 0.39739583333333334 0.15185185185185185 0.4140625 0.15185185185185185 0.4140625 0.1925925925925926 0.39739583333333334 0.1925925925925926
2 0.4083333333333333 0.275 0.43333333333333335 0.275 0.43333333333333335 0.3685185185185185 0.4083333333333333 0.3685185185185185
2 0.6182291666666667 0.1574074074074074 0.6317708333333333 0.1574074074074074 0.6317708333333333 0.21666666666666667 0.6182291666666667 0.21666666666666667