1 0.5067708333333333 0 0.6088541666666667 0 0.6088541666666667 0.08518518518518518 0.5067708333333333 0.08518518518518518
1 0.553125 0.7314814814814815 0.6213541666666667 0.7314814814814815 0.6213541666666667 0.8805555555555555 0.553125 0.8805555555555555
2 0.4552083333333333 0.837037037037037 0.5270833333333333 0.837037037037037 0.5270833333333333 0.9157407407407407 0.4552083333333333 0.9157407407407407
2 0.6895833333333333 0.5833333333333334 0.7125 0.5833333333333334 0.7125 0.6101851851851852 0.6895833333333333 0.6101851851851852
0 0.559375 0.14074074074074075 0.6770833333333334 0.14074074074074075 0.6770833333333334 0.34629629629629627 0.559375 0.34629629629629627
1 0.7119791666666667 0.5518518518518518 0.7317708333333334 0.5518518518518518 0.7317708333333334 0.5990740740740741 0.7119791666666667 0.5990740740740741
2 0.49947916666666664 0.2101851851851852 0.5651041666666666 0.2101851851851852 0.5651041666666666 0.2777777777777778 0.49947916666666664 0.2777777777777778
2 0.5177083333333333 0.3574074074074074 0.5828125 0.3574074074074074 0.5828125 0.425 0.5177083333333333 0.425
2 0.3963541666666667 0.1648148148148148 0.4875 0.1648148148148148 0.4875 0.24444444444444444 0.3963541666666667 0.24444444444444444
2 0.5921875 0.39814814814814814 0.6385416666666667 0.39814814814814814 0.6385416666666667 0.4527777777777778 0.5921875 0.4527777777777778
2 0.5375 0.6546296296296297 0.6 0.6546296296296297 0.6 0.7175925925925926 0.5375 0.7175925925925926
1 0.6734375 0.41944444444444445 0.7057291666666666 0.41944444444444445 0.7057291666666666 0.4898148148148148 0.6734375 0.4898148148148148
2 0.5328125 0.9259259259259259 0.590625 0.9259259259259259 0.590625 0.9824074074074074 0.5328125 0.9824074074074074
2 0.6333333333333333 0.6898148148148148 0.66875 0.6898148148148148 0.66875 0.7277777777777777 0.6333333333333333 0.7277777777777777
1 0.6973958333333333 0.6083333333333333 0.7213541666666666 0.6083333333333333 0.7213541666666666 0.6694444444444444 0.6973958333333333 0.6694444444444444