1 0.14375 0.3212962962962963 0.271875 0.3212962962962963 0.271875 0.4962962962962963 0.14375 0.4962962962962963
1 0.321875 0.17777777777777778 0.3921875 0.17777777777777778 0.3921875 0.2361111111111111 0.321875 0.2361111111111111
2 0.8296875 0.5324074074074074 0.8916666666666667 0.5324074074074074 0.8916666666666667 0.7018518518518518 0.8296875 0.7018518518518518
2 0.7020833333333333 0.3351851851851852 0.7421875 0.3351851851851852 0.7421875 0.43333333333333335 0.7020833333333333 0.43333333333333335
2 0.6583333333333333 0.3425925925925926 0.6989583333333333 0.3425925925925926 0.6989583333333333 0.45740740740740743 0.6583333333333333 0.45740740740740743
2 0.5942708333333333 0.21944444444444444 0.6140625 0.21944444444444444 0.6140625 0.2712962962962963 0.5942708333333333 0.2712962962962963
2 0.6453125 0.24814814814814815 0.6729166666666667 0.24814814814814815 0.6729166666666667 0.32685185185185184 0.6453125 0.32685185185185184
2 0.40677083333333336 0.3074074074074074 0.4395833333333333 0.3074074074074074 0.4395833333333333 0.39814814814814814 0.40677083333333336 0.39814814814814814
2 0.3953125 0.2064814814814815 0.41822916666666665 0.2064814814814815 0.41822916666666665 0.2712962962962963 0.3953125 0.2712962962962963
2 0.4515625 0.1814814814814815 0.47291666666666665 0.1814814814814815 0.47291666666666665 0.2361111111111111 0.4515625 0.2361111111111111
2 0.48385416666666664 0.13796296296296295 0.49895833333333334 0.13796296296296295 0.49895833333333334 0.18055555555555555 0.48385416666666664 0.18055555555555555
2 0.4348958333333333 0.1287037037037037 0.44895833333333335 0.1287037037037037 0.44895833333333335 0.1638888888888889 0.4348958333333333 0.1638888888888889
2 0.4046875 0.18888888888888888 0.4276041666666667 0.18888888888888888 0.4276041666666667 0.24259259259259258 0.4046875 0.24259259259259258
2 0.4552083333333333 0.28888888888888886 0.4817708333333333 0.28888888888888886 0.4817708333333333 0.37592592592592594 0.4552083333333333 0.37592592592592594
2 0.43020833333333336 0.225 0.4505208333333333 0.225 0.4505208333333333 0.2833333333333333 0.43020833333333336 0.2833333333333333
2 0.5546875 0.15 0.5760416666666667 0.15 0.5760416666666667 0.19907407407407407 0.5546875 0.19907407407407407
2 0.5838541666666667 0.1638888888888889 0.6005208333333333 0.1638888888888889 0.6005208333333333 0.2111111111111111 0.5838541666666667 0.2111111111111111
2 0.29322916666666665 0.6731481481481482 0.3536458333333333 0.6731481481481482 0.3536458333333333 0.937962962962963 0.29322916666666665 0.937962962962963
2 0.2947916666666667 0.5185185185185185 0.3494791666666667 0.5185185185185185 0.3494791666666667 0.6944444444444444 0.2947916666666667 0.6944444444444444