1 0.14427083333333332 0.32037037037037036 0.26979166666666665 0.32037037037037036 0.26979166666666665 0.4962962962962963 0.14427083333333332 0.4962962962962963
1 0.32083333333333336 0.17592592592592593 0.38958333333333334 0.17592592592592593 0.38958333333333334 0.2388888888888889 0.32083333333333336 0.2388888888888889
2 0.6661458333333333 0.5361111111111111 0.725 0.5361111111111111 0.725 0.6962962962962963 0.6661458333333333 0.6962962962962963
2 0.25677083333333334 0.5407407407407407 0.31666666666666665 0.5407407407407407 0.31666666666666665 0.7194444444444444 0.25677083333333334 0.7194444444444444
2 0.11302083333333333 0.6601851851851852 0.18802083333333333 0.6601851851851852 0.18802083333333333 0.8731481481481481 0.11302083333333333 0.8731481481481481
2 0.8026041666666667 0.649074074074074 0.8645833333333334 0.649074074074074 0.8645833333333334 0.8324074074074074 0.8026041666666667 0.8324074074074074
2 0.6130208333333333 0.1935185185185185 0.646875 0.1935185185185185 0.646875 0.2564814814814815 0.6130208333333333 0.2564814814814815
2 0.6609375 0.34814814814814815 0.690625 0.34814814814814815 0.690625 0.44722222222222224 0.6609375 0.44722222222222224
2 0.325 0.39444444444444443 0.3619791666666667 0.39444444444444443 0.3619791666666667 0.5074074074074074 0.325 0.5074074074074074
2 0.5942708333333333 0.3435185185185185 0.6307291666666667 0.3435185185185185 0.6307291666666667 0.45185185185185184 0.5942708333333333 0.45185185185185184
2 0.384375 0.29074074074074074 0.415625 0.29074074074074074 0.415625 0.3824074074074074 0.384375 0.3824074074074074
2 0.5567708333333333 0.1814814814814815 0.5911458333333334 0.1814814814814815 0.5911458333333334 0.22962962962962963 0.5567708333333333 0.22962962962962963
2 0.9651041666666667 0.799074074074074 1 0.799074074074074 1 0.9925925925925926 0.9651041666666667 0.9925925925925926
2 0.5619791666666667 0.23796296296296296 0.5859375 0.23796296296296296 0.5859375 0.31203703703703706 0.5619791666666667 0.31203703703703706
2 0.39739583333333334 0.2222222222222222 0.421875 0.2222222222222222 0.421875 0.2814814814814815 0.39739583333333334 0.2814814814814815
2 0.42604166666666665 0.24166666666666667 0.45260416666666664 0.24166666666666667 0.45260416666666664 0.3287037037037037 0.42604166666666665 0.3287037037037037
2 0.20729166666666668 0.7407407407407407 0.2703125 0.7407407407407407 0.2703125 0.9157407407407407 0.20729166666666668 0.9157407407407407
2 0.5765625 0.13240740740740742 0.5901041666666667 0.13240740740740742 0.5901041666666667 0.1685185185185185 0.5765625 0.1685185185185185