1 0.7010416666666667 0.46111111111111114 0.8317708333333333 0.46111111111111114 0.8317708333333333 0.6509259259259259 0.7010416666666667 0.6509259259259259
1 0.1390625 0.3074074074074074 0.25677083333333334 0.3074074074074074 0.25677083333333334 0.4888888888888889 0.1390625 0.4888888888888889
2 0.8890625 0.7305555555555555 0.9520833333333333 0.7305555555555555 0.9520833333333333 0.8740740740740741 0.8890625 0.8740740740740741
2 0.0036458333333333334 0.5444444444444444 0.09322916666666667 0.5444444444444444 0.09322916666666667 0.7212962962962963 0.0036458333333333334 0.7212962962962963
2 0.7078125 0.6592592592592592 0.7682291666666666 0.6592592592592592 0.7682291666666666 0.8694444444444445 0.7078125 0.8694444444444445
2 0.23541666666666666 0.49722222222222223 0.2833333333333333 0.49722222222222223 0.2833333333333333 0.6370370370370371 0.23541666666666666 0.6370370370370371
2 0.3541666666666667 0.6268518518518519 0.41458333333333336 0.6268518518518519 0.41458333333333336 0.8425925925925926 0.3541666666666667 0.8425925925925926
0 0.340625 0.1259259259259259 0.42135416666666664 0.1259259259259259 0.42135416666666664 0.2972222222222222 0.340625 0.2972222222222222
1 0.5338541666666666 0.11481481481481481 0.5651041666666666 0.11481481481481481 0.5651041666666666 0.1574074074074074 0.5338541666666666 0.1574074074074074
2 0.32135416666666666 0.48148148148148145 0.36770833333333336 0.48148148148148145 0.36770833333333336 0.6259259259259259 0.32135416666666666 0.6259259259259259
2 0.5510416666666667 0.1648148148148148 0.5729166666666666 0.1648148148148148 0.5729166666666666 0.21666666666666667 0.5510416666666667 0.21666666666666667
2 0.4510416666666667 0.18611111111111112 0.4739583333333333 0.18611111111111112 0.4739583333333333 0.24351851851851852 0.4510416666666667 0.24351851851851852
2 0.3885416666666667 0.3 0.41770833333333335 0.3 0.41770833333333335 0.3990740740740741 0.3885416666666667 0.3990740740740741
1 0.5723958333333333 0.13148148148148148 0.6145833333333334 0.13148148148148148 0.6145833333333334 0.18611111111111112 0.5723958333333333 0.18611111111111112
2 0.6442708333333333 0.17407407407407408 0.6661458333333333 0.17407407407407408 0.6661458333333333 0.2324074074074074 0.6442708333333333 0.2324074074074074
2 0.265625 0.34814814814814815 0.2864583333333333 0.34814814814814815 0.2864583333333333 0.46574074074074073 0.265625 0.46574074074074073
2 0.6338541666666667 0.30277777777777776 0.6614583333333334 0.30277777777777776 0.6614583333333334 0.4111111111111111 0.6338541666666667 0.4111111111111111
2 0.6385416666666667 0.22870370370370371 0.6609375 0.22870370370370371 0.6609375 0.2962962962962963 0.6385416666666667 0.2962962962962963
2 0.44583333333333336 0.21851851851851853 0.4666666666666667 0.21851851851851853 0.4666666666666667 0.2972222222222222 0.44583333333333336 0.2972222222222222
2 0.41875 0.2462962962962963 0.4421875 0.2462962962962963 0.4421875 0.3416666666666667 0.41875 0.3416666666666667