1 0.39166666666666666 0.9166666666666666 0.49375 0.9166666666666666 0.49375 1 0.39166666666666666 1
1 0.5151041666666667 0 0.646875 0 0.646875 0.1425925925925926 0.5151041666666667 0.1425925925925926
2 0.684375 0 0.7796875 0 0.7796875 0.03888888888888889 0.684375 0.03888888888888889
1 0.2869791666666667 0.38055555555555554 0.31302083333333336 0.38055555555555554 0.31302083333333336 0.43796296296296294 0.2869791666666667 0.43796296296296294
1 0.29791666666666666 0.2833333333333333 0.32916666666666666 0.2833333333333333 0.32916666666666666 0.36203703703703705 0.29791666666666666 0.36203703703703705
2 0.3640625 0.19722222222222222 0.40572916666666664 0.19722222222222222 0.40572916666666664 0.2361111111111111 0.3640625 0.2361111111111111
2 0.46145833333333336 0.8314814814814815 0.5390625 0.8314814814814815 0.5390625 0.9120370370370371 0.46145833333333336 0.9120370370370371
2 0.5067708333333333 0.5962962962962963 0.6036458333333333 0.5962962962962963 0.6036458333333333 0.6916666666666667 0.5067708333333333 0.6916666666666667
2 0.371875 0.6231481481481481 0.4239583333333333 0.6231481481481481 0.4239583333333333 0.6851851851851852 0.371875 0.6851851851851852
2 0.44635416666666666 0.6990740740740741 0.5260416666666666 0.6990740740740741 0.5260416666666666 0.7620370370370371 0.44635416666666666 0.7620370370370371
2 0.31666666666666665 0.36018518518518516 0.3515625 0.36018518518518516 0.3515625 0.3990740740740741 0.31666666666666665 0.3990740740740741
2 0.4171875 0.17962962962962964 0.48072916666666665 0.17962962962962964 0.48072916666666665 0.25092592592592594 0.4171875 0.25092592592592594
2 0.3302083333333333 0.18796296296296297 0.36041666666666666 0.18796296296296297 0.36041666666666666 0.22870370370370371 0.3302083333333333 0.22870370370370371
2 0.3203125 0.5453703703703704 0.3489583333333333 0.5453703703703704 0.3489583333333333 0.5777777777777777 0.3203125 0.5777777777777777
0 0.2833333333333333 0.6444444444444445 0.3770833333333333 0.6444444444444445 0.3770833333333333 0.7731481481481481 0.2833333333333333 0.7731481481481481
2 0.3489583333333333 0.5842592592592593 0.3932291666666667 0.5842592592592593 0.3932291666666667 0.6398148148148148 0.3489583333333333 0.6398148148148148
2 0.3932291666666667 0.8481481481481481 0.4557291666666667 0.8481481481481481 0.4557291666666667 0.8972222222222223 0.3932291666666667 0.8972222222222223