1 0.6286458333333333 0.33055555555555555 0.7416666666666667 0.33055555555555555 0.7416666666666667 0.46944444444444444 0.6286458333333333 0.46944444444444444
1 0.140625 0.3074074074074074 0.265625 0.3074074074074074 0.265625 0.48703703703703705 0.140625 0.48703703703703705
2 0.1859375 0.7907407407407407 0.2578125 0.7907407407407407 0.2578125 0.9981481481481481 0.1859375 0.9981481481481481
2 0.16770833333333332 0.5212962962962963 0.2171875 0.5212962962962963 0.2171875 0.6648148148148149 0.16770833333333332 0.6648148148148149
2 0.8369791666666667 0.5675925925925925 0.9041666666666667 0.5675925925925925 0.9041666666666667 0.7333333333333333 0.8369791666666667 0.7333333333333333
2 0.109375 0.7 0.18229166666666666 0.7 0.18229166666666666 0.9314814814814815 0.109375 0.9314814814814815
2 0.9416666666666667 0.6611111111111111 1 0.6611111111111111 1 0.8324074074074074 0.9416666666666667 0.8324074074074074
2 0.7395833333333334 0.5638888888888889 0.7984375 0.5638888888888889 0.7984375 0.7425925925925926 0.7395833333333334 0.7425925925925926
2 0.008854166666666666 0.5398148148148149 0.08802083333333334 0.5398148148148149 0.08802083333333334 0.7194444444444444 0.008854166666666666 0.7194444444444444
2 0.5473958333333333 0.13703703703703704 0.5640625 0.13703703703703704 0.5640625 0.1824074074074074 0.5473958333333333 0.1824074074074074
2 0.36822916666666666 0.325 0.4005208333333333 0.325 0.4005208333333333 0.41944444444444445 0.36822916666666666 0.41944444444444445
2 0.3463541666666667 0.41759259259259257 0.3848958333333333 0.41759259259259257 0.3848958333333333 0.549074074074074 0.3463541666666667 0.549074074074074
1 0.459375 0.125 0.4947916666666667 0.125 0.4947916666666667 0.17685185185185184 0.459375 0.17685185185185184
1 0.5645833333333333 0.11666666666666667 0.6010416666666667 0.11666666666666667 0.6010416666666667 0.16111111111111112 0.5645833333333333 0.16111111111111112
2 0.43333333333333335 0.29444444444444445 0.4630208333333333 0.29444444444444445 0.4630208333333333 0.3888888888888889 0.43333333333333335 0.3888888888888889
2 0.6265625 0.14722222222222223 0.6463541666666667 0.14722222222222223 0.6463541666666667 0.18425925925925926 0.6265625 0.18425925925925926
0 0.31875 0.19444444444444445 0.41041666666666665 0.19444444444444445 0.41041666666666665 0.35648148148148145 0.31875 0.35648148148148145
2 0.775 0.41759259259259257 0.8161458333333333 0.41759259259259257 0.8161458333333333 0.525 0.775 0.525
2 0.4479166666666667 0.22407407407407406 0.4703125 0.22407407407407406 0.4703125 0.2916666666666667 0.4479166666666667 0.2916666666666667
2 0.6151041666666667 0.23148148148148148 0.6390625 0.23148148148148148 0.6390625 0.30185185185185187 0.6151041666666667 0.30185185185185187
2 0.4984375 0.16018518518518518 0.5239583333333333 0.16018518518518518 0.5239583333333333 0.21296296296296297 0.4984375 0.21296296296296297
2 0.45208333333333334 0.2 0.471875 0.2 0.471875 0.2388888888888889 0.45208333333333334 0.2388888888888889
2 0.6140625 0.4009259259259259 0.6453125 0.4009259259259259 0.6453125 0.5361111111111111 0.6140625 0.5361111111111111