1 0.1453125 0.32037037037037036 0.26979166666666665 0.32037037037037036 0.26979166666666665 0.4981481481481482 0.1453125 0.4981481481481482
1 0.46822916666666664 0.1287037037037037 0.5005208333333333 0.1287037037037037 0.5005208333333333 0.175 0.46822916666666664 0.175
1 0.3338541666666667 0.17685185185185184 0.3921875 0.17685185185185184 0.3921875 0.24444444444444444 0.3338541666666667 0.24444444444444444
1 0.6072916666666667 0.1175925925925926 0.6536458333333334 0.1175925925925926 0.6536458333333334 0.15555555555555556 0.6072916666666667 0.15555555555555556
2 0.15572916666666667 0.5990740740740741 0.21822916666666667 0.5990740740740741 0.21822916666666667 0.8064814814814815 0.15572916666666667 0.8064814814814815
2 0.2713541666666667 0.46574074074074073 0.3145833333333333 0.46574074074074073 0.3145833333333333 0.637962962962963 0.2713541666666667 0.637962962962963
2 0.38385416666666666 0.4601851851851852 0.4114583333333333 0.4601851851851852 0.4114583333333333 0.6129629629629629 0.38385416666666666 0.6129629629629629
2 0.325 0.34074074074074073 0.35260416666666666 0.34074074074074073 0.35260416666666666 0.4546296296296296 0.325 0.4546296296296296
2 0.35885416666666664 0.35833333333333334 0.39427083333333335 0.35833333333333334 0.39427083333333335 0.4787037037037037 0.35885416666666664 0.4787037037037037
2 0.4140625 0.35648148148148145 0.4395833333333333 0.35648148148148145 0.4395833333333333 0.48518518518518516 0.4140625 0.48518518518518516
2 0.459375 0.2777777777777778 0.4828125 0.2777777777777778 0.4828125 0.36018518518518516 0.459375 0.36018518518518516
2 0.40729166666666666 0.27314814814814814 0.4270833333333333 0.27314814814814814 0.4270833333333333 0.3472222222222222 0.40729166666666666 0.3472222222222222
2 0.3494791666666667 0.2851851851851852 0.375 0.2851851851851852 0.375 0.35555555555555557 0.3494791666666667 0.35555555555555557
2 0.35625 0.24259259259259258 0.3776041666666667 0.24259259259259258 0.3776041666666667 0.30925925925925923 0.35625 0.30925925925925923
2 0.38333333333333336 0.18981481481481483 0.3984375 0.18981481481481483 0.3984375 0.25462962962962965 0.38333333333333336 0.25462962962962965
2 0.40520833333333334 0.18703703703703703 0.41354166666666664 0.18703703703703703 0.41354166666666664 0.22870370370370371 0.40520833333333334 0.22870370370370371
2 0.41302083333333334 0.19444444444444445 0.421875 0.19444444444444445 0.421875 0.2361111111111111 0.41302083333333334 0.2361111111111111
2 0.42083333333333334 0.20833333333333334 0.43385416666666665 0.20833333333333334 0.43385416666666665 0.275 0.42083333333333334 0.275
2 0.40625 0.2324074074074074 0.4161458333333333 0.2324074074074074 0.4161458333333333 0.2796296296296296 0.40625 0.2796296296296296
2 0.44895833333333335 0.20277777777777778 0.465625 0.20277777777777778 0.465625 0.26944444444444443 0.44895833333333335 0.26944444444444443
2 0.4661458333333333 0.1925925925925926 0.48020833333333335 0.1925925925925926 0.48020833333333335 0.24722222222222223 0.4661458333333333 0.24722222222222223
2 0.4625 0.15925925925925927 0.47604166666666664 0.15925925925925927 0.47604166666666664 0.2101851851851852 0.4625 0.2101851851851852
2 0.440625 0.1574074074074074 0.4515625 0.1574074074074074 0.4515625 0.2037037037037037 0.440625 0.2037037037037037
2 0.43072916666666666 0.14537037037037037 0.44375 0.14537037037037037 0.44375 0.19907407407407407 0.43072916666666666 0.19907407407407407
2 0.4984375 0.11203703703703703 0.5078125 0.11203703703703703 0.5078125 0.1537037037037037 0.4984375 0.1537037037037037
2 0.45364583333333336 0.12407407407407407 0.46197916666666666 0.12407407407407407 0.46197916666666666 0.1675925925925926 0.45364583333333336 0.1675925925925926
2 0.4421875 0.11851851851851852 0.44947916666666665 0.11851851851851852 0.44947916666666665 0.1527777777777778 0.4421875 0.1527777777777778
2 0.4322916666666667 0.10648148148148148 0.4401041666666667 0.10648148148148148 0.4401041666666667 0.1388888888888889 0.4322916666666667 0.1388888888888889
2 0.471875 0.10925925925925926 0.4796875 0.10925925925925926 0.4796875 0.14074074074074075 0.471875 0.14074074074074075
2 0.584375 0.11481481481481481 0.5958333333333333 0.11481481481481481 0.5958333333333333 0.14629629629629629 0.584375 0.14629629629629629
2 0.5895833333333333 0.15092592592592594 0.6046875 0.15092592592592594 0.6046875 0.2037037037037037 0.5895833333333333 0.2037037037037037
2 0.6041666666666666 0.17314814814814813 0.61875 0.17314814814814813 0.61875 0.23981481481481481 0.6041666666666666 0.23981481481481481
2 0.6197916666666666 0.14907407407407408 0.6359375 0.14907407407407408 0.6359375 0.1925925925925926 0.6197916666666666 0.1925925925925926
2 0.6338541666666667 0.1685185185185185 0.6510416666666666 0.1685185185185185 0.6510416666666666 0.225 0.6338541666666667 0.225