1 0.3234375 0.17592592592592593 0.3921875 0.17592592592592593 0.3921875 0.23796296296296296 0.3234375 0.23796296296296296
1 0.42552083333333335 0.2490740740740741 0.4828125 0.2490740740740741 0.4828125 0.34074074074074073 0.42552083333333335 0.34074074074074073
1 0.15 0.3175925925925926 0.2713541666666667 0.3175925925925926 0.2713541666666667 0.4925925925925926 0.15 0.4925925925925926
2 0.22864583333333333 0.8722222222222222 0.31145833333333334 0.8722222222222222 0.31145833333333334 0.9962962962962963 0.22864583333333333 0.9962962962962963
2 0.16302083333333334 0.5898148148148148 0.23125 0.5898148148148148 0.23125 0.7787037037037037 0.16302083333333334 0.7787037037037037
2 0.8395833333333333 0.48703703703703705 0.9 0.48703703703703705 0.9 0.6287037037037037 0.8395833333333333 0.6287037037037037
2 0.24166666666666667 0.43333333333333335 0.2859375 0.43333333333333335 0.2859375 0.5648148148148148 0.24166666666666667 0.5648148148148148
2 0.6484375 0.2722222222222222 0.678125 0.2722222222222222 0.678125 0.35 0.6484375 0.35
2 0.6947916666666667 0.2833333333333333 0.7244791666666667 0.2833333333333333 0.7244791666666667 0.3712962962962963 0.6947916666666667 0.3712962962962963
2 0.33229166666666665 0.3435185185185185 0.36354166666666665 0.3435185185185185 0.36354166666666665 0.4388888888888889 0.33229166666666665 0.4388888888888889
1 0.540625 0.14814814814814814 0.60625 0.14814814814814814 0.60625 0.31296296296296294 0.540625 0.31296296296296294
2 0.3927083333333333 0.2861111111111111 0.421875 0.2861111111111111 0.421875 0.37592592592592594 0.3927083333333333 0.37592592592592594
2 0.3494791666666667 0.29259259259259257 0.3770833333333333 0.29259259259259257 0.3770833333333333 0.36574074074074076 0.3494791666666667 0.36574074074074076
2 0.3494791666666667 0.4935185185185185 0.3953125 0.4935185185185185 0.3953125 0.6546296296296297 0.3494791666666667 0.6546296296296297
2 0.45729166666666665 0.15555555555555556 0.4739583333333333 0.15555555555555556 0.4739583333333333 0.20092592592592592 0.45729166666666665 0.20092592592592592
2 0.49583333333333335 0.17037037037037037 0.515625 0.17037037037037037 0.515625 0.23148148148148148 0.49583333333333335 0.23148148148148148
2 0.478125 0.1398148148148148 0.49166666666666664 0.1398148148148148 0.49166666666666664 0.1814814814814815 0.478125 0.1814814814814815
2 0.3697916666666667 0.37407407407407406 0.40260416666666665 0.37407407407407406 0.40260416666666665 0.4703703703703704 0.3697916666666667 0.4703703703703704
2 0.27708333333333335 0.35555555555555557 0.3078125 0.35555555555555557 0.3078125 0.46111111111111114 0.27708333333333335 0.46111111111111114
2 0.41510416666666666 0.21388888888888888 0.43697916666666664 0.21388888888888888 0.43697916666666664 0.27037037037037037 0.41510416666666666 0.27037037037037037
2 0.5739583333333333 0.11388888888888889 0.5890625 0.11388888888888889 0.5890625 0.14537037037037037 0.5739583333333333 0.14537037037037037
2 0.5994791666666667 0.12129629629629629 0.6161458333333333 0.12129629629629629 0.6161458333333333 0.16203703703703703 0.5994791666666667 0.16203703703703703
2 0.43697916666666664 0.15092592592592594 0.4510416666666667 0.15092592592592594 0.4510416666666667 0.18518518518518517 0.43697916666666664 0.18518518518518517