1 0.14479166666666668 0.3296296296296296 0.2671875 0.3296296296296296 0.2671875 0.5046296296296297 0.14479166666666668 0.5046296296296297
1 0.33177083333333335 0.17962962962962964 0.390625 0.17962962962962964 0.390625 0.24166666666666667 0.33177083333333335 0.24166666666666667
1 0.6526041666666667 0.13148148148148148 0.7072916666666667 0.13148148148148148 0.7072916666666667 0.17314814814814813 0.6526041666666667 0.17314814814814813
1 0.5458333333333333 0.10555555555555556 0.5708333333333333 0.10555555555555556 0.5708333333333333 0.14629629629629629 0.5458333333333333 0.14629629629629629
2 0.19114583333333332 0.5018518518518519 0.23229166666666667 0.5018518518518519 0.23229166666666667 0.6898148148148148 0.19114583333333332 0.6898148148148148
2 0.19322916666666667 0.649074074074074 0.2557291666666667 0.649074074074074 0.2557291666666667 0.8898148148148148 0.19322916666666667 0.8898148148148148
2 0.30572916666666666 0.3472222222222222 0.33489583333333334 0.3472222222222222 0.33489583333333334 0.4722222222222222 0.30572916666666666 0.4722222222222222
2 0.3692708333333333 0.4009259259259259 0.3963541666666667 0.4009259259259259 0.3963541666666667 0.5398148148148149 0.3692708333333333 0.5398148148148149
2 0.3692708333333333 0.31666666666666665 0.3984375 0.31666666666666665 0.3984375 0.4185185185185185 0.3692708333333333 0.4185185185185185
2 0.35520833333333335 0.25092592592592594 0.378125 0.25092592592592594 0.378125 0.3527777777777778 0.35520833333333335 0.3527777777777778
2 0.415625 0.29259259259259257 0.44375 0.29259259259259257 0.44375 0.4083333333333333 0.415625 0.4083333333333333
2 0.6505208333333333 0.22407407407407406 0.6677083333333333 0.22407407407407406 0.6677083333333333 0.2898148148148148 0.6505208333333333 0.2898148148148148
2 0.6567708333333333 0.28055555555555556 0.6848958333333334 0.28055555555555556 0.6848958333333334 0.36944444444444446 0.6567708333333333 0.36944444444444446
2 0.5609375 0.17037037037037037 0.5828125 0.17037037037037037 0.5828125 0.23148148148148148 0.5609375 0.23148148148148148
2 0.5817708333333333 0.175 0.6098958333333333 0.175 0.6098958333333333 0.23148148148148148 0.5817708333333333 0.23148148148148148
2 0.6223958333333334 0.16203703703703703 0.6338541666666667 0.16203703703703703 0.6338541666666667 0.22407407407407406 0.6223958333333334 0.22407407407407406
2 0.4046875 0.2 0.41875 0.2 0.41875 0.2759259259259259 0.4046875 0.2759259259259259
2 0.4265625 0.21666666666666667 0.4359375 0.21666666666666667 0.4359375 0.2833333333333333 0.4265625 0.2833333333333333
2 0.43697916666666664 0.19166666666666668 0.446875 0.19166666666666668 0.446875 0.24814814814814815 0.43697916666666664 0.24814814814814815
2 0.45625 0.18518518518518517 0.46822916666666664 0.18518518518518517 0.46822916666666664 0.24814814814814815 0.45625 0.24814814814814815
2 0.475 0.18981481481481483 0.4864583333333333 0.18981481481481483 0.4864583333333333 0.2574074074074074 0.475 0.2574074074074074
2 0.48385416666666664 0.15092592592592594 0.49583333333333335 0.15092592592592594 0.49583333333333335 0.19814814814814816 0.48385416666666664 0.19814814814814816
2 0.40572916666666664 0.14814814814814814 0.41354166666666664 0.14814814814814814 0.41354166666666664 0.18333333333333332 0.40572916666666664 0.18333333333333332
2 0.41302083333333334 0.1537037037037037 0.42239583333333336 0.1537037037037037 0.42239583333333336 0.20277777777777778 0.41302083333333334 0.20277777777777778
2 0.41822916666666665 0.16944444444444445 0.43072916666666666 0.16944444444444445 0.43072916666666666 0.21944444444444444 0.41822916666666665 0.21944444444444444
2 0.4375 0.1398148148148148 0.4432291666666667 0.1398148148148148 0.4432291666666667 0.1824074074074074 0.4375 0.1824074074074074
2 0.44947916666666665 0.14444444444444443 0.4578125 0.14444444444444443 0.4578125 0.19907407407407407 0.44947916666666665 0.19907407407407407
2 0.45260416666666664 0.1574074074074074 0.46510416666666665 0.1574074074074074 0.46510416666666665 0.20462962962962963 0.45260416666666664 0.20462962962962963
2 0.47552083333333334 0.12777777777777777 0.48333333333333334 0.12777777777777777 0.48333333333333334 0.16574074074074074 0.47552083333333334 0.16574074074074074
2 0.46145833333333336 0.13240740740740742 0.46979166666666666 0.13240740740740742 0.46979166666666666 0.16666666666666666 0.46145833333333336 0.16666666666666666
2 0.4661458333333333 0.11481481481481481 0.47291666666666665 0.11481481481481481 0.47291666666666665 0.14814814814814814 0.4661458333333333 0.14814814814814814