1 0.14114583333333333 0.3351851851851852 0.2630208333333333 0.3351851851851852 0.2630208333333333 0.5157407407407407 0.14114583333333333 0.5157407407407407
1 0.41510416666666666 0.27685185185185185 0.475 0.27685185185185185 0.475 0.3925925925925926 0.41510416666666666 0.3925925925925926
1 0.3302083333333333 0.18611111111111112 0.3854166666666667 0.18611111111111112 0.3854166666666667 0.2490740740740741 0.3302083333333333 0.2490740740740741
1 0.55 0.16111111111111112 0.5921875 0.16111111111111112 0.5921875 0.2351851851851852 0.55 0.2351851851851852
1 0.6588541666666666 0.1388888888888889 0.7026041666666667 0.1388888888888889 0.7026041666666667 0.17962962962962964 0.6588541666666666 0.17962962962962964
1 0.5286458333333334 0.11388888888888889 0.5536458333333333 0.11388888888888889 0.5536458333333333 0.15092592592592594 0.5286458333333334 0.15092592592592594
2 0.35625 0.29259259259259257 0.37604166666666666 0.29259259259259257 0.37604166666666666 0.3435185185185185 0.35625 0.3435185185185185
2 0.09895833333333333 0.6111111111111112 0.1609375 0.6111111111111112 0.1609375 0.8537037037037037 0.09895833333333333 0.8537037037037037
2 0.12760416666666666 0.5342592592592592 0.19114583333333332 0.5342592592592592 0.19114583333333332 0.7157407407407408 0.12760416666666666 0.7157407407407408
2 0.14375 0.6935185185185185 0.234375 0.6935185185185185 0.234375 0.9546296296296296 0.14375 0.9546296296296296
2 0.26458333333333334 0.5166666666666667 0.30833333333333335 0.5166666666666667 0.30833333333333335 0.7 0.26458333333333334 0.7
2 0.29375 0.549074074074074 0.3567708333333333 0.549074074074074 0.3567708333333333 0.7537037037037037 0.29375 0.7537037037037037
2 0.3125 0.3277777777777778 0.3390625 0.3277777777777778 0.3390625 0.44166666666666665 0.3125 0.44166666666666665
2 0.35208333333333336 0.3490740740740741 0.3927083333333333 0.3490740740740741 0.3927083333333333 0.48148148148148145 0.35208333333333336 0.48148148148148145
2 0.7015625 0.3194444444444444 0.728125 0.3194444444444444 0.728125 0.4185185185185185 0.7015625 0.4185185185185185
2 0.803125 0.43333333333333335 0.8411458333333334 0.43333333333333335 0.8411458333333334 0.5648148148148148 0.803125 0.5648148148148148
2 0.6197916666666666 0.18425925925925926 0.6333333333333333 0.18425925925925926 0.6333333333333333 0.2611111111111111 0.6197916666666666 0.2611111111111111
2 0.39166666666666666 0.19814814814814816 0.40208333333333335 0.19814814814814816 0.40208333333333335 0.26296296296296295 0.39166666666666666 0.26296296296296295
2 0.40625 0.22870370370370371 0.4234375 0.22870370370370371 0.4234375 0.30185185185185187 0.40625 0.30185185185185187
2 0.42083333333333334 0.17592592592592593 0.4348958333333333 0.17592592592592593 0.4348958333333333 0.23796296296296296 0.42083333333333334 0.23796296296296296
2 0.41302083333333334 0.1574074074074074 0.4239583333333333 0.1574074074074074 0.4239583333333333 0.20555555555555555 0.41302083333333334 0.20555555555555555
2 0.403125 0.12129629629629629 0.41354166666666664 0.12129629629629629 0.41354166666666664 0.16203703703703703 0.403125 0.16203703703703703
2 0.43802083333333336 0.1361111111111111 0.4427083333333333 0.1361111111111111 0.4427083333333333 0.18518518518518517 0.43802083333333336 0.18518518518518517
2 0.4557291666666667 0.12962962962962962 0.4666666666666667 0.12962962962962962 0.4666666666666667 0.17685185185185184 0.4557291666666667 0.17685185185185184
2 0.4734375 0.11944444444444445 0.4828125 0.11944444444444445 0.4828125 0.15925925925925927 0.4734375 0.15925925925925927
2 0.490625 0.11666666666666667 0.49895833333333334 0.11666666666666667 0.49895833333333334 0.15462962962962962 0.490625 0.15462962962962962
2 0.44479166666666664 0.11944444444444445 0.453125 0.11944444444444445 0.453125 0.15648148148148147 0.44479166666666664 0.15648148148148147
2 0.45677083333333335 0.18425925925925926 0.471875 0.18425925925925926 0.471875 0.2462962962962963 0.45677083333333335 0.2462962962962963
2 0.4453125 0.1675925925925926 0.4546875 0.1675925925925926 0.4546875 0.22407407407407406 0.4453125 0.22407407407407406
2 0.5104166666666666 0.17962962962962964 0.5489583333333333 0.17962962962962964 0.5489583333333333 0.2462962962962963 0.5104166666666666 0.2462962962962963
2 0.5619791666666667 0.11481481481481481 0.5713541666666667 0.11481481481481481 0.5713541666666667 0.1537037037037037 0.5619791666666667 0.1537037037037037