1 0.4015625 0.9046296296296297 0.5 0.9046296296296297 0.5 1 0.4015625 1
1 0.31875 0.6944444444444444 0.3541666666666667 0.6944444444444444 0.3541666666666667 0.812962962962963 0.31875 0.812962962962963
1 0.3380208333333333 0.5268518518518519 0.38125 0.5268518518518519 0.38125 0.612037037037037 0.3380208333333333 0.612037037037037
2 0.625 0.8 0.7635416666666667 0.8 0.7635416666666667 0.9111111111111111 0.625 0.9111111111111111
2 0.4609375 0 0.5333333333333333 0 0.5333333333333333 0.05185185185185185 0.4609375 0.05185185185185185
2 0.453125 0.837037037037037 0.525 0.837037037037037 0.525 0.9148148148148149 0.453125 0.9148148148148149
2 0.5260416666666666 0.9055555555555556 0.6182291666666667 0.9055555555555556 0.6182291666666667 0.9972222222222222 0.5260416666666666 0.9972222222222222
2 0.43125 0.09537037037037037 0.4947916666666667 0.09537037037037037 0.4947916666666667 0.17407407407407408 0.43125 0.17407407407407408
2 0.36770833333333336 0.12407407407407407 0.415625 0.12407407407407407 0.415625 0.18518518518518517 0.36770833333333336 0.18518518518518517
2 0.29375 0.5231481481481481 0.31354166666666666 0.5231481481481481 0.31354166666666666 0.5462962962962963 0.29375 0.5462962962962963
2 0.5015625 0.6805555555555556 0.5911458333333334 0.6805555555555556 0.5911458333333334 0.7620370370370371 0.5015625 0.7620370370370371
2 0.4088541666666667 0.7712962962962963 0.4640625 0.7712962962962963 0.4640625 0.8268518518518518 0.4088541666666667 0.8268518518518518
2 0.38385416666666666 0.6953703703703704 0.42864583333333334 0.6953703703703704 0.42864583333333334 0.7398148148148148 0.38385416666666666 0.7398148148148148
2 0.3145833333333333 0.5518518518518518 0.3359375 0.5518518518518518 0.3359375 0.5768518518518518 0.3145833333333333 0.5768518518518518
2 0.29583333333333334 0.275 0.31979166666666664 0.275 0.31979166666666664 0.3037037037037037 0.29583333333333334 0.3037037037037037
2 0.35833333333333334 0.6796296296296296 0.39114583333333336 0.6796296296296296 0.39114583333333336 0.7138888888888889 0.35833333333333334 0.7138888888888889
2 0.41302083333333334 0.5990740740740741 0.4739583333333333 0.5990740740740741 0.4739583333333333 0.6611111111111111 0.41302083333333334 0.6611111111111111
2 0.290625 0.3333333333333333 0.31197916666666664 0.3333333333333333 0.31197916666666664 0.3638888888888889 0.290625 0.3638888888888889
2 0.296875 0.5435185185185185 0.3171875 0.5435185185185185 0.3171875 0.5694444444444444 0.296875 0.5694444444444444
2 0.2989583333333333 0.6222222222222222 0.31927083333333334 0.6222222222222222 0.31927083333333334 0.6472222222222223 0.2989583333333333 0.6472222222222223
2 0.31927083333333334 0.6342592592592593 0.34427083333333336 0.6342592592592593 0.34427083333333336 0.6657407407407407 0.31927083333333334 0.6657407407407407
2 0.32447916666666665 0.5935185185185186 0.34791666666666665 0.5935185185185186 0.34791666666666665 0.6194444444444445 0.32447916666666665 0.6194444444444445
2 0.38125 0.6361111111111111 0.4192708333333333 0.6361111111111111 0.4192708333333333 0.6703703703703704 0.38125 0.6703703703703704
2 0.30572916666666666 0.4842592592592593 0.34375 0.4842592592592593 0.34375 0.5064814814814815 0.30572916666666666 0.5064814814814815