1 0.4859375 0 0.5864583333333333 0 0.5864583333333333 0.06759259259259259 0.4859375 0.06759259259259259
1 0.5927083333333333 0.5981481481481481 0.6458333333333334 0.5981481481481481 0.6458333333333334 0.6981481481481482 0.5927083333333333 0.6981481481481482
1 0.6338541666666667 0.18611111111111112 0.6692708333333334 0.18611111111111112 0.6692708333333334 0.28703703703703703 0.6338541666666667 0.28703703703703703
1 0.6703125 0.5509259259259259 0.6958333333333333 0.5509259259259259 0.6958333333333333 0.6027777777777777 0.6703125 0.6027777777777777
1 0.6276041666666666 0.38981481481481484 0.66875 0.38981481481481484 0.66875 0.4564814814814815 0.6276041666666666 0.4564814814814815
1 0.6713541666666667 0.7685185185185185 0.6979166666666666 0.7685185185185185 0.6979166666666666 0.8490740740740741 0.6713541666666667 0.8490740740740741
2 0.42864583333333334 0 0.5192708333333333 0 0.5192708333333333 0.05092592592592592 0.42864583333333334 0.05092592592592592
2 0.2640625 0 0.3880208333333333 0 0.3880208333333333 0.040740740740740744 0.2640625 0.040740740740740744
2 0.3890625 0.11018518518518519 0.4822916666666667 0.11018518518518519 0.4822916666666667 0.18796296296296297 0.3890625 0.18796296296296297
2 0.3765625 0.22314814814814815 0.4713541666666667 0.22314814814814815 0.4713541666666667 0.30925925925925923 0.3765625 0.30925925925925923
2 0.346875 0.30833333333333335 0.44166666666666665 0.30833333333333335 0.44166666666666665 0.38425925925925924 0.346875 0.38425925925925924
2 0.4703125 0.08888888888888889 0.5265625 0.08888888888888889 0.5265625 0.15925925925925927 0.4703125 0.15925925925925927
2 0.5666666666666667 0.1388888888888889 0.6052083333333333 0.1388888888888889 0.6052083333333333 0.17314814814814813 0.5666666666666667 0.17314814814814813
2 0.5270833333333333 0.14722222222222223 0.5895833333333333 0.14722222222222223 0.5895833333333333 0.20925925925925926 0.5270833333333333 0.20925925925925926
2 0.48854166666666665 0.18796296296296297 0.5598958333333334 0.18796296296296297 0.5598958333333334 0.262037037037037 0.48854166666666665 0.262037037037037
2 0.5307291666666667 0.2351851851851852 0.5875 0.2351851851851852 0.5875 0.2777777777777778 0.5307291666666667 0.2777777777777778
2 0.5651041666666666 0.25555555555555554 0.6125 0.25555555555555554 0.6125 0.30462962962962964 0.5651041666666666 0.30462962962962964
2 0.5651041666666666 0.32314814814814813 0.6135416666666667 0.32314814814814813 0.6135416666666667 0.3648148148148148 0.5651041666666666 0.3648148148148148
2 0.6203125 0.2916666666666667 0.6484375 0.2916666666666667 0.6484375 0.3212962962962963 0.6203125 0.3212962962962963
2 0.6380208333333334 0.30185185185185187 0.6734375 0.30185185185185187 0.6734375 0.32685185185185184 0.6380208333333334 0.32685185185185184
2 0.6296875 0.3314814814814815 0.6609375 0.3314814814814815 0.6609375 0.3638888888888889 0.6296875 0.3638888888888889
2 0.6635416666666667 0.33796296296296297 0.6916666666666667 0.33796296296296297 0.6916666666666667 0.36203703703703705 0.6635416666666667 0.36203703703703705
2 0.6541666666666667 0.36203703703703705 0.6833333333333333 0.36203703703703705 0.6833333333333333 0.3851851851851852 0.6541666666666667 0.3851851851851852
2 0.5119791666666667 0.8009259259259259 0.58125 0.8009259259259259 0.58125 0.8435185185185186 0.5119791666666667 0.8435185185185186
2 0.6416666666666667 0.4981481481481482 0.6697916666666667 0.4981481481481482 0.6697916666666667 0.5435185185185185 0.6416666666666667 0.5435185185185185
2 0.6744791666666666 0.38425925925925924 0.6963541666666667 0.38425925925925924 0.6963541666666667 0.4046296296296296 0.6744791666666666 0.4046296296296296
2 0.6807291666666667 0.4111111111111111 0.7026041666666667 0.4111111111111111 0.7026041666666667 0.425 0.6807291666666667 0.425
2 0.68125 0.4351851851851852 0.7020833333333333 0.4351851851851852 0.7020833333333333 0.45925925925925926 0.68125 0.45925925925925926
2 0.690625 0.375 0.7104166666666667 0.375 0.7104166666666667 0.3925925925925926 0.690625 0.3925925925925926
2 0.6583333333333333 0.6314814814814815 0.6838541666666667 0.6314814814814815 0.6838541666666667 0.65 0.6583333333333333 0.65
2 0.6609375 0.6731481481481482 0.6880208333333333 0.6731481481481482 0.6880208333333333 0.6861111111111111 0.6609375 0.6861111111111111
2 0.6807291666666667 0.6518518518518519 0.6989583333333333 0.6518518518518519 0.6989583333333333 0.6685185185185185 0.6807291666666667 0.6685185185185185
2 0.6859375 0.6037037037037037 0.7057291666666666 0.6037037037037037 0.7057291666666666 0.6222222222222222 0.6859375 0.6222222222222222