1 0.14114583333333333 0.32407407407407407 0.26927083333333335 0.32407407407407407 0.26927083333333335 0.5018518518518519 0.14114583333333333 0.5018518518518519
1 0.32708333333333334 0.4962962962962963 0.4510416666666667 0.4962962962962963 0.4510416666666667 0.7657407407407407 0.32708333333333334 0.7657407407407407
1 0.3302083333333333 0.1814814814814815 0.3890625 0.1814814814814815 0.3890625 0.24351851851851852 0.3302083333333333 0.24351851851851852
1 0.5411458333333333 0.125 0.5802083333333333 0.125 0.5802083333333333 0.17777777777777778 0.5411458333333333 0.17777777777777778
1 0.6536458333333334 0.13333333333333333 0.7109375 0.13333333333333333 0.7109375 0.17314814814814813 0.6536458333333334 0.17314814814814813
2 0.6385416666666667 0.20185185185185187 0.6625 0.20185185185185187 0.6625 0.25833333333333336 0.6385416666666667 0.25833333333333336
2 0.6744791666666666 0.2611111111111111 0.6989583333333333 0.2611111111111111 0.6989583333333333 0.3435185185185185 0.6744791666666666 0.3435185185185185
2 0.6984375 0.36018518518518516 0.7291666666666666 0.36018518518518516 0.7291666666666666 0.4888888888888889 0.6984375 0.4888888888888889
2 0.08489583333333334 0.6722222222222223 0.1765625 0.6722222222222223 0.1765625 0.9305555555555556 0.08489583333333334 0.9305555555555556
2 0.27708333333333335 0.38055555555555554 0.2984375 0.38055555555555554 0.2984375 0.5101851851851852 0.27708333333333335 0.5101851851851852
2 0.3260416666666667 0.4074074074074074 0.346875 0.4074074074074074 0.346875 0.5351851851851852 0.3260416666666667 0.5351851851851852
2 0.3515625 0.2722222222222222 0.365625 0.2722222222222222 0.365625 0.35555555555555557 0.3515625 0.35555555555555557
2 0.42135416666666664 0.2953703703703704 0.43802083333333336 0.2953703703703704 0.43802083333333336 0.3907407407407407 0.42135416666666664 0.3907407407407407
2 0.39947916666666666 0.24722222222222223 0.41458333333333336 0.24722222222222223 0.41458333333333336 0.3314814814814815 0.39947916666666666 0.3314814814814815
2 0.3848958333333333 0.20833333333333334 0.4010416666666667 0.20833333333333334 0.4010416666666667 0.28703703703703703 0.3848958333333333 0.28703703703703703
2 0.4354166666666667 0.23425925925925925 0.4484375 0.23425925925925925 0.4484375 0.31574074074074077 0.4354166666666667 0.31574074074074077
2 0.40520833333333334 0.1398148148148148 0.41510416666666666 0.1398148148148148 0.41510416666666666 0.17777777777777778 0.40520833333333334 0.17777777777777778
2 0.4328125 0.14814814814814814 0.4390625 0.14814814814814814 0.4390625 0.18611111111111112 0.4328125 0.18611111111111112
2 0.4244791666666667 0.13703703703703704 0.43385416666666665 0.13703703703703704 0.43385416666666665 0.1685185185185185 0.4244791666666667 0.1685185185185185
2 0.421875 0.17314814814814813 0.4322916666666667 0.17314814814814813 0.4322916666666667 0.22314814814814815 0.421875 0.22314814814814815
2 0.44479166666666664 0.17222222222222222 0.4583333333333333 0.17222222222222222 0.4583333333333333 0.22870370370370371 0.44479166666666664 0.22870370370370371
2 0.46458333333333335 0.15185185185185185 0.4744791666666667 0.15185185185185185 0.4744791666666667 0.19814814814814816 0.46458333333333335 0.19814814814814816
2 0.49114583333333334 0.15462962962962962 0.5 0.15462962962962962 0.5 0.20925925925925926 0.49114583333333334 0.20925925925925926
2 0.4890625 0.125 0.496875 0.125 0.496875 0.1638888888888889 0.4890625 0.1638888888888889
2 0.45364583333333336 0.13055555555555556 0.4609375 0.13055555555555556 0.4609375 0.17037037037037037 0.45364583333333336 0.17037037037037037
2 0.44114583333333335 0.1287037037037037 0.4505208333333333 0.1287037037037037 0.4505208333333333 0.15925925925925927 0.44114583333333335 0.15925925925925927
2 0.4744791666666667 0.11481481481481481 0.4822916666666667 0.11481481481481481 0.4822916666666667 0.14907407407407408 0.4744791666666667 0.14907407407407408
2 0.4609375 0.12222222222222222 0.46822916666666664 0.12222222222222222 0.46822916666666664 0.14351851851851852 0.4609375 0.14351851851851852
2 0.5875 0.11944444444444445 0.5973958333333333 0.11944444444444445 0.5973958333333333 0.16574074074074074 0.5875 0.16574074074074074
2 0.5567708333333333 0.1814814814814815 0.5911458333333334 0.1814814814814815 0.5911458333333334 0.23981481481481481 0.5567708333333333 0.23981481481481481