1 0.48072916666666665 0 0.5817708333333333 0 0.5817708333333333 0.06296296296296296 0.48072916666666665 0.06296296296296296
1 0.5046875 0.6101851851851852 0.5791666666666667 0.6101851851851852 0.5791666666666667 0.7583333333333333 0.5046875 0.7583333333333333
1 0.3458333333333333 0.1398148148148148 0.4796875 0.1398148148148148 0.4796875 0.3638888888888889 0.3458333333333333 0.3638888888888889
1 0.6557291666666667 0.4009259259259259 0.6864583333333333 0.4009259259259259 0.6864583333333333 0.462037037037037 0.6557291666666667 0.462037037037037
1 0.6296875 0.1787037037037037 0.665625 0.1787037037037037 0.665625 0.275 0.6296875 0.275
1 0.6421875 0.5537037037037037 0.6739583333333333 0.5537037037037037 0.6739583333333333 0.6185185185185185 0.6421875 0.6185185185185185
1 0.6682291666666667 0.7518518518518519 0.6916666666666667 0.7518518518518519 0.6916666666666667 0.8379629629629629 0.6682291666666667 0.8379629629629629
2 0.3203125 0 0.43645833333333334 0 0.43645833333333334 0.032407407407407406 0.3203125 0.032407407407407406
2 0.24791666666666667 0.2722222222222222 0.37135416666666665 0.2722222222222222 0.37135416666666665 0.38333333333333336 0.24791666666666667 0.38333333333333336
2 0.45625 0.1388888888888889 0.5255208333333333 0.1388888888888889 0.5255208333333333 0.1962962962962963 0.45625 0.1962962962962963
2 0.5015625 0.0787037037037037 0.5583333333333333 0.0787037037037037 0.5583333333333333 0.125 0.5015625 0.125
2 0.534375 0.13703703703703704 0.5984375 0.13703703703703704 0.5984375 0.18888888888888888 0.534375 0.18888888888888888
2 0.5125 0.20462962962962963 0.575 0.20462962962962963 0.575 0.2518518518518518 0.5125 0.2518518518518518
2 0.55 0.29074074074074074 0.6046875 0.29074074074074074 0.6046875 0.3296296296296296 0.55 0.3296296296296296
2 0.5380208333333333 0.3537037037037037 0.6026041666666667 0.3537037037037037 0.6026041666666667 0.39444444444444443 0.5380208333333333 0.39444444444444443
2 0.5604166666666667 0.41574074074074074 0.6109375 0.41574074074074074 0.6109375 0.475 0.5604166666666667 0.475
2 0.5703125 0.2064814814814815 0.6057291666666667 0.2064814814814815 0.6057291666666667 0.2462962962962963 0.5703125 0.2462962962962963
2 0.6046875 0.22037037037037038 0.6442708333333333 0.22037037037037038 0.6442708333333333 0.2462962962962963 0.6046875 0.2462962962962963
2 0.5963541666666666 0.23703703703703705 0.6333333333333333 0.23703703703703705 0.6333333333333333 0.262037037037037 0.5963541666666666 0.262037037037037
2 0.5734375 0.2638888888888889 0.6234375 0.2638888888888889 0.6234375 0.30092592592592593 0.5734375 0.30092592592592593
2 0.6026041666666667 0.3194444444444444 0.6322916666666667 0.3194444444444444 0.6322916666666667 0.35 0.6026041666666667 0.35
2 0.6229166666666667 0.30833333333333335 0.6505208333333333 0.30833333333333335 0.6505208333333333 0.33611111111111114 0.6229166666666667 0.33611111111111114
2 0.615625 0.3638888888888889 0.6552083333333333 0.3638888888888889 0.6552083333333333 0.3972222222222222 0.615625 0.3972222222222222
2 0.609375 0.6546296296296297 0.65 0.6546296296296297 0.65 0.6916666666666667 0.609375 0.6916666666666667
2 0.625 0.7018518518518518 0.659375 0.7018518518518518 0.659375 0.7342592592592593 0.625 0.7342592592592593
2 0.6338541666666667 0.47685185185185186 0.6708333333333333 0.47685185185185186 0.6708333333333333 0.5287037037037037 0.6338541666666667 0.5287037037037037
2 0.64375 0.3351851851851852 0.665625 0.3351851851851852 0.665625 0.35555555555555557 0.64375 0.35555555555555557
2 0.6520833333333333 0.3712962962962963 0.6755208333333333 0.3712962962962963 0.6755208333333333 0.387037037037037 0.6520833333333333 0.387037037037037
2 0.6442708333333333 0.6768518518518518 0.6729166666666667 0.6768518518518518 0.6729166666666667 0.7083333333333334 0.6442708333333333 0.7083333333333334