1 0.4979166666666667 0 0.5984375 0 0.5984375 0.0962962962962963 0.4979166666666667 0.0962962962962963
1 0.6453125 0.20555555555555555 0.68125 0.20555555555555555 0.68125 0.30185185185185187 0.6453125 0.30185185185185187
1 0.6911458333333333 0.45092592592592595 0.715625 0.45092592592592595 0.715625 0.5037037037037037 0.6911458333333333 0.5037037037037037
1 0.6911458333333333 0.7166666666666667 0.7119791666666667 0.7166666666666667 0.7119791666666667 0.8 0.6911458333333333 0.8
2 0.32395833333333335 0.008333333333333333 0.44166666666666665 0.008333333333333333 0.44166666666666665 0.09537037037037037 0.32395833333333335 0.09537037037037037
2 0.31979166666666664 0.1925925925925926 0.44635416666666666 0.1925925925925926 0.44635416666666666 0.27037037037037037 0.31979166666666664 0.27037037037037037
2 0.465625 0.07222222222222222 0.5390625 0.07222222222222222 0.5390625 0.12777777777777777 0.465625 0.12777777777777777
2 0.5177083333333333 0.2212962962962963 0.5822916666666667 0.2212962962962963 0.5822916666666667 0.2814814814814815 0.5177083333333333 0.2814814814814815
2 0.5447916666666667 0.3731481481481482 0.6046875 0.3731481481481482 0.6046875 0.4009259259259259 0.5447916666666667 0.4009259259259259
2 0.58125 0.3851851851851852 0.6276041666666666 0.3851851851851852 0.6276041666666666 0.4287037037037037 0.58125 0.4287037037037037
2 0.5703125 0.31574074074074077 0.6229166666666667 0.31574074074074077 0.6229166666666667 0.35462962962962963 0.5703125 0.35462962962962963
2 0.5760416666666667 0.2638888888888889 0.621875 0.2638888888888889 0.621875 0.3074074074074074 0.5760416666666667 0.3074074074074074
2 0.6177083333333333 0.29444444444444445 0.6541666666666667 0.29444444444444445 0.6541666666666667 0.3212962962962963 0.6177083333333333 0.3212962962962963
2 0.6385416666666667 0.2861111111111111 0.6697916666666667 0.2861111111111111 0.6697916666666667 0.31203703703703706 0.6385416666666667 0.31203703703703706
2 0.6546875 0.31296296296296294 0.6859375 0.31296296296296294 0.6859375 0.337037037037037 0.6546875 0.337037037037037
2 0.659375 0.3398148148148148 0.6932291666666667 0.3398148148148148 0.6932291666666667 0.3592592592592593 0.659375 0.3592592592592593
2 0.6182291666666667 0.3768518518518518 0.6609375 0.3768518518518518 0.6609375 0.4046296296296296 0.6182291666666667 0.4046296296296296
2 0.61875 0.4537037037037037 0.6604166666666667 0.4537037037037037 0.6604166666666667 0.4861111111111111 0.61875 0.4861111111111111
2 0.6583333333333333 0.42685185185185187 0.6859375 0.42685185185185187 0.6859375 0.45092592592592595 0.6583333333333333 0.45092592592592595
2 0.6625 0.4564814814814815 0.6911458333333333 0.4564814814814815 0.6911458333333333 0.47314814814814815 0.6625 0.47314814814814815
2 0.653125 0.38981481481481484 0.68125 0.38981481481481484 0.68125 0.40925925925925927 0.653125 0.40925925925925927
2 0.6770833333333334 0.40185185185185185 0.7020833333333333 0.40185185185185185 0.7020833333333333 0.4222222222222222 0.6770833333333334 0.4222222222222222
2 0.6786458333333333 0.44074074074074077 0.703125 0.44074074074074077 0.703125 0.45555555555555555 0.6786458333333333 0.45555555555555555
2 0.6682291666666667 0.3685185185185185 0.6864583333333333 0.3685185185185185 0.6864583333333333 0.38055555555555554 0.6682291666666667 0.38055555555555554
2 0.7020833333333333 0.49722222222222223 0.7265625 0.49722222222222223 0.7265625 0.5175925925925926 0.7020833333333333 0.5175925925925926
2 0.6953125 0.43148148148148147 0.7203125 0.43148148148148147 0.7203125 0.4462962962962963 0.6953125 0.4462962962962963
2 0.7041666666666667 0.40370370370370373 0.7213541666666666 0.40370370370370373 0.7213541666666666 0.41944444444444445 0.7041666666666667 0.41944444444444445
2 0.6645833333333333 0.6564814814814814 0.6963541666666667 0.6564814814814814 0.6963541666666667 0.6796296296296296 0.6645833333333333 0.6796296296296296
2 0.6921875 0.674074074074074 0.7145833333333333 0.674074074074074 0.7145833333333333 0.6925925925925925 0.6921875 0.6925925925925925
2 0.6661458333333333 0.7037037037037037 0.6947916666666667 0.7037037037037037 0.6947916666666667 0.7305555555555555 0.6661458333333333 0.7305555555555555
2 0.6348958333333333 0.7018518518518518 0.6671875 0.7018518518518518 0.6671875 0.7379629629629629 0.6348958333333333 0.7379629629629629
2 0.6484375 0.7527777777777778 0.6802083333333333 0.7527777777777778 0.6802083333333333 0.7787037037037037 0.6484375 0.7787037037037037