1 0.4041666666666667 0.9101851851851852 0.5026041666666666 0.9101851851851852 0.5026041666666666 1 0.4041666666666667 1
1 0.31927083333333334 0.6972222222222222 0.35520833333333335 0.6972222222222222 0.35520833333333335 0.799074074074074 0.31927083333333334 0.799074074074074
1 0.27447916666666666 0.37777777777777777 0.30052083333333335 0.37777777777777777 0.30052083333333335 0.4222222222222222 0.27447916666666666 0.4222222222222222
1 0.28541666666666665 0.14166666666666666 0.3203125 0.14166666666666666 0.3203125 0.24722222222222223 0.28541666666666665 0.24722222222222223
2 0.50625 0.75 0.6010416666666667 0.75 0.6010416666666667 0.8175925925925925 0.50625 0.8175925925925925
2 0.4421875 0.837037037037037 0.5234375 0.837037037037037 0.5234375 0.8981481481481481 0.4421875 0.8981481481481481
2 0.4270833333333333 0.725925925925926 0.5036458333333333 0.725925925925926 0.5036458333333333 0.7870370370370371 0.4270833333333333 0.7870370370370371
2 0.325 0.6351851851851852 0.353125 0.6351851851851852 0.353125 0.6574074074074074 0.325 0.6574074074074074
2 0.3453125 0.6574074074074074 0.378125 0.6574074074074074 0.378125 0.687037037037037 0.3453125 0.687037037037037
2 0.35572916666666665 0.6342592592592593 0.40208333333333335 0.6342592592592593 0.40208333333333335 0.6601851851851852 0.35572916666666665 0.6601851851851852
2 0.3380208333333333 0.6037037037037037 0.3875 0.6037037037037037 0.3875 0.6268518518518519 0.3380208333333333 0.6268518518518519
2 0.33489583333333334 0.562962962962963 0.37135416666666665 0.562962962962963 0.37135416666666665 0.5879629629629629 0.33489583333333334 0.5879629629629629
2 0.34270833333333334 0.5268518518518519 0.38229166666666664 0.5268518518518519 0.38229166666666664 0.5611111111111111 0.34270833333333334 0.5611111111111111
2 0.31302083333333336 0.5120370370370371 0.3421875 0.5120370370370371 0.3421875 0.5370370370370371 0.31302083333333336 0.5370370370370371
2 0.3171875 0.575 0.34479166666666666 0.575 0.34479166666666666 0.5925925925925926 0.3171875 0.5925925925925926
2 0.3020833333333333 0.6046296296296296 0.3265625 0.6046296296296296 0.3265625 0.6138888888888889 0.3020833333333333 0.6138888888888889
2 0.3020833333333333 0.5722222222222222 0.3229166666666667 0.5722222222222222 0.3229166666666667 0.5851851851851851 0.3020833333333333 0.5851851851851851
2 0.296875 0.5546296296296296 0.31927083333333334 0.5546296296296296 0.31927083333333334 0.5666666666666667 0.296875 0.5666666666666667
2 0.29583333333333334 0.525 0.3125 0.525 0.3125 0.5398148148148149 0.29583333333333334 0.5398148148148149
2 0.2869791666666667 0.5481481481481482 0.3067708333333333 0.5481481481481482 0.3067708333333333 0.5592592592592592 0.2869791666666667 0.5592592592592592
2 0.28958333333333336 0.5842592592592593 0.30885416666666665 0.5842592592592593 0.30885416666666665 0.5953703703703703 0.28958333333333336 0.5953703703703703
2 0.35885416666666664 0.21851851851851853 0.4 0.21851851851851853 0.4 0.2490740740740741 0.35885416666666664 0.2490740740740741
2 0.3333333333333333 0.2101851851851852 0.365625 0.2101851851851852 0.365625 0.23703703703703705 0.3333333333333333 0.23703703703703705
2 0.3145833333333333 0.29259259259259257 0.34739583333333335 0.29259259259259257 0.34739583333333335 0.3296296296296296 0.3145833333333333 0.3296296296296296
2 0.309375 0.33611111111111114 0.3416666666666667 0.33611111111111114 0.3416666666666667 0.37407407407407406 0.309375 0.37407407407407406
2 0.3026041666666667 0.2740740740740741 0.3307291666666667 0.2740740740740741 0.3307291666666667 0.2962962962962963 0.3026041666666667 0.2962962962962963
2 0.31354166666666666 0.649074074074074 0.33958333333333335 0.649074074074074 0.33958333333333335 0.674074074074074 0.31354166666666666 0.674074074074074
2 0.3885416666666667 0.7481481481481481 0.4427083333333333 0.7481481481481481 0.4427083333333333 0.7870370370370371 0.3885416666666667 0.7870370370370371