1 0.5 0 0.5984375 0 0.5984375 0.09259259259259259 0.5 0.09259259259259259
1 0.6088541666666667 0.38333333333333336 0.6552083333333333 0.38333333333333336 0.6552083333333333 0.4722222222222222 0.6088541666666667 0.4722222222222222
1 0.6463541666666667 0.18518518518518517 0.6817708333333333 0.18518518518518517 0.6817708333333333 0.30648148148148147 0.6463541666666667 0.30648148148148147
2 0.43333333333333335 0.022222222222222223 0.515625 0.022222222222222223 0.515625 0.12314814814814815 0.43333333333333335 0.12314814814814815
2 0.5151041666666667 0.1398148148148148 0.5776041666666667 0.1398148148148148 0.5776041666666667 0.1962962962962963 0.5151041666666667 0.1962962962962963
2 0.5458333333333333 0.7981481481481482 0.5989583333333334 0.7981481481481482 0.5989583333333334 0.8648148148148148 0.5458333333333333 0.8648148148148148
2 0.5234375 0.8981481481481481 0.5817708333333333 0.8981481481481481 0.5817708333333333 0.9592592592592593 0.5234375 0.9592592592592593
2 0.6838541666666667 0.45925925925925926 0.7041666666666667 0.45925925925925926 0.7041666666666667 0.48333333333333334 0.6838541666666667 0.48333333333333334
2 0.3328125 0.17962962962962964 0.4390625 0.17962962962962964 0.4390625 0.275 0.3328125 0.275
2 0.5572916666666666 0.24166666666666667 0.6052083333333333 0.24166666666666667 0.6052083333333333 0.2916666666666667 0.5572916666666666 0.2916666666666667
2 0.49322916666666666 0.30462962962962964 0.559375 0.30462962962962964 0.559375 0.375 0.49322916666666666 0.375
2 0.6427083333333333 0.36944444444444446 0.6703125 0.36944444444444446 0.6703125 0.4 0.6427083333333333 0.4
2 0.603125 0.7851851851851852 0.6484375 0.7851851851851852 0.6484375 0.8407407407407408 0.603125 0.8407407407407408
2 0.5984375 0.337037037037037 0.640625 0.337037037037037 0.640625 0.375 0.5984375 0.375
2 0.6765625 0.4287037037037037 0.6989583333333333 0.4287037037037037 0.6989583333333333 0.4546296296296296 0.6765625 0.4546296296296296
2 0.6557291666666667 0.49444444444444446 0.6822916666666666 0.49444444444444446 0.6822916666666666 0.5212962962962963 0.6557291666666667 0.5212962962962963
2 0.5973958333333333 0.2657407407407407 0.6354166666666666 0.2657407407407407 0.6354166666666666 0.30833333333333335 0.5973958333333333 0.30833333333333335
2 0.6552083333333333 0.4185185185185185 0.678125 0.4185185185185185 0.678125 0.44814814814814813 0.6552083333333333 0.44814814814814813
2 0.6838541666666667 0.6935185185185185 0.7067708333333333 0.6935185185185185 0.7067708333333333 0.7212962962962963 0.6838541666666667 0.7212962962962963
2 0.6796875 0.3527777777777778 0.7 0.3527777777777778 0.7 0.3787037037037037 0.6796875 0.3787037037037037
2 0.5645833333333333 0.3111111111111111 0.603125 0.3111111111111111 0.603125 0.35555555555555557 0.5645833333333333 0.35555555555555557
2 0.6921875 0.6342592592592593 0.7119791666666667 0.6342592592592593 0.7119791666666667 0.6666666666666666 0.6921875 0.6666666666666666
2 0.678125 0.3907407407407407 0.7 0.3907407407407407 0.7 0.41759259259259257 0.678125 0.41759259259259257
2 0.6109375 0.7222222222222222 0.6583333333333333 0.7222222222222222 0.6583333333333333 0.7555555555555555 0.6109375 0.7555555555555555