1 0.40677083333333336 0.9194444444444444 0.509375 0.9194444444444444 0.509375 1 0.40677083333333336 1
1 0.37864583333333335 0.5407407407407407 0.446875 0.5407407407407407 0.446875 0.6509259259259259 0.37864583333333335 0.6509259259259259
1 0.32395833333333335 0.7046296296296296 0.35885416666666664 0.7046296296296296 0.35885416666666664 0.8018518518518518 0.32395833333333335 0.8018518518518518
1 0.3098958333333333 0.34074074074074073 0.34270833333333334 0.34074074074074073 0.34270833333333334 0.40925925925925927 0.3098958333333333 0.40925925925925927
1 0.29635416666666664 0.14537037037037037 0.3203125 0.14537037037037037 0.3203125 0.21944444444444444 0.29635416666666664 0.21944444444444444
1 0.284375 0.4064814814814815 0.30416666666666664 0.4064814814814815 0.30416666666666664 0.45092592592592595 0.284375 0.45092592592592595
2 0.3802083333333333 0.7268518518518519 0.41510416666666666 0.7268518518518519 0.41510416666666666 0.7703703703703704 0.3802083333333333 0.7703703703703704
2 0.5140625 0.8648148148148148 0.6119791666666666 0.8648148148148148 0.6119791666666666 0.9388888888888889 0.5140625 0.9388888888888889
2 0.5395833333333333 0.7583333333333333 0.6505208333333333 0.7583333333333333 0.6505208333333333 0.8703703703703703 0.5395833333333333 0.8703703703703703
2 0.40729166666666666 0.8 0.47708333333333336 0.8 0.47708333333333336 0.8296296296296296 0.40729166666666666 0.8296296296296296
2 0.42916666666666664 0.7074074074074074 0.4947916666666667 0.7074074074074074 0.4947916666666667 0.762962962962963 0.42916666666666664 0.762962962962963
2 0.32916666666666666 0.6703703703703704 0.36666666666666664 0.6703703703703704 0.36666666666666664 0.6944444444444444 0.32916666666666666 0.6944444444444444
2 0.2864583333333333 0.6518518518518519 0.309375 0.6518518518518519 0.309375 0.6703703703703704 0.2864583333333333 0.6703703703703704
2 0.3072916666666667 0.6333333333333333 0.3328125 0.6333333333333333 0.3328125 0.6527777777777778 0.3072916666666667 0.6527777777777778
2 0.3203125 0.612037037037037 0.35104166666666664 0.612037037037037 0.35104166666666664 0.6351851851851852 0.3203125 0.6351851851851852
2 0.35625 0.6435185185185185 0.3932291666666667 0.6435185185185185 0.3932291666666667 0.6675925925925926 0.35625 0.6675925925925926
2 0.315625 0.575 0.3484375 0.575 0.3484375 0.5981481481481481 0.315625 0.5981481481481481
2 0.32135416666666666 0.5472222222222223 0.35625 0.5472222222222223 0.35625 0.5796296296296296 0.32135416666666666 0.5796296296296296
2 0.296875 0.5972222222222222 0.32083333333333336 0.5972222222222222 0.32083333333333336 0.6092592592592593 0.296875 0.6092592592592593
2 0.2942708333333333 0.5555555555555556 0.3177083333333333 0.5555555555555556 0.3177083333333333 0.5740740740740741 0.2942708333333333 0.5740740740740741
2 0.2890625 0.5861111111111111 0.3067708333333333 0.5861111111111111 0.3067708333333333 0.6027777777777777 0.2890625 0.6027777777777777
2 0.28854166666666664 0.5314814814814814 0.3098958333333333 0.5314814814814814 0.3098958333333333 0.5472222222222223 0.28854166666666664 0.5472222222222223
2 0.28489583333333335 0.4962962962962963 0.3072916666666667 0.4962962962962963 0.3072916666666667 0.5148148148148148 0.28489583333333335 0.5148148148148148
2 0.32135416666666666 0.41574074074074074 0.35520833333333335 0.41574074074074074 0.35520833333333335 0.4740740740740741 0.32135416666666666 0.4740740740740741
2 0.39791666666666664 0.10462962962962963 0.4390625 0.10462962962962963 0.4390625 0.14537037037037037 0.39791666666666664 0.14537037037037037
2 0.32395833333333335 0.26481481481481484 0.35520833333333335 0.26481481481481484 0.35520833333333335 0.29074074074074074 0.32395833333333335 0.29074074074074074
2 0.28229166666666666 0.375 0.30416666666666664 0.375 0.30416666666666664 0.39351851851851855 0.28229166666666666 0.39351851851851855
2 0.2796875 0.3453703703703704 0.303125 0.3453703703703704 0.303125 0.35648148148148145 0.2796875 0.35648148148148145