1 0.4979166666666667 0 0.596875 0 0.596875 0.08888888888888889 0.4979166666666667 0.08888888888888889
1 0.6453125 0.2 0.6822916666666666 0.2 0.6822916666666666 0.30277777777777776 0.6453125 0.30277777777777776
1 0.6645833333333333 0.4287037037037037 0.6958333333333333 0.4287037037037037 0.6958333333333333 0.49074074074074076 0.6645833333333333 0.49074074074074076
1 0.6979166666666666 0.6703703703703704 0.7192708333333333 0.6703703703703704 0.7192708333333333 0.737037037037037 0.6979166666666666 0.737037037037037
2 0.4140625 0.016666666666666666 0.5104166666666666 0.016666666666666666 0.5104166666666666 0.08796296296296297 0.4140625 0.08796296296296297
2 0.35104166666666664 0.075 0.4822916666666667 0.075 0.4822916666666667 0.1638888888888889 0.35104166666666664 0.1638888888888889
2 0.3463541666666667 0.19074074074074074 0.45625 0.19074074074074074 0.45625 0.27037037037037037 0.3463541666666667 0.27037037037037037
2 0.4609375 0.35 0.5442708333333334 0.35 0.5442708333333334 0.39166666666666666 0.4609375 0.39166666666666666
2 0.49114583333333334 0.08611111111111111 0.5604166666666667 0.08611111111111111 0.5604166666666667 0.15092592592592594 0.49114583333333334 0.15092592592592594
2 0.5484375 0.15925925925925927 0.6067708333333334 0.15925925925925927 0.6067708333333334 0.20277777777777778 0.5484375 0.20277777777777778
2 0.5 0.23981481481481481 0.5651041666666666 0.23981481481481481 0.5651041666666666 0.2916666666666667 0.5 0.2916666666666667
2 0.5723958333333333 0.37592592592592594 0.621875 0.37592592592592594 0.621875 0.41388888888888886 0.5723958333333333 0.41388888888888886
2 0.6010416666666667 0.4 0.6380208333333334 0.4 0.6380208333333334 0.4287037037037037 0.6010416666666667 0.4287037037037037
2 0.5770833333333333 0.2972222222222222 0.6276041666666666 0.2972222222222222 0.6276041666666666 0.3296296296296296 0.5770833333333333 0.3296296296296296
2 0.6182291666666667 0.25462962962962965 0.6583333333333333 0.25462962962962965 0.6583333333333333 0.29259259259259257 0.6182291666666667 0.29259259259259257
2 0.6302083333333334 0.3111111111111111 0.6630208333333333 0.3111111111111111 0.6630208333333333 0.33425925925925926 0.6302083333333334 0.33425925925925926
2 0.6322916666666667 0.3333333333333333 0.6677083333333333 0.3333333333333333 0.6677083333333333 0.35462962962962963 0.6322916666666667 0.35462962962962963
2 0.6395833333333333 0.37962962962962965 0.6744791666666666 0.37962962962962965 0.6744791666666666 0.4 0.6395833333333333 0.4
2 0.6333333333333333 0.4212962962962963 0.6708333333333333 0.4212962962962963 0.6708333333333333 0.4425925925925926 0.6333333333333333 0.4425925925925926
2 0.6552083333333333 0.35648148148148145 0.6817708333333333 0.35648148148148145 0.6817708333333333 0.375 0.6552083333333333 0.375
2 0.6703125 0.39166666666666666 0.6958333333333333 0.39166666666666666 0.6958333333333333 0.4111111111111111 0.6703125 0.4111111111111111
2 0.6848958333333334 0.4185185185185185 0.7078125 0.4185185185185185 0.7078125 0.4398148148148148 0.6848958333333334 0.4398148148148148
2 0.6885416666666667 0.44722222222222224 0.7140625 0.44722222222222224 0.7140625 0.46574074074074073 0.6885416666666667 0.46574074074074073
2 0.68125 0.4925925925925926 0.7078125 0.4925925925925926 0.7078125 0.5157407407407407 0.68125 0.5157407407407407
2 0.6916666666666667 0.37777777777777777 0.7125 0.37777777777777777 0.7125 0.38981481481481484 0.6916666666666667 0.38981481481481484
2 0.7 0.4064814814814815 0.7161458333333334 0.4064814814814815 0.7161458333333334 0.4166666666666667 0.7 0.4166666666666667
2 0.7020833333333333 0.42685185185185187 0.7229166666666667 0.42685185185185187 0.7229166666666667 0.4444444444444444 0.7020833333333333 0.4444444444444444
2 0.6640625 0.6657407407407407 0.6921875 0.6657407407407407 0.6921875 0.6888888888888889 0.6640625 0.6888888888888889
2 0.6760416666666667 0.6888888888888889 0.7026041666666667 0.6888888888888889 0.7026041666666667 0.7129629629629629 0.6760416666666667 0.7129629629629629
2 0.6651041666666667 0.725 0.6953125 0.725 0.6953125 0.7481481481481481 0.6651041666666667 0.7481481481481481
2 0.48489583333333336 0.8398148148148148 0.5359375 0.8398148148148148 0.5359375 0.9175925925925926 0.48489583333333336 0.9175925925925926
1 0.21875 0.6685185185185185 0.48489583333333336 0.6685185185185185 0.48489583333333336 1 0.21875 1