1 0.6489583333333333 0.18888888888888888 0.6848958333333334 0.18888888888888888 0.6848958333333334 0.3055555555555556 0.6489583333333333 0.3055555555555556
1 0.503125 0 0.603125 0 0.603125 0.09259259259259259 0.503125 0.09259259259259259
2 0.38385416666666666 0.9222222222222223 0.4817708333333333 0.9222222222222223 0.4817708333333333 1 0.38385416666666666 1
2 0.4119791666666667 0.10277777777777777 0.5010416666666667 0.10277777777777777 0.5010416666666667 0.1962962962962963 0.4119791666666667 0.1962962962962963
2 0.5427083333333333 0.8083333333333333 0.5984375 0.8083333333333333 0.5984375 0.8666666666666667 0.5427083333333333 0.8666666666666667
2 0.6177083333333333 0.3712962962962963 0.6567708333333333 0.3712962962962963 0.6567708333333333 0.4148148148148148 0.6177083333333333 0.4148148148148148
2 0.6286458333333333 0.6518518518518519 0.6666666666666666 0.6518518518518519 0.6666666666666666 0.6916666666666667 0.6286458333333333 0.6916666666666667
2 0.46822916666666664 0.9657407407407408 0.5369791666666667 0.9657407407407408 0.5369791666666667 1 0.46822916666666664 1
2 0.6322916666666667 0.4305555555555556 0.6697916666666667 0.4305555555555556 0.6697916666666667 0.46944444444444444 0.6322916666666667 0.46944444444444444
2 0.6640625 0.7101851851851851 0.6911458333333333 0.7101851851851851 0.6911458333333333 0.7435185185185185 0.6640625 0.7435185185185185
2 0.6510416666666666 0.3435185185185185 0.68125 0.3435185185185185 0.68125 0.3768518518518518 0.6510416666666666 0.3768518518518518
2 0.484375 0.29074074074074074 0.559375 0.29074074074074074 0.559375 0.36574074074074076 0.484375 0.36574074074074076
2 0.6598958333333333 0.6129629629629629 0.6916666666666667 0.6129629629629629 0.6916666666666667 0.6481481481481481 0.6598958333333333 0.6481481481481481
2 0.6953125 0.6287037037037037 0.7166666666666667 0.6287037037037037 0.7166666666666667 0.6537037037037037 0.6953125 0.6537037037037037
2 0.5776041666666667 0.6935185185185185 0.6244791666666667 0.6935185185185185 0.6244791666666667 0.7416666666666667 0.5776041666666667 0.7416666666666667
2 0.5427083333333333 0.262037037037037 0.5880208333333333 0.262037037037037 0.5880208333333333 0.32222222222222224 0.5427083333333333 0.32222222222222224