1 0.4078125 0.9212962962962963 0.5078125 0.9212962962962963 0.5078125 1 0.4078125 1
1 0.3619791666666667 0.5416666666666666 0.42291666666666666 0.5416666666666666 0.42291666666666666 0.6398148148148148 0.3619791666666667 0.6398148148148148
1 0.315625 0.33055555555555555 0.3536458333333333 0.33055555555555555 0.3536458333333333 0.4101851851851852 0.315625 0.4101851851851852
1 0.32447916666666665 0.7055555555555556 0.35989583333333336 0.7055555555555556 0.35989583333333336 0.8083333333333333 0.32447916666666665 0.8083333333333333
1 0.28802083333333334 0.40185185185185185 0.3104166666666667 0.40185185185185185 0.3104166666666667 0.4527777777777778 0.28802083333333334 0.4527777777777778
2 0.5536458333333333 0.9092592592592592 0.6552083333333333 0.9092592592592592 0.6552083333333333 0.9990740740740741 0.5536458333333333 0.9990740740740741
2 0.4671875 0.8027777777777778 0.5583333333333333 0.8027777777777778 0.5583333333333333 0.8583333333333333 0.4671875 0.8583333333333333
2 0.48489583333333336 0.7148148148148148 0.571875 0.7148148148148148 0.571875 0.7824074074074074 0.48489583333333336 0.7824074074074074
2 0.39739583333333334 0.7657407407407407 0.45677083333333335 0.7657407407407407 0.45677083333333335 0.8027777777777778 0.39739583333333334 0.8027777777777778
2 0.3921875 0.6759259259259259 0.4557291666666667 0.6759259259259259 0.4557291666666667 0.7166666666666667 0.3921875 0.7166666666666667
2 0.35208333333333336 0.7148148148148148 0.4 0.7148148148148148 0.4 0.7527777777777778 0.35208333333333336 0.7527777777777778
2 0.4192708333333333 0.05092592592592592 0.48333333333333334 0.05092592592592592 0.48333333333333334 0.09814814814814815 0.4192708333333333 0.09814814814814815
2 0.334375 0.2518518518518518 0.3802083333333333 0.2518518518518518 0.3802083333333333 0.2796296296296296 0.334375 0.2796296296296296
2 0.3260416666666667 0.6574074074074074 0.35989583333333336 0.6574074074074074 0.35989583333333336 0.6925925925925925 0.3260416666666667 0.6925925925925925
2 0.34375 0.6370370370370371 0.38229166666666664 0.6370370370370371 0.38229166666666664 0.6592592592592592 0.34375 0.6592592592592592
2 0.315625 0.6101851851851852 0.34791666666666665 0.6101851851851852 0.34791666666666665 0.6287037037037037 0.315625 0.6287037037037037
2 0.3026041666666667 0.637962962962963 0.328125 0.637962962962963 0.328125 0.65 0.3026041666666667 0.65
2 0.28489583333333335 0.6555555555555556 0.30885416666666665 0.6555555555555556 0.30885416666666665 0.6759259259259259 0.28489583333333335 0.6759259259259259
2 0.31927083333333334 0.42962962962962964 0.3567708333333333 0.42962962962962964 0.3567708333333333 0.48333333333333334 0.31927083333333334 0.48333333333333334
2 0.32083333333333336 0.5537037037037037 0.3463541666666667 0.5537037037037037 0.3463541666666667 0.5777777777777777 0.32083333333333336 0.5777777777777777
2 0.31614583333333335 0.5768518518518518 0.34375 0.5768518518518518 0.34375 0.5972222222222222 0.31614583333333335 0.5972222222222222
2 0.2984375 0.5962962962962963 0.32135416666666666 0.5962962962962963 0.32135416666666666 0.6064814814814815 0.2984375 0.6064814814814815
2 0.28802083333333334 0.5814814814814815 0.30520833333333336 0.5814814814814815 0.30520833333333336 0.5972222222222222 0.28802083333333334 0.5972222222222222
2 0.2921875 0.5685185185185185 0.31666666666666665 0.5685185185185185 0.31666666666666665 0.5777777777777777 0.2921875 0.5777777777777777
2 0.290625 0.5564814814814815 0.3098958333333333 0.5564814814814815 0.3098958333333333 0.5666666666666667 0.290625 0.5666666666666667
2 0.2869791666666667 0.5268518518518519 0.3072916666666667 0.5268518518518519 0.3072916666666667 0.5453703703703704 0.2869791666666667 0.5453703703703704
2 0.2875 0.3731481481481482 0.3104166666666667 0.3731481481481482 0.3104166666666667 0.38796296296296295 0.2875 0.38796296296296295
2 0.2869791666666667 0.33611111111111114 0.31145833333333334 0.33611111111111114 0.31145833333333334 0.35648148148148145 0.2869791666666667 0.35648148148148145