1 0.4010416666666667 0.9148148148148149 0.5005208333333333 0.9148148148148149 0.5005208333333333 1 0.4010416666666667 1
1 0.5354166666666667 0.600925925925926 0.7239583333333334 0.600925925925926 0.7239583333333334 0.862037037037037 0.5354166666666667 0.862037037037037
1 0.321875 0.6953703703703704 0.35572916666666665 0.6953703703703704 0.35572916666666665 0.7935185185185185 0.321875 0.7935185185185185
2 0.40729166666666666 0.13055555555555556 0.46510416666666665 0.13055555555555556 0.46510416666666665 0.1712962962962963 0.40729166666666666 0.1712962962962963
2 0.44427083333333334 0.8935185185185185 0.5276041666666667 0.8935185185185185 0.5276041666666667 0.95 0.44427083333333334 0.95
2 0.4791666666666667 0.8027777777777778 0.5489583333333333 0.8027777777777778 0.5489583333333333 0.8601851851851852 0.4791666666666667 0.8601851851851852
2 0.3729166666666667 0.7546296296296297 0.4322916666666667 0.7546296296296297 0.4322916666666667 0.7935185185185185 0.3729166666666667 0.7935185185185185
2 0.3651041666666667 0.6620370370370371 0.4114583333333333 0.6620370370370371 0.4114583333333333 0.6916666666666667 0.3651041666666667 0.6916666666666667
2 0.39947916666666666 0.6101851851851852 0.45208333333333334 0.6101851851851852 0.45208333333333334 0.6546296296296297 0.39947916666666666 0.6546296296296297
2 0.36302083333333335 0.5944444444444444 0.4015625 0.5944444444444444 0.4015625 0.6287037037037037 0.36302083333333335 0.6287037037037037
2 0.3453125 0.687037037037037 0.3807291666666667 0.687037037037037 0.3807291666666667 0.712037037037037 0.3453125 0.712037037037037
2 0.3223958333333333 0.6277777777777778 0.35052083333333334 0.6277777777777778 0.35052083333333334 0.6472222222222223 0.3223958333333333 0.6472222222222223
2 0.3260416666666667 0.5814814814814815 0.36302083333333335 0.5814814814814815 0.36302083333333335 0.6055555555555555 0.3260416666666667 0.6055555555555555
2 0.3098958333333333 0.5481481481481482 0.3411458333333333 0.5481481481481482 0.3411458333333333 0.5675925925925925 0.3098958333333333 0.5675925925925925
2 0.31197916666666664 0.5018518518518519 0.34010416666666665 0.5018518518518519 0.34010416666666665 0.5277777777777778 0.31197916666666664 0.5277777777777778
2 0.321875 0.3314814814814815 0.35208333333333336 0.3314814814814815 0.35208333333333336 0.3907407407407407 0.321875 0.3907407407407407
2 0.3260416666666667 0.22777777777777777 0.35989583333333336 0.22777777777777777 0.35989583333333336 0.2564814814814815 0.3260416666666667 0.2564814814814815
2 0.35520833333333335 0.1712962962962963 0.396875 0.1712962962962963 0.396875 0.20833333333333334 0.35520833333333335 0.20833333333333334
2 0.28072916666666664 0.3277777777777778 0.3067708333333333 0.3277777777777778 0.3067708333333333 0.35462962962962963 0.28072916666666664 0.35462962962962963
2 0.3 0.6518518518518519 0.3255208333333333 0.6518518518518519 0.3255208333333333 0.6666666666666666 0.3 0.6666666666666666
2 0.2994791666666667 0.6240740740740741 0.3182291666666667 0.6240740740740741 0.3182291666666667 0.6370370370370371 0.2994791666666667 0.6370370370370371
2 0.30572916666666666 0.6074074074074074 0.33177083333333335 0.6074074074074074 0.33177083333333335 0.6277777777777778 0.30572916666666666 0.6277777777777778
2 0.29583333333333334 0.5944444444444444 0.3151041666666667 0.5944444444444444 0.3151041666666667 0.6055555555555555 0.29583333333333334 0.6055555555555555
2 0.296875 0.5731481481481482 0.3182291666666667 0.5731481481481482 0.3182291666666667 0.5861111111111111 0.296875 0.5861111111111111
2 0.2942708333333333 0.5111111111111111 0.3125 0.5111111111111111 0.3125 0.5231481481481481 0.2942708333333333 0.5231481481481481
2 0.2869791666666667 0.5296296296296297 0.303125 0.5296296296296297 0.303125 0.5453703703703704 0.2869791666666667 0.5453703703703704
2 0.2916666666666667 0.5518518518518518 0.3098958333333333 0.5518518518518518 0.3098958333333333 0.5657407407407408 0.2916666666666667 0.5657407407407408
2 0.2833333333333333 0.5851851851851851 0.2989583333333333 0.5851851851851851 0.2989583333333333 0.5962962962962963 0.2833333333333333 0.5962962962962963
1 0.2864583333333333 0.36574074074074076 0.315625 0.36574074074074076 0.315625 0.42592592592592593 0.2864583333333333 0.42592592592592593
1 0.29322916666666665 0.11944444444444445 0.31666666666666665 0.11944444444444445 0.31666666666666665 0.22592592592592592 0.29322916666666665 0.22592592592592592