1 0.5067708333333333 0 0.6083333333333333 0 0.6083333333333333 0.08611111111111111 0.5067708333333333 0.08611111111111111
1 0.5979166666666667 0.7018518518518518 0.6510416666666666 0.7018518518518518 0.6510416666666666 0.8194444444444444 0.5979166666666667 0.8194444444444444
0 0.5203125 0.08981481481481482 0.6734375 0.08981481481481482 0.6734375 0.32685185185185184 0.5203125 0.32685185185185184
1 0.6588541666666666 0.3962962962962963 0.6958333333333333 0.3962962962962963 0.6958333333333333 0.475 0.6588541666666666 0.475
2 0.453125 0.8768518518518519 0.5265625 0.8768518518518519 0.5265625 0.9574074074074074 0.453125 0.9574074074074074
2 0.3567708333333333 0.7768518518518519 0.446875 0.7768518518518519 0.446875 0.8944444444444445 0.3567708333333333 0.8944444444444445
2 0.21875 0 0.2947916666666667 0 0.2947916666666667 0.06574074074074074 0.21875 0.06574074074074074
2 0.39479166666666665 0.2962962962962963 0.49114583333333334 0.2962962962962963 0.49114583333333334 0.3851851851851852 0.39479166666666665 0.3851851851851852
2 0.3828125 0.06388888888888888 0.48385416666666664 0.06388888888888888 0.48385416666666664 0.1648148148148148 0.3828125 0.1648148148148148
2 0.5401041666666667 0.8916666666666667 0.5953125 0.8916666666666667 0.5953125 0.9490740740740741 0.5401041666666667 0.9490740740740741
2 0.5953125 0.6129629629629629 0.6427083333333333 0.6129629629629629 0.6427083333333333 0.6592592592592592 0.5953125 0.6592592592592592
2 0.5416666666666666 0.7694444444444445 0.6015625 0.7694444444444445 0.6015625 0.8277777777777777 0.5416666666666666 0.8277777777777777
2 0.5901041666666667 0.8518518518518519 0.6354166666666666 0.8518518518518519 0.6354166666666666 0.9037037037037037 0.5901041666666667 0.9037037037037037
2 0.5416666666666666 0.3814814814814815 0.5984375 0.3814814814814815 0.5984375 0.44074074074074077 0.5416666666666666 0.44074074074074077
2 0.5703125 0.42314814814814816 0.6328125 0.42314814814814816 0.6328125 0.475 0.5703125 0.475
2 0.6598958333333333 0.6731481481481482 0.6963541666666667 0.6731481481481482 0.6963541666666667 0.7 0.6598958333333333 0.7
2 0.21875 0.7518518518518519 0.32083333333333336 0.7518518518518519 0.32083333333333336 0.8657407407407407 0.21875 0.8657407407407407