1 0.14375 0.32037037037037036 0.26875 0.32037037037037036 0.26875 0.49907407407407406 0.14375 0.49907407407407406
1 0.32916666666666666 0.17592592592592593 0.39166666666666666 0.17592592592592593 0.39166666666666666 0.24074074074074073 0.32916666666666666 0.24074074074074073
1 0.4546875 0.15833333333333333 0.490625 0.15833333333333333 0.490625 0.21296296296296297 0.4546875 0.21296296296296297
2 0.18489583333333334 0.5435185185185185 0.22864583333333333 0.5435185185185185 0.22864583333333333 0.7379629629629629 0.18489583333333334 0.7379629629629629
2 0.2234375 0.6305555555555555 0.28177083333333336 0.6305555555555555 0.28177083333333336 0.8722222222222222 0.2234375 0.8722222222222222
2 0.2703125 0.6842592592592592 0.3380208333333333 0.6842592592592592 0.3380208333333333 0.9388888888888889 0.2703125 0.9388888888888889
2 0.39895833333333336 0.4842592592592593 0.42864583333333334 0.4842592592592593 0.42864583333333334 0.6342592592592593 0.39895833333333336 0.6342592592592593
2 0.2359375 0.4425925925925926 0.2703125 0.4425925925925926 0.2703125 0.5722222222222222 0.2359375 0.5722222222222222
2 0.2864583333333333 0.33796296296296297 0.31302083333333336 0.33796296296296297 0.31302083333333336 0.46296296296296297 0.2864583333333333 0.46296296296296297
2 0.33177083333333335 0.41203703703703703 0.36302083333333335 0.41203703703703703 0.36302083333333335 0.5574074074074075 0.33177083333333335 0.5574074074074075
2 0.34270833333333334 0.34814814814814815 0.3692708333333333 0.34814814814814815 0.3692708333333333 0.4444444444444444 0.34270833333333334 0.4444444444444444
2 0.41875 0.30462962962962964 0.44166666666666665 0.30462962962962964 0.44166666666666665 0.4064814814814815 0.41875 0.4064814814814815
2 0.3723958333333333 0.28425925925925927 0.39427083333333335 0.28425925925925927 0.39427083333333335 0.38425925925925924 0.3723958333333333 0.38425925925925924
2 0.4395833333333333 0.2712962962962963 0.4557291666666667 0.2712962962962963 0.4557291666666667 0.3435185185185185 0.4395833333333333 0.3435185185185185
2 0.6921875 0.3851851851851852 0.70625 0.3851851851851852 0.70625 0.4444444444444444 0.6921875 0.4444444444444444
2 0.8833333333333333 0.712037037037037 0.9510416666666667 0.712037037037037 0.9510416666666667 0.9259259259259259 0.8833333333333333 0.9259259259259259
2 0.35885416666666664 0.225 0.3765625 0.225 0.3765625 0.287962962962963 0.35885416666666664 0.287962962962963
2 0.390625 0.21944444444444444 0.403125 0.21944444444444444 0.403125 0.29074074074074074 0.390625 0.29074074074074074
2 0.4078125 0.2111111111111111 0.4171875 0.2111111111111111 0.4171875 0.27037037037037037 0.4078125 0.27037037037037037
2 0.4276041666666667 0.2 0.4375 0.2 0.4375 0.2638888888888889 0.4276041666666667 0.2638888888888889
2 0.446875 0.20462962962962963 0.465625 0.20462962962962963 0.465625 0.2740740740740741 0.446875 0.2740740740740741
2 0.5911458333333334 0.14722222222222223 0.6052083333333333 0.14722222222222223 0.6052083333333333 0.2111111111111111 0.5911458333333334 0.2111111111111111
2 0.6135416666666667 0.13703703703703704 0.621875 0.13703703703703704 0.621875 0.18055555555555555 0.6135416666666667 0.18055555555555555
2 0.6260416666666667 0.15185185185185185 0.6375 0.15185185185185185 0.6375 0.20462962962962963 0.6260416666666667 0.20462962962962963
2 0.49583333333333335 0.13425925925925927 0.5067708333333333 0.13425925925925927 0.5067708333333333 0.18055555555555555 0.49583333333333335 0.18055555555555555
2 0.4666666666666667 0.12685185185185185 0.47604166666666664 0.12685185185185185 0.47604166666666664 0.16111111111111112 0.4666666666666667 0.16111111111111112
2 0.45625 0.13703703703703704 0.46458333333333335 0.13703703703703704 0.46458333333333335 0.18055555555555555 0.45625 0.18055555555555555
2 0.4171875 0.17685185185185184 0.42864583333333334 0.17685185185185184 0.42864583333333334 0.23055555555555557 0.4171875 0.23055555555555557
2 0.4375 0.16111111111111112 0.44583333333333336 0.16111111111111112 0.44583333333333336 0.2111111111111111 0.4375 0.2111111111111111
2 0.4296875 0.12129629629629629 0.43854166666666666 0.12129629629629629 0.43854166666666666 0.16018518518518518 0.4296875 0.16018518518518518
2 0.44635416666666666 0.11666666666666667 0.45364583333333336 0.11666666666666667 0.45364583333333336 0.15185185185185185 0.44635416666666666 0.15185185185185185
2 0.46145833333333336 0.10833333333333334 0.46770833333333334 0.10833333333333334 0.46770833333333334 0.1425925925925926 0.46145833333333336 0.1425925925925926
2 0.46875 0.09722222222222222 0.4744791666666667 0.09722222222222222 0.4744791666666667 0.12777777777777777 0.46875 0.12777777777777777
1 0.5885416666666666 0.10555555555555556 0.6244791666666667 0.10555555555555556 0.6244791666666667 0.14166666666666666 0.5885416666666666 0.14166666666666666
1 0.5984375 0.4305555555555556 0.84375 0.4305555555555556 0.84375 0.9953703703703703 0.5984375 0.9953703703703703