1 0.1390625 0.3074074074074074 0.265625 0.3074074074074074 0.265625 0.4888888888888889 0.1390625 0.4888888888888889
1 0.7010416666666667 0.5268518518518519 0.8770833333333333 0.5268518518518519 0.8770833333333333 0.7611111111111111 0.7010416666666667 0.7611111111111111
2 0.7588541666666667 0.8277777777777777 0.8359375 0.8277777777777777 0.8359375 0.9981481481481481 0.7588541666666667 0.9981481481481481
1 0.5348958333333333 0.12129629629629629 0.5671875 0.12129629629629629 0.5671875 0.1675925925925926 0.5348958333333333 0.1675925925925926
2 0.004166666666666667 0.75 0.09114583333333333 0.75 0.09114583333333333 0.9972222222222222 0.004166666666666667 0.9972222222222222
2 0.0046875 0.5444444444444444 0.08697916666666666 0.5444444444444444 0.08697916666666666 0.7203703703703703 0.0046875 0.7203703703703703
1 0.5776041666666667 0.14074074074074075 0.621875 0.14074074074074075 0.621875 0.1962962962962963 0.5776041666666667 0.1962962962962963
2 0.6484375 0.25833333333333336 0.6703125 0.25833333333333336 0.6703125 0.33240740740740743 0.6484375 0.33240740740740743
2 0.2682291666666667 0.43148148148148147 0.31354166666666666 0.43148148148148147 0.31354166666666666 0.5694444444444444 0.2682291666666667 0.5694444444444444
2 0.3921875 0.5120370370370371 0.44583333333333336 0.5120370370370371 0.44583333333333336 0.6842592592592592 0.3921875 0.6842592592592592
2 0.3958333333333333 0.2722222222222222 0.43125 0.2722222222222222 0.43125 0.3648148148148148 0.3958333333333333 0.3648148148148148
2 0.9572916666666667 0.8333333333333334 1 0.8333333333333334 1 1 0.9572916666666667 1
2 0.35260416666666666 0.4046296296296296 0.3880208333333333 0.4046296296296296 0.3880208333333333 0.5453703703703704 0.35260416666666666 0.5453703703703704
2 0.5572916666666666 0.17407407407407408 0.5786458333333333 0.17407407407407408 0.5786458333333333 0.2351851851851852 0.5572916666666666 0.2351851851851852
2 0.6401041666666667 0.3527777777777778 0.6802083333333333 0.3527777777777778 0.6802083333333333 0.4648148148148148 0.6401041666666667 0.4648148148148148
2 0.6526041666666667 0.19814814814814816 0.6755208333333333 0.19814814814814816 0.6755208333333333 0.2518518518518518 0.6526041666666667 0.2518518518518518
2 0.45625 0.18055555555555555 0.4744791666666667 0.18055555555555555 0.4744791666666667 0.23148148148148148 0.45625 0.23148148148148148
0 0.3463541666666667 0.11388888888888889 0.4192708333333333 0.11388888888888889 0.4192708333333333 0.2814814814814815 0.3463541666666667 0.2814814814814815
2 0.421875 0.23148148148148148 0.453125 0.23148148148148148 0.453125 0.30925925925925923 0.421875 0.30925925925925923
2 0.2765625 0.30925925925925923 0.30416666666666664 0.30925925925925923 0.30416666666666664 0.4203703703703704 0.2765625 0.4203703703703704