1 0.14166666666666666 0.32407407407407407 0.26614583333333336 0.32407407407407407 0.26614583333333336 0.5009259259259259 0.14166666666666666 0.5009259259259259
1 0.29635416666666664 0.562962962962963 0.4432291666666667 0.562962962962963 0.4432291666666667 0.8972222222222223 0.29635416666666664 0.8972222222222223
1 0.33489583333333334 0.1824074074074074 0.39010416666666664 0.1824074074074074 0.39010416666666664 0.24351851851851852 0.33489583333333334 0.24351851851851852
2 0.04583333333333333 0.7851851851851852 0.10364583333333334 0.7851851851851852 0.10364583333333334 1 0.04583333333333333 1
2 0.6848958333333334 0.3351851851851852 0.7078125 0.3351851851851852 0.7078125 0.43796296296296294 0.6848958333333334 0.43796296296296294
2 0.24739583333333334 0.4009259259259259 0.2791666666666667 0.4009259259259259 0.2791666666666667 0.549074074074074 0.24739583333333334 0.549074074074074
2 0.29791666666666666 0.462037037037037 0.3302083333333333 0.462037037037037 0.3302083333333333 0.587037037037037 0.29791666666666666 0.587037037037037
2 0.33541666666666664 0.27314814814814814 0.3572916666666667 0.27314814814814814 0.3572916666666667 0.3787037037037037 0.33541666666666664 0.3787037037037037
2 0.3921875 0.2601851851851852 0.4088541666666667 0.2601851851851852 0.4088541666666667 0.3425925925925926 0.3921875 0.3425925925925926
2 0.41302083333333334 0.3212962962962963 0.43802083333333336 0.3212962962962963 0.43802083333333336 0.4148148148148148 0.41302083333333334 0.4148148148148148
2 0.4276041666666667 0.2564814814814815 0.446875 0.2564814814814815 0.446875 0.325 0.4276041666666667 0.325
2 0.3807291666666667 0.22407407407407406 0.39479166666666665 0.22407407407407406 0.39479166666666665 0.28703703703703703 0.3807291666666667 0.28703703703703703
2 0.4171875 0.18333333333333332 0.428125 0.18333333333333332 0.428125 0.23425925925925925 0.4171875 0.23425925925925925
2 0.440625 0.19074074074074074 0.45416666666666666 0.19074074074074074 0.45416666666666666 0.2564814814814815 0.440625 0.2564814814814815
2 0.46197916666666666 0.16203703703703703 0.47291666666666665 0.16203703703703703 0.47291666666666665 0.2175925925925926 0.46197916666666666 0.2175925925925926
2 0.484375 0.16574074074074074 0.49895833333333334 0.16574074074074074 0.49895833333333334 0.21574074074074073 0.484375 0.21574074074074073
2 0.5619791666666667 0.18333333333333332 0.5947916666666667 0.18333333333333332 0.5947916666666667 0.2361111111111111 0.5619791666666667 0.2361111111111111
2 0.6369791666666667 0.19074074074074074 0.653125 0.19074074074074074 0.653125 0.25092592592592594 0.6369791666666667 0.25092592592592594
2 0.6640625 0.24259259259259258 0.6854166666666667 0.24259259259259258 0.6854166666666667 0.31666666666666665 0.6640625 0.31666666666666665
2 0.5817708333333333 0.11018518518518519 0.596875 0.11018518518518519 0.596875 0.15555555555555556 0.5817708333333333 0.15555555555555556
2 0.40625 0.14444444444444443 0.41458333333333336 0.14444444444444443 0.41458333333333336 0.18981481481481483 0.40625 0.18981481481481483
2 0.42291666666666666 0.1425925925925926 0.43020833333333336 0.1425925925925926 0.43020833333333336 0.17685185185185184 0.42291666666666666 0.17685185185185184
2 0.428125 0.1537037037037037 0.4395833333333333 0.1537037037037037 0.4395833333333333 0.2 0.428125 0.2
2 0.440625 0.1361111111111111 0.446875 0.1361111111111111 0.446875 0.17037037037037037 0.440625 0.17037037037037037
2 0.4515625 0.1388888888888889 0.4588541666666667 0.1388888888888889 0.4588541666666667 0.17592592592592593 0.4515625 0.17592592592592593
2 0.4869791666666667 0.13333333333333333 0.49375 0.13333333333333333 0.49375 0.16666666666666666 0.4869791666666667 0.16666666666666666
2 0.4744791666666667 0.12129629629629629 0.48333333333333334 0.12129629629629629 0.48333333333333334 0.15 0.4744791666666667 0.15
2 0.4630208333333333 0.12962962962962962 0.4708333333333333 0.12962962962962962 0.4708333333333333 0.16203703703703703 0.4630208333333333 0.16203703703703703
2 0.44583333333333336 0.11388888888888889 0.45208333333333334 0.11388888888888889 0.45208333333333334 0.14166666666666666 0.44583333333333336 0.14166666666666666
1 0.5416666666666666 0.12037037037037036 0.5755208333333334 0.12037037037037036 0.5755208333333334 0.17222222222222222 0.5416666666666666 0.17222222222222222
1 0.6541666666666667 0.13148148148148148 0.7140625 0.13148148148148148 0.7140625 0.17314814814814813 0.6541666666666667 0.17314814814814813