1 0.4864583333333333 0 0.5864583333333333 0 0.5864583333333333 0.06944444444444445 0.4864583333333333 0.06944444444444445
1 0.5911458333333334 0.5981481481481481 0.6416666666666667 0.5981481481481481 0.6416666666666667 0.6990740740740741 0.5911458333333334 0.6990740740740741
1 0.6364583333333333 0.18518518518518517 0.6713541666666667 0.18518518518518517 0.6713541666666667 0.287962962962963 0.6364583333333333 0.287962962962963
1 0.6671875 0.5518518518518518 0.6921875 0.5518518518518518 0.6921875 0.6046296296296296 0.6671875 0.6046296296296296
1 0.6296875 0.3888888888888889 0.6697916666666667 0.3888888888888889 0.6697916666666667 0.45555555555555555 0.6296875 0.45555555555555555
1 0.6723958333333333 0.7675925925925926 0.6973958333333333 0.7675925925925926 0.6973958333333333 0.8481481481481481 0.6723958333333333 0.8481481481481481
2 0.4348958333333333 0 0.4895833333333333 0 0.4895833333333333 0.062037037037037036 0.4348958333333333 0.062037037037037036
2 0.40260416666666665 0.11666666666666667 0.4635416666666667 0.11666666666666667 0.4635416666666667 0.2037037037037037 0.40260416666666665 0.2037037037037037
2 0.28854166666666664 0 0.4239583333333333 0 0.4239583333333333 0.024074074074074074 0.28854166666666664 0.024074074074074074
2 0.3536458333333333 0.30277777777777776 0.4661458333333333 0.30277777777777776 0.4661458333333333 0.3962962962962963 0.3536458333333333 0.3962962962962963
2 0.5046875 0.8083333333333333 0.584375 0.8083333333333333 0.584375 0.8583333333333333 0.5046875 0.8583333333333333
2 0.39739583333333334 0.23148148148148148 0.48385416666666664 0.23148148148148148 0.48385416666666664 0.2962962962962963 0.39739583333333334 0.2962962962962963
2 0.48072916666666665 0.0962962962962963 0.5234375 0.0962962962962963 0.5234375 0.14074074074074075 0.48072916666666665 0.14074074074074075
2 0.5609375 0.14722222222222223 0.6005208333333333 0.14722222222222223 0.6005208333333333 0.17314814814814813 0.5609375 0.17314814814814813
2 0.5364583333333334 0.16574074074074074 0.5901041666666667 0.16574074074074074 0.5901041666666667 0.2074074074074074 0.5364583333333334 0.2074074074074074
2 0.5348958333333333 0.25277777777777777 0.5848958333333333 0.25277777777777777 0.5848958333333333 0.2935185185185185 0.5348958333333333 0.2935185185185185
2 0.5755208333333334 0.2722222222222222 0.6151041666666667 0.2722222222222222 0.6151041666666667 0.2962962962962963 0.5755208333333334 0.2962962962962963
2 0.5697916666666667 0.33055555555555555 0.6177083333333333 0.33055555555555555 0.6177083333333333 0.37777777777777777 0.5697916666666667 0.37777777777777777
2 0.4869791666666667 0.20185185185185187 0.5526041666666667 0.20185185185185187 0.5526041666666667 0.25 0.4869791666666667 0.25
2 0.6229166666666667 0.2972222222222222 0.6505208333333333 0.2972222222222222 0.6505208333333333 0.325 0.6229166666666667 0.325
2 0.640625 0.30277777777777776 0.6734375 0.30277777777777776 0.6734375 0.33055555555555555 0.640625 0.33055555555555555
2 0.6328125 0.337037037037037 0.6598958333333333 0.337037037037037 0.6598958333333333 0.362962962962963 0.6328125 0.362962962962963
2 0.6625 0.3638888888888889 0.6859375 0.3638888888888889 0.6859375 0.38425925925925924 0.6625 0.38425925925925924
2 0.6671875 0.34444444444444444 0.6890625 0.34444444444444444 0.6890625 0.3675925925925926 0.6671875 0.3675925925925926
2 0.6739583333333333 0.38425925925925924 0.7010416666666667 0.38425925925925924 0.7010416666666667 0.40555555555555556 0.6739583333333333 0.40555555555555556
2 0.6786458333333333 0.40370370370370373 0.7020833333333333 0.40370370370370373 0.7020833333333333 0.4212962962962963 0.6786458333333333 0.4212962962962963
2 0.6807291666666667 0.43333333333333335 0.7015625 0.43333333333333335 0.7015625 0.46296296296296297 0.6807291666666667 0.46296296296296297
2 0.6390625 0.49722222222222223 0.6703125 0.49722222222222223 0.6703125 0.5435185185185185 0.6390625 0.5435185185185185
2 0.6546875 0.6324074074074074 0.6833333333333333 0.6324074074074074 0.6833333333333333 0.6527777777777778 0.6546875 0.6527777777777778
2 0.6625 0.6675925925925926 0.6885416666666667 0.6675925925925926 0.6885416666666667 0.6898148148148148 0.6625 0.6898148148148148
2 0.6770833333333334 0.6574074074074074 0.6963541666666667 0.6574074074074074 0.6963541666666667 0.6768518518518518 0.6770833333333334 0.6768518518518518
2 0.6848958333333334 0.6064814814814815 0.7041666666666667 0.6064814814814815 0.7041666666666667 0.6222222222222222 0.6848958333333334 0.6222222222222222