1 0.403125 0.9120370370370371 0.5026041666666666 0.9120370370370371 0.5026041666666666 1 0.403125 1
1 0.3203125 0.6962962962962963 0.35520833333333335 0.6962962962962963 0.35520833333333335 0.7981481481481482 0.3203125 0.7981481481481482
1 0.29270833333333335 0.12962962962962962 0.3171875 0.12962962962962962 0.3171875 0.22592592592592592 0.29270833333333335 0.22592592592592592
1 0.28177083333333336 0.37407407407407406 0.30625 0.37407407407407406 0.30625 0.41759259259259257 0.28177083333333336 0.41759259259259257
1 0.6411458333333333 0.6277777777777778 0.78125 0.6277777777777778 0.78125 1 0.6411458333333333 1
2 0.47760416666666666 0.9444444444444444 0.5734375 0.9444444444444444 0.5734375 1 0.47760416666666666 1
2 0.5395833333333333 0.8842592592592593 0.6395833333333333 0.8842592592592593 0.6395833333333333 0.9824074074074074 0.5395833333333333 0.9824074074074074
2 0.40260416666666665 0.7731481481481481 0.471875 0.7731481481481481 0.471875 0.8240740740740741 0.40260416666666665 0.8240740740740741
2 0.3890625 0.6888888888888889 0.4479166666666667 0.6888888888888889 0.4479166666666667 0.7166666666666667 0.3890625 0.7166666666666667
2 0.35625 0.7037037037037037 0.4166666666666667 0.7037037037037037 0.4166666666666667 0.7453703703703703 0.35625 0.7453703703703703
2 0.4296875 0.6583333333333333 0.5078125 0.6583333333333333 0.5078125 0.7222222222222222 0.4296875 0.7222222222222222
2 0.3770833333333333 0.6018518518518519 0.4421875 0.6018518518518519 0.4421875 0.649074074074074 0.3770833333333333 0.649074074074074
2 0.3807291666666667 0.1574074074074074 0.446875 0.1574074074074074 0.446875 0.21388888888888888 0.3807291666666667 0.21388888888888888
2 0.34270833333333334 0.18703703703703703 0.39114583333333336 0.18703703703703703 0.39114583333333336 0.2212962962962963 0.34270833333333334 0.2212962962962963
2 0.32916666666666666 0.6388888888888888 0.36666666666666664 0.6388888888888888 0.36666666666666664 0.6611111111111111 0.32916666666666666 0.6611111111111111
2 0.30364583333333334 0.6592592592592592 0.3255208333333333 0.6592592592592592 0.3255208333333333 0.6685185185185185 0.30364583333333334 0.6685185185185185
2 0.30520833333333336 0.6333333333333333 0.32916666666666666 0.6333333333333333 0.32916666666666666 0.649074074074074 0.30520833333333336 0.649074074074074
2 0.31197916666666664 0.6129629629629629 0.33645833333333336 0.6129629629629629 0.33645833333333336 0.6324074074074074 0.31197916666666664 0.6324074074074074
2 0.3229166666666667 0.587037037037037 0.35052083333333334 0.587037037037037 0.35052083333333334 0.6018518518518519 0.3229166666666667 0.6018518518518519
2 0.3338541666666667 0.6055555555555555 0.3776041666666667 0.6055555555555555 0.3776041666666667 0.6222222222222222 0.3338541666666667 0.6222222222222222
2 0.3151041666666667 0.5509259259259259 0.35260416666666666 0.5509259259259259 0.35260416666666666 0.5722222222222222 0.3151041666666667 0.5722222222222222
2 0.3177083333333333 0.5194444444444445 0.3541666666666667 0.5194444444444445 0.3541666666666667 0.5342592592592592 0.3177083333333333 0.5342592592592592
2 0.315625 0.36018518518518516 0.34739583333333335 0.36018518518518516 0.34739583333333335 0.39351851851851855 0.315625 0.39351851851851855
2 0.315625 0.31296296296296294 0.3484375 0.31296296296296294 0.3484375 0.36018518518518516 0.315625 0.36018518518518516
2 0.31354166666666666 0.2490740740740741 0.34375 0.2490740740740741 0.34375 0.2777777777777778 0.31354166666666666 0.2777777777777778
2 0.29739583333333336 0.5092592592592593 0.32395833333333335 0.5092592592592593 0.32395833333333335 0.5287037037037037 0.29739583333333336 0.5287037037037037
2 0.3 0.575 0.3223958333333333 0.575 0.3223958333333333 0.5935185185185186 0.3 0.5935185185185186
2 0.296875 0.5972222222222222 0.31614583333333335 0.5972222222222222 0.31614583333333335 0.6101851851851852 0.296875 0.6101851851851852
2 0.2947916666666667 0.562037037037037 0.3151041666666667 0.562037037037037 0.3151041666666667 0.575925925925926 0.2947916666666667 0.575925925925926
2 0.28958333333333336 0.5287037037037037 0.3109375 0.5287037037037037 0.3109375 0.5425925925925926 0.28958333333333336 0.5425925925925926
2 0.29322916666666665 0.55 0.3104166666666667 0.55 0.3104166666666667 0.562037037037037 0.29322916666666665 0.562037037037037