1 0.39739583333333334 0.5527777777777778 0.4671875 0.5527777777777778 0.4671875 0.6898148148148148 0.39739583333333334 0.6898148148148148
1 0.39739583333333334 0.9064814814814814 0.49322916666666666 0.9064814814814814 0.49322916666666666 1 0.39739583333333334 1
1 0.3182291666666667 0.6981481481481482 0.3536458333333333 0.6981481481481482 0.3536458333333333 0.8185185185185185 0.3182291666666667 0.8185185185185185
2 0.40677083333333336 0.022222222222222223 0.46145833333333336 0.022222222222222223 0.46145833333333336 0.09351851851851851 0.40677083333333336 0.09351851851851851
2 0.47760416666666666 0.10277777777777777 0.5567708333333333 0.10277777777777777 0.5567708333333333 0.18981481481481483 0.47760416666666666 0.18981481481481483
2 0.43697916666666664 0.8083333333333333 0.4822916666666667 0.8083333333333333 0.4822916666666667 0.8666666666666667 0.43697916666666664 0.8666666666666667
2 0.559375 0 0.6625 0 0.6625 0.023148148148148147 0.559375 0.023148148148148147
2 0.5567708333333333 0.8212962962962963 0.653125 0.8212962962962963 0.653125 0.9296296296296296 0.5567708333333333 0.9296296296296296
2 0.48854166666666665 0.9777777777777777 0.5682291666666667 0.9777777777777777 0.5682291666666667 1 0.48854166666666665 1
2 0.4744791666666667 0.8194444444444444 0.5484375 0.8194444444444444 0.5484375 0.9 0.4744791666666667 0.9
2 0.32916666666666666 0.20277777777777778 0.3614583333333333 0.20277777777777778 0.3614583333333333 0.23703703703703705 0.32916666666666666 0.23703703703703705
2 0.46979166666666666 0.6935185185185185 0.546875 0.6935185185185185 0.546875 0.7731481481481481 0.46979166666666666 0.7731481481481481
2 0.3776041666666667 0.675 0.41822916666666665 0.675 0.41822916666666665 0.7231481481481481 0.3776041666666667 0.7231481481481481
2 0.2916666666666667 0.4842592592592593 0.3140625 0.4842592592592593 0.3140625 0.5138888888888888 0.2916666666666667 0.5138888888888888
2 0.3255208333333333 0.26666666666666666 0.35989583333333336 0.26666666666666666 0.35989583333333336 0.30648148148148147 0.3255208333333333 0.30648148148148147
2 0.3260416666666667 0.5537037037037037 0.35625 0.5537037037037037 0.35625 0.5879629629629629 0.3260416666666667 0.5879629629629629
2 0.3567708333333333 0.5907407407407408 0.3963541666666667 0.5907407407407408 0.3963541666666667 0.6324074074074074 0.3567708333333333 0.6324074074074074
2 0.3015625 0.2833333333333333 0.32708333333333334 0.2833333333333333 0.32708333333333334 0.3287037037037037 0.3015625 0.3287037037037037
2 0.31197916666666664 0.5203703703703704 0.3421875 0.5203703703703704 0.3421875 0.5509259259259259 0.31197916666666664 0.5509259259259259