1 0.14375 0.31666666666666665 0.2713541666666667 0.31666666666666665 0.2713541666666667 0.48518518518518516 0.14375 0.48518518518518516
1 0.31979166666666664 0.18518518518518517 0.38333333333333336 0.18518518518518517 0.38333333333333336 0.24259259259259258 0.31979166666666664 0.24259259259259258
2 0.6354166666666666 0.22037037037037038 0.659375 0.22037037037037038 0.659375 0.2740740740740741 0.6354166666666666 0.2740740740740741
2 0.7671875 0.42314814814814816 0.8151041666666666 0.42314814814814816 0.8151041666666666 0.562037037037037 0.7671875 0.562037037037037
2 0.66875 0.27314814814814814 0.6984375 0.27314814814814814 0.6984375 0.35555555555555557 0.66875 0.35555555555555557
2 0.1265625 0.8972222222222223 0.21927083333333333 0.8972222222222223 0.21927083333333333 1 0.1265625 1
2 0.446875 0.21851851851851853 0.4708333333333333 0.21851851851851853 0.4708333333333333 0.28888888888888886 0.446875 0.28888888888888886
2 0.3807291666666667 0.24722222222222223 0.40677083333333336 0.24722222222222223 0.40677083333333336 0.31851851851851853 0.3807291666666667 0.31851851851851853
2 0.415625 0.28055555555555556 0.440625 0.28055555555555556 0.440625 0.3611111111111111 0.415625 0.3611111111111111
2 0.44895833333333335 0.1648148148148148 0.4666666666666667 0.1648148148148148 0.4666666666666667 0.2074074074074074 0.44895833333333335 0.2074074074074074
2 0.3640625 0.4083333333333333 0.40989583333333335 0.4083333333333333 0.40989583333333335 0.5638888888888889 0.3640625 0.5638888888888889
2 0.6354166666666666 0.2777777777777778 0.6630208333333333 0.2777777777777778 0.6630208333333333 0.36018518518518516 0.6354166666666666 0.36018518518518516
2 0.5536458333333333 0.13425925925925927 0.5729166666666666 0.13425925925925927 0.5729166666666666 0.17407407407407408 0.5536458333333333 0.17407407407407408
2 0.5270833333333333 0.17777777777777778 0.5614583333333333 0.17777777777777778 0.5614583333333333 0.22592592592592592 0.5270833333333333 0.22592592592592592
2 0.4322916666666667 0.40185185185185185 0.4671875 0.40185185185185185 0.4671875 0.5555555555555556 0.4322916666666667 0.5555555555555556