1 0.48489583333333336 0 0.5885416666666666 0 0.5885416666666666 0.0712962962962963 0.48489583333333336 0.0712962962962963
1 0.6125 0.6 0.6567708333333333 0.6 0.6567708333333333 0.6907407407407408 0.6125 0.6907407407407408
1 0.6359375 0.18796296296296297 0.6713541666666667 0.18796296296296297 0.6713541666666667 0.29259259259259257 0.6359375 0.29259259259259257
1 0.61875 0.38425925925925924 0.6651041666666667 0.38425925925925924 0.6651041666666667 0.46296296296296297 0.61875 0.46296296296296297
1 0.6734375 0.549074074074074 0.7 0.549074074074074 0.7 0.6055555555555555 0.6734375 0.6055555555555555
2 0.296875 0 0.4203125 0 0.4203125 0.11388888888888889 0.296875 0.11388888888888889
2 0.2859375 0.11203703703703703 0.4041666666666667 0.11203703703703703 0.4041666666666667 0.23981481481481481 0.2859375 0.23981481481481481
2 0.21927083333333333 0.16111111111111112 0.3171875 0.16111111111111112 0.3171875 0.3287037037037037 0.21927083333333333 0.3287037037037037
2 0.4078125 0.010185185185185186 0.4822916666666667 0.010185185185185186 0.4822916666666667 0.1111111111111111 0.4078125 0.1111111111111111
2 0.5125 0.11481481481481481 0.5697916666666667 0.11481481481481481 0.5697916666666667 0.16018518518518518 0.5125 0.16018518518518518
2 0.42604166666666665 0.15648148148148147 0.5286458333333334 0.15648148148148147 0.5286458333333334 0.21203703703703702 0.42604166666666665 0.21203703703703702
2 0.5078125 0.2064814814814815 0.56875 0.2064814814814815 0.56875 0.2574074074074074 0.5078125 0.2574074074074074
2 0.5453125 0.24444444444444444 0.5942708333333333 0.24444444444444444 0.5942708333333333 0.2814814814814815 0.5453125 0.2814814814814815
2 0.5348958333333333 0.30833333333333335 0.5989583333333334 0.30833333333333335 0.5989583333333334 0.3675925925925926 0.5348958333333333 0.3675925925925926
2 0.5541666666666667 0.7601851851851852 0.6072916666666667 0.7601851851851852 0.6072916666666667 0.8074074074074075 0.5541666666666667 0.8074074074074075
2 0.5989583333333334 0.275 0.6416666666666667 0.275 0.6416666666666667 0.3074074074074074 0.5989583333333334 0.3074074074074074
2 0.6114583333333333 0.32407407407407407 0.6505208333333333 0.32407407407407407 0.6505208333333333 0.35462962962962963 0.6114583333333333 0.35462962962962963
2 0.6322916666666667 0.2898148148148148 0.6671875 0.2898148148148148 0.6671875 0.3148148148148148 0.6322916666666667 0.3148148148148148
2 0.65625 0.3416666666666667 0.6864583333333333 0.3416666666666667 0.6864583333333333 0.35462962962962963 0.65625 0.35462962962962963
2 0.64375 0.35833333333333334 0.6817708333333333 0.35833333333333334 0.6817708333333333 0.387037037037037 0.64375 0.387037037037037
2 0.6411458333333333 0.5018518518518519 0.675 0.5018518518518519 0.675 0.5398148148148149 0.6411458333333333 0.5398148148148149
2 0.6739583333333333 0.43796296296296294 0.6989583333333333 0.43796296296296294 0.6989583333333333 0.4583333333333333 0.6739583333333333 0.4583333333333333
2 0.6729166666666667 0.4027777777777778 0.6989583333333333 0.4027777777777778 0.6989583333333333 0.42777777777777776 0.6729166666666667 0.42777777777777776
2 0.6661458333333333 0.3824074074074074 0.6963541666666667 0.3824074074074074 0.6963541666666667 0.40185185185185185 0.6661458333333333 0.40185185185185185
2 0.6984375 0.32407407407407407 0.7151041666666667 0.32407407407407407 0.7151041666666667 0.3425925925925926 0.6984375 0.3425925925925926
2 0.6859375 0.3638888888888889 0.7057291666666666 0.3638888888888889 0.7057291666666666 0.3814814814814815 0.6859375 0.3814814814814815
2 0.6953125 0.40555555555555556 0.7109375 0.40555555555555556 0.7109375 0.41759259259259257 0.6953125 0.41759259259259257
2 0.6979166666666666 0.4361111111111111 0.7192708333333333 0.4361111111111111 0.7192708333333333 0.45740740740740743 0.6979166666666666 0.45740740740740743
2 0.6645833333333333 0.625 0.6932291666666667 0.625 0.6932291666666667 0.65 0.6645833333333333 0.65
2 0.6666666666666666 0.6638888888888889 0.6979166666666666 0.6638888888888889 0.6979166666666666 0.6851851851851852 0.6666666666666666 0.6851851851851852
2 0.6859375 0.6481481481481481 0.7026041666666667 0.6481481481481481 0.7026041666666667 0.6638888888888889 0.6859375 0.6638888888888889