1 0.396875 0.9046296296296297 0.4921875 0.9046296296296297 0.4921875 1 0.396875 1
1 0.31875 0.6990740740740741 0.353125 0.6990740740740741 0.353125 0.8203703703703704 0.31875 0.8203703703703704
2 0.390625 0.10925925925925926 0.440625 0.10925925925925926 0.440625 0.16666666666666666 0.390625 0.16666666666666666
2 0.5895833333333333 0.8564814814814815 0.703125 0.8564814814814815 0.703125 0.975925925925926 0.5895833333333333 0.975925925925926
2 0.32760416666666664 0.5481481481481482 0.3640625 0.5481481481481482 0.3640625 0.5925925925925926 0.32760416666666664 0.5925925925925926
2 0.35989583333333336 0.5944444444444444 0.39479166666666665 0.5944444444444444 0.39479166666666665 0.6351851851851852 0.35989583333333336 0.6351851851851852
2 0.3484375 0.20925925925925926 0.3859375 0.20925925925925926 0.3859375 0.25092592592592594 0.3484375 0.25092592592592594
2 0.34739583333333335 0.6555555555555556 0.38333333333333336 0.6555555555555556 0.38333333333333336 0.6972222222222222 0.34739583333333335 0.6972222222222222
2 0.3109375 0.2916666666666667 0.3375 0.2916666666666667 0.3375 0.32685185185185184 0.3109375 0.32685185185185184
2 0.3958333333333333 0.18518518518518517 0.44895833333333335 0.18518518518518517 0.44895833333333335 0.23981481481481481 0.3958333333333333 0.23981481481481481
2 0.2947916666666667 0.5935185185185186 0.31666666666666665 0.5935185185185186 0.31666666666666665 0.6194444444444445 0.2947916666666667 0.6194444444444445
2 0.41041666666666665 0.6333333333333333 0.4765625 0.6333333333333333 0.4765625 0.7 0.41041666666666665 0.7
2 0.3 0.3712962962962963 0.3234375 0.3712962962962963 0.3234375 0.40370370370370373 0.3 0.40370370370370373
2 0.3182291666666667 0.3962962962962963 0.3453125 0.3962962962962963 0.3453125 0.4601851851851852 0.3182291666666667 0.4601851851851852
2 0.296875 0.5037037037037037 0.321875 0.5037037037037037 0.321875 0.5314814814814814 0.296875 0.5314814814814814
2 0.4010416666666667 0.549074074074074 0.465625 0.549074074074074 0.465625 0.5898148148148148 0.4010416666666667 0.5898148148148148