1 0.14322916666666666 0.32314814814814813 0.2755208333333333 0.32314814814814813 0.2755208333333333 0.4981481481481482 0.14322916666666666 0.4981481481481482
1 0.32760416666666664 0.175 0.3932291666666667 0.175 0.3932291666666667 0.2351851851851852 0.32760416666666664 0.2351851851851852
2 0.7265625 0.3851851851851852 0.76875 0.3851851851851852 0.76875 0.4925925925925926 0.7265625 0.4925925925925926
2 0.3385416666666667 0.41388888888888886 0.3776041666666667 0.41388888888888886 0.3776041666666667 0.524074074074074 0.3385416666666667 0.524074074074074
2 0.190625 0.6666666666666666 0.265625 0.6666666666666666 0.265625 0.8768518518518519 0.190625 0.8768518518518519
2 0.5848958333333333 0.18518518518518517 0.6046875 0.18518518518518517 0.6046875 0.24351851851851852 0.5848958333333333 0.24351851851851852
2 0.5385416666666667 0.09166666666666666 0.5505208333333333 0.09166666666666666 0.5505208333333333 0.12037037037037036 0.5385416666666667 0.12037037037037036
2 0.4359375 0.19537037037037036 0.4552083333333333 0.19537037037037036 0.4552083333333333 0.24814814814814815 0.4359375 0.24814814814814815
2 0.653125 0.29074074074074074 0.6833333333333333 0.29074074074074074 0.6833333333333333 0.3731481481481482 0.653125 0.3731481481481482
2 0.41770833333333335 0.26296296296296295 0.446875 0.26296296296296295 0.446875 0.3388888888888889 0.41770833333333335 0.3388888888888889
2 0.40572916666666664 0.19444444444444445 0.4265625 0.19444444444444445 0.4265625 0.2518518518518518 0.40572916666666664 0.2518518518518518
2 0.553125 0.16111111111111112 0.575 0.16111111111111112 0.575 0.21666666666666667 0.553125 0.21666666666666667
2 0.459375 0.24166666666666667 0.48385416666666664 0.24166666666666667 0.48385416666666664 0.31666666666666665 0.459375 0.31666666666666665
2 0.6020833333333333 0.2490740740740741 0.6244791666666667 0.2490740740740741 0.6244791666666667 0.3111111111111111 0.6020833333333333 0.3111111111111111
2 0.690625 0.42777777777777776 0.7359375 0.42777777777777776 0.7359375 0.5601851851851852 0.690625 0.5601851851851852
2 0.45364583333333336 0.16203703703703703 0.47239583333333335 0.16203703703703703 0.47239583333333335 0.20833333333333334 0.45364583333333336 0.20833333333333334
2 0.48489583333333336 0.13240740740740742 0.49895833333333334 0.13240740740740742 0.49895833333333334 0.1712962962962963 0.48489583333333336 0.1712962962962963
2 0.6083333333333333 0.2064814814814815 0.63125 0.2064814814814815 0.63125 0.2638888888888889 0.6083333333333333 0.2638888888888889
2 0.35 0.5037037037037037 0.39947916666666666 0.5037037037037037 0.39947916666666666 0.6787037037037037 0.35 0.6787037037037037
2 0.8854166666666666 0.6305555555555555 0.959375 0.6305555555555555 0.959375 0.8296296296296296 0.8854166666666666 0.8296296296296296
2 0.4395833333333333 0.12222222222222222 0.45260416666666664 0.12222222222222222 0.45260416666666664 0.15462962962962962 0.4395833333333333 0.15462962962962962