1 0.39739583333333334 0.9064814814814814 0.4947916666666667 0.9064814814814814 0.4947916666666667 1 0.39739583333333334 1
1 0.44947916666666665 0.5796296296296296 0.55 0.5796296296296296 0.55 0.7620370370370371 0.44947916666666665 0.7620370370370371
2 0.43333333333333335 0.11203703703703703 0.4947916666666667 0.11203703703703703 0.4947916666666667 0.17962962962962964 0.43333333333333335 0.17962962962962964
2 0.365625 0.13055555555555556 0.4078125 0.13055555555555556 0.4078125 0.1824074074074074 0.365625 0.1824074074074074
2 0.375 0.7 0.4239583333333333 0.7 0.4239583333333333 0.7527777777777778 0.375 0.7527777777777778
2 0.47239583333333335 0.1787037037037037 0.5479166666666667 0.1787037037037037 0.5479166666666667 0.26481481481481484 0.47239583333333335 0.26481481481481484
2 0.5015625 0.925 0.571875 0.925 0.571875 1 0.5015625 1
2 0.4171875 0.7481481481481481 0.4708333333333333 0.7481481481481481 0.4708333333333333 0.8064814814814815 0.4171875 0.8064814814814815
2 0.5875 0.9657407407407408 0.6890625 0.9657407407407408 0.6890625 1 0.5875 1
1 0.3182291666666667 0.7083333333333334 0.3536458333333333 0.7083333333333334 0.3536458333333333 0.8212962962962963 0.3182291666666667 0.8212962962962963
2 0.3885416666666667 0.21481481481481482 0.43645833333333334 0.21481481481481482 0.43645833333333334 0.2657407407407407 0.3885416666666667 0.2657407407407407
2 0.5770833333333333 0.9675925925925926 0.6369791666666667 0.9675925925925926 0.6369791666666667 1 0.5770833333333333 1
2 0.3880208333333333 0.6314814814814815 0.43697916666666664 0.6314814814814815 0.43697916666666664 0.6814814814814815 0.3880208333333333 0.6814814814814815
2 0.3307291666666667 0.5370370370370371 0.36822916666666666 0.5370370370370371 0.36822916666666666 0.5703703703703704 0.3307291666666667 0.5703703703703704
2 0.32447916666666665 0.5916666666666667 0.35052083333333334 0.5916666666666667 0.35052083333333334 0.6240740740740741 0.32447916666666665 0.6240740740740741
2 0.30833333333333335 0.30833333333333335 0.334375 0.30833333333333335 0.334375 0.33796296296296297 0.30833333333333335 0.33796296296296297
2 0.353125 0.5740740740740741 0.38385416666666666 0.5740740740740741 0.38385416666666666 0.6138888888888889 0.353125 0.6138888888888889
2 0.29270833333333335 0.5805555555555556 0.3140625 0.5805555555555556 0.3140625 0.6055555555555555 0.29270833333333335 0.6055555555555555
2 0.30625 0.2601851851851852 0.33489583333333334 0.2601851851851852 0.33489583333333334 0.287962962962963 0.30625 0.287962962962963