1 0.45677083333333335 0.5638888888888889 0.5729166666666666 0.5638888888888889 0.5729166666666666 0.7481481481481481 0.45677083333333335 0.7481481481481481
1 0.4010416666666667 0.9111111111111111 0.5010416666666667 0.9111111111111111 0.5010416666666667 1 0.4010416666666667 1
1 0.31979166666666664 0.6962962962962963 0.35572916666666665 0.6962962962962963 0.35572916666666665 0.8009259259259259 0.31979166666666664 0.8009259259259259
1 0.2911458333333333 0.3574074074074074 0.31666666666666665 0.3574074074074074 0.31666666666666665 0.41574074074074074 0.2911458333333333 0.41574074074074074
2 0.528125 0.9796296296296296 0.6302083333333334 0.9796296296296296 0.6302083333333334 1 0.528125 1
2 0.6447916666666667 0.9490740740740741 0.78125 0.9490740740740741 0.78125 1 0.6447916666666667 1
2 0.4114583333333333 0.8046296296296296 0.4869791666666667 0.8046296296296296 0.4869791666666667 0.8675925925925926 0.4114583333333333 0.8675925925925926
2 0.41510416666666666 0.725 0.46770833333333334 0.725 0.46770833333333334 0.7731481481481481 0.41510416666666666 0.7731481481481481
2 0.35572916666666665 0.7111111111111111 0.39791666666666664 0.7111111111111111 0.39791666666666664 0.7490740740740741 0.35572916666666665 0.7490740740740741
2 0.4552083333333333 0.040740740740740744 0.5317708333333333 0.040740740740740744 0.5317708333333333 0.09907407407407408 0.4552083333333333 0.09907407407407408
2 0.3645833333333333 0.5796296296296296 0.40989583333333335 0.5796296296296296 0.40989583333333335 0.6157407407407407 0.3645833333333333 0.6157407407407407
2 0.35052083333333334 0.6472222222222223 0.3796875 0.6472222222222223 0.3796875 0.6712962962962963 0.35052083333333334 0.6712962962962963
2 0.3255208333333333 0.6537037037037037 0.3619791666666667 0.6537037037037037 0.3619791666666667 0.6842592592592592 0.3255208333333333 0.6842592592592592
2 0.3359375 0.5833333333333334 0.36770833333333336 0.5833333333333334 0.36770833333333336 0.6074074074074074 0.3359375 0.6074074074074074
2 0.3828125 0.11296296296296296 0.42291666666666666 0.11296296296296296 0.42291666666666666 0.16111111111111112 0.3828125 0.16111111111111112
2 0.3380208333333333 0.19722222222222222 0.37135416666666665 0.19722222222222222 0.37135416666666665 0.22592592592592592 0.3380208333333333 0.22592592592592592
2 0.3171875 0.35462962962962963 0.35208333333333336 0.35462962962962963 0.35208333333333336 0.42407407407407405 0.3171875 0.42407407407407405
2 0.2921875 0.3148148148148148 0.321875 0.3148148148148148 0.321875 0.3398148148148148 0.2921875 0.3398148148148148
1 0.29270833333333335 0.12222222222222222 0.3171875 0.12222222222222222 0.3171875 0.225 0.29270833333333335 0.225
2 0.29270833333333335 0.6481481481481481 0.31927083333333334 0.6481481481481481 0.31927083333333334 0.6685185185185185 0.29270833333333335 0.6685185185185185
2 0.3104166666666667 0.6111111111111112 0.33697916666666666 0.6111111111111112 0.33697916666666666 0.6314814814814815 0.3104166666666667 0.6314814814814815
2 0.30885416666666665 0.5666666666666667 0.33697916666666666 0.5666666666666667 0.33697916666666666 0.5842592592592593 0.30885416666666665 0.5842592592592593
2 0.30052083333333335 0.5388888888888889 0.328125 0.5388888888888889 0.328125 0.5611111111111111 0.30052083333333335 0.5611111111111111
2 0.2989583333333333 0.4962962962962963 0.325 0.4962962962962963 0.325 0.5148148148148148 0.2989583333333333 0.5148148148148148
2 0.2833333333333333 0.5046296296296297 0.3026041666666667 0.5046296296296297 0.3026041666666667 0.5166666666666667 0.2833333333333333 0.5166666666666667
2 0.28072916666666664 0.5351851851851852 0.2994791666666667 0.5351851851851852 0.2994791666666667 0.5462962962962963 0.28072916666666664 0.5462962962962963
2 0.28802083333333334 0.5648148148148148 0.3078125 0.5648148148148148 0.3078125 0.575925925925926 0.28802083333333334 0.575925925925926
2 0.284375 0.5527777777777778 0.3026041666666667 0.5527777777777778 0.3026041666666667 0.562037037037037 0.284375 0.562037037037037
2 0.2984375 0.5972222222222222 0.31927083333333334 0.5972222222222222 0.31927083333333334 0.6129629629629629 0.2984375 0.6129629629629629
2 0.2911458333333333 0.6083333333333333 0.3104166666666667 0.6083333333333333 0.3104166666666667 0.6203703703703703 0.2911458333333333 0.6203703703703703
2 0.2869791666666667 0.5833333333333334 0.3072916666666667 0.5833333333333334 0.3072916666666667 0.6027777777777777 0.2869791666666667 0.6027777777777777