1 0.5880208333333333 0.6037037037037037 0.7567708333333333 0.6037037037037037 0.7567708333333333 0.8972222222222223 0.5880208333333333 0.8972222222222223
1 0.3770833333333333 0.3416666666666667 0.44375 0.3416666666666667 0.44375 0.4564814814814815 0.3770833333333333 0.4564814814814815
1 0.12135416666666667 0.36018518518518516 0.24947916666666667 0.36018518518518516 0.24947916666666667 0.5407407407407407 0.12135416666666667 0.5407407407407407
1 0.5359375 0.24444444444444444 0.5796875 0.24444444444444444 0.5796875 0.31666666666666665 0.5359375 0.31666666666666665
1 0.31354166666666666 0.21481481481481482 0.36614583333333334 0.21481481481481482 0.36614583333333334 0.2777777777777778 0.31354166666666666 0.2777777777777778
1 0.4505208333333333 0.15 0.48072916666666665 0.15 0.48072916666666665 0.19537037037037036 0.4505208333333333 0.19537037037037036
2 0.21614583333333334 0.4842592592592593 0.265625 0.4842592592592593 0.265625 0.5972222222222222 0.21614583333333334 0.5972222222222222
1 0.0005208333333333333 0.33425925925925926 0.024479166666666666 0.33425925925925926 0.024479166666666666 0.40370370370370373 0.0005208333333333333 0.40370370370370373
1 0.6427083333333333 0.1685185185185185 0.6859375 0.1685185185185185 0.6859375 0.20925925925925926 0.6427083333333333 0.20925925925925926
2 0.6494791666666667 0.30185185185185187 0.6734375 0.30185185185185187 0.6734375 0.38425925925925924 0.6494791666666667 0.38425925925925924
2 0.34739583333333335 0.325 0.3625 0.325 0.3625 0.3731481481481482 0.34739583333333335 0.3731481481481482
2 0.303125 0.37962962962962965 0.34010416666666665 0.37962962962962965 0.34010416666666665 0.5055555555555555 0.303125 0.5055555555555555
2 0.2140625 0.4324074074074074 0.23958333333333334 0.4324074074074074 0.23958333333333334 0.5601851851851852 0.2140625 0.5601851851851852
2 0.34479166666666666 0.28703703703703703 0.3645833333333333 0.28703703703703703 0.3645833333333333 0.37222222222222223 0.34479166666666666 0.37222222222222223
2 0.434375 0.40370370370370373 0.4588541666666667 0.40370370370370373 0.4588541666666667 0.5416666666666666 0.434375 0.5416666666666666
2 0.6223958333333334 0.3537037037037037 0.6546875 0.3537037037037037 0.6546875 0.46296296296296297 0.6223958333333334 0.46296296296296297
2 0.38177083333333334 0.30462962962962964 0.40208333333333335 0.30462962962962964 0.40208333333333335 0.3638888888888889 0.38177083333333334 0.3638888888888889
2 0.36041666666666666 0.26296296296296295 0.3765625 0.26296296296296295 0.3765625 0.3148148148148148 0.36041666666666666 0.3148148148148148
2 0.36875 0.2212962962962963 0.378125 0.2212962962962963 0.378125 0.25925925925925924 0.36875 0.25925925925925924
2 0.37447916666666664 0.2212962962962963 0.39010416666666664 0.2212962962962963 0.39010416666666664 0.2851851851851852 0.37447916666666664 0.2851851851851852
2 0.3880208333333333 0.2351851851851852 0.4015625 0.2351851851851852 0.4015625 0.2953703703703704 0.3880208333333333 0.2953703703703704
2 0.40520833333333334 0.22407407407407406 0.4197916666666667 0.22407407407407406 0.4197916666666667 0.2796296296296296 0.40520833333333334 0.2796296296296296
2 0.4395833333333333 0.25277777777777777 0.45416666666666666 0.25277777777777777 0.45416666666666666 0.31851851851851853 0.4395833333333333 0.31851851851851853
2 0.4239583333333333 0.23425925925925925 0.4390625 0.23425925925925925 0.4390625 0.2953703703703704 0.4239583333333333 0.2953703703703704
2 0.4473958333333333 0.21851851851851853 0.46979166666666666 0.21851851851851853 0.46979166666666666 0.28055555555555556 0.4473958333333333 0.28055555555555556
2 0.47239583333333335 0.19907407407407407 0.4869791666666667 0.19907407407407407 0.4869791666666667 0.25277777777777777 0.47239583333333335 0.25277777777777777
2 0.4078125 0.16203703703703703 0.4197916666666667 0.16203703703703703 0.4197916666666667 0.19814814814814816 0.4078125 0.19814814814814816
2 0.4005208333333333 0.1962962962962963 0.41822916666666665 0.1962962962962963 0.41822916666666665 0.23981481481481481 0.4005208333333333 0.23981481481481481
2 0.428125 0.19444444444444445 0.4427083333333333 0.19444444444444445 0.4427083333333333 0.23055555555555557 0.428125 0.23055555555555557
2 0.42239583333333336 0.17777777777777778 0.43020833333333336 0.17777777777777778 0.43020833333333336 0.22407407407407406 0.42239583333333336 0.22407407407407406
2 0.4239583333333333 0.15462962962962962 0.4328125 0.15462962962962962 0.4328125 0.18611111111111112 0.4239583333333333 0.18611111111111112
1 0.5083333333333333 0.1425925925925926 0.5364583333333334 0.1425925925925926 0.5364583333333334 0.2 0.5083333333333333 0.2
2 0.6307291666666667 0.25092592592592594 0.6489583333333333 0.25092592592592594 0.6489583333333333 0.3296296296296296 0.6307291666666667 0.3296296296296296
2 0.5890625 0.21666666666666667 0.6010416666666667 0.21666666666666667 0.6010416666666667 0.275 0.5890625 0.275
2 0.58125 0.19444444444444445 0.5916666666666667 0.19444444444444445 0.5916666666666667 0.2324074074074074 0.58125 0.2324074074074074
2 0.5994791666666667 0.19907407407407407 0.6114583333333333 0.19907407407407407 0.6114583333333333 0.24814814814814815 0.5994791666666667 0.24814814814814815
2 0.5552083333333333 0.16574074074074074 0.5640625 0.16574074074074074 0.5640625 0.20462962962962963 0.5552083333333333 0.20462962962962963
2 0.5489583333333333 0.16203703703703703 0.5567708333333333 0.16203703703703703 0.5567708333333333 0.19907407407407407 0.5489583333333333 0.19907407407407407
2 0.5635416666666667 0.1527777777777778 0.5765625 0.1527777777777778 0.5765625 0.19444444444444445 0.5635416666666667 0.19444444444444445
2 0.5807291666666666 0.15 0.5901041666666667 0.15 0.5901041666666667 0.1925925925925926 0.5807291666666666 0.1925925925925926