1 0.13125 0.35185185185185186 0.2557291666666667 0.35185185185185186 0.2557291666666667 0.5268518518518519 0.13125 0.5268518518518519
1 0.5588541666666667 0.32685185185185184 0.6317708333333333 0.32685185185185184 0.6317708333333333 0.44537037037037036 0.5588541666666667 0.44537037037037036
1 0.2557291666666667 0.6203703703703703 0.41041666666666665 0.6203703703703703 0.41041666666666665 0.9212962962962963 0.2557291666666667 0.9212962962962963
1 0.3182291666666667 0.20277777777777778 0.37552083333333336 0.20277777777777778 0.37552083333333336 0.26851851851851855 0.3182291666666667 0.26851851851851855
1 0.4432291666666667 0.17592592592592593 0.4786458333333333 0.17592592592592593 0.4786458333333333 0.23148148148148148 0.4432291666666667 0.23148148148148148
1 0.5302083333333333 0.1814814814814815 0.5630208333333333 0.1814814814814815 0.5630208333333333 0.2351851851851852 0.5302083333333333 0.2351851851851852
2 0.2682291666666667 0.5611111111111111 0.309375 0.5611111111111111 0.309375 0.6777777777777778 0.2682291666666667 0.6777777777777778
2 0.134375 0.6962962962962963 0.2015625 0.6962962962962963 0.2015625 0.9361111111111111 0.134375 0.9361111111111111
2 0.23333333333333334 0.42685185185185187 0.27760416666666665 0.42685185185185187 0.27760416666666665 0.5527777777777778 0.23333333333333334 0.5527777777777778
2 0.321875 0.4148148148148148 0.35520833333333335 0.4148148148148148 0.35520833333333335 0.5305555555555556 0.321875 0.5305555555555556
2 0.27760416666666665 0.3527777777777778 0.32708333333333334 0.3527777777777778 0.32708333333333334 0.4685185185185185 0.27760416666666665 0.4685185185185185
2 0.321875 0.3287037037037037 0.34739583333333335 0.3287037037037037 0.34739583333333335 0.412962962962963 0.321875 0.412962962962963
2 0.3770833333333333 0.3416666666666667 0.3963541666666667 0.3416666666666667 0.3963541666666667 0.44907407407407407 0.3770833333333333 0.44907407407407407
2 0.33177083333333335 0.25833333333333336 0.35 0.25833333333333336 0.35 0.3212962962962963 0.33177083333333335 0.3212962962962963
2 0.34739583333333335 0.2675925925925926 0.3671875 0.2675925925925926 0.3671875 0.36018518518518516 0.34739583333333335 0.36018518518518516
2 0.4083333333333333 0.35648148148148145 0.4348958333333333 0.35648148148148145 0.4348958333333333 0.45185185185185184 0.4083333333333333 0.45185185185185184
2 0.44583333333333336 0.33425925925925926 0.478125 0.33425925925925926 0.478125 0.4351851851851852 0.44583333333333336 0.4351851851851852
2 0.36302083333333335 0.3111111111111111 0.38385416666666666 0.3111111111111111 0.38385416666666666 0.3861111111111111 0.36302083333333335 0.3861111111111111
2 0.39114583333333336 0.23703703703703705 0.4083333333333333 0.23703703703703705 0.4083333333333333 0.2796296296296296 0.39114583333333336 0.2796296296296296
2 0.3859375 0.28703703703703703 0.4083333333333333 0.28703703703703703 0.4083333333333333 0.36018518518518516 0.3859375 0.36018518518518516
2 0.4197916666666667 0.23333333333333334 0.4328125 0.23333333333333334 0.4328125 0.30462962962962964 0.4197916666666667 0.30462962962962964
2 0.40208333333333335 0.18425925925925926 0.4114583333333333 0.18425925925925926 0.4114583333333333 0.22592592592592592 0.40208333333333335 0.22592592592592592
2 0.40729166666666666 0.20185185185185187 0.4192708333333333 0.20185185185185187 0.4192708333333333 0.25277777777777777 0.40729166666666666 0.25277777777777777
2 0.42135416666666664 0.18611111111111112 0.43333333333333335 0.18611111111111112 0.43333333333333335 0.2361111111111111 0.42135416666666664 0.2361111111111111
2 0.43020833333333336 0.1574074074074074 0.43802083333333336 0.1574074074074074 0.43802083333333336 0.19074074074074074 0.43020833333333336 0.19074074074074074
2 0.49270833333333336 0.19907407407407407 0.5244791666666667 0.19907407407407407 0.5244791666666667 0.262037037037037 0.49270833333333336 0.262037037037037
2 0.5807291666666666 0.21203703703703702 0.5989583333333334 0.21203703703703702 0.5989583333333334 0.2824074074074074 0.5807291666666666 0.2824074074074074
2 0.6098958333333333 0.20277777777777778 0.6244791666666667 0.20277777777777778 0.6244791666666667 0.2740740740740741 0.6098958333333333 0.2740740740740741
2 0.7947916666666667 0.6648148148148149 0.8640625 0.6648148148148149 0.8640625 0.8787037037037037 0.7947916666666667 0.8787037037037037
2 0.6026041666666667 0.1712962962962963 0.6098958333333333 0.1712962962962963 0.6098958333333333 0.21944444444444444 0.6026041666666667 0.21944444444444444
2 0.5635416666666667 0.16203703703703703 0.5744791666666667 0.16203703703703703 0.5744791666666667 0.20462962962962963 0.5635416666666667 0.20462962962962963
2 0.5833333333333334 0.1574074074074074 0.5947916666666667 0.1574074074074074 0.5947916666666667 0.19722222222222222 0.5833333333333334 0.19722222222222222