1 0.49947916666666664 0 0.6010416666666667 0 0.6010416666666667 0.09166666666666666 0.49947916666666664 0.09166666666666666
1 0.6458333333333334 0.20555555555555555 0.6817708333333333 0.20555555555555555 0.6817708333333333 0.30648148148148147 0.6458333333333334 0.30648148148148147
1 0.696875 0.4601851851851852 0.7197916666666667 0.4601851851851852 0.7197916666666667 0.5064814814814815 0.696875 0.5064814814814815
2 0.24375 0.030555555555555555 0.40260416666666665 0.030555555555555555 0.40260416666666665 0.13240740740740742 0.24375 0.13240740740740742
2 0.43385416666666665 0.012037037037037037 0.5213541666666667 0.012037037037037037 0.5213541666666667 0.09444444444444444 0.43385416666666665 0.09444444444444444
2 0.44635416666666666 0.16203703703703703 0.5354166666666667 0.16203703703703703 0.5354166666666667 0.21944444444444444 0.44635416666666666 0.21944444444444444
2 0.5208333333333334 0.16111111111111112 0.5901041666666667 0.16111111111111112 0.5901041666666667 0.21851851851851853 0.5208333333333334 0.21851851851851853
2 0.4479166666666667 0.2740740740740741 0.54375 0.2740740740740741 0.54375 0.3435185185185185 0.4479166666666667 0.3435185185185185
2 0.5697916666666667 0.2972222222222222 0.6276041666666666 0.2972222222222222 0.6276041666666666 0.3287037037037037 0.5697916666666667 0.3287037037037037
2 0.6046875 0.35648148148148145 0.646875 0.35648148148148145 0.646875 0.38333333333333336 0.6046875 0.38333333333333336
2 0.59375 0.4185185185185185 0.6390625 0.4185185185185185 0.6390625 0.45 0.59375 0.45
2 0.6348958333333333 0.3314814814814815 0.6677083333333333 0.3314814814814815 0.6677083333333333 0.35 0.6348958333333333 0.35
2 0.6473958333333333 0.3194444444444444 0.6791666666666667 0.3194444444444444 0.6791666666666667 0.3351851851851852 0.6473958333333333 0.3351851851851852
2 0.6432291666666666 0.39814814814814814 0.6744791666666666 0.39814814814814814 0.6744791666666666 0.41574074074074074 0.6432291666666666 0.41574074074074074
2 0.6567708333333333 0.387037037037037 0.6838541666666667 0.387037037037037 0.6838541666666667 0.4009259259259259 0.6567708333333333 0.4009259259259259
2 0.671875 0.37962962962962965 0.6932291666666667 0.37962962962962965 0.6932291666666667 0.3925925925925926 0.671875 0.3925925925925926
2 0.6708333333333333 0.34629629629629627 0.6973958333333333 0.34629629629629627 0.6973958333333333 0.3574074074074074 0.6708333333333333 0.3574074074074074
2 0.6427083333333333 0.4648148148148148 0.6755208333333333 0.4648148148148148 0.6755208333333333 0.48703703703703705 0.6427083333333333 0.48703703703703705
2 0.6739583333333333 0.45925925925925926 0.6979166666666666 0.45925925925925926 0.6979166666666666 0.47962962962962963 0.6739583333333333 0.47962962962962963
2 0.671875 0.42685185185185187 0.6979166666666666 0.42685185185185187 0.6979166666666666 0.44814814814814813 0.671875 0.44814814814814813
2 0.6880208333333333 0.4388888888888889 0.7078125 0.4388888888888889 0.7078125 0.45740740740740743 0.6880208333333333 0.45740740740740743
2 0.6708333333333333 0.40925925925925927 0.6921875 0.40925925925925927 0.6921875 0.425 0.6708333333333333 0.425
2 0.6890625 0.4046296296296296 0.7072916666666667 0.4046296296296296 0.7072916666666667 0.41944444444444445 0.6890625 0.41944444444444445
2 0.6619791666666667 0.6509259259259259 0.6921875 0.6509259259259259 0.6921875 0.6722222222222223 0.6619791666666667 0.6722222222222223
2 0.6885416666666667 0.6898148148148148 0.7041666666666667 0.6898148148148148 0.7041666666666667 0.7018518518518518 0.6885416666666667 0.7018518518518518
2 0.6572916666666667 0.6888888888888889 0.6854166666666667 0.6888888888888889 0.6854166666666667 0.7166666666666667 0.6572916666666667 0.7166666666666667
2 0.6427083333333333 0.7620370370370371 0.6713541666666667 0.7620370370370371 0.6713541666666667 0.7888888888888889 0.6427083333333333 0.7888888888888889
2 0.6192708333333333 0.7277777777777777 0.6567708333333333 0.7277777777777777 0.6567708333333333 0.7611111111111111 0.6192708333333333 0.7611111111111111
1 0.6838541666666667 0.7361111111111112 0.7135416666666666 0.7361111111111112 0.7135416666666666 0.8361111111111111 0.6838541666666667 0.8361111111111111