1 0.4109375 0.9268518518518518 0.5135416666666667 0.9268518518518518 0.5135416666666667 1 0.4109375 1
1 0.3380208333333333 0.3212962962962963 0.3854166666666667 0.3212962962962963 0.3854166666666667 0.41203703703703703 0.3380208333333333 0.41203703703703703
1 0.328125 0.7037037037037037 0.3640625 0.7037037037037037 0.3640625 0.8092592592592592 0.328125 0.8092592592592592
1 0.3416666666666667 0.5287037037037037 0.3854166666666667 0.5287037037037037 0.3854166666666667 0.6185185185185185 0.3416666666666667 0.6185185185185185
1 0.2984375 0.4 0.321875 0.4 0.321875 0.45092592592592595 0.2984375 0.45092592592592595
1 0.3015625 0.15 0.3255208333333333 0.15 0.3255208333333333 0.2361111111111111 0.3015625 0.2361111111111111
2 0.5338541666666666 0.9314814814814815 0.6380208333333334 0.9314814814814815 0.6380208333333334 1 0.5338541666666666 1
2 0.65 0.7870370370370371 0.7645833333333333 0.7870370370370371 0.7645833333333333 0.9083333333333333 0.65 0.9083333333333333
2 0.5041666666666667 0.7925925925925926 0.5885416666666666 0.7925925925925926 0.5885416666666666 0.875 0.5041666666666667 0.875
2 0.446875 0.8629629629629629 0.5109375 0.8629629629629629 0.5109375 0.9074074074074074 0.446875 0.9074074074074074
2 0.4510416666666667 0.7648148148148148 0.5135416666666667 0.7648148148148148 0.5135416666666667 0.8324074074074074 0.4510416666666667 0.8324074074074074
2 0.41510416666666666 0.7212962962962963 0.4630208333333333 0.7212962962962963 0.4630208333333333 0.7833333333333333 0.41510416666666666 0.7833333333333333
2 0.4203125 0.6462962962962963 0.4744791666666667 0.6462962962962963 0.4744791666666667 0.6916666666666667 0.4203125 0.6916666666666667
2 0.37083333333333335 0.6990740740740741 0.40677083333333336 0.6990740740740741 0.40677083333333336 0.7398148148148148 0.37083333333333335 0.7398148148148148
2 0.34427083333333336 0.687962962962963 0.3729166666666667 0.687962962962963 0.3729166666666667 0.7222222222222222 0.34427083333333336 0.7222222222222222
2 0.3625 0.6416666666666667 0.3963541666666667 0.6416666666666667 0.3963541666666667 0.6824074074074075 0.3625 0.6824074074074075
2 0.31979166666666664 0.6407407407407407 0.34427083333333336 0.6407407407407407 0.34427083333333336 0.6694444444444444 0.31979166666666664 0.6694444444444444
2 0.3265625 0.6203703703703703 0.3536458333333333 0.6203703703703703 0.3536458333333333 0.6407407407407407 0.3265625 0.6407407407407407
2 0.31145833333333334 0.6 0.334375 0.6 0.334375 0.6185185185185185 0.31145833333333334 0.6185185185185185
2 0.3885416666666667 0.2074074074074074 0.43020833333333336 0.2074074074074074 0.43020833333333336 0.2490740740740741 0.3885416666666667 0.2490740740740741
2 0.32916666666666666 0.4527777777777778 0.3567708333333333 0.4527777777777778 0.3567708333333333 0.4962962962962963 0.32916666666666666 0.4962962962962963
2 0.3078125 0.5453703703703704 0.33177083333333335 0.5453703703703704 0.33177083333333335 0.5657407407407408 0.3078125 0.5657407407407408
2 0.3067708333333333 0.5777777777777777 0.32864583333333336 0.5777777777777777 0.32864583333333336 0.5962962962962963 0.3067708333333333 0.5962962962962963
2 0.2890625 0.6527777777777778 0.3072916666666667 0.6527777777777778 0.3072916666666667 0.674074074074074 0.2890625 0.674074074074074
2 0.3 0.6222222222222222 0.3171875 0.6222222222222222 0.3171875 0.637962962962963 0.3 0.637962962962963
2 0.290625 0.5842592592592593 0.30364583333333334 0.5842592592592593 0.30364583333333334 0.5962962962962963 0.290625 0.5962962962962963
2 0.2859375 0.549074074074074 0.30364583333333334 0.549074074074074 0.30364583333333334 0.562962962962963 0.2859375 0.562962962962963
2 0.3026041666666667 0.3574074074074074 0.32708333333333334 0.3574074074074074 0.32708333333333334 0.37592592592592594 0.3026041666666667 0.37592592592592594
2 0.29270833333333335 0.3425925925925926 0.31302083333333336 0.3425925925925926 0.31302083333333336 0.35833333333333334 0.29270833333333335 0.35833333333333334
2 0.3026041666666667 0.32407407407407407 0.3260416666666667 0.32407407407407407 0.3260416666666667 0.34814814814814815 0.3026041666666667 0.34814814814814815