1 0.3203125 0.7175925925925926 0.35833333333333334 0.7175925925925926 0.35833333333333334 0.8222222222222222 0.3203125 0.8222222222222222
1 0.3953125 0.9092592592592592 0.49947916666666664 0.9092592592592592 0.49947916666666664 1 0.3953125 1
2 0.434375 0 0.496875 0 0.496875 0.07037037037037037 0.434375 0.07037037037037037
2 0.31875 0.3768518518518518 0.346875 0.3768518518518518 0.346875 0.44074074074074077 0.31875 0.44074074074074077
2 0.509375 0.7231481481481481 0.6135416666666667 0.7231481481481481 0.6135416666666667 0.8203703703703704 0.509375 0.8203703703703704
2 0.3651041666666667 0.6731481481481482 0.4125 0.6731481481481482 0.4125 0.7324074074074074 0.3651041666666667 0.7324074074074074
2 0.3536458333333333 0.5537037037037037 0.4 0.5537037037037037 0.4 0.5990740740740741 0.3536458333333333 0.5990740740740741
2 0.3927083333333333 0.6259259259259259 0.45208333333333334 0.6259259259259259 0.45208333333333334 0.6805555555555556 0.3927083333333333 0.6805555555555556
2 0.5302083333333333 0.5851851851851851 0.6421875 0.5851851851851851 0.6421875 0.6666666666666666 0.5302083333333333 0.6666666666666666
2 0.3046875 0.6037037037037037 0.32916666666666666 0.6037037037037037 0.32916666666666666 0.6296296296296297 0.3046875 0.6296296296296297
2 0.3182291666666667 0.6537037037037037 0.34479166666666666 0.6537037037037037 0.34479166666666666 0.687037037037037 0.3182291666666667 0.687037037037037
2 0.30416666666666664 0.5111111111111111 0.33125 0.5111111111111111 0.33125 0.5407407407407407 0.30416666666666664 0.5407407407407407
2 0.3536458333333333 0.6092592592592593 0.39895833333333336 0.6092592592592593 0.39895833333333336 0.6518518518518519 0.3536458333333333 0.6518518518518519
2 0.3578125 0.2324074074074074 0.4010416666666667 0.2324074074074074 0.4010416666666667 0.27685185185185185 0.3578125 0.27685185185185185
2 0.3578125 0.1814814814814815 0.39791666666666664 0.1814814814814815 0.39791666666666664 0.2212962962962963 0.3578125 0.2212962962962963
2 0.30520833333333336 0.3398148148148148 0.3307291666666667 0.3398148148148148 0.3307291666666667 0.3685185185185185 0.30520833333333336 0.3685185185185185
2 0.30104166666666665 0.5537037037037037 0.321875 0.5537037037037037 0.321875 0.5768518518518518 0.30104166666666665 0.5768518518518518
2 0.29375 0.31666666666666665 0.3203125 0.31666666666666665 0.3203125 0.34814814814814815 0.29375 0.34814814814814815
2 0.31979166666666664 0.5675925925925925 0.3463541666666667 0.5675925925925925 0.3463541666666667 0.5953703703703703 0.31979166666666664 0.5953703703703703
2 0.28802083333333334 0.37592592592592594 0.30833333333333335 0.37592592592592594 0.30833333333333335 0.4027777777777778 0.28802083333333334 0.4027777777777778
2 0.31875 0.25 0.35520833333333335 0.25 0.35520833333333335 0.275 0.31875 0.275
2 0.346875 0.6666666666666666 0.3848958333333333 0.6666666666666666 0.3848958333333333 0.6953703703703704 0.346875 0.6953703703703704