1 0.4125 0.9287037037037037 0.5140625 0.9287037037037037 0.5140625 1 0.4125 1
1 0.34739583333333335 0.3148148148148148 0.3984375 0.3148148148148148 0.3984375 0.4083333333333333 0.34739583333333335 0.4083333333333333
1 0.33697916666666666 0.5388888888888889 0.3776041666666667 0.5388888888888889 0.3776041666666667 0.6157407407407407 0.33697916666666666 0.6157407407407407
1 0.3302083333333333 0.7083333333333334 0.3651041666666667 0.7083333333333334 0.3651041666666667 0.812962962962963 0.3302083333333333 0.812962962962963
1 0.30104166666666665 0.3972222222222222 0.32760416666666664 0.3972222222222222 0.32760416666666664 0.45 0.30104166666666665 0.45
2 0.5578125 0.8537037037037037 0.671875 0.8537037037037037 0.671875 0.9768518518518519 0.5578125 0.9768518518518519
2 0.5640625 0.75 0.6791666666666667 0.75 0.6791666666666667 0.8555555555555555 0.5640625 0.8555555555555555
2 0.628125 0.6407407407407407 0.771875 0.6407407407407407 0.771875 0.8379629629629629 0.628125 0.8379629629629629
2 0.39739583333333334 0.16018518518518518 0.4588541666666667 0.16018518518518518 0.4588541666666667 0.23148148148148148 0.39739583333333334 0.23148148148148148
2 0.5026041666666666 0.8722222222222222 0.5677083333333334 0.8722222222222222 0.5677083333333334 0.9472222222222222 0.5026041666666666 0.9472222222222222
2 0.46510416666666665 0.7722222222222223 0.546875 0.7722222222222223 0.546875 0.8287037037037037 0.46510416666666665 0.8287037037037037
2 0.40677083333333336 0.8444444444444444 0.4421875 0.8444444444444444 0.4421875 0.887962962962963 0.40677083333333336 0.887962962962963
2 0.4244791666666667 0.8064814814814815 0.4791666666666667 0.8064814814814815 0.4791666666666667 0.8675925925925926 0.4244791666666667 0.8675925925925926
2 0.425 0.7333333333333333 0.4921875 0.7333333333333333 0.4921875 0.7777777777777778 0.425 0.7777777777777778
2 0.39895833333333336 0.7046296296296296 0.4484375 0.7046296296296296 0.4484375 0.7462962962962963 0.39895833333333336 0.7462962962962963
2 0.3932291666666667 0.6277777777777778 0.4515625 0.6277777777777778 0.4515625 0.6814814814814815 0.3932291666666667 0.6814814814814815
2 0.3567708333333333 0.6833333333333333 0.39947916666666666 0.6833333333333333 0.39947916666666666 0.7268518518518519 0.3567708333333333 0.7268518518518519
2 0.334375 0.6805555555555556 0.36875 0.6805555555555556 0.36875 0.7046296296296296 0.334375 0.7046296296296296
2 0.34322916666666664 0.6416666666666667 0.37916666666666665 0.6416666666666667 0.37916666666666665 0.6694444444444444 0.34322916666666664 0.6694444444444444
2 0.3125 0.6398148148148148 0.34010416666666665 0.6398148148148148 0.34010416666666665 0.6666666666666666 0.3125 0.6666666666666666
2 0.3177083333333333 0.6175925925925926 0.35260416666666666 0.6175925925925926 0.35260416666666666 0.6435185185185185 0.3177083333333333 0.6435185185185185
2 0.30104166666666665 0.5990740740740741 0.3328125 0.5990740740740741 0.3328125 0.6138888888888889 0.30104166666666665 0.6138888888888889
2 0.2984375 0.5740740740740741 0.3234375 0.5740740740740741 0.3234375 0.5972222222222222 0.2984375 0.5972222222222222
2 0.2994791666666667 0.5388888888888889 0.32760416666666664 0.5388888888888889 0.32760416666666664 0.5657407407407408 0.2994791666666667 0.5657407407407408
2 0.29322916666666665 0.6138888888888889 0.31354166666666666 0.6138888888888889 0.31354166666666666 0.6305555555555555 0.29322916666666665 0.6305555555555555
2 0.32760416666666664 0.4546296296296296 0.35833333333333334 0.4546296296296296 0.35833333333333334 0.5064814814814815 0.32760416666666664 0.5064814814814815
2 0.3109375 0.34814814814814815 0.33958333333333335 0.34814814814814815 0.33958333333333335 0.37777777777777777 0.3109375 0.37777777777777777
2 0.30520833333333336 0.31851851851851853 0.3333333333333333 0.31851851851851853 0.3333333333333333 0.33796296296296297 0.30520833333333336 0.33796296296296297
2 0.29583333333333334 0.33240740740740743 0.3203125 0.33240740740740743 0.3203125 0.35185185185185186 0.29583333333333334 0.35185185185185186