1 0.4083333333333333 0.9296296296296296 0.5135416666666667 0.9296296296296296 0.5135416666666667 1 0.4083333333333333 1
1 0.34270833333333334 0.5314814814814814 0.3932291666666667 0.5314814814814814 0.3932291666666667 0.6231481481481481 0.34270833333333334 0.6231481481481481
1 0.3265625 0.7092592592592593 0.36354166666666665 0.7092592592592593 0.36354166666666665 0.8138888888888889 0.3265625 0.8138888888888889
1 0.3333333333333333 0.32407407407407407 0.3776041666666667 0.32407407407407407 0.3776041666666667 0.412962962962963 0.3333333333333333 0.412962962962963
1 0.2953125 0.3972222222222222 0.3177083333333333 0.3972222222222222 0.3177083333333333 0.44907407407407407 0.2953125 0.44907407407407407
1 0.30104166666666665 0.14444444444444443 0.325 0.14444444444444443 0.325 0.23055555555555557 0.30104166666666665 0.23055555555555557
2 0.5708333333333333 0.9703703703703703 0.6739583333333333 0.9703703703703703 0.6739583333333333 1 0.5708333333333333 1
2 0.5369791666666667 0.8268518518518518 0.6302083333333334 0.8268518518518518 0.6302083333333334 0.9064814814814814 0.5369791666666667 0.9064814814814814
2 0.46197916666666666 0.8787037037037037 0.5239583333333333 0.8787037037037037 0.5239583333333333 0.9398148148148148 0.46197916666666666 0.9398148148148148
2 0.459375 0.7638888888888888 0.5364583333333334 0.7638888888888888 0.5364583333333334 0.8518518518518519 0.459375 0.8518518518518519
2 0.42083333333333334 0.7361111111111112 0.484375 0.7361111111111112 0.484375 0.7898148148148149 0.42083333333333334 0.7898148148148149
2 0.421875 0.6527777777777778 0.4875 0.6527777777777778 0.4875 0.7185185185185186 0.421875 0.7185185185185186
2 0.36875 0.7148148148148148 0.4114583333333333 0.7148148148148148 0.4114583333333333 0.7527777777777778 0.36875 0.7527777777777778
2 0.3380208333333333 0.6935185185185185 0.3796875 0.6935185185185185 0.3796875 0.7268518518518519 0.3380208333333333 0.7268518518518519
2 0.3651041666666667 0.649074074074074 0.40520833333333334 0.649074074074074 0.40520833333333334 0.6787037037037037 0.3651041666666667 0.6787037037037037
2 0.3255208333333333 0.6222222222222222 0.3614583333333333 0.6222222222222222 0.3614583333333333 0.6472222222222223 0.3255208333333333 0.6472222222222223
2 0.3140625 0.6472222222222223 0.34791666666666665 0.6472222222222223 0.34791666666666665 0.6685185185185185 0.3140625 0.6685185185185185
2 0.2828125 0.6564814814814814 0.3067708333333333 0.6564814814814814 0.3067708333333333 0.6768518518518518 0.2828125 0.6768518518518518
2 0.2947916666666667 0.6194444444444445 0.321875 0.6194444444444445 0.321875 0.6388888888888888 0.2947916666666667 0.6388888888888888
2 0.30520833333333336 0.6 0.33541666666666664 0.6 0.33541666666666664 0.6166666666666667 0.30520833333333336 0.6166666666666667
2 0.3026041666666667 0.5722222222222222 0.33177083333333335 0.5722222222222222 0.33177083333333335 0.5972222222222222 0.3026041666666667 0.5972222222222222
2 0.30572916666666666 0.5425925925925926 0.32864583333333336 0.5425925925925926 0.32864583333333336 0.5657407407407408 0.30572916666666666 0.5657407407407408
2 0.3229166666666667 0.4546296296296296 0.3572916666666667 0.4546296296296296 0.3572916666666667 0.5009259259259259 0.3229166666666667 0.5009259259259259
2 0.3697916666666667 0.22407407407407406 0.415625 0.22407407407407406 0.415625 0.2611111111111111 0.3697916666666667 0.2611111111111111
2 0.2994791666666667 0.362962962962963 0.3255208333333333 0.362962962962963 0.3255208333333333 0.3814814814814815 0.2994791666666667 0.3814814814814815
2 0.2994791666666667 0.32222222222222224 0.32447916666666665 0.32222222222222224 0.32447916666666665 0.3490740740740741 0.2994791666666667 0.3490740740740741
2 0.28854166666666664 0.3472222222222222 0.31145833333333334 0.3472222222222222 0.31145833333333334 0.36203703703703705 0.28854166666666664 0.36203703703703705
2 0.29270833333333335 0.5805555555555556 0.3067708333333333 0.5805555555555556 0.3067708333333333 0.5972222222222222 0.29270833333333335 0.5972222222222222
2 0.2828125 0.549074074074074 0.3067708333333333 0.549074074074074 0.3067708333333333 0.5657407407407408 0.2828125 0.5657407407407408
2 0.28020833333333334 0.5333333333333333 0.3015625 0.5333333333333333 0.3015625 0.5453703703703704 0.28020833333333334 0.5453703703703704
2 0.27760416666666665 0.5074074074074074 0.2989583333333333 0.5074074074074074 0.2989583333333333 0.5212962962962963 0.27760416666666665 0.5212962962962963