1 0.14427083333333332 0.3138888888888889 0.26927083333333335 0.3138888888888889 0.26927083333333335 0.48703703703703705 0.14427083333333332 0.48703703703703705
1 0.3229166666666667 0.17407407407407408 0.39010416666666664 0.17407407407407408 0.39010416666666664 0.2351851851851852 0.3229166666666667 0.2351851851851852
2 0.21979166666666666 0.6037037037037037 0.2911458333333333 0.6037037037037037 0.2911458333333333 0.8166666666666667 0.21979166666666666 0.8166666666666667
2 0.14010416666666667 0.8379629629629629 0.2234375 0.8379629629629629 0.2234375 0.9953703703703703 0.14010416666666667 0.9953703703703703
2 0.06458333333333334 0.7444444444444445 0.15 0.7444444444444445 0.15 0.9842592592592593 0.06458333333333334 0.9842592592592593
2 0.9161458333333333 0.7092592592592593 0.9932291666666667 0.7092592592592593 0.9932291666666667 0.9148148148148149 0.9161458333333333 0.9148148148148149
2 0.7671875 0.5768518518518518 0.8197916666666667 0.5768518518518518 0.8197916666666667 0.7379629629629629 0.7671875 0.7379629629629629
2 0.30416666666666664 0.4203703703703704 0.34375 0.4203703703703704 0.34375 0.5444444444444444 0.30416666666666664 0.5444444444444444
2 0.5927083333333333 0.3148148148148148 0.6255208333333333 0.3148148148148148 0.6255208333333333 0.4074074074074074 0.5927083333333333 0.4074074074074074
2 0.6546875 0.31666666666666665 0.6817708333333333 0.31666666666666665 0.6817708333333333 0.41574074074074074 0.6546875 0.41574074074074074
2 0.37604166666666666 0.3037037037037037 0.40572916666666664 0.3037037037037037 0.40572916666666664 0.4046296296296296 0.37604166666666666 0.4046296296296296
2 0.5546875 0.125 0.5713541666666667 0.125 0.5713541666666667 0.1675925925925926 0.5546875 0.1675925925925926
2 0.5979166666666667 0.16018518518518518 0.615625 0.16018518518518518 0.615625 0.20185185185185187 0.5979166666666667 0.20185185185185187
2 0.6541666666666667 0.4740740740740741 0.7010416666666667 0.4740740740740741 0.7010416666666667 0.6129629629629629 0.6541666666666667 0.6129629629629629
2 0.3921875 0.23796296296296296 0.415625 0.23796296296296296 0.415625 0.3 0.3921875 0.3
2 0.6197916666666666 0.20185185185185187 0.6552083333333333 0.20185185185185187 0.6552083333333333 0.25555555555555554 0.6197916666666666 0.25555555555555554
2 0.42291666666666666 0.25555555555555554 0.45208333333333334 0.25555555555555554 0.45208333333333334 0.3453703703703704 0.42291666666666666 0.3453703703703704
2 0.5583333333333333 0.22592592592592592 0.5833333333333334 0.22592592592592592 0.5833333333333334 0.29444444444444445 0.5583333333333333 0.29444444444444445
2 0.4979166666666667 0.1638888888888889 0.5296875 0.1638888888888889 0.5296875 0.22777777777777777 0.4979166666666667 0.22777777777777777