1 0.40520833333333334 0.9148148148148149 0.5057291666666667 0.9148148148148149 0.5057291666666667 1 0.40520833333333334 1
1 0.4161458333333333 0.5509259259259259 0.5041666666666667 0.5509259259259259 0.5041666666666667 0.6907407407407408 0.4161458333333333 0.6907407407407408
1 0.32083333333333336 0.6990740740740741 0.35625 0.6990740740740741 0.35625 0.8018518518518518 0.32083333333333336 0.8018518518518518
1 0.296875 0.35 0.32708333333333334 0.35 0.32708333333333334 0.412962962962963 0.296875 0.412962962962963
1 0.29322916666666665 0.14074074074074075 0.3177083333333333 0.14074074074074075 0.3177083333333333 0.22037037037037038 0.29322916666666665 0.22037037037037038
2 0.4625 0.8981481481481481 0.5510416666666667 0.8981481481481481 0.5510416666666667 0.9537037037037037 0.4625 0.9537037037037037
2 0.5119791666666667 0.8055555555555556 0.60625 0.8055555555555556 0.60625 0.8722222222222222 0.5119791666666667 0.8722222222222222
2 0.38958333333333334 0.7685185185185185 0.4505208333333333 0.7685185185185185 0.4505208333333333 0.8194444444444444 0.38958333333333334 0.8194444444444444
2 0.384375 0.6814814814814815 0.4421875 0.6814814814814815 0.4421875 0.7129629629629629 0.384375 0.7129629629629629
2 0.3494791666666667 0.6787037037037037 0.38958333333333334 0.6787037037037037 0.38958333333333334 0.7287037037037037 0.3494791666666667 0.7287037037037037
2 0.40260416666666665 0.062037037037037036 0.4557291666666667 0.062037037037037036 0.4557291666666667 0.11203703703703703 0.40260416666666665 0.11203703703703703
2 0.3614583333333333 0.15555555555555556 0.4041666666666667 0.15555555555555556 0.4041666666666667 0.19444444444444445 0.3614583333333333 0.19444444444444445
2 0.33541666666666664 0.6222222222222222 0.36822916666666666 0.6222222222222222 0.36822916666666666 0.6518518518518519 0.33541666666666664 0.6518518518518519
2 0.3125 0.6416666666666667 0.3484375 0.6416666666666667 0.3484375 0.6759259259259259 0.3125 0.6759259259259259
2 0.32708333333333334 0.5861111111111111 0.353125 0.5861111111111111 0.353125 0.6018518518518519 0.32708333333333334 0.6018518518518519
2 0.34427083333333336 0.5574074074074075 0.38333333333333336 0.5574074074074075 0.38333333333333336 0.5935185185185186 0.34427083333333336 0.5935185185185186
2 0.303125 0.6027777777777777 0.33125 0.6027777777777777 0.33125 0.6212962962962963 0.303125 0.6212962962962963
2 0.2916666666666667 0.649074074074074 0.31145833333333334 0.649074074074074 0.31145833333333334 0.674074074074074 0.2916666666666667 0.674074074074074
2 0.278125 0.6435185185185185 0.2953125 0.6435185185185185 0.2953125 0.6592592592592592 0.278125 0.6592592592592592
2 0.3177083333333333 0.3814814814814815 0.35520833333333335 0.3814814814814815 0.35520833333333335 0.44722222222222224 0.3177083333333333 0.44722222222222224
2 0.29270833333333335 0.49166666666666664 0.31666666666666665 0.49166666666666664 0.31666666666666665 0.5120370370370371 0.29270833333333335 0.5120370370370371
2 0.2953125 0.5361111111111111 0.31927083333333334 0.5361111111111111 0.31927083333333334 0.549074074074074 0.2953125 0.549074074074074
2 0.3 0.5574074074074075 0.33177083333333335 0.5574074074074075 0.33177083333333335 0.5777777777777777 0.3 0.5777777777777777
2 0.2947916666666667 0.5888888888888889 0.3151041666666667 0.5888888888888889 0.3151041666666667 0.6046296296296296 0.2947916666666667 0.6046296296296296
2 0.2828125 0.5574074074074075 0.3020833333333333 0.5574074074074075 0.3020833333333333 0.5740740740740741 0.2828125 0.5740740740740741
2 0.3026041666666667 0.2953703703703704 0.3328125 0.2953703703703704 0.3328125 0.3148148148148148 0.3026041666666667 0.3148148148148148