1 0.12708333333333333 0.3537037037037037 0.2557291666666667 0.3537037037037037 0.2557291666666667 0.5277777777777778 0.12708333333333333 0.5277777777777778
1 0.5619791666666667 0.3787037037037037 0.6515625 0.3787037037037037 0.6515625 0.524074074074074 0.5619791666666667 0.524074074074074
1 0.3125 0.49722222222222223 0.4296875 0.49722222222222223 0.4296875 0.6962962962962963 0.3125 0.6962962962962963
1 0.44635416666666666 0.16666666666666666 0.4791666666666667 0.16666666666666666 0.4791666666666667 0.2212962962962963 0.44635416666666666 0.2212962962962963
1 0.3182291666666667 0.2064814814814815 0.37447916666666664 0.2064814814814815 0.37447916666666664 0.2712962962962963 0.3182291666666667 0.2712962962962963
1 0.8838541666666667 0.24722222222222223 0.9630208333333333 0.24722222222222223 0.9630208333333333 0.3287037037037037 0.8838541666666667 0.3287037037037037
1 0.6447916666666667 0.15925925925925927 0.6890625 0.15925925925925927 0.6890625 0.20092592592592592 0.6447916666666667 0.20092592592592592
2 0.20729166666666668 0.6305555555555555 0.2609375 0.6305555555555555 0.2609375 0.7518518518518519 0.20729166666666668 0.7518518518518519
1 0.5302083333333333 0.19907407407407407 0.5677083333333334 0.19907407407407407 0.5677083333333334 0.2564814814814815 0.5302083333333333 0.2564814814814815
2 0.3859375 0.6555555555555556 0.4588541666666667 0.6555555555555556 0.4588541666666667 0.8759259259259259 0.3859375 0.8759259259259259
2 0 0.6814814814814815 0.0640625 0.6814814814814815 0.0640625 0.8796296296296297 0 0.8796296296296297
2 0.0609375 0.6851851851851852 0.13958333333333334 0.6851851851851852 0.13958333333333334 0.9259259259259259 0.0609375 0.9259259259259259
2 0.28177083333333336 0.3638888888888889 0.3078125 0.3638888888888889 0.3078125 0.4981481481481482 0.28177083333333336 0.4981481481481482
2 0.3020833333333333 0.31851851851851853 0.33489583333333334 0.31851851851851853 0.33489583333333334 0.42314814814814816 0.3020833333333333 0.42314814814814816
2 0.30885416666666665 0.4212962962962963 0.35104166666666664 0.4212962962962963 0.35104166666666664 0.524074074074074 0.30885416666666665 0.524074074074074
2 0.35572916666666665 0.35833333333333334 0.3723958333333333 0.35833333333333334 0.3723958333333333 0.4537037037037037 0.35572916666666665 0.4537037037037037
2 0.3385416666666667 0.30092592592592593 0.36354166666666665 0.30092592592592593 0.36354166666666665 0.37407407407407406 0.3385416666666667 0.37407407407407406
2 0.37604166666666666 0.27314814814814814 0.3890625 0.27314814814814814 0.3890625 0.3648148148148148 0.37604166666666666 0.3648148148148148
2 0.34375 0.24444444444444444 0.35885416666666664 0.24444444444444444 0.35885416666666664 0.31574074074074077 0.34375 0.31574074074074077
2 0.35520833333333335 0.2490740740740741 0.3734375 0.2490740740740741 0.3734375 0.33055555555555555 0.35520833333333335 0.33055555555555555
2 0.3963541666666667 0.29444444444444445 0.4161458333333333 0.29444444444444445 0.4161458333333333 0.39351851851851855 0.3963541666666667 0.39351851851851855
2 0.4203125 0.30925925925925923 0.44895833333333335 0.30925925925925923 0.44895833333333335 0.4064814814814815 0.4203125 0.4064814814814815
2 0.4479166666666667 0.2675925925925926 0.47604166666666664 0.2675925925925926 0.47604166666666664 0.3675925925925926 0.4479166666666667 0.3675925925925926
2 0.3927083333333333 0.2518518518518518 0.4171875 0.2518518518518518 0.4171875 0.3148148148148148 0.3927083333333333 0.3148148148148148
2 0.39427083333333335 0.22407407407407406 0.41302083333333334 0.22407407407407406 0.41302083333333334 0.2861111111111111 0.39427083333333335 0.2861111111111111
2 0.415625 0.225 0.44479166666666664 0.225 0.44479166666666664 0.2916666666666667 0.415625 0.2916666666666667
2 0.403125 0.19444444444444445 0.42239583333333336 0.19444444444444445 0.42239583333333336 0.2361111111111111 0.403125 0.2361111111111111
2 0.403125 0.17592592592592593 0.4161458333333333 0.17592592592592593 0.4161458333333333 0.22314814814814815 0.403125 0.22314814814814815
2 0.41822916666666665 0.17592592592592593 0.4375 0.17592592592592593 0.4375 0.23055555555555557 0.41822916666666665 0.23055555555555557
2 0.5947916666666667 0.24259259259259258 0.6140625 0.24259259259259258 0.6140625 0.32407407407407407 0.5947916666666667 0.32407407407407407
2 0.6197916666666666 0.22314814814814815 0.6442708333333333 0.22314814814814815 0.6442708333333333 0.2916666666666667 0.6197916666666666 0.2916666666666667
2 0.60625 0.18981481481481483 0.6265625 0.18981481481481483 0.6265625 0.24814814814814815 0.60625 0.24814814814814815
2 0.49375 0.19814814814814816 0.5244791666666667 0.19814814814814816 0.5244791666666667 0.2777777777777778 0.49375 0.2777777777777778