1 0.39427083333333335 0.9055555555555556 0.49270833333333336 0.9055555555555556 0.49270833333333336 1 0.39427083333333335 1
1 0.315625 0.6953703703703704 0.3515625 0.6953703703703704 0.3515625 0.812962962962963 0.315625 0.812962962962963
2 0.42083333333333334 0.10925925925925926 0.47760416666666666 0.10925925925925926 0.47760416666666666 0.17314814814814813 0.42083333333333334 0.17314814814814813
2 0.5651041666666666 0 0.665625 0 0.665625 0.030555555555555555 0.5651041666666666 0.030555555555555555
2 0.3421875 0.30833333333333335 0.38333333333333336 0.30833333333333335 0.38333333333333336 0.3490740740740741 0.3421875 0.3490740740740741
2 0.4796875 0.7694444444444445 0.5453125 0.7694444444444445 0.5453125 0.8472222222222222 0.4796875 0.8472222222222222
2 0.41875 0.6222222222222222 0.4895833333333333 0.6222222222222222 0.4895833333333333 0.6981481481481482 0.41875 0.6981481481481482
2 0.33229166666666665 0.5777777777777777 0.3734375 0.5777777777777777 0.3734375 0.6231481481481481 0.33229166666666665 0.6231481481481481
2 0.3203125 0.35648148148148145 0.3572916666666667 0.35648148148148145 0.3572916666666667 0.4074074074074074 0.3203125 0.4074074074074074
2 0.309375 0.2601851851851852 0.3390625 0.2601851851851852 0.3390625 0.29907407407407405 0.309375 0.29907407407407405
2 0.3171875 0.6203703703703703 0.34375 0.6203703703703703 0.34375 0.6527777777777778 0.3171875 0.6527777777777778
2 0.39010416666666664 0.2351851851851852 0.4390625 0.2351851851851852 0.4390625 0.2898148148148148 0.39010416666666664 0.2898148148148148
2 0.35208333333333336 0.2351851851851852 0.3890625 0.2351851851851852 0.3890625 0.2759259259259259 0.35208333333333336 0.2759259259259259
2 0.28854166666666664 0.33796296296296297 0.30885416666666665 0.33796296296296297 0.30885416666666665 0.3648148148148148 0.28854166666666664 0.3648148148148148
2 0.32395833333333335 0.18796296296296297 0.35520833333333335 0.18796296296296297 0.35520833333333335 0.22592592592592592 0.32395833333333335 0.22592592592592592