1 0.5 0 0.6 0 0.6 0.08981481481481482 0.5 0.08981481481481482
1 0.6453125 0.2 0.6807291666666667 0.2 0.6807291666666667 0.30462962962962964 0.6453125 0.30462962962962964
1 0.69375 0.5777777777777777 0.7203125 0.5777777777777777 0.7203125 0.6259259259259259 0.69375 0.6259259259259259
1 0.6833333333333333 0.7731481481481481 0.7083333333333334 0.7731481481481481 0.7083333333333334 0.8666666666666667 0.6833333333333333 0.8666666666666667
2 0.45260416666666664 0.23703703703703705 0.5286458333333334 0.23703703703703705 0.5286458333333334 0.29074074074074074 0.45260416666666664 0.29074074074074074
2 0.5083333333333333 0.13148148148148148 0.5791666666666667 0.13148148148148148 0.5791666666666667 0.2111111111111111 0.5083333333333333 0.2111111111111111
2 0.5411458333333333 0.25277777777777777 0.5963541666666666 0.25277777777777777 0.5963541666666666 0.2916666666666667 0.5411458333333333 0.2916666666666667
2 0.5739583333333333 0.225 0.6322916666666667 0.225 0.6322916666666667 0.2824074074074074 0.5739583333333333 0.2824074074074074
2 0.5432291666666667 0.34444444444444444 0.6026041666666667 0.34444444444444444 0.6026041666666667 0.38333333333333336 0.5432291666666667 0.38333333333333336
2 0.5708333333333333 0.7638888888888888 0.6328125 0.7638888888888888 0.6328125 0.8138888888888889 0.5708333333333333 0.8138888888888889
2 0.63125 0.7657407407407407 0.659375 0.7657407407407407 0.659375 0.7851851851851852 0.63125 0.7851851851851852
2 0.6604166666666667 0.7157407407407408 0.6890625 0.7157407407407408 0.6890625 0.7425925925925926 0.6604166666666667 0.7425925925925926
2 0.653125 0.6620370370370371 0.68125 0.6620370370370371 0.68125 0.6953703703703704 0.653125 0.6953703703703704
2 0.6546875 0.6203703703703703 0.6859375 0.6203703703703703 0.6859375 0.6574074074074074 0.6546875 0.6574074074074074
2 0.6270833333333333 0.31851851851851853 0.6635416666666667 0.31851851851851853 0.6635416666666667 0.35462962962962963 0.6270833333333333 0.35462962962962963
2 0.6104166666666667 0.3537037037037037 0.6578125 0.3537037037037037 0.6578125 0.38796296296296295 0.6104166666666667 0.38796296296296295
2 0.6296875 0.3851851851851852 0.6692708333333334 0.3851851851851852 0.6692708333333334 0.40370370370370373 0.6296875 0.40370370370370373
2 0.6364583333333333 0.42314814814814816 0.6744791666666666 0.42314814814814816 0.6744791666666666 0.44351851851851853 0.6364583333333333 0.44351851851851853
2 0.6333333333333333 0.4462962962962963 0.6703125 0.4462962962962963 0.6703125 0.48333333333333334 0.6333333333333333 0.48333333333333334
2 0.6671875 0.4675925925925926 0.6958333333333333 0.4675925925925926 0.6958333333333333 0.49166666666666664 0.6671875 0.49166666666666664
2 0.6828125 0.45925925925925926 0.7057291666666666 0.45925925925925926 0.7057291666666666 0.4740740740740741 0.6828125 0.4740740740740741
2 0.6734375 0.3296296296296296 0.6942708333333333 0.3296296296296296 0.6942708333333333 0.3453703703703704 0.6734375 0.3453703703703704
2 0.6635416666666667 0.3388888888888889 0.6932291666666667 0.3388888888888889 0.6932291666666667 0.3611111111111111 0.6635416666666667 0.3611111111111111
2 0.6546875 0.3537037037037037 0.684375 0.3537037037037037 0.684375 0.3768518518518518 0.6546875 0.3768518518518518
2 0.6739583333333333 0.38796296296296295 0.7 0.38796296296296295 0.7 0.3962962962962963 0.6739583333333333 0.3962962962962963
2 0.6703125 0.4046296296296296 0.6973958333333333 0.4046296296296296 0.6973958333333333 0.412962962962963 0.6703125 0.412962962962963
2 0.6640625 0.412962962962963 0.6885416666666667 0.412962962962963 0.6885416666666667 0.42962962962962964 0.6640625 0.42962962962962964
2 0.6838541666666667 0.4361111111111111 0.70625 0.4361111111111111 0.70625 0.4425925925925926 0.6838541666666667 0.4425925925925926
2 0.696875 0.43796296296296294 0.7166666666666667 0.43796296296296294 0.7166666666666667 0.45185185185185184 0.696875 0.45185185185185184