1 0.38333333333333336 0.28055555555555556 0.4421875 0.28055555555555556 0.4421875 0.4046296296296296 0.38333333333333336 0.4046296296296296
1 0.415625 0.9305555555555556 0.5145833333333333 0.9305555555555556 0.5145833333333333 1 0.415625 1
1 0.3328125 0.7138888888888889 0.36875 0.7138888888888889 0.36875 0.8166666666666667 0.3328125 0.8166666666666667
1 0.31614583333333335 0.39351851851851855 0.34270833333333334 0.39351851851851855 0.34270833333333334 0.44907407407407407 0.31614583333333335 0.44907407407407407
1 0.31979166666666664 0.5453703703703704 0.35572916666666665 0.5453703703703704 0.35572916666666665 0.6101851851851852 0.31979166666666664 0.6101851851851852
1 0.3046875 0.1537037037037037 0.33125 0.1537037037037037 0.33125 0.24444444444444444 0.3046875 0.24444444444444444
2 0.5802083333333333 0.9148148148148149 0.6890625 0.9148148148148149 0.6890625 1 0.5802083333333333 1
2 0.4984375 0.9638888888888889 0.5854166666666667 0.9638888888888889 0.5854166666666667 1 0.4984375 1
2 0.4786458333333333 0.8287037037037037 0.571875 0.8287037037037037 0.571875 0.9037037037037037 0.4786458333333333 0.9037037037037037
2 0.44166666666666665 0.8611111111111112 0.49635416666666665 0.8611111111111112 0.49635416666666665 0.9138888888888889 0.44166666666666665 0.9138888888888889
2 0.4322916666666667 0.7768518518518519 0.4817708333333333 0.7768518518518519 0.4817708333333333 0.8435185185185186 0.4322916666666667 0.8435185185185186
2 0.4359375 0.7037037037037037 0.496875 0.7037037037037037 0.496875 0.7851851851851852 0.4359375 0.7851851851851852
2 0.44114583333333335 0.6111111111111112 0.5083333333333333 0.6111111111111112 0.5083333333333333 0.6777777777777778 0.44114583333333335 0.6777777777777778
2 0.44479166666666664 0.5305555555555556 0.5098958333333333 0.5305555555555556 0.5098958333333333 0.6157407407407407 0.44479166666666664 0.6157407407407407
2 0.3765625 0.7861111111111111 0.4192708333333333 0.7861111111111111 0.4192708333333333 0.812037037037037 0.3765625 0.812037037037037
2 0.38333333333333336 0.7638888888888888 0.43020833333333336 0.7638888888888888 0.43020833333333336 0.7907407407407407 0.38333333333333336 0.7907407407407407
2 0.40208333333333335 0.7083333333333334 0.43854166666666666 0.7083333333333334 0.43854166666666666 0.7583333333333333 0.40208333333333335 0.7583333333333333
2 0.39375 0.6796296296296296 0.43802083333333336 0.6796296296296296 0.43802083333333336 0.7194444444444444 0.39375 0.7194444444444444
2 0.365625 0.6814814814814815 0.3984375 0.6814814814814815 0.3984375 0.7129629629629629 0.365625 0.7129629629629629
2 0.3619791666666667 0.6231481481481481 0.40520833333333334 0.6231481481481481 0.40520833333333334 0.6518518518518519 0.3619791666666667 0.6518518518518519
2 0.3375 0.6611111111111111 0.3776041666666667 0.6611111111111111 0.3776041666666667 0.6759259259259259 0.3375 0.6759259259259259
2 0.315625 0.6601851851851852 0.35572916666666665 0.6601851851851852 0.35572916666666665 0.6861111111111111 0.315625 0.6861111111111111
2 0.321875 0.6222222222222222 0.3541666666666667 0.6222222222222222 0.3541666666666667 0.649074074074074 0.321875 0.649074074074074
2 0.3338541666666667 0.4675925925925926 0.3645833333333333 0.4675925925925926 0.3645833333333333 0.5046296296296297 0.3338541666666667 0.5046296296296297
2 0.503125 0.007407407407407408 0.5916666666666667 0.007407407407407408 0.5916666666666667 0.1 0.503125 0.1
1 0.6671875 0.7129629629629629 0.78125 0.7129629629629629 0.78125 1 0.6671875 1
2 0.3265625 0.3296296296296296 0.37135416666666665 0.3296296296296296 0.37135416666666665 0.36203703703703705 0.3265625 0.36203703703703705
2 0.32395833333333335 0.28888888888888886 0.3572916666666667 0.28888888888888886 0.3572916666666667 0.31574074074074077 0.32395833333333335 0.31574074074074077