1 0.5015625 0.6305555555555555 0.6255208333333333 0.6305555555555555 0.6255208333333333 0.8425925925925926 0.5015625 0.8425925925925926
1 0.41822916666666665 0.937037037037037 0.5182291666666666 0.937037037037037 0.5182291666666666 1 0.41822916666666665 1
1 0.4276041666666667 0.23333333333333334 0.5078125 0.23333333333333334 0.5078125 0.39351851851851855 0.4276041666666667 0.39351851851851855
1 0.3125 0.5361111111111111 0.34322916666666664 0.5361111111111111 0.34322916666666664 0.5962962962962963 0.3125 0.5962962962962963
1 0.33489583333333334 0.7194444444444444 0.37135416666666665 0.7194444444444444 0.37135416666666665 0.8240740740740741 0.33489583333333334 0.8240740740740741
1 0.32760416666666664 0.38333333333333336 0.3609375 0.38333333333333336 0.3609375 0.4462962962962963 0.32760416666666664 0.4462962962962963
1 0.30833333333333335 0.16296296296296298 0.33229166666666665 0.16296296296296298 0.33229166666666665 0.24444444444444444 0.30833333333333335 0.24444444444444444
2 0.5942708333333333 0.6092592592592593 0.7489583333333333 0.6092592592592593 0.7489583333333333 0.7314814814814815 0.5942708333333333 0.7314814814814815
2 0.5338541666666666 0.9157407407407407 0.6536458333333334 0.9157407407407407 0.6536458333333334 1 0.5338541666666666 1
2 0.4625 0.7953703703703704 0.5270833333333333 0.7953703703703704 0.5270833333333333 0.8305555555555556 0.4625 0.8305555555555556
2 0.42864583333333334 0.8518518518518519 0.5036458333333333 0.8518518518518519 0.5036458333333333 0.8935185185185185 0.42864583333333334 0.8935185185185185
2 0.4015625 0.8101851851851852 0.45729166666666665 0.8101851851851852 0.45729166666666665 0.8583333333333333 0.4015625 0.8583333333333333
2 0.41822916666666665 0.7333333333333333 0.47552083333333334 0.7333333333333333 0.47552083333333334 0.7731481481481481 0.41822916666666665 0.7731481481481481
2 0.3765625 0.5435185185185185 0.43802083333333336 0.5435185185185185 0.43802083333333336 0.5861111111111111 0.3765625 0.5861111111111111
2 0.39479166666666665 0.5925925925925926 0.45260416666666664 0.5925925925925926 0.45260416666666664 0.6324074074074074 0.39479166666666665 0.6324074074074074
2 0.38385416666666666 0.6527777777777778 0.43802083333333336 0.6527777777777778 0.43802083333333336 0.6888888888888889 0.38385416666666666 0.6888888888888889
2 0.37604166666666666 0.6944444444444444 0.4244791666666667 0.6944444444444444 0.4244791666666667 0.7296296296296296 0.37604166666666666 0.7296296296296296
2 0.3572916666666667 0.7555555555555555 0.38958333333333334 0.7555555555555555 0.38958333333333334 0.7796296296296297 0.3572916666666667 0.7796296296296297
2 0.35833333333333334 0.7203703703703703 0.4083333333333333 0.7203703703703703 0.4083333333333333 0.7546296296296297 0.35833333333333334 0.7546296296296297
2 0.3927083333333333 0.7574074074074074 0.42916666666666664 0.7574074074074074 0.42916666666666664 0.7916666666666666 0.3927083333333333 0.7916666666666666
2 0.34375 0.6175925925925926 0.3875 0.6175925925925926 0.3875 0.6388888888888888 0.34375 0.6388888888888888
2 0.3453125 0.6583333333333333 0.38125 0.6583333333333333 0.38125 0.6851851851851852 0.3453125 0.6851851851851852
2 0.3614583333333333 0.65 0.4010416666666667 0.65 0.4010416666666667 0.6972222222222222 0.3614583333333333 0.6972222222222222
2 0.33229166666666665 0.46944444444444444 0.36822916666666666 0.46944444444444444 0.36822916666666666 0.5101851851851852 0.33229166666666665 0.5101851851851852
2 0.3265625 0.6398148148148148 0.35104166666666664 0.6398148148148148 0.35104166666666664 0.6685185185185185 0.3265625 0.6685185185185185
2 0.31614583333333335 0.649074074074074 0.34479166666666666 0.649074074074074 0.34479166666666666 0.6731481481481482 0.31614583333333335 0.6731481481481482
2 0.3145833333333333 0.6064814814814815 0.34375 0.6064814814814815 0.34375 0.6342592592592593 0.3145833333333333 0.6342592592592593
2 0.35572916666666665 0.31666666666666665 0.39479166666666665 0.31666666666666665 0.39479166666666665 0.3472222222222222 0.35572916666666665 0.3472222222222222
2 0.3463541666666667 0.24351851851851852 0.38697916666666665 0.24351851851851852 0.38697916666666665 0.29074074074074074 0.3463541666666667 0.29074074074074074
2 0.325 0.2814814814814815 0.3614583333333333 0.2814814814814815 0.3614583333333333 0.30925925925925923 0.325 0.30925925925925923
2 0.31197916666666664 0.3175925925925926 0.34479166666666666 0.3175925925925926 0.34479166666666666 0.3398148148148148 0.31197916666666664 0.3398148148148148
2 0.3140625 0.36203703703703705 0.34427083333333336 0.36203703703703705 0.34427083333333336 0.3851851851851852 0.3140625 0.3851851851851852