1 0.5026041666666666 0 0.5989583333333334 0 0.5989583333333334 0.09444444444444444 0.5026041666666666 0.09444444444444444
1 0.6484375 0.18333333333333332 0.68125 0.18333333333333332 0.68125 0.30648148148148147 0.6484375 0.30648148148148147
2 0.4661458333333333 0.024074074074074074 0.546875 0.024074074074074074 0.546875 0.14537037037037037 0.4661458333333333 0.14537037037037037
2 0.546875 0.85 0.596875 0.85 0.596875 0.9138888888888889 0.546875 0.9138888888888889
2 0.3692708333333333 0.08703703703703704 0.4609375 0.08703703703703704 0.4609375 0.20092592592592592 0.3692708333333333 0.20092592592592592
2 0.5463541666666667 0.32314814814814813 0.60625 0.32314814814814813 0.60625 0.387037037037037 0.5463541666666667 0.387037037037037
2 0.6229166666666667 0.3101851851851852 0.659375 0.3101851851851852 0.659375 0.35185185185185186 0.6229166666666667 0.35185185185185186
2 0.534375 0.7722222222222223 0.5932291666666667 0.7722222222222223 0.5932291666666667 0.8398148148148148 0.534375 0.8398148148148148
2 0.603125 0.7555555555555555 0.6432291666666666 0.7555555555555555 0.6432291666666666 0.8018518518518518 0.603125 0.8018518518518518
2 0.6859375 0.38425925925925924 0.7072916666666667 0.38425925925925924 0.7072916666666667 0.40925925925925927 0.6859375 0.40925925925925927
2 0.6734375 0.5990740740740741 0.7010416666666667 0.5990740740740741 0.7010416666666667 0.6407407407407407 0.6734375 0.6407407407407407
2 0.6171875 0.37222222222222223 0.6510416666666666 0.37222222222222223 0.6510416666666666 0.41203703703703703 0.6171875 0.41203703703703703
2 0.6442708333333333 0.4148148148148148 0.6760416666666667 0.4148148148148148 0.6760416666666667 0.45185185185185184 0.6442708333333333 0.45185185185185184
2 0.6791666666666667 0.47129629629629627 0.7036458333333333 0.47129629629629627 0.7036458333333333 0.4981481481481482 0.6791666666666667 0.4981481481481482
2 0.5572916666666666 0.41203703703703703 0.6135416666666667 0.41203703703703703 0.6135416666666667 0.4648148148148148 0.5572916666666666 0.4648148148148148
2 0.6432291666666666 0.3287037037037037 0.6739583333333333 0.3287037037037037 0.6739583333333333 0.3685185185185185 0.6432291666666666 0.3685185185185185
2 0.6359375 0.6648148148148149 0.6640625 0.6648148148148149 0.6640625 0.6972222222222222 0.6359375 0.6972222222222222
2 0.21875 0.08518518518518518 0.37135416666666665 0.08518518518518518 0.37135416666666665 0.2111111111111111 0.21875 0.2111111111111111