1 0.33645833333333336 0.6361111111111111 0.47291666666666665 0.6361111111111111 0.47291666666666665 0.8981481481481481 0.33645833333333336 0.8981481481481481
1 0.4796875 0 0.5817708333333333 0 0.5817708333333333 0.06296296296296296 0.4796875 0.06296296296296296
1 0.50625 0.2712962962962963 0.5791666666666667 0.2712962962962963 0.5791666666666667 0.3962962962962963 0.50625 0.3962962962962963
1 0.6119791666666666 0.5611111111111111 0.6510416666666666 0.5611111111111111 0.6510416666666666 0.6361111111111111 0.6119791666666666 0.6361111111111111
1 0.6260416666666667 0.1712962962962963 0.6614583333333334 0.1712962962962963 0.6614583333333334 0.2712962962962963 0.6260416666666667 0.2712962962962963
1 0.6651041666666667 0.4101851851851852 0.6942708333333333 0.4101851851851852 0.6942708333333333 0.4685185185185185 0.6651041666666667 0.4685185185185185
2 0.4197916666666667 0 0.4875 0 0.4875 0.04722222222222222 0.4197916666666667 0.04722222222222222
1 0.6645833333333333 0.7537037037037037 0.6875 0.7537037037037037 0.6875 0.8314814814814815 0.6645833333333333 0.8314814814814815
2 0.4765625 0.1361111111111111 0.5515625 0.1361111111111111 0.5515625 0.19074074074074074 0.4765625 0.19074074074074074
2 0.46875 0.37777777777777777 0.5385416666666667 0.37777777777777777 0.5385416666666667 0.42777777777777776 0.46875 0.42777777777777776
2 0.5630208333333333 0.2101851851851852 0.6098958333333333 0.2101851851851852 0.6098958333333333 0.24722222222222223 0.5630208333333333 0.24722222222222223
2 0.5541666666666667 0.27037037037037037 0.6010416666666667 0.27037037037037037 0.6010416666666667 0.3055555555555556 0.5541666666666667 0.3055555555555556
2 0.5984375 0.24722222222222223 0.6333333333333333 0.24722222222222223 0.6333333333333333 0.275 0.5984375 0.275
2 0.5848958333333333 0.28425925925925927 0.621875 0.28425925925925927 0.621875 0.3175925925925926 0.5848958333333333 0.3175925925925926
2 0.6270833333333333 0.262037037037037 0.65625 0.262037037037037 0.65625 0.28425925925925927 0.6270833333333333 0.28425925925925927
2 0.6203125 0.2777777777777778 0.6546875 0.2777777777777778 0.6546875 0.29907407407407405 0.6203125 0.29907407407407405
2 0.6135416666666667 0.28888888888888886 0.6473958333333333 0.28888888888888886 0.6473958333333333 0.325 0.6135416666666667 0.325
2 0.5947916666666667 0.38796296296296295 0.6354166666666666 0.38796296296296295 0.6354166666666666 0.41203703703703703 0.5947916666666667 0.41203703703703703
2 0.6161458333333333 0.41574074074074074 0.6578125 0.41574074074074074 0.6578125 0.4425925925925926 0.6161458333333333 0.4425925925925926
2 0.61875 0.3314814814814815 0.6541666666666667 0.3314814814814815 0.6541666666666667 0.3574074074074074 0.61875 0.3574074074074074
2 0.6432291666666666 0.32685185185185184 0.665625 0.32685185185185184 0.665625 0.35462962962962963 0.6432291666666666 0.35462962962962963
2 0.6421875 0.3675925925925926 0.6713541666666667 0.3675925925925926 0.6713541666666667 0.39166666666666666 0.6421875 0.39166666666666666
2 0.640625 0.45925925925925926 0.671875 0.45925925925925926 0.671875 0.4777777777777778 0.640625 0.4777777777777778
2 0.6322916666666667 0.48055555555555557 0.6651041666666667 0.48055555555555557 0.6651041666666667 0.5185185185185185 0.6322916666666667 0.5185185185185185
2 0.6630208333333333 0.33611111111111114 0.6911458333333333 0.33611111111111114 0.6911458333333333 0.35648148148148145 0.6630208333333333 0.35648148148148145
2 0.6546875 0.36018518518518516 0.6828125 0.36018518518518516 0.6828125 0.3712962962962963 0.6546875 0.3712962962962963
2 0.6708333333333333 0.36944444444444446 0.69375 0.36944444444444446 0.69375 0.38425925925925924 0.6708333333333333 0.38425925925925924
2 0.5458333333333333 0.7074074074074074 0.5984375 0.7074074074074074 0.5984375 0.7425925925925926 0.5458333333333333 0.7425925925925926
2 0.5760416666666667 0.7574074074074074 0.625 0.7574074074074074 0.625 0.7888888888888889 0.5760416666666667 0.7888888888888889
2 0.6052083333333333 0.725 0.6442708333333333 0.725 0.6442708333333333 0.7527777777777778 0.6052083333333333 0.7527777777777778
2 0.6348958333333333 0.65 0.665625 0.65 0.665625 0.6731481481481482 0.6348958333333333 0.6731481481481482
2 0.6416666666666667 0.6685185185185185 0.6729166666666667 0.6685185185185185 0.6729166666666667 0.6916666666666667 0.6416666666666667 0.6916666666666667
2 0.6677083333333333 0.5962962962962963 0.6911458333333333 0.5962962962962963 0.6911458333333333 0.6148148148148148 0.6677083333333333 0.6148148148148148
2 0.6729166666666667 0.5824074074074074 0.6932291666666667 0.5824074074074074 0.6932291666666667 0.5953703703703703 0.6729166666666667 0.5953703703703703
1 0.6786458333333333 0.5194444444444445 0.7005208333333334 0.5194444444444445 0.7005208333333334 0.562962962962963 0.6786458333333333 0.562962962962963
2 0.6739583333333333 0.6129629629629629 0.6953125 0.6129629629629629 0.6953125 0.6324074074074074 0.6739583333333333 0.6324074074074074
2 0.6755208333333333 0.6361111111111111 0.6979166666666666 0.6361111111111111 0.6979166666666666 0.6564814814814814 0.6755208333333333 0.6564814814814814
2 0.6583333333333333 0.6416666666666667 0.6744791666666666 0.6416666666666667 0.6744791666666666 0.6611111111111111 0.6583333333333333 0.6611111111111111
2 0.6041666666666666 0.3611111111111111 0.6432291666666666 0.3611111111111111 0.6432291666666666 0.387037037037037 0.6041666666666666 0.387037037037037