1 0.5875 0.5879629629629629 0.7510416666666667 0.5879629629629629 0.7510416666666667 0.8796296296296297 0.5875 0.8796296296296297
1 0.12083333333333333 0.3592592592592593 0.24895833333333334 0.3592592592592593 0.24895833333333334 0.5407407407407407 0.12083333333333333 0.5407407407407407
1 0.5354166666666667 0.24166666666666667 0.5791666666666667 0.24166666666666667 0.5791666666666667 0.3111111111111111 0.5354166666666667 0.3111111111111111
1 0.37604166666666666 0.34444444444444444 0.440625 0.34444444444444444 0.440625 0.4564814814814815 0.37604166666666666 0.4564814814814815
1 0.31302083333333336 0.21481481481481482 0.3671875 0.21481481481481482 0.3671875 0.2777777777777778 0.31302083333333336 0.2777777777777778
1 0.4510416666666667 0.15555555555555556 0.4817708333333333 0.15555555555555556 0.4817708333333333 0.2 0.4510416666666667 0.2
2 0.21041666666666667 0.48703703703703705 0.2640625 0.48703703703703705 0.2640625 0.600925925925926 0.21041666666666667 0.600925925925926
2 0.20260416666666667 0.4398148148148148 0.24375 0.4398148148148148 0.24375 0.562962962962963 0.20260416666666667 0.562962962962963
2 0.3072916666666667 0.38981481481481484 0.340625 0.38981481481481484 0.340625 0.5101851851851852 0.3072916666666667 0.5101851851851852
2 0.43125 0.41388888888888886 0.46197916666666666 0.41388888888888886 0.46197916666666666 0.5546296296296296 0.43125 0.5546296296296296
2 0.34322916666666664 0.30185185185185187 0.36354166666666665 0.30185185185185187 0.36354166666666665 0.3712962962962963 0.34322916666666664 0.3712962962962963
2 0.3796875 0.31666666666666665 0.40677083333333336 0.31666666666666665 0.40677083333333336 0.3675925925925926 0.3796875 0.3675925925925926
2 0.3609375 0.26666666666666666 0.3770833333333333 0.26666666666666666 0.3770833333333333 0.31851851851851853 0.3609375 0.31851851851851853
2 0.36875 0.22314814814814815 0.37864583333333335 0.22314814814814815 0.37864583333333335 0.2722222222222222 0.36875 0.2722222222222222
2 0.3776041666666667 0.22037037037037038 0.3880208333333333 0.22037037037037038 0.3880208333333333 0.2833333333333333 0.3776041666666667 0.2833333333333333
2 0.38645833333333335 0.23703703703703705 0.4046875 0.23703703703703705 0.4046875 0.2953703703703704 0.38645833333333335 0.2953703703703704
2 0.40572916666666664 0.22685185185185186 0.42135416666666664 0.22685185185185186 0.42135416666666664 0.28055555555555556 0.40572916666666664 0.28055555555555556
2 0.42604166666666665 0.23796296296296296 0.4390625 0.23796296296296296 0.4390625 0.29907407407407405 0.42604166666666665 0.29907407407407405
2 0.4395833333333333 0.25277777777777777 0.45260416666666664 0.25277777777777777 0.45260416666666664 0.3287037037037037 0.4395833333333333 0.3287037037037037
2 0.45 0.23055555555555557 0.4671875 0.23055555555555557 0.4671875 0.27685185185185185 0.45 0.27685185185185185
2 0.41041666666666665 0.16666666666666666 0.42083333333333334 0.16666666666666666 0.42083333333333334 0.20277777777777778 0.41041666666666665 0.20277777777777778
2 0.4046875 0.20185185185185187 0.4171875 0.20185185185185187 0.4171875 0.2351851851851852 0.4046875 0.2351851851851852
2 0.42916666666666664 0.19444444444444445 0.44375 0.19444444444444445 0.44375 0.2351851851851852 0.42916666666666664 0.2351851851851852
2 0.421875 0.17685185185185184 0.42864583333333334 0.17685185185185184 0.42864583333333334 0.21851851851851853 0.421875 0.21851851851851853
2 0.4270833333333333 0.15925925925925927 0.43697916666666664 0.15925925925925927 0.43697916666666664 0.19814814814814816 0.4270833333333333 0.19814814814814816
2 0.4739583333333333 0.20185185185185187 0.48489583333333336 0.20185185185185187 0.48489583333333336 0.2490740740740741 0.4739583333333333 0.2490740740740741
2 0.6239583333333333 0.3509259259259259 0.6432291666666666 0.3509259259259259 0.6432291666666666 0.44351851851851853 0.6239583333333333 0.44351851851851853
2 0.490625 0.20925925925925926 0.5109375 0.20925925925925926 0.5109375 0.2638888888888889 0.490625 0.2638888888888889
2 0.6494791666666667 0.29259259259259257 0.66875 0.29259259259259257 0.66875 0.37592592592592594 0.6494791666666667 0.37592592592592594
2 0.63125 0.26296296296296295 0.6473958333333333 0.26296296296296295 0.6473958333333333 0.3175925925925926 0.63125 0.3175925925925926
2 0.5864583333333333 0.2222222222222222 0.6020833333333333 0.2222222222222222 0.6020833333333333 0.26944444444444443 0.5864583333333333 0.26944444444444443
2 0.596875 0.20462962962962963 0.6125 0.20462962962962963 0.6125 0.2462962962962963 0.596875 0.2462962962962963
2 0.58125 0.19074074074074074 0.5911458333333334 0.19074074074074074 0.5911458333333334 0.225 0.58125 0.225
1 0.5109375 0.14537037037037037 0.5364583333333334 0.14537037037037037 0.5364583333333334 0.18888888888888888 0.5109375 0.18888888888888888
2 0.5796875 0.15648148148148147 0.5911458333333334 0.15648148148148147 0.5911458333333334 0.1925925925925926 0.5796875 0.1925925925925926
2 0.5375 0.14814814814814814 0.546875 0.14814814814814814 0.546875 0.18333333333333332 0.5375 0.18333333333333332
2 0.5557291666666667 0.1648148148148148 0.5619791666666667 0.1648148148148148 0.5619791666666667 0.20555555555555555 0.5557291666666667 0.20555555555555555
2 0.5489583333333333 0.16296296296296298 0.5567708333333333 0.16296296296296298 0.5567708333333333 0.19537037037037036 0.5489583333333333 0.19537037037037036