1 0.49270833333333336 0 0.5932291666666667 0 0.5932291666666667 0.08333333333333333 0.49270833333333336 0.08333333333333333
1 0.5333333333333333 0.3314814814814815 0.6098958333333333 0.3314814814814815 0.6098958333333333 0.46111111111111114 0.5333333333333333 0.46111111111111114
1 0.6411458333333333 0.1962962962962963 0.6755208333333333 0.1962962962962963 0.6755208333333333 0.30092592592592593 0.6411458333333333 0.30092592592592593
1 0.6635416666666667 0.5907407407407408 0.6973958333333333 0.5907407407407408 0.6973958333333333 0.6546296296296297 0.6635416666666667 0.6546296296296297
1 0.6822916666666666 0.7861111111111111 0.7041666666666667 0.7861111111111111 0.7041666666666667 0.8638888888888889 0.6822916666666666 0.8638888888888889
2 0.31979166666666664 0 0.44114583333333335 0 0.44114583333333335 0.06296296296296296 0.31979166666666664 0.06296296296296296
2 0.26979166666666665 0.05092592592592592 0.39947916666666666 0.05092592592592592 0.39947916666666666 0.16296296296296298 0.26979166666666665 0.16296296296296298
2 0.5052083333333334 0.11203703703703703 0.5697916666666667 0.11203703703703703 0.5697916666666667 0.17592592592592593 0.5052083333333334 0.17592592592592593
2 0.48125 0.1925925925925926 0.5447916666666667 0.1925925925925926 0.5447916666666667 0.25555555555555554 0.48125 0.25555555555555554
2 0.5677083333333334 0.21666666666666667 0.6276041666666666 0.21666666666666667 0.6276041666666666 0.25925925925925924 0.5677083333333334 0.25925925925925924
2 0.5979166666666667 0.3148148148148148 0.6338541666666667 0.3148148148148148 0.6338541666666667 0.34444444444444444 0.5979166666666667 0.34444444444444444
2 0.6244791666666667 0.29444444444444445 0.6635416666666667 0.29444444444444445 0.6635416666666667 0.3148148148148148 0.6244791666666667 0.3148148148148148
2 0.6307291666666667 0.35462962962962963 0.6729166666666667 0.35462962962962963 0.6729166666666667 0.37777777777777777 0.6307291666666667 0.37777777777777777
2 0.6557291666666667 0.3416666666666667 0.6890625 0.3416666666666667 0.6890625 0.36203703703703705 0.6557291666666667 0.36203703703703705
2 0.6541666666666667 0.4083333333333333 0.6802083333333333 0.4083333333333333 0.6802083333333333 0.425 0.6541666666666667 0.425
2 0.6244791666666667 0.4046296296296296 0.6713541666666667 0.4046296296296296 0.6713541666666667 0.44722222222222224 0.6244791666666667 0.44722222222222224
2 0.5770833333333333 0.8268518518518518 0.621875 0.8268518518518518 0.621875 0.8666666666666667 0.5770833333333333 0.8666666666666667
2 0.5088541666666667 0.9527777777777777 0.5729166666666666 0.9527777777777777 0.5729166666666666 1 0.5088541666666667 1
2 0.6572916666666667 0.6981481481481482 0.6854166666666667 0.6981481481481482 0.6854166666666667 0.7203703703703703 0.6572916666666667 0.7203703703703703
2 0.6484375 0.5546296296296296 0.6744791666666666 0.5546296296296296 0.6744791666666666 0.5962962962962963 0.6484375 0.5962962962962963
2 0.6901041666666666 0.3296296296296296 0.7125 0.3296296296296296 0.7125 0.35 0.6901041666666666 0.35
2 0.6723958333333333 0.3824074074074074 0.6979166666666666 0.3824074074074074 0.6979166666666666 0.4046296296296296 0.6723958333333333 0.4046296296296296
2 0.6770833333333334 0.42314814814814816 0.7078125 0.42314814814814816 0.7078125 0.4444444444444444 0.6770833333333334 0.4444444444444444
2 0.6869791666666667 0.4527777777777778 0.7104166666666667 0.4527777777777778 0.7104166666666667 0.46574074074074073 0.6869791666666667 0.46574074074074073
2 0.6901041666666666 0.4888888888888889 0.7104166666666667 0.4888888888888889 0.7104166666666667 0.5027777777777778 0.6901041666666666 0.5027777777777778