1 0.1390625 0.3074074074074074 0.26510416666666664 0.3074074074074074 0.26510416666666664 0.487962962962963 0.1390625 0.487962962962963
1 0.7203125 0.5361111111111111 0.8942708333333333 0.5361111111111111 0.8942708333333333 0.7731481481481481 0.7203125 0.7731481481481481
1 0.5348958333333333 0.12314814814814815 0.5677083333333334 0.12314814814814815 0.5677083333333334 0.1675925925925926 0.5348958333333333 0.1675925925925926
2 0.0140625 0.7407407407407407 0.10104166666666667 0.7407407407407407 0.10104166666666667 0.9796296296296296 0.0140625 0.9796296296296296
2 0.765625 0.8472222222222222 0.8453125 0.8472222222222222 0.8453125 0.9953703703703703 0.765625 0.9953703703703703
2 0.6489583333333333 0.26296296296296295 0.6723958333333333 0.26296296296296295 0.6723958333333333 0.3398148148148148 0.6489583333333333 0.3398148148148148
2 0.271875 0.42407407407407405 0.3145833333333333 0.42407407407407405 0.3145833333333333 0.5537037037037037 0.271875 0.5537037037037037
2 0.0020833333333333333 0.5453703703703704 0.0890625 0.5453703703703704 0.0890625 0.7175925925925926 0.0020833333333333333 0.7175925925925926
2 0.39375 0.5037037037037037 0.446875 0.5037037037037037 0.446875 0.6666666666666666 0.39375 0.6666666666666666
2 0.39791666666666664 0.2722222222222222 0.4317708333333333 0.2722222222222222 0.4317708333333333 0.36203703703703705 0.39791666666666664 0.36203703703703705
2 0.3489583333333333 0.3990740740740741 0.3880208333333333 0.3990740740740741 0.3880208333333333 0.5435185185185185 0.3489583333333333 0.5435185185185185
1 0.578125 0.14166666666666666 0.6223958333333334 0.14166666666666666 0.6223958333333334 0.19722222222222222 0.578125 0.19722222222222222
2 0.5572916666666666 0.17407407407407408 0.5802083333333333 0.17407407407407408 0.5802083333333333 0.23703703703703705 0.5572916666666666 0.23703703703703705
2 0.6536458333333334 0.19907407407407407 0.6765625 0.19907407407407407 0.6765625 0.25277777777777777 0.6536458333333334 0.25277777777777777
2 0.45729166666666665 0.17777777777777778 0.475 0.17777777777777778 0.475 0.22962962962962963 0.45729166666666665 0.22962962962962963
2 0.6411458333333333 0.35648148148148145 0.6802083333333333 0.35648148148148145 0.6802083333333333 0.47129629629629627 0.6411458333333333 0.47129629629629627
2 0.28125 0.3055555555555556 0.309375 0.3055555555555556 0.309375 0.4046296296296296 0.28125 0.4046296296296296
0 0.346875 0.12222222222222222 0.4234375 0.12222222222222222 0.4234375 0.2796296296296296 0.346875 0.2796296296296296
2 0.4239583333333333 0.23333333333333334 0.45364583333333336 0.23333333333333334 0.45364583333333336 0.30648148148148147 0.4239583333333333 0.30648148148148147
2 0.44583333333333336 0.20277777777777778 0.4640625 0.20277777777777778 0.4640625 0.25277777777777777 0.44583333333333336 0.25277777777777777