1 0.50625 0 0.6046875 0 0.6046875 0.09259259259259259 0.50625 0.09259259259259259
1 0.6489583333333333 0.18518518518518517 0.6838541666666667 0.18518518518518517 0.6838541666666667 0.3074074074074074 0.6489583333333333 0.3074074074074074
2 0.22083333333333333 0 0.36302083333333335 0 0.36302083333333335 0.05092592592592592 0.22083333333333333 0.05092592592592592
2 0.4354166666666667 0.9083333333333333 0.5083333333333333 0.9083333333333333 0.5083333333333333 0.9888888888888889 0.4354166666666667 0.9888888888888889
2 0.65625 0.6574074074074074 0.6848958333333334 0.6574074074074074 0.6848958333333334 0.7092592592592593 0.65625 0.7092592592592593
2 0.5807291666666666 0.6555555555555556 0.628125 0.6555555555555556 0.628125 0.712037037037037 0.5807291666666666 0.712037037037037
2 0.5385416666666667 0.16296296296296298 0.603125 0.16296296296296298 0.603125 0.2351851851851852 0.5385416666666667 0.2351851851851852
2 0.6395833333333333 0.737037037037037 0.6703125 0.737037037037037 0.6703125 0.7888888888888889 0.6395833333333333 0.7888888888888889
2 0.490625 0.7425925925925926 0.5583333333333333 0.7425925925925926 0.5583333333333333 0.8157407407407408 0.490625 0.8157407407407408
2 0.5703125 0.7490740740740741 0.6177083333333333 0.7490740740740741 0.6177083333333333 0.8009259259259259 0.5703125 0.8009259259259259
2 0.4322916666666667 0.08611111111111111 0.5041666666666667 0.08611111111111111 0.5041666666666667 0.16944444444444445 0.4322916666666667 0.16944444444444445
2 0.5911458333333334 0.2972222222222222 0.6385416666666667 0.2972222222222222 0.6385416666666667 0.34814814814814815 0.5911458333333334 0.34814814814814815
2 0.528125 0.2518518518518518 0.5901041666666667 0.2518518518518518 0.5901041666666667 0.31296296296296294 0.528125 0.31296296296296294
2 0.6317708333333333 0.6037037037037037 0.6677083333333333 0.6037037037037037 0.6677083333333333 0.6592592592592592 0.6317708333333333 0.6592592592592592
2 0.5671875 0.35462962962962963 0.6244791666666667 0.35462962962962963 0.6244791666666667 0.40925925925925927 0.5671875 0.40925925925925927
2 0.6552083333333333 0.5 0.6916666666666667 0.5 0.6916666666666667 0.5555555555555556 0.6552083333333333 0.5555555555555556
2 0.45625 0.08333333333333333 0.5140625 0.08333333333333333 0.5140625 0.15833333333333333 0.45625 0.15833333333333333