1 0.4953125 0 0.5958333333333333 0 0.5958333333333333 0.08703703703703704 0.4953125 0.08703703703703704
1 0.6442708333333333 0.2064814814814815 0.678125 0.2064814814814815 0.678125 0.3055555555555556 0.6442708333333333 0.3055555555555556
2 0.5380208333333333 0.8231481481481482 0.6 0.8231481481481482 0.6 0.8731481481481481 0.5380208333333333 0.8731481481481481
2 0.4140625 0.12407407407407407 0.5135416666666667 0.12407407407407407 0.5135416666666667 0.18333333333333332 0.4140625 0.18333333333333332
2 0.4609375 0.03888888888888889 0.5385416666666667 0.03888888888888889 0.5385416666666667 0.10833333333333334 0.4609375 0.10833333333333334
2 0.55625 0.2037037037037037 0.6177083333333333 0.2037037037037037 0.6177083333333333 0.24351851851851852 0.55625 0.24351851851851852
2 0.5291666666666667 0.337037037037037 0.596875 0.337037037037037 0.596875 0.3731481481481482 0.5291666666666667 0.3731481481481482
2 0.5776041666666667 0.30648148148148147 0.6260416666666667 0.30648148148148147 0.6260416666666667 0.337037037037037 0.5776041666666667 0.337037037037037
2 0.584375 0.375 0.6328125 0.375 0.6328125 0.40370370370370373 0.584375 0.40370370370370373
2 0.6046875 0.7898148148148149 0.6427083333333333 0.7898148148148149 0.6427083333333333 0.825925925925926 0.6046875 0.825925925925926
2 0.6484375 0.6166666666666667 0.6796875 0.6166666666666667 0.6796875 0.6814814814814815 0.6484375 0.6814814814814815
2 0.6484375 0.7416666666666667 0.6770833333333334 0.7416666666666667 0.6770833333333334 0.7675925925925926 0.6484375 0.7675925925925926
2 0.6145833333333334 0.28425925925925927 0.6515625 0.28425925925925927 0.6515625 0.30648148148148147 0.6145833333333334 0.30648148148148147
2 0.6421875 0.35 0.6786458333333333 0.35 0.6786458333333333 0.37777777777777777 0.6421875 0.37777777777777777
2 0.6385416666666667 0.39351851851851855 0.678125 0.39351851851851855 0.678125 0.4101851851851852 0.6385416666666667 0.4101851851851852
2 0.659375 0.4305555555555556 0.6875 0.4305555555555556 0.6875 0.45 0.659375 0.45
2 0.6552083333333333 0.47129629629629627 0.6890625 0.47129629629629627 0.6890625 0.4898148148148148 0.6552083333333333 0.4898148148148148
2 0.6776041666666667 0.3296296296296296 0.7010416666666667 0.3296296296296296 0.7010416666666667 0.3490740740740741 0.6776041666666667 0.3490740740740741
2 0.6796875 0.3611111111111111 0.6989583333333333 0.3611111111111111 0.6989583333333333 0.3731481481481482 0.6796875 0.3731481481481482
2 0.671875 0.37407407407407406 0.6958333333333333 0.37407407407407406 0.6958333333333333 0.3888888888888889 0.671875 0.3888888888888889
2 0.6854166666666667 0.38981481481481484 0.7072916666666667 0.38981481481481484 0.7072916666666667 0.4064814814814815 0.6854166666666667 0.4064814814814815
2 0.6838541666666667 0.4185185185185185 0.7067708333333333 0.4185185185185185 0.7067708333333333 0.42962962962962964 0.6838541666666667 0.42962962962962964
2 0.6838541666666667 0.47962962962962963 0.70625 0.47962962962962963 0.70625 0.49537037037037035 0.6838541666666667 0.49537037037037035
2 0.696875 0.45555555555555555 0.715625 0.45555555555555555 0.715625 0.46944444444444444 0.696875 0.46944444444444444
2 0.6953125 0.4361111111111111 0.7083333333333334 0.4361111111111111 0.7083333333333334 0.4462962962962963 0.6953125 0.4462962962962963
2 0.6927083333333334 0.6481481481481481 0.7171875 0.6481481481481481 0.7171875 0.6694444444444444 0.6927083333333334 0.6694444444444444
1 0.6869791666666667 0.5805555555555556 0.7140625 0.5805555555555556 0.7140625 0.6370370370370371 0.6869791666666667 0.6370370370370371
1 0.6822916666666666 0.7768518518518519 0.7052083333333333 0.7768518518518519 0.7052083333333333 0.8731481481481481 0.6822916666666666 0.8731481481481481
1 0.23333333333333334 0.16111111111111112 0.44895833333333335 0.16111111111111112 0.44895833333333335 0.3768518518518518 0.23333333333333334 0.3768518518518518