1 0.48802083333333335 0 0.5911458333333334 0 0.5911458333333334 0.07314814814814814 0.48802083333333335 0.07314814814814814
1 0.6057291666666667 0.3731481481481482 0.6515625 0.3731481481481482 0.6515625 0.4638888888888889 0.6057291666666667 0.4638888888888889
1 0.6385416666666667 0.18796296296296297 0.6744791666666666 0.18796296296296297 0.6744791666666666 0.2861111111111111 0.6385416666666667 0.2861111111111111
1 0.6286458333333333 0.5935185185185186 0.6692708333333334 0.5935185185185186 0.6692708333333334 0.6796296296296296 0.6286458333333333 0.6796296296296296
1 0.6828125 0.5509259259259259 0.7067708333333333 0.5509259259259259 0.7067708333333333 0.6027777777777777 0.6828125 0.6027777777777777
1 0.6770833333333334 0.7694444444444445 0.6994791666666667 0.7694444444444445 0.6994791666666667 0.85 0.6770833333333334 0.85
2 0.4973958333333333 0.28425925925925927 0.5734375 0.28425925925925927 0.5734375 0.3351851851851852 0.4973958333333333 0.3351851851851852
2 0.4473958333333333 0.12777777777777777 0.5208333333333334 0.12777777777777777 0.5208333333333334 0.19722222222222222 0.4473958333333333 0.19722222222222222
2 0.3390625 0.06111111111111111 0.45364583333333336 0.06111111111111111 0.45364583333333336 0.15648148148148147 0.3390625 0.15648148148148147
2 0.46145833333333336 0.030555555555555555 0.53125 0.030555555555555555 0.53125 0.09814814814814815 0.46145833333333336 0.09814814814814815
2 0.4432291666666667 0.9731481481481481 0.5317708333333333 0.9731481481481481 0.5317708333333333 1 0.4432291666666667 1
2 0.5083333333333333 0.1962962962962963 0.571875 0.1962962962962963 0.571875 0.25277777777777777 0.5083333333333333 0.25277777777777777
2 0.5807291666666666 0.25 0.6307291666666667 0.25 0.6307291666666667 0.2777777777777778 0.5807291666666666 0.2777777777777778
2 0.6140625 0.26851851851851855 0.6526041666666667 0.26851851851851855 0.6526041666666667 0.3037037037037037 0.6140625 0.3037037037037037
2 0.584375 0.3212962962962963 0.634375 0.3212962962962963 0.634375 0.3416666666666667 0.584375 0.3416666666666667
2 0.6442708333333333 0.3194444444444444 0.6880208333333333 0.3194444444444444 0.6880208333333333 0.34814814814814815 0.6442708333333333 0.34814814814814815
2 0.6364583333333333 0.35462962962962963 0.6734375 0.35462962962962963 0.6734375 0.3712962962962963 0.6364583333333333 0.3712962962962963
2 0.6567708333333333 0.3768518518518518 0.6927083333333334 0.3768518518518518 0.6927083333333334 0.40370370370370373 0.6567708333333333 0.40370370370370373
2 0.6765625 0.3592592592592593 0.7005208333333334 0.3592592592592593 0.7005208333333334 0.37592592592592594 0.6765625 0.37592592592592594
2 0.690625 0.32222222222222224 0.7166666666666667 0.32222222222222224 0.7166666666666667 0.35 0.690625 0.35
2 0.6677083333333333 0.4083333333333333 0.6973958333333333 0.4083333333333333 0.6973958333333333 0.42314814814814816 0.6677083333333333 0.42314814814814816
2 0.6661458333333333 0.43425925925925923 0.69375 0.43425925925925923 0.69375 0.45740740740740743 0.6661458333333333 0.45740740740740743
2 0.6833333333333333 0.3972222222222222 0.7078125 0.3972222222222222 0.7078125 0.41574074074074074 0.6833333333333333 0.41574074074074074
2 0.6927083333333334 0.41388888888888886 0.7130208333333333 0.41388888888888886 0.7130208333333333 0.42962962962962964 0.6927083333333334 0.42962962962962964
2 0.6453125 0.5064814814814815 0.6776041666666667 0.5064814814814815 0.6776041666666667 0.5509259259259259 0.6453125 0.5509259259259259
2 0.5947916666666667 0.7351851851851852 0.6375 0.7351851851851852 0.6375 0.7657407407407407 0.5947916666666667 0.7657407407407407
2 0.6744791666666666 0.6129629629629629 0.7036458333333333 0.6129629629629629 0.7036458333333333 0.6351851851851852 0.6744791666666666 0.6351851851851852
2 0.6807291666666667 0.6481481481481481 0.7046875 0.6481481481481481 0.7046875 0.6722222222222223 0.6807291666666667 0.6722222222222223
2 0.6916666666666667 0.6324074074074074 0.7098958333333333 0.6324074074074074 0.7098958333333333 0.649074074074074 0.6916666666666667 0.649074074074074