1 0.4864583333333333 0 0.5875 0 0.5875 0.0712962962962963 0.4864583333333333 0.0712962962962963
1 0.6010416666666667 0.5935185185185186 0.6510416666666666 0.5935185185185186 0.6510416666666666 0.687962962962963 0.6010416666666667 0.687962962962963
1 0.6265625 0.39166666666666666 0.6630208333333333 0.39166666666666666 0.6630208333333333 0.4675925925925926 0.6265625 0.4675925925925926
1 0.634375 0.18703703703703703 0.6703125 0.18703703703703703 0.6703125 0.2916666666666667 0.634375 0.2916666666666667
1 0.671875 0.5518518518518518 0.6984375 0.5518518518518518 0.6984375 0.6027777777777777 0.671875 0.6027777777777777
2 0.403125 0 0.5010416666666667 0 0.5010416666666667 0.014814814814814815 0.403125 0.014814814814814815
2 0.44635416666666666 0.06574074074074074 0.5 0.06574074074074074 0.5 0.125 0.44635416666666666 0.125
2 0.34010416666666665 0.032407407407407406 0.43333333333333335 0.032407407407407406 0.43333333333333335 0.14907407407407408 0.34010416666666665 0.14907407407407408
2 0.32447916666666665 0.1675925925925926 0.4322916666666667 0.1675925925925926 0.4322916666666667 0.25092592592592594 0.32447916666666665 0.25092592592592594
2 0.2390625 0.19722222222222222 0.37604166666666666 0.19722222222222222 0.37604166666666666 0.32222222222222224 0.2390625 0.32222222222222224
2 0.44635416666666666 0.17685185185185184 0.5416666666666666 0.17685185185185184 0.5416666666666666 0.23981481481481481 0.44635416666666666 0.23981481481481481
2 0.5578125 0.12962962962962962 0.5880208333333333 0.12962962962962962 0.5880208333333333 0.16111111111111112 0.5578125 0.16111111111111112
2 0.5182291666666666 0.13148148148148148 0.5760416666666667 0.13148148148148148 0.5760416666666667 0.19166666666666668 0.5182291666666666 0.19166666666666668
2 0.5244791666666667 0.22407407407407406 0.56875 0.22407407407407406 0.56875 0.275 0.5244791666666667 0.275
2 0.5583333333333333 0.2518518518518518 0.6026041666666667 0.2518518518518518 0.6026041666666667 0.28703703703703703 0.5583333333333333 0.28703703703703703
2 0.5479166666666667 0.31851851851851853 0.6010416666666667 0.31851851851851853 0.6010416666666667 0.3712962962962963 0.5479166666666667 0.3712962962962963
2 0.6052083333333333 0.2777777777777778 0.6427083333333333 0.2777777777777778 0.6427083333333333 0.3138888888888889 0.6052083333333333 0.3138888888888889
2 0.6369791666666667 0.29074074074074074 0.6635416666666667 0.29074074074074074 0.6635416666666667 0.32407407407407407 0.6369791666666667 0.32407407407407407
2 0.6208333333333333 0.32314814814814813 0.6546875 0.32314814814814813 0.6546875 0.36666666666666664 0.6208333333333333 0.36666666666666664
2 0.6630208333333333 0.337037037037037 0.6864583333333333 0.337037037037037 0.6864583333333333 0.36018518518518516 0.6630208333333333 0.36018518518518516
2 0.6484375 0.36018518518518516 0.6817708333333333 0.36018518518518516 0.6817708333333333 0.38981481481481484 0.6484375 0.38981481481481484
2 0.6375 0.5064814814814815 0.6677083333333333 0.5064814814814815 0.6677083333333333 0.55 0.6375 0.55
2 0.540625 0.7703703703703704 0.5942708333333333 0.7703703703703704 0.5942708333333333 0.825 0.540625 0.825
2 0.6661458333333333 0.3824074074074074 0.6984375 0.3824074074074074 0.6984375 0.4074074074074074 0.6661458333333333 0.4074074074074074
2 0.6739583333333333 0.4064814814814815 0.7010416666666667 0.4064814814814815 0.7010416666666667 0.42777777777777776 0.6739583333333333 0.42777777777777776
2 0.671875 0.43703703703703706 0.703125 0.43703703703703706 0.703125 0.462037037037037 0.671875 0.462037037037037
2 0.6838541666666667 0.36666666666666664 0.70625 0.36666666666666664 0.70625 0.387037037037037 0.6838541666666667 0.387037037037037
2 0.6645833333333333 0.6222222222222222 0.6895833333333333 0.6222222222222222 0.6895833333333333 0.649074074074074 0.6645833333333333 0.649074074074074
2 0.6692708333333334 0.6611111111111111 0.6932291666666667 0.6611111111111111 0.6932291666666667 0.6833333333333333 0.6692708333333334 0.6833333333333333
2 0.6822916666666666 0.65 0.7036458333333333 0.65 0.7036458333333333 0.6666666666666666 0.6822916666666666 0.6666666666666666