1 0.4010416666666667 0.9055555555555556 0.5015625 0.9055555555555556 0.5015625 1 0.4010416666666667 1
1 0.3177083333333333 0.6944444444444444 0.3541666666666667 0.6944444444444444 0.3541666666666667 0.8009259259259259 0.3177083333333333 0.8009259259259259
1 0.3145833333333333 0.5212962962962963 0.35104166666666664 0.5212962962962963 0.35104166666666664 0.5879629629629629 0.3145833333333333 0.5879629629629629
1 0.27760416666666665 0.28425925925925927 0.2994791666666667 0.28425925925925927 0.2994791666666667 0.3435185185185185 0.27760416666666665 0.3435185185185185
1 0.3963541666666667 0.0712962962962963 0.609375 0.0712962962962963 0.609375 0.36574074074074076 0.3963541666666667 0.36574074074074076
2 0.5848958333333333 0.687037037037037 0.7265625 0.687037037037037 0.7265625 0.7777777777777778 0.5848958333333333 0.7777777777777778
2 0.5161458333333333 0.8138888888888889 0.603125 0.8138888888888889 0.603125 0.8907407407407407 0.5161458333333333 0.8907407407407407
2 0.4432291666666667 0.8 0.5359375 0.8 0.5359375 0.8379629629629629 0.4432291666666667 0.8379629629629629
2 0.4354166666666667 0.8944444444444445 0.49947916666666664 0.8944444444444445 0.49947916666666664 0.9490740740740741 0.4354166666666667 0.9490740740740741
2 0.4348958333333333 0.6351851851851852 0.49375 0.6351851851851852 0.49375 0.6851851851851852 0.4348958333333333 0.6851851851851852
2 0.3963541666666667 0.5972222222222222 0.45625 0.5972222222222222 0.45625 0.6398148148148148 0.3963541666666667 0.6398148148148148
2 0.41510416666666666 0.7305555555555555 0.4640625 0.7305555555555555 0.4640625 0.7787037037037037 0.41510416666666666 0.7787037037037037
2 0.3880208333333333 0.7268518518518519 0.4239583333333333 0.7268518518518519 0.4239583333333333 0.7611111111111111 0.3880208333333333 0.7611111111111111
2 0.36041666666666666 0.6944444444444444 0.39791666666666664 0.6944444444444444 0.39791666666666664 0.7240740740740741 0.36041666666666666 0.7240740740740741
2 0.35885416666666664 0.7342592592592593 0.39739583333333334 0.7342592592592593 0.39739583333333334 0.7703703703703704 0.35885416666666664 0.7703703703703704
2 0.35052083333333334 0.6601851851851852 0.38125 0.6601851851851852 0.38125 0.687962962962963 0.35052083333333334 0.687962962962963
2 0.3255208333333333 0.6407407407407407 0.3572916666666667 0.6407407407407407 0.3572916666666667 0.6694444444444444 0.3255208333333333 0.6694444444444444
2 0.34010416666666665 0.6046296296296296 0.3765625 0.6046296296296296 0.3765625 0.6444444444444445 0.34010416666666665 0.6444444444444445
2 0.35260416666666666 0.5601851851851852 0.3953125 0.5601851851851852 0.3953125 0.6018518518518519 0.35260416666666666 0.6018518518518519
2 0.31666666666666665 0.6101851851851852 0.34479166666666666 0.6101851851851852 0.34479166666666666 0.6259259259259259 0.31666666666666665 0.6259259259259259
2 0.29791666666666666 0.49166666666666664 0.32395833333333335 0.49166666666666664 0.32395833333333335 0.5083333333333333 0.29791666666666666 0.5083333333333333
2 0.2942708333333333 0.5462962962962963 0.3151041666666667 0.5462962962962963 0.3151041666666667 0.5648148148148148 0.2942708333333333 0.5648148148148148
2 0.3 0.5694444444444444 0.3229166666666667 0.5694444444444444 0.3229166666666667 0.5851851851851851 0.3 0.5851851851851851
2 0.3015625 0.5935185185185186 0.325 0.5935185185185186 0.325 0.6101851851851852 0.3015625 0.6101851851851852
2 0.29375 0.6092592592592593 0.3109375 0.6092592592592593 0.3109375 0.6194444444444445 0.29375 0.6194444444444445
2 0.2864583333333333 0.5805555555555556 0.3078125 0.5805555555555556 0.3078125 0.6 0.2864583333333333 0.6
2 0.2828125 0.5592592592592592 0.30416666666666664 0.5592592592592592 0.30416666666666664 0.5712962962962963 0.2828125 0.5712962962962963
2 0.2838541666666667 0.6194444444444445 0.30572916666666666 0.6194444444444445 0.30572916666666666 0.6351851851851852 0.2838541666666667 0.6351851851851852
2 0.29791666666666666 0.32314814814814813 0.328125 0.32314814814814813 0.328125 0.34629629629629627 0.29791666666666666 0.34629629629629627
2 0.30364583333333334 0.2601851851851852 0.3333333333333333 0.2601851851851852 0.3333333333333333 0.2861111111111111 0.30364583333333334 0.2861111111111111