1 0.3203125 0.5138888888888888 0.44947916666666665 0.5138888888888888 0.44947916666666665 0.7916666666666666 0.3203125 0.7916666666666666
1 0.14114583333333333 0.325 0.26875 0.325 0.26875 0.5027777777777778 0.14114583333333333 0.5027777777777778
1 0.33177083333333335 0.18333333333333332 0.38958333333333334 0.18333333333333332 0.38958333333333334 0.24722222222222223 0.33177083333333335 0.24722222222222223
2 0.07447916666666667 0.6898148148148148 0.16302083333333334 0.6898148148148148 0.16302083333333334 0.9555555555555556 0.07447916666666667 0.9555555555555556
1 0.6619791666666667 0.13240740740740742 0.7067708333333333 0.13240740740740742 0.7067708333333333 0.1787037037037037 0.6619791666666667 0.1787037037037037
2 0.2625 0.39351851851851855 0.3026041666666667 0.39351851851851855 0.3026041666666667 0.5407407407407407 0.2625 0.5407407407407407
2 0.3177083333333333 0.4185185185185185 0.3515625 0.4185185185185185 0.3515625 0.5509259259259259 0.3177083333333333 0.5509259259259259
2 0.6921875 0.3537037037037037 0.7229166666666667 0.3537037037037037 0.7229166666666667 0.46296296296296297 0.6921875 0.46296296296296297
2 0.6692708333333334 0.25462962962962965 0.6895833333333333 0.25462962962962965 0.6895833333333333 0.3388888888888889 0.6692708333333334 0.3388888888888889
2 0.64375 0.2037037037037037 0.6567708333333333 0.2037037037037037 0.6567708333333333 0.2574074074074074 0.64375 0.2574074074074074
2 0.5552083333333333 0.17777777777777778 0.5932291666666667 0.17777777777777778 0.5932291666666667 0.23703703703703705 0.5552083333333333 0.23703703703703705
2 0.42083333333333334 0.29907407407407405 0.440625 0.29907407407407405 0.440625 0.3861111111111111 0.42083333333333334 0.3861111111111111
2 0.43020833333333336 0.24074074074074073 0.45416666666666666 0.24074074074074073 0.45416666666666666 0.3138888888888889 0.43020833333333336 0.3138888888888889
2 0.39895833333333336 0.25092592592592594 0.41510416666666666 0.25092592592592594 0.41510416666666666 0.3416666666666667 0.39895833333333336 0.3416666666666667
2 0.3885416666666667 0.2111111111111111 0.3984375 0.2111111111111111 0.3984375 0.2861111111111111 0.3885416666666667 0.2861111111111111
2 0.3463541666666667 0.2740740740740741 0.36822916666666666 0.2740740740740741 0.36822916666666666 0.3574074074074074 0.3463541666666667 0.3574074074074074
2 0.4234375 0.17685185185185184 0.4322916666666667 0.17685185185185184 0.4322916666666667 0.23148148148148148 0.4234375 0.23148148148148148
2 0.4453125 0.17777777777777778 0.4583333333333333 0.17777777777777778 0.4583333333333333 0.24074074074074073 0.4453125 0.24074074074074073
2 0.4640625 0.15833333333333333 0.4739583333333333 0.15833333333333333 0.4739583333333333 0.20925925925925926 0.4640625 0.20925925925925926
2 0.48541666666666666 0.15555555555555556 0.5005208333333333 0.15555555555555556 0.5005208333333333 0.20555555555555555 0.48541666666666666 0.20555555555555555
2 0.48802083333333335 0.12685185185185185 0.4979166666666667 0.12685185185185185 0.4979166666666667 0.16666666666666666 0.48802083333333335 0.16666666666666666
2 0.40677083333333336 0.1388888888888889 0.4125 0.1388888888888889 0.4125 0.18425925925925926 0.40677083333333336 0.18425925925925926
2 0.4328125 0.14814814814814814 0.440625 0.14814814814814814 0.440625 0.19166666666666668 0.4328125 0.19166666666666668
2 0.425 0.14166666666666666 0.43333333333333335 0.14166666666666666 0.43333333333333335 0.17314814814814813 0.425 0.17314814814814813
2 0.4421875 0.12685185185185185 0.45 0.12685185185185185 0.45 0.16574074074074074 0.4421875 0.16574074074074074
2 0.4546875 0.13055555555555556 0.46041666666666664 0.13055555555555556 0.46041666666666664 0.17407407407407408 0.4546875 0.17407407407407408
2 0.4625 0.12129629629629629 0.4713541666666667 0.12129629629629629 0.4713541666666667 0.15833333333333333 0.4625 0.15833333333333333
2 0.47552083333333334 0.11481481481481481 0.4828125 0.11481481481481481 0.4828125 0.15185185185185185 0.47552083333333334 0.15185185185185185
2 0.5880208333333333 0.11944444444444445 0.5958333333333333 0.11944444444444445 0.5958333333333333 0.16203703703703703 0.5880208333333333 0.16203703703703703
1 0.5458333333333333 0.11944444444444445 0.5744791666666667 0.11944444444444445 0.5744791666666667 0.16666666666666666 0.5458333333333333 0.16666666666666666