1 0.503125 0 0.6072916666666667 0 0.6072916666666667 0.09166666666666666 0.503125 0.09166666666666666
2 0.6526041666666667 0.549074074074074 0.6822916666666666 0.549074074074074 0.6822916666666666 0.6129629629629629 0.6526041666666667 0.6129629629629629
2 0.48541666666666666 0.9518518518518518 0.5526041666666667 0.9518518518518518 0.5526041666666667 1 0.48541666666666666 1
2 0.446875 0.2361111111111111 0.5369791666666667 0.2361111111111111 0.5369791666666667 0.31296296296296294 0.446875 0.31296296296296294
1 0.6427083333333333 0.17314814814814813 0.6807291666666667 0.17314814814814813 0.6807291666666667 0.2898148148148148 0.6427083333333333 0.2898148148148148
2 0.6151041666666667 0.4027777777777778 0.6567708333333333 0.4027777777777778 0.6567708333333333 0.44722222222222224 0.6151041666666667 0.44722222222222224
2 0.5864583333333333 0.7351851851851852 0.6338541666666667 0.7351851851851852 0.6338541666666667 0.7805555555555556 0.5864583333333333 0.7805555555555556
2 0.5947916666666667 0.2777777777777778 0.6411458333333333 0.2777777777777778 0.6411458333333333 0.32592592592592595 0.5947916666666667 0.32592592592592595
2 0.4317708333333333 0.3648148148148148 0.5234375 0.3648148148148148 0.5234375 0.43796296296296294 0.4317708333333333 0.43796296296296294
2 0.6765625 0.37407407407407406 0.7 0.37407407407407406 0.7 0.4 0.6765625 0.4
2 0.6729166666666667 0.4685185185185185 0.7015625 0.4685185185185185 0.7015625 0.49537037037037035 0.6729166666666667 0.49537037037037035
2 0.6354166666666666 0.7333333333333333 0.6677083333333333 0.7333333333333333 0.6677083333333333 0.7712962962962963 0.6354166666666666 0.7712962962962963
2 0.5927083333333333 0.7907407407407407 0.6359375 0.7907407407407407 0.6359375 0.8351851851851851 0.5927083333333333 0.8351851851851851
2 0.6838541666666667 0.4212962962962963 0.7036458333333333 0.4212962962962963 0.7036458333333333 0.4462962962962963 0.6838541666666667 0.4462962962962963
2 0.565625 0.3453703703703704 0.6265625 0.3453703703703704 0.6265625 0.38333333333333336 0.565625 0.38333333333333336
2 0.6145833333333334 0.362962962962963 0.6557291666666667 0.362962962962963 0.6557291666666667 0.3907407407407407 0.6145833333333334 0.3907407407407407
2 0.6234375 0.31666666666666665 0.6635416666666667 0.31666666666666665 0.6635416666666667 0.34074074074074073 0.6234375 0.34074074074074073
2 0.6598958333333333 0.3296296296296296 0.6927083333333334 0.3296296296296296 0.6927083333333334 0.35462962962962963 0.6598958333333333 0.35462962962962963
2 0.6651041666666667 0.6462962962962963 0.6947916666666667 0.6462962962962963 0.6947916666666667 0.6685185185185185 0.6651041666666667 0.6685185185185185
2 0.6666666666666666 0.7620370370370371 0.6979166666666666 0.7620370370370371 0.6979166666666666 0.7907407407407407 0.6666666666666666 0.7907407407407407
2 0.6729166666666667 0.7351851851851852 0.7046875 0.7351851851851852 0.7046875 0.7592592592592593 0.6729166666666667 0.7592592592592593