1 0.14895833333333333 0.3175925925925926 0.2703125 0.3175925925925926 0.2703125 0.49166666666666664 0.14895833333333333 0.49166666666666664
1 0.3234375 0.17592592592592593 0.3921875 0.17592592592592593 0.3921875 0.2388888888888889 0.3234375 0.2388888888888889
1 0.4276041666666667 0.2388888888888889 0.4828125 0.2388888888888889 0.4828125 0.3287037037037037 0.4276041666666667 0.3287037037037037
2 0.059895833333333336 0.8055555555555556 0.14583333333333334 0.8055555555555556 0.14583333333333334 0.9962962962962963 0.059895833333333336 0.9962962962962963
2 0.8614583333333333 0.5194444444444445 0.928125 0.5194444444444445 0.928125 0.675 0.8614583333333333 0.675
2 0.2630208333333333 0.7527777777777778 0.33489583333333334 0.7527777777777778 0.33489583333333334 0.9740740740740741 0.2630208333333333 0.9740740740740741
2 0.6567708333333333 0.2935185185185185 0.6885416666666667 0.2935185185185185 0.6885416666666667 0.37037037037037035 0.6567708333333333 0.37037037037037035
2 0.19322916666666667 0.549074074074074 0.25104166666666666 0.549074074074074 0.25104166666666666 0.7203703703703703 0.19322916666666667 0.7203703703703703
2 0.3609375 0.4601851851851852 0.40625 0.4601851851851852 0.40625 0.6018518518518519 0.3609375 0.6018518518518519
2 0.7026041666666667 0.30277777777777776 0.7364583333333333 0.30277777777777776 0.7364583333333333 0.39814814814814814 0.7026041666666667 0.39814814814814814
2 0 0.6657407407407407 0.042708333333333334 0.6657407407407407 0.042708333333333334 0.8407407407407408 0 0.8407407407407408
2 0.6453125 0.20925925925925926 0.6729166666666667 0.20925925925925926 0.6729166666666667 0.2833333333333333 0.6453125 0.2833333333333333
2 0.4 0.2759259259259259 0.4276041666666667 0.2759259259259259 0.4276041666666667 0.3574074074074074 0.4 0.3574074074074074
2 0.26458333333333334 0.3824074074074074 0.309375 0.3824074074074074 0.309375 0.5296296296296297 0.26458333333333334 0.5296296296296297
2 0.3390625 0.3333333333333333 0.3692708333333333 0.3333333333333333 0.3692708333333333 0.42685185185185187 0.3390625 0.42685185185185187
2 0.49635416666666665 0.17222222222222222 0.515625 0.17222222222222222 0.515625 0.22777777777777777 0.49635416666666665 0.22777777777777777
2 0.3541666666666667 0.2814814814814815 0.38229166666666664 0.2814814814814815 0.38229166666666664 0.35 0.3541666666666667 0.35
2 0.4786458333333333 0.1425925925925926 0.4921875 0.1425925925925926 0.4921875 0.1814814814814815 0.4786458333333333 0.1814814814814815
2 0.39739583333333334 0.175 0.4171875 0.175 0.4171875 0.22962962962962963 0.39739583333333334 0.22962962962962963
2 0.37604166666666666 0.34629629629629627 0.409375 0.34629629629629627 0.409375 0.43333333333333335 0.37604166666666666 0.43333333333333335
2 0.4578125 0.15648148148148147 0.4739583333333333 0.15648148148148147 0.4739583333333333 0.19722222222222222 0.4578125 0.19722222222222222
2 0.41822916666666665 0.20833333333333334 0.4390625 0.20833333333333334 0.4390625 0.26296296296296295 0.41822916666666665 0.26296296296296295
2 0.425 0.18055555555555555 0.4421875 0.18055555555555555 0.4421875 0.22037037037037038 0.425 0.22037037037037038
2 0.4171875 0.15 0.4322916666666667 0.15 0.4322916666666667 0.18703703703703703 0.4171875 0.18703703703703703
2 0.2833333333333333 0.3435185185185185 0.31614583333333335 0.3435185185185185 0.31614583333333335 0.40370370370370373 0.2833333333333333 0.40370370370370373
2 0.5744791666666667 0.11666666666666667 0.590625 0.11666666666666667 0.590625 0.15 0.5744791666666667 0.15
2 0.6244791666666667 0.19907407407407407 0.6401041666666667 0.19907407407407407 0.6401041666666667 0.2796296296296296 0.6244791666666667 0.2796296296296296