1 0.14166666666666666 0.3175925925925926 0.2765625 0.3175925925925926 0.2765625 0.4925925925925926 0.14166666666666666 0.4925925925925926
1 0.3255208333333333 0.16944444444444445 0.3921875 0.16944444444444445 0.3921875 0.2324074074074074 0.3255208333333333 0.2324074074074074
2 0.013541666666666667 0.8685185185185185 0.10416666666666667 0.8685185185185185 0.10416666666666667 0.9990740740740741 0.013541666666666667 0.9990740740740741
2 0.4083333333333333 0.18796296296296297 0.42864583333333334 0.18796296296296297 0.42864583333333334 0.24351851851851852 0.4083333333333333 0.24351851851851852
2 0.23802083333333332 0.6037037037037037 0.290625 0.6037037037037037 0.290625 0.7703703703703704 0.23802083333333332 0.7703703703703704
2 0.9083333333333333 0.6907407407407408 0.9890625 0.6907407407407408 0.9890625 0.887962962962963 0.9083333333333333 0.887962962962963
2 0.740625 0.41388888888888886 0.7833333333333333 0.41388888888888886 0.7833333333333333 0.5157407407407407 0.740625 0.5157407407407407
2 0.659375 0.19074074074074074 0.6765625 0.19074074074074074 0.6765625 0.2324074074074074 0.659375 0.2324074074074074
2 0.5864583333333333 0.19537037037037036 0.6067708333333334 0.19537037037037036 0.6067708333333334 0.2564814814814815 0.5864583333333333 0.2564814814814815
2 0.42083333333333334 0.24259259259259258 0.44947916666666665 0.24259259259259258 0.44947916666666665 0.3175925925925926 0.42083333333333334 0.3175925925925926
2 0.5385416666666667 0.0962962962962963 0.5515625 0.0962962962962963 0.5515625 0.12685185185185185 0.5385416666666667 0.12685185185185185
2 0.43854166666666666 0.18796296296296297 0.45677083333333335 0.18796296296296297 0.45677083333333335 0.23703703703703705 0.43854166666666666 0.23703703703703705
2 0.7052083333333333 0.4685185185185185 0.7546875 0.4685185185185185 0.7546875 0.6111111111111112 0.7052083333333333 0.6111111111111112
2 0.5885416666666666 0.1037037037037037 0.6020833333333333 0.1037037037037037 0.6020833333333333 0.13518518518518519 0.5885416666666666 0.13518518518518519
2 0.4546875 0.15833333333333333 0.4703125 0.15833333333333333 0.4703125 0.19814814814814816 0.4546875 0.19814814814814816
2 0.3536458333333333 0.3851851851851852 0.39479166666666665 0.3851851851851852 0.39479166666666665 0.5083333333333333 0.3536458333333333 0.5083333333333333
2 0.365625 0.45 0.40677083333333336 0.45 0.40677083333333336 0.6194444444444445 0.365625 0.6194444444444445
2 0.6598958333333333 0.31296296296296294 0.6890625 0.31296296296296294 0.6890625 0.4 0.6598958333333333 0.4
2 0.6213541666666667 0.16203703703703703 0.6411458333333333 0.16203703703703703 0.6411458333333333 0.2064814814814815 0.6213541666666667 0.2064814814814815
2 0.6041666666666666 0.2601851851851852 0.6296875 0.2601851851851852 0.6296875 0.3351851851851852 0.6041666666666666 0.3351851851851852
2 0.5682291666666667 0.10925925925925926 0.5822916666666667 0.10925925925925926 0.5822916666666667 0.14351851851851852 0.5682291666666667 0.14351851851851852
2 0.5520833333333334 0.16944444444444445 0.5744791666666667 0.16944444444444445 0.5744791666666667 0.22685185185185186 0.5520833333333334 0.22685185185185186
2 0.4354166666666667 0.16296296296296298 0.45 0.16296296296296298 0.45 0.19722222222222222 0.4354166666666667 0.19722222222222222
2 0.5630208333333333 0.15833333333333333 0.584375 0.15833333333333333 0.584375 0.2074074074074074 0.5630208333333333 0.2074074074074074
2 0.45989583333333334 0.22592592592592592 0.4828125 0.22592592592592592 0.4828125 0.29444444444444445 0.45989583333333334 0.29444444444444445