1 0.14427083333333332 0.32407407407407407 0.2713541666666667 0.32407407407407407 0.2713541666666667 0.5027777777777778 0.14427083333333332 0.5027777777777778
1 0.3307291666666667 0.17592592592592593 0.390625 0.17592592592592593 0.390625 0.24074074074074073 0.3307291666666667 0.24074074074074073
1 0.4510416666666667 0.17037037037037037 0.48854166666666665 0.17037037037037037 0.48854166666666665 0.2351851851851852 0.4510416666666667 0.2351851851851852
1 0.5885416666666666 0.10462962962962963 0.621875 0.10462962962962963 0.621875 0.1425925925925926 0.5885416666666666 0.1425925925925926
1 0.5760416666666667 0.31574074074074077 0.7411458333333333 0.31574074074074077 0.7411458333333333 0.6935185185185185 0.5760416666666667 0.6935185185185185
2 0.7765625 0.4537037037037037 0.8265625 0.4537037037037037 0.8265625 0.6398148148148148 0.7765625 0.6398148148148148
2 0.08645833333333333 0.6666666666666666 0.17760416666666667 0.6666666666666666 0.17760416666666667 0.8787037037037037 0.08645833333333333 0.8787037037037037
2 0.34375 0.6509259259259259 0.3953125 0.6509259259259259 0.3953125 0.9027777777777778 0.34375 0.9027777777777778
2 0.28020833333333334 0.5287037037037037 0.3234375 0.5287037037037037 0.3234375 0.6824074074074075 0.28020833333333334 0.6824074074074075
2 0.1671875 0.5305555555555556 0.22135416666666666 0.5305555555555556 0.22135416666666666 0.6935185185185185 0.1671875 0.6935185185185185
2 0.3104166666666667 0.3990740740740741 0.33177083333333335 0.3990740740740741 0.33177083333333335 0.5638888888888889 0.3104166666666667 0.5638888888888889
2 0.24739583333333334 0.3851851851851852 0.2786458333333333 0.3851851851851852 0.2786458333333333 0.49907407407407406 0.24739583333333334 0.49907407407407406
2 0.3958333333333333 0.38425925925925924 0.4239583333333333 0.38425925925925924 0.4239583333333333 0.4888888888888889 0.3958333333333333 0.4888888888888889
2 0.42135416666666664 0.3148148148148148 0.4453125 0.3148148148148148 0.4453125 0.4222222222222222 0.42135416666666664 0.4222222222222222
2 0.34375 0.3490740740740741 0.37083333333333335 0.3490740740740741 0.37083333333333335 0.4361111111111111 0.34375 0.4361111111111111
2 0.3536458333333333 0.30092592592592593 0.3723958333333333 0.30092592592592593 0.3723958333333333 0.3648148148148148 0.3536458333333333 0.3648148148148148
2 0.37395833333333334 0.2518518518518518 0.390625 0.2518518518518518 0.390625 0.31851851851851853 0.37395833333333334 0.31851851851851853
2 0.34791666666666665 0.2490740740740741 0.36822916666666666 0.2490740740740741 0.36822916666666666 0.3175925925925926 0.34791666666666665 0.3175925925925926
2 0.39427083333333335 0.23425925925925925 0.40989583333333335 0.23425925925925925 0.40989583333333335 0.28888888888888886 0.39427083333333335 0.28888888888888886
2 0.4046875 0.18981481481481483 0.42083333333333334 0.18981481481481483 0.42083333333333334 0.2462962962962963 0.4046875 0.2462962962962963
2 0.41875 0.21574074074074073 0.44114583333333335 0.21574074074074073 0.44114583333333335 0.28055555555555556 0.41875 0.28055555555555556
2 0.4427083333333333 0.23796296296296296 0.4661458333333333 0.23796296296296296 0.4661458333333333 0.31296296296296294 0.4427083333333333 0.31296296296296294
2 0.42916666666666664 0.17407407407407408 0.43802083333333336 0.17407407407407408 0.43802083333333336 0.22407407407407406 0.42916666666666664 0.22407407407407406
2 0.4953125 0.14074074074074075 0.5052083333333334 0.14074074074074075 0.5052083333333334 0.18703703703703703 0.4953125 0.18703703703703703
2 0.4635416666666667 0.13333333333333333 0.4739583333333333 0.13333333333333333 0.4739583333333333 0.17037037037037037 0.4635416666666667 0.17037037037037037
2 0.45208333333333334 0.14444444444444443 0.4609375 0.14444444444444443 0.4609375 0.18425925925925926 0.45208333333333334 0.18425925925925926
2 0.43854166666666666 0.14722222222222223 0.4473958333333333 0.14722222222222223 0.4473958333333333 0.18796296296296297 0.43854166666666666 0.18796296296296297
2 0.4328125 0.13240740740740742 0.43854166666666666 0.13240740740740742 0.43854166666666666 0.1638888888888889 0.4328125 0.1638888888888889
2 0.44375 0.12037037037037036 0.4546875 0.12037037037037036 0.4546875 0.15833333333333333 0.44375 0.15833333333333333
2 0.46041666666666664 0.11388888888888889 0.4671875 0.11388888888888889 0.4671875 0.15185185185185185 0.46041666666666664 0.15185185185185185
2 0.4244791666666667 0.11574074074074074 0.4328125 0.11574074074074074 0.4328125 0.15462962962962962 0.4244791666666667 0.15462962962962962
2 0.5864583333333333 0.14074074074074075 0.5994791666666667 0.14074074074074075 0.5994791666666667 0.19444444444444445 0.5864583333333333 0.19444444444444445
2 0.6203125 0.15 0.6348958333333333 0.15 0.6348958333333333 0.20277777777777778 0.6203125 0.20277777777777778