1 0.5072916666666667 0 0.6026041666666667 0 0.6026041666666667 0.09444444444444444 0.5072916666666667 0.09444444444444444
1 0.6473958333333333 0.17962962962962964 0.6817708333333333 0.17962962962962964 0.6817708333333333 0.30092592592592593 0.6473958333333333 0.30092592592592593
2 0.559375 0.8333333333333334 0.609375 0.8333333333333334 0.609375 0.8907407407407407 0.559375 0.8907407407407407
2 0.29739583333333336 0.025 0.4109375 0.025 0.4109375 0.14444444444444443 0.29739583333333336 0.14444444444444443
2 0.6364583333333333 0.4074074074074074 0.6729166666666667 0.4074074074074074 0.6729166666666667 0.45185185185185184 0.6364583333333333 0.45185185185185184
2 0.6057291666666667 0.36574074074074076 0.640625 0.36574074074074076 0.640625 0.4064814814814815 0.6057291666666667 0.4064814814814815
2 0.6145833333333334 0.7490740740740741 0.6520833333333333 0.7490740740740741 0.6520833333333333 0.7907407407407407 0.6145833333333334 0.7907407407407407
2 0.6171875 0.30277777777777776 0.653125 0.30277777777777776 0.653125 0.34444444444444444 0.6171875 0.34444444444444444
2 0.6625 0.674074074074074 0.6890625 0.674074074074074 0.6890625 0.7092592592592593 0.6625 0.7092592592592593
2 0.5510416666666667 0.7601851851851852 0.6041666666666666 0.7601851851851852 0.6041666666666666 0.8148148148148148 0.5510416666666667 0.8148148148148148
2 0.6833333333333333 0.3814814814814815 0.7052083333333333 0.3814814814814815 0.7052083333333333 0.4074074074074074 0.6833333333333333 0.4074074074074074
2 0.5234375 0.30092592592592593 0.5895833333333333 0.30092592592592593 0.5895833333333333 0.3675925925925926 0.5234375 0.3675925925925926
2 0.6770833333333334 0.5962962962962963 0.7005208333333334 0.5962962962962963 0.7005208333333334 0.6287037037037037 0.6770833333333334 0.6287037037037037
2 0.6552083333333333 0.5398148148148149 0.6822916666666666 0.5398148148148149 0.6822916666666666 0.6037037037037037 0.6552083333333333 0.6037037037037037
2 0.678125 0.4685185185185185 0.703125 0.4685185185185185 0.703125 0.4962962962962963 0.678125 0.4962962962962963
2 0.534375 0.4101851851851852 0.5989583333333334 0.4101851851851852 0.5989583333333334 0.45092592592592595 0.534375 0.45092592592592595