1 0.3921875 0.9055555555555556 0.4895833333333333 0.9055555555555556 0.4895833333333333 1 0.3921875 1
1 0.31927083333333334 0.7092592592592593 0.35625 0.7092592592592593 0.35625 0.825925925925926 0.31927083333333334 0.825925925925926
2 0.453125 0 0.5244791666666667 0 0.5244791666666667 0.03148148148148148 0.453125 0.03148148148148148
2 0.31875 0.39166666666666666 0.34479166666666666 0.39166666666666666 0.34479166666666666 0.4537037037037037 0.31875 0.4537037037037037
2 0.3385416666666667 0.5518518518518518 0.37916666666666665 0.5518518518518518 0.37916666666666665 0.5962962962962963 0.3385416666666667 0.5962962962962963
2 0.45260416666666664 0.6722222222222223 0.5328125 0.6722222222222223 0.5328125 0.75 0.45260416666666664 0.75
2 0.3 0.5037037037037037 0.32708333333333334 0.5037037037037037 0.32708333333333334 0.5305555555555556 0.3 0.5305555555555556
2 0.33541666666666664 0.22777777777777777 0.36875 0.22777777777777777 0.36875 0.2657407407407407 0.33541666666666664 0.2657407407407407
2 0.3 0.5990740740740741 0.321875 0.5990740740740741 0.321875 0.625 0.3 0.625
2 0.315625 0.32592592592592595 0.34322916666666664 0.32592592592592595 0.34322916666666664 0.3527777777777778 0.315625 0.3527777777777778
2 0.45625 0.562962962962963 0.5395833333333333 0.562962962962963 0.5395833333333333 0.6185185185185185 0.45625 0.6185185185185185
2 0.3723958333333333 0.2175925925925926 0.4197916666666667 0.2175925925925926 0.4197916666666667 0.25833333333333336 0.3723958333333333 0.25833333333333336
2 0.35260416666666666 0.6638888888888889 0.3984375 0.6638888888888889 0.3984375 0.7092592592592593 0.35260416666666666 0.7092592592592593
2 0.371875 0.15648148148148147 0.41510416666666666 0.15648148148148147 0.41510416666666666 0.20092592592592592 0.371875 0.20092592592592592
2 0.37135416666666665 0.6166666666666667 0.4234375 0.6166666666666667 0.4234375 0.6527777777777778 0.37135416666666665 0.6527777777777778
2 0.33958333333333335 0.6074074074074074 0.37604166666666666 0.6074074074074074 0.37604166666666666 0.6361111111111111 0.33958333333333335 0.6361111111111111
2 0.33645833333333336 0.6518518518518519 0.3697916666666667 0.6518518518518519 0.3697916666666667 0.6787037037037037 0.33645833333333336 0.6787037037037037
2 0.3020833333333333 0.2064814814814815 0.33177083333333335 0.2064814814814815 0.33177083333333335 0.23425925925925925 0.3020833333333333 0.23425925925925925