1 0.14583333333333334 0.32407407407407407 0.27291666666666664 0.32407407407407407 0.27291666666666664 0.5 0.14583333333333334 0.5
1 0.3614583333333333 0.37592592592592594 0.4588541666666667 0.37592592592592594 0.4588541666666667 0.5314814814814814 0.3614583333333333 0.5314814814814814
2 0.11354166666666667 0.8638888888888889 0.2 0.8638888888888889 0.2 1 0.11354166666666667 1
2 0.7015625 0.43703703703703706 0.7427083333333333 0.43703703703703706 0.7427083333333333 0.562962962962963 0.7015625 0.562962962962963
1 0.31979166666666664 0.17685185185185184 0.3828125 0.17685185185185184 0.3828125 0.24074074074074073 0.31979166666666664 0.24074074074074073
2 0.10729166666666666 0.562962962962963 0.17135416666666667 0.562962962962963 0.17135416666666667 0.737037037037037 0.10729166666666666 0.737037037037037
2 0.690625 0.2824074074074074 0.7229166666666667 0.2824074074074074 0.7229166666666667 0.3592592592592593 0.690625 0.3592592592592593
2 0.21614583333333334 0.5675925925925925 0.26875 0.5675925925925925 0.26875 0.7361111111111112 0.21614583333333334 0.7361111111111112
2 0.34739583333333335 0.32407407407407407 0.3765625 0.32407407407407407 0.3765625 0.4083333333333333 0.34739583333333335 0.4083333333333333
2 0.3697916666666667 0.262037037037037 0.39739583333333334 0.262037037037037 0.39739583333333334 0.34074074074074073 0.3697916666666667 0.34074074074074073
2 0.40729166666666666 0.275 0.43385416666666665 0.275 0.43385416666666665 0.3537037037037037 0.40729166666666666 0.3537037037037037
2 0.24322916666666666 0.44907407407407407 0.28854166666666664 0.44907407407407407 0.28854166666666664 0.5592592592592592 0.24322916666666666 0.5592592592592592
2 0.6432291666666666 0.337037037037037 0.6734375 0.337037037037037 0.6734375 0.4388888888888889 0.6432291666666666 0.4388888888888889
2 0.4609375 0.10740740740740741 0.4739583333333333 0.10740740740740741 0.4739583333333333 0.1398148148148148 0.4609375 0.1398148148148148
2 0.4635416666666667 0.19444444444444445 0.4796875 0.19444444444444445 0.4796875 0.2490740740740741 0.4635416666666667 0.2490740740740741
2 0.44166666666666665 0.2212962962962963 0.4625 0.2212962962962963 0.4625 0.275 0.44166666666666665 0.275
2 0.49114583333333334 0.13425925925925927 0.5057291666666667 0.13425925925925927 0.5057291666666667 0.17777777777777778 0.49114583333333334 0.17777777777777778
2 0.596875 0.1685185185185185 0.6145833333333334 0.1685185185185185 0.6145833333333334 0.21851851851851853 0.596875 0.21851851851851853
2 0.6302083333333334 0.16944444444444445 0.6489583333333333 0.16944444444444445 0.6489583333333333 0.2222222222222222 0.6302083333333334 0.2222222222222222
2 0.41354166666666664 0.2 0.4348958333333333 0.2 0.4348958333333333 0.25277777777777777 0.41354166666666664 0.25277777777777777
2 0.26979166666666665 0.6564814814814814 0.34375 0.6564814814814814 0.34375 0.8212962962962963 0.26979166666666665 0.8212962962962963