1 0.5572916666666666 0.33425925925925926 0.61875 0.33425925925925926 0.61875 0.4537037037037037 0.5572916666666666 0.4537037037037037
1 0.5046875 0 0.6026041666666667 0 0.6026041666666667 0.09259259259259259 0.5046875 0.09259259259259259
2 0.22083333333333333 0.04537037037037037 0.3489583333333333 0.04537037037037037 0.3489583333333333 0.16666666666666666 0.22083333333333333 0.16666666666666666
1 0.6463541666666667 0.18333333333333332 0.6817708333333333 0.18333333333333332 0.6817708333333333 0.30185185185185187 0.6463541666666667 0.30185185185185187
2 0.4671875 0 0.5369791666666667 0 0.5369791666666667 0.08055555555555556 0.4671875 0.08055555555555556
2 0.5072916666666667 0.9657407407407408 0.5708333333333333 0.9657407407407408 0.5708333333333333 1 0.5072916666666667 1
2 0.503125 0.14537037037037037 0.5510416666666667 0.14537037037037037 0.5510416666666667 0.20833333333333334 0.503125 0.20833333333333334
2 0.4239583333333333 0.1685185185185185 0.5067708333333333 0.1685185185185185 0.5067708333333333 0.25092592592592594 0.4239583333333333 0.25092592592592594
2 0.6255208333333333 0.7231481481481481 0.6604166666666667 0.7231481481481481 0.6604166666666667 0.7657407407407407 0.6255208333333333 0.7657407407407407
2 0.509375 0.2638888888888889 0.5739583333333333 0.2638888888888889 0.5739583333333333 0.32592592592592595 0.509375 0.32592592592592595
2 0.5432291666666667 0.17962962962962964 0.5880208333333333 0.17962962962962964 0.5880208333333333 0.22777777777777777 0.5432291666666667 0.22777777777777777
2 0.6505208333333333 0.6944444444444444 0.6833333333333333 0.6944444444444444 0.6833333333333333 0.7324074074074074 0.6505208333333333 0.7324074074074074
2 0.6208333333333333 0.787962962962963 0.6598958333333333 0.787962962962963 0.6598958333333333 0.8314814814814815 0.6208333333333333 0.8314814814814815
2 0.3296875 0.8824074074074074 0.44166666666666665 0.8824074074074074 0.44166666666666665 0.9888888888888889 0.3296875 0.9888888888888889
2 0.6484375 0.49722222222222223 0.6833333333333333 0.49722222222222223 0.6833333333333333 0.5351851851851852 0.6484375 0.5351851851851852
2 0.653125 0.4166666666666667 0.6833333333333333 0.4166666666666667 0.6833333333333333 0.45092592592592595 0.653125 0.45092592592592595
2 0.6671875 0.45555555555555555 0.6942708333333333 0.45555555555555555 0.6942708333333333 0.48333333333333334 0.6671875 0.48333333333333334
2 0.7036458333333333 0.4046296296296296 0.721875 0.4046296296296296 0.721875 0.42592592592592593 0.7036458333333333 0.42592592592592593
2 0.6005208333333333 0.30462962962962964 0.6385416666666667 0.30462962962962964 0.6385416666666667 0.3435185185185185 0.6005208333333333 0.3435185185185185