1 0.14114583333333333 0.3175925925925926 0.2791666666666667 0.3175925925925926 0.2791666666666667 0.49166666666666664 0.14114583333333333 0.49166666666666664
1 0.3260416666666667 0.16944444444444445 0.3921875 0.16944444444444445 0.3921875 0.23148148148148148 0.3260416666666667 0.23148148148148148
2 0.22604166666666667 0.6074074074074074 0.2838541666666667 0.6074074074074074 0.2838541666666667 0.7907407407407407 0.22604166666666667 0.7907407407407407
2 0.4078125 0.18888888888888888 0.428125 0.18888888888888888 0.428125 0.24444444444444444 0.4078125 0.24444444444444444
2 0.5864583333333333 0.19444444444444445 0.60625 0.19444444444444445 0.60625 0.25462962962962965 0.5864583333333333 0.25462962962962965
2 0.6598958333333333 0.18981481481481483 0.6765625 0.18981481481481483 0.6765625 0.23055555555555557 0.6598958333333333 0.23055555555555557
2 0.5385416666666667 0.09537037037037037 0.5515625 0.09537037037037037 0.5515625 0.1259259259259259 0.5385416666666667 0.1259259259259259
2 0.7380208333333333 0.4083333333333333 0.7807291666666667 0.4083333333333333 0.7807291666666667 0.5092592592592593 0.7380208333333333 0.5092592592592593
2 0.43697916666666664 0.18888888888888888 0.45625 0.18888888888888888 0.45625 0.23981481481481481 0.43697916666666664 0.23981481481481481
2 0.7041666666666667 0.4601851851851852 0.7515625 0.4601851851851852 0.7515625 0.6 0.7041666666666667 0.6
2 0.009375 0.8907407407407407 0.09166666666666666 0.8907407407407407 0.09166666666666666 1 0.009375 1
2 0.4203125 0.24722222222222223 0.4479166666666667 0.24722222222222223 0.4479166666666667 0.32037037037037036 0.4203125 0.32037037037037036
2 0.45416666666666666 0.1574074074074074 0.4703125 0.1574074074074074 0.4703125 0.2 0.45416666666666666 0.2
2 0.3640625 0.46944444444444444 0.40520833333333334 0.46944444444444444 0.40520833333333334 0.6259259259259259 0.3640625 0.6259259259259259
2 0.35104166666666664 0.387037037037037 0.39375 0.387037037037037 0.39375 0.5138888888888888 0.35104166666666664 0.5138888888888888
2 0.6588541666666666 0.3037037037037037 0.6901041666666666 0.3037037037037037 0.6901041666666666 0.3925925925925926 0.6588541666666666 0.3925925925925926
2 0.603125 0.25925925925925924 0.628125 0.25925925925925924 0.628125 0.3314814814814815 0.603125 0.3314814814814815
2 0.5885416666666666 0.1037037037037037 0.6020833333333333 0.1037037037037037 0.6020833333333333 0.13425925925925927 0.5885416666666666 0.13425925925925927
2 0.5520833333333334 0.16944444444444445 0.5734375 0.16944444444444445 0.5734375 0.22592592592592592 0.5520833333333334 0.22592592592592592
2 0.45989583333333334 0.22870370370370371 0.4828125 0.22870370370370371 0.4828125 0.2962962962962963 0.45989583333333334 0.2962962962962963
2 0.6213541666666667 0.16203703703703703 0.6416666666666667 0.16203703703703703 0.6416666666666667 0.20555555555555555 0.6213541666666667 0.20555555555555555
2 0.6125 0.2111111111111111 0.6348958333333333 0.2111111111111111 0.6348958333333333 0.27037037037037037 0.6125 0.27037037037037037