1 0.265625 0.6574074074074074 0.434375 0.6574074074074074 0.434375 0.9629629629629629 0.265625 0.9629629629629629
1 0.47708333333333336 0 0.5791666666666667 0 0.5791666666666667 0.05185185185185185 0.47708333333333336 0.05185185185185185
1 0.5276041666666667 0.2824074074074074 0.590625 0.2824074074074074 0.590625 0.39444444444444443 0.5276041666666667 0.39444444444444443
1 0.603125 0.5657407407407408 0.6427083333333333 0.5657407407407408 0.6427083333333333 0.6416666666666667 0.603125 0.6416666666666667
1 0.6255208333333333 0.1685185185185185 0.6604166666666667 0.1685185185185185 0.6604166666666667 0.26296296296296295 0.6255208333333333 0.26296296296296295
1 0.6723958333333333 0.41388888888888886 0.6973958333333333 0.41388888888888886 0.6973958333333333 0.4666666666666667 0.6723958333333333 0.4666666666666667
2 0.446875 0.003703703703703704 0.5052083333333334 0.003703703703703704 0.5052083333333334 0.08703703703703704 0.446875 0.08703703703703704
2 0.46770833333333334 0 0.5369791666666667 0 0.5369791666666667 0.044444444444444446 0.46770833333333334 0.044444444444444446
2 0.5067708333333333 0.16666666666666666 0.5677083333333334 0.16666666666666666 0.5677083333333334 0.22037037037037038 0.5067708333333333 0.22037037037037038
2 0.4828125 0.37777777777777777 0.553125 0.37777777777777777 0.553125 0.43425925925925923 0.4828125 0.43425925925925923
2 0.5645833333333333 0.22870370370370371 0.6213541666666667 0.22870370370370371 0.6213541666666667 0.26296296296296295 0.5645833333333333 0.26296296296296295
2 0.5744791666666667 0.29259259259259257 0.6145833333333334 0.29259259259259257 0.6145833333333334 0.3351851851851852 0.5744791666666667 0.3351851851851852
2 0.6020833333333333 0.24814814814814815 0.6380208333333334 0.24814814814814815 0.6380208333333334 0.28055555555555556 0.6020833333333333 0.28055555555555556
2 0.6015625 0.22592592592592592 0.6302083333333334 0.22592592592592592 0.6302083333333334 0.25092592592592594 0.6015625 0.25092592592592594
2 0.6265625 0.41388888888888886 0.6619791666666667 0.41388888888888886 0.6619791666666667 0.4398148148148148 0.6265625 0.4398148148148148
2 0.6 0.39166666666666666 0.6432291666666666 0.39166666666666666 0.6432291666666666 0.412962962962963 0.6 0.412962962962963
2 0.6119791666666666 0.37037037037037035 0.6526041666666667 0.37037037037037035 0.6526041666666667 0.39814814814814814 0.6119791666666666 0.39814814814814814
2 0.6223958333333334 0.33240740740740743 0.6557291666666667 0.33240740740740743 0.6557291666666667 0.362962962962963 0.6223958333333334 0.362962962962963
2 0.6177083333333333 0.30092592592592593 0.6505208333333333 0.30092592592592593 0.6505208333333333 0.32685185185185184 0.6177083333333333 0.32685185185185184
2 0.6291666666666667 0.2675925925925926 0.6583333333333333 0.2675925925925926 0.6583333333333333 0.2898148148148148 0.6291666666666667 0.2898148148148148
2 0.6244791666666667 0.2814814814814815 0.6567708333333333 0.2814814814814815 0.6567708333333333 0.3 0.6244791666666667 0.3
2 0.6401041666666667 0.4537037037037037 0.6703125 0.4537037037037037 0.6703125 0.4759259259259259 0.6401041666666667 0.4759259259259259
2 0.6630208333333333 0.33796296296296297 0.6869791666666667 0.33796296296296297 0.6869791666666667 0.3574074074074074 0.6630208333333333 0.3574074074074074
2 0.6489583333333333 0.3731481481481482 0.6739583333333333 0.3731481481481482 0.6739583333333333 0.39351851851851855 0.6489583333333333 0.39351851851851855
2 0.6572916666666667 0.3592592592592593 0.6828125 0.3592592592592593 0.6828125 0.37777777777777777 0.6572916666666667 0.37777777777777777
2 0.6776041666666667 0.36574074074074076 0.6932291666666667 0.36574074074074076 0.6932291666666667 0.38333333333333336 0.6776041666666667 0.38333333333333336
1 0.6723958333333333 0.5185185185185185 0.7010416666666667 0.5185185185185185 0.7010416666666667 0.5638888888888889 0.6723958333333333 0.5638888888888889
2 0.5244791666666667 0.7111111111111111 0.58125 0.7111111111111111 0.58125 0.7685185185185185 0.5244791666666667 0.7685185185185185
2 0.5958333333333333 0.7333333333333333 0.6390625 0.7333333333333333 0.6390625 0.7685185185185185 0.5958333333333333 0.7685185185185185
2 0.5645833333333333 0.7666666666666667 0.6166666666666667 0.7666666666666667 0.6166666666666667 0.8083333333333333 0.5645833333333333 0.8083333333333333
2 0.625 0.6583333333333333 0.6614583333333334 0.6583333333333333 0.6614583333333334 0.6842592592592592 0.625 0.6842592592592592
2 0.6359375 0.674074074074074 0.6666666666666666 0.674074074074074 0.6666666666666666 0.7037037037037037 0.6359375 0.7037037037037037
2 0.653125 0.6472222222222223 0.671875 0.6472222222222223 0.671875 0.6666666666666666 0.653125 0.6666666666666666
2 0.6666666666666666 0.587037037037037 0.69375 0.587037037037037 0.69375 0.6037037037037037 0.6666666666666666 0.6037037037037037
2 0.6619791666666667 0.5972222222222222 0.6864583333333333 0.5972222222222222 0.6864583333333333 0.6166666666666667 0.6619791666666667 0.6166666666666667
2 0.6677083333333333 0.6148148148148148 0.69375 0.6148148148148148 0.69375 0.6333333333333333 0.6677083333333333 0.6333333333333333
2 0.6692708333333334 0.6388888888888888 0.6953125 0.6388888888888888 0.6953125 0.6601851851851852 0.6692708333333334 0.6601851851851852
2 0.6776041666666667 0.5666666666666667 0.703125 0.5666666666666667 0.703125 0.5842592592592593 0.6776041666666667 0.5842592592592593