1 0.4 0.9037037037037037 0.49895833333333334 0.9037037037037037 0.49895833333333334 1 0.4 1
1 0.3177083333333333 0.6907407407407408 0.35104166666666664 0.6907407407407408 0.35104166666666664 0.8074074074074075 0.3177083333333333 0.8074074074074075
2 0.4609375 0.725925925925926 0.5197916666666667 0.725925925925926 0.5197916666666667 0.7925925925925926 0.4609375 0.7925925925925926
2 0.32083333333333336 0.3138888888888889 0.35208333333333336 0.3138888888888889 0.35208333333333336 0.3490740740740741 0.32083333333333336 0.3490740740740741
2 0.365625 0.5962962962962963 0.4125 0.5962962962962963 0.4125 0.6509259259259259 0.365625 0.6509259259259259
2 0.37864583333333335 0.17962962962962964 0.4244791666666667 0.17962962962962964 0.4244791666666667 0.23055555555555557 0.37864583333333335 0.23055555555555557
2 0.33177083333333335 0.5833333333333334 0.3609375 0.5833333333333334 0.3609375 0.6157407407407407 0.33177083333333335 0.6157407407407407
2 0.29375 0.5027777777777778 0.3151041666666667 0.5027777777777778 0.3151041666666667 0.5277777777777778 0.29375 0.5277777777777778
2 0.26979166666666665 0.4111111111111111 0.2859375 0.4111111111111111 0.2859375 0.4324074074074074 0.26979166666666665 0.4324074074074074
2 0.3333333333333333 0.26944444444444443 0.36302083333333335 0.26944444444444443 0.36302083333333335 0.3101851851851852 0.3333333333333333 0.3101851851851852
2 0.6026041666666667 0.9324074074074075 0.7255208333333333 0.9324074074074075 0.7255208333333333 1 0.6026041666666667 1
2 0.31145833333333334 0.549074074074074 0.3385416666666667 0.549074074074074 0.3385416666666667 0.5824074074074074 0.31145833333333334 0.5824074074074074
2 0.32864583333333336 0.6305555555555555 0.3609375 0.6305555555555555 0.3609375 0.6694444444444444 0.32864583333333336 0.6694444444444444
2 0.3541666666666667 0.5287037037037037 0.4005208333333333 0.5287037037037037 0.4005208333333333 0.575 0.3541666666666667 0.575
2 0.30885416666666665 0.3675925925925926 0.33958333333333335 0.3675925925925926 0.33958333333333335 0.40555555555555556 0.30885416666666665 0.40555555555555556
2 0.44375 0.08888888888888889 0.5192708333333333 0.08888888888888889 0.5192708333333333 0.17222222222222222 0.44375 0.17222222222222222
2 0.3567708333333333 0.2814814814814815 0.3927083333333333 0.2814814814814815 0.3927083333333333 0.3212962962962963 0.3567708333333333 0.3212962962962963
2 0.43020833333333336 0.030555555555555555 0.4875 0.030555555555555555 0.4875 0.1037037037037037 0.43020833333333336 0.1037037037037037
2 0.28802083333333334 0.5861111111111111 0.30625 0.5861111111111111 0.30625 0.6092592592592593 0.28802083333333334 0.6092592592592593
2 0.30833333333333335 0.24537037037037038 0.3333333333333333 0.24537037037037038 0.3333333333333333 0.2796296296296296 0.30833333333333335 0.2796296296296296
2 0.5098958333333333 0.687037037037037 0.6119791666666666 0.687037037037037 0.6119791666666666 0.774074074074074 0.5098958333333333 0.774074074074074