1 0.1421875 0.32407407407407407 0.26927083333333335 0.32407407407407407 0.26927083333333335 0.5 0.1421875 0.5
1 0.3692708333333333 0.3990740740740741 0.4671875 0.3990740740740741 0.4671875 0.5851851851851851 0.3692708333333333 0.5851851851851851
1 0.3307291666666667 0.1814814814814815 0.3885416666666667 0.1814814814814815 0.3885416666666667 0.24351851851851852 0.3307291666666667 0.24351851851851852
1 0.5479166666666667 0.13055555555555556 0.5817708333333333 0.13055555555555556 0.5817708333333333 0.17962962962962964 0.5479166666666667 0.17962962962962964
2 0.7552083333333334 0.44722222222222224 0.7838541666666666 0.44722222222222224 0.7838541666666666 0.6092592592592593 0.7552083333333334 0.6092592592592593
2 0.2109375 0.6814814814814815 0.28177083333333336 0.6814814814814815 0.28177083333333336 0.8944444444444445 0.2109375 0.8944444444444445
2 0.19895833333333332 0.49722222222222223 0.26197916666666665 0.49722222222222223 0.26197916666666665 0.6842592592592592 0.19895833333333332 0.6842592592592592
2 0.3046875 0.3351851851851852 0.3328125 0.3351851851851852 0.3328125 0.4425925925925926 0.3046875 0.4425925925925926
2 0.35625 0.33796296296296297 0.3776041666666667 0.33796296296296297 0.3776041666666667 0.43333333333333335 0.35625 0.43333333333333335
2 0.36302083333333335 0.23981481481481481 0.38645833333333335 0.23981481481481481 0.38645833333333335 0.3314814814814815 0.36302083333333335 0.3314814814814815
2 0.4088541666666667 0.2222222222222222 0.42916666666666664 0.2222222222222222 0.42916666666666664 0.3101851851851852 0.4088541666666667 0.3101851851851852
2 0.4421875 0.2574074074074074 0.4583333333333333 0.2574074074074074 0.4583333333333333 0.32407407407407407 0.4421875 0.32407407407407407
2 0.4348958333333333 0.20462962962962963 0.4552083333333333 0.20462962962962963 0.4552083333333333 0.26481481481481484 0.4348958333333333 0.26481481481481484
2 0.39791666666666664 0.18425925925925926 0.41770833333333335 0.18425925925925926 0.41770833333333335 0.23703703703703705 0.39791666666666664 0.23703703703703705
2 0.42604166666666665 0.15833333333333333 0.4395833333333333 0.15833333333333333 0.4395833333333333 0.21203703703703702 0.42604166666666665 0.21203703703703702
2 0.40572916666666664 0.13055555555555556 0.4192708333333333 0.13055555555555556 0.4192708333333333 0.175 0.40572916666666664 0.175
2 0.4546875 0.16111111111111112 0.46927083333333336 0.16111111111111112 0.46927083333333336 0.21203703703703702 0.4546875 0.21203703703703702
2 0.5395833333333333 0.175 0.5770833333333333 0.175 0.5770833333333333 0.23981481481481481 0.5395833333333333 0.23981481481481481
2 0.46875 0.14166666666666666 0.48385416666666664 0.14166666666666666 0.48385416666666664 0.18981481481481483 0.46875 0.18981481481481483
2 0.48854166666666665 0.1388888888888889 0.5010416666666667 0.1388888888888889 0.5010416666666667 0.1824074074074074 0.48854166666666665 0.1824074074074074
2 0.6947916666666667 0.29814814814814816 0.7234375 0.29814814814814816 0.7234375 0.3824074074074074 0.6947916666666667 0.3824074074074074
2 0.6552083333333333 0.225 0.6786458333333333 0.225 0.6786458333333333 0.2916666666666667 0.6552083333333333 0.2916666666666667
2 0.4348958333333333 0.13703703703703704 0.44947916666666665 0.13703703703703704 0.44947916666666665 0.18055555555555555 0.4348958333333333 0.18055555555555555
2 0.45625 0.12037037037037036 0.465625 0.12037037037037036 0.465625 0.15555555555555556 0.45625 0.15555555555555556
2 0.4427083333333333 0.11666666666666667 0.45416666666666666 0.11666666666666667 0.45416666666666666 0.1537037037037037 0.4427083333333333 0.1537037037037037
2 0.465625 0.11481481481481481 0.4713541666666667 0.11481481481481481 0.4713541666666667 0.14629629629629629 0.465625 0.14629629629629629
2 0.5958333333333333 0.13703703703703704 0.6088541666666667 0.13703703703703704 0.6088541666666667 0.19074074074074074 0.5958333333333333 0.19074074074074074
1 0.659375 0.13333333333333333 0.7109375 0.13333333333333333 0.7109375 0.1787037037037037 0.659375 0.1787037037037037
2 0.4890625 0.11481481481481481 0.5026041666666666 0.11481481481481481 0.5026041666666666 0.15 0.4890625 0.15