1 0.55625 0.2851851851851852 0.6208333333333333 0.2851851851851852 0.6208333333333333 0.3824074074074074 0.55625 0.3824074074074074
1 0.13177083333333334 0.3490740740740741 0.25885416666666666 0.3490740740740741 0.25885416666666666 0.5277777777777778 0.13177083333333334 0.5277777777777778
1 0.3203125 0.20185185185185187 0.3770833333333333 0.20185185185185187 0.3770833333333333 0.2657407407407407 0.3203125 0.2657407407407407
1 0.5291666666666667 0.16944444444444445 0.5609375 0.16944444444444445 0.5609375 0.2212962962962963 0.5291666666666667 0.2212962962962963
1 0.4395833333333333 0.1814814814814815 0.475 0.1814814814814815 0.475 0.24722222222222223 0.4395833333333333 0.24722222222222223
2 0.17864583333333334 0.5888888888888889 0.225 0.5888888888888889 0.225 0.6972222222222222 0.17864583333333334 0.6972222222222222
2 0.2640625 0.5555555555555556 0.30572916666666666 0.5555555555555556 0.30572916666666666 0.6648148148148149 0.2640625 0.6648148148148149
1 0.6458333333333334 0.1537037037037037 0.6942708333333333 0.1537037037037037 0.6942708333333333 0.19907407407407407 0.6458333333333334 0.19907407407407407
2 0.190625 0.6787037037037037 0.2453125 0.6787037037037037 0.2453125 0.8574074074074074 0.190625 0.8574074074074074
2 0.44166666666666665 0.41388888888888886 0.4822916666666667 0.41388888888888886 0.4822916666666667 0.5601851851851852 0.44166666666666665 0.5601851851851852
2 0.7130208333333333 0.4842592592592593 0.7567708333333333 0.4842592592592593 0.7567708333333333 0.6416666666666667 0.7130208333333333 0.6416666666666667
2 0.38333333333333336 0.40370370370370373 0.42083333333333334 0.40370370370370373 0.42083333333333334 0.5546296296296296 0.38333333333333336 0.5546296296296296
2 0.3375 0.39351851851851855 0.3723958333333333 0.39351851851851855 0.3723958333333333 0.5305555555555556 0.3375 0.5305555555555556
2 0.3067708333333333 0.38333333333333336 0.3333333333333333 0.38333333333333336 0.3333333333333333 0.48518518518518516 0.3067708333333333 0.48518518518518516
2 0.25364583333333335 0.4083333333333333 0.284375 0.4083333333333333 0.284375 0.525 0.25364583333333335 0.525
2 0.31145833333333334 0.28055555555555556 0.3307291666666667 0.28055555555555556 0.3307291666666667 0.36666666666666664 0.31145833333333334 0.36666666666666664
2 0.3265625 0.30185185185185187 0.3541666666666667 0.30185185185185187 0.3541666666666667 0.3972222222222222 0.3265625 0.3972222222222222
2 0.35104166666666664 0.337037037037037 0.3776041666666667 0.337037037037037 0.3776041666666667 0.42407407407407405 0.35104166666666664 0.42407407407407405
2 0.38125 0.30648148148148147 0.4005208333333333 0.30648148148148147 0.4005208333333333 0.39537037037037037 0.38125 0.39537037037037037
2 0.37604166666666666 0.26851851851851855 0.4 0.26851851851851855 0.4 0.34629629629629627 0.37604166666666666 0.34629629629629627
2 0.415625 0.2564814814814815 0.43125 0.2564814814814815 0.43125 0.33796296296296297 0.415625 0.33796296296296297
2 0.3958333333333333 0.1787037037037037 0.4109375 0.1787037037037037 0.4109375 0.23425925925925925 0.3958333333333333 0.23425925925925925
2 0.415625 0.1935185185185185 0.42864583333333334 0.1935185185185185 0.42864583333333334 0.24351851851851852 0.415625 0.24351851851851852
2 0.49114583333333334 0.18518518518518517 0.5182291666666666 0.18518518518518517 0.5182291666666666 0.2601851851851852 0.49114583333333334 0.2601851851851852
2 0.5791666666666667 0.18981481481481483 0.5927083333333333 0.18981481481481483 0.5927083333333333 0.2574074074074074 0.5791666666666667 0.2574074074074074
2 0.6015625 0.18055555555555555 0.6130208333333333 0.18055555555555555 0.6130208333333333 0.25092592592592594 0.6015625 0.25092592592592594
2 0.5984375 0.15648148148148147 0.6057291666666667 0.15648148148148147 0.6057291666666667 0.2064814814814815 0.5984375 0.2064814814814815
2 0.4265625 0.16111111111111112 0.44166666666666665 0.16111111111111112 0.44166666666666665 0.2064814814814815 0.4265625 0.2064814814814815
2 0.41510416666666666 0.15555555555555556 0.425 0.15555555555555556 0.425 0.19722222222222222 0.41510416666666666 0.19722222222222222
2 0.4635416666666667 0.1398148148148148 0.4739583333333333 0.1398148148148148 0.4739583333333333 0.17222222222222222 0.4635416666666667 0.17222222222222222
2 0.43697916666666664 0.14629629629629629 0.446875 0.14629629629629629 0.446875 0.18611111111111112 0.43697916666666664 0.18611111111111112