1 0.14427083333333332 0.32314814814814813 0.2703125 0.32314814814814813 0.2703125 0.49722222222222223 0.14427083333333332 0.49722222222222223
1 0.32083333333333336 0.17407407407407408 0.3932291666666667 0.17407407407407408 0.3932291666666667 0.23425925925925925 0.32083333333333336 0.23425925925925925
2 0.115625 0.8101851851851852 0.20677083333333332 0.8101851851851852 0.20677083333333332 1 0.115625 1
2 0.4083333333333333 0.1787037037037037 0.4296875 0.1787037037037037 0.4296875 0.22777777777777777 0.4083333333333333 0.22777777777777777
2 0.7114583333333333 0.3472222222222222 0.7489583333333333 0.3472222222222222 0.7489583333333333 0.44814814814814813 0.7114583333333333 0.44814814814814813
2 0.45260416666666664 0.175 0.47239583333333335 0.175 0.47239583333333335 0.22777777777777777 0.45260416666666664 0.22777777777777777
2 0.5979166666666667 0.22962962962962963 0.6177083333333333 0.22962962962962963 0.6177083333333333 0.2851851851851852 0.5979166666666667 0.2851851851851852
2 0.4322916666666667 0.2111111111111111 0.45260416666666664 0.2111111111111111 0.45260416666666664 0.26851851851851855 0.4322916666666667 0.26851851851851855
2 0.6671875 0.37037037037037035 0.7098958333333333 0.37037037037037035 0.7098958333333333 0.4861111111111111 0.6671875 0.4861111111111111
2 0.5541666666666667 0.15185185185185185 0.5760416666666667 0.15185185185185185 0.5760416666666667 0.20555555555555555 0.5541666666666667 0.20555555555555555
2 0.43697916666666664 0.12685185185185185 0.45 0.12685185185185185 0.45 0.16111111111111112 0.43697916666666664 0.16111111111111112
2 0.39791666666666664 0.20277777777777778 0.4197916666666667 0.20277777777777778 0.4197916666666667 0.2611111111111111 0.39791666666666664 0.2611111111111111
2 0.484375 0.1361111111111111 0.4984375 0.1361111111111111 0.4984375 0.17685185185185184 0.484375 0.17685185185185184
2 0.41041666666666665 0.2824074074074074 0.4432291666666667 0.2824074074074074 0.4432291666666667 0.37407407407407406 0.41041666666666665 0.37407407407407406
2 0.6479166666666667 0.26944444444444443 0.6760416666666667 0.26944444444444443 0.6760416666666667 0.3435185185185185 0.6479166666666667 0.3435185185185185
2 0.584375 0.17314814814814813 0.603125 0.17314814814814813 0.603125 0.22592592592592592 0.584375 0.22592592592592592
2 0.8473958333333333 0.5675925925925925 0.9161458333333333 0.5675925925925925 0.9161458333333333 0.7518518518518519 0.8473958333333333 0.7518518518518519
2 0.6046875 0.19166666666666668 0.6244791666666667 0.19166666666666668 0.6244791666666667 0.24259259259259258 0.6046875 0.24259259259259258
2 0.45677083333333335 0.26296296296296295 0.48333333333333334 0.26296296296296295 0.48333333333333334 0.3509259259259259 0.45677083333333335 0.3509259259259259
2 0.3265625 0.5888888888888889 0.3703125 0.5888888888888889 0.3703125 0.8064814814814815 0.3265625 0.8064814814814815
2 0.31927083333333334 0.47314814814814815 0.3541666666666667 0.47314814814814815 0.3541666666666667 0.6074074074074074 0.31927083333333334 0.6074074074074074