1 0.14375 0.31574074074074077 0.2713541666666667 0.31574074074074077 0.2713541666666667 0.4842592592592593 0.14375 0.4842592592592593
1 0.31666666666666665 0.17962962962962964 0.38645833333333335 0.17962962962962964 0.38645833333333335 0.24074074074074073 0.31666666666666665 0.24074074074074073
2 0.14114583333333333 0.8444444444444444 0.2328125 0.8444444444444444 0.2328125 1 0.14114583333333333 1
2 0.7734375 0.43148148148148147 0.8255208333333334 0.43148148148148147 0.8255208333333334 0.5703703703703704 0.7734375 0.5703703703703704
2 0.6364583333333333 0.21944444444444444 0.6588541666666666 0.21944444444444444 0.6588541666666666 0.275 0.6364583333333333 0.275
2 0.675 0.2777777777777778 0.7026041666666667 0.2777777777777778 0.7026041666666667 0.3611111111111111 0.675 0.3611111111111111
2 0.4479166666666667 0.21203703703703702 0.4708333333333333 0.21203703703703702 0.4708333333333333 0.27870370370370373 0.4479166666666667 0.27870370370370373
2 0.38125 0.24166666666666667 0.409375 0.24166666666666667 0.409375 0.31851851851851853 0.38125 0.31851851851851853
2 0.5541666666666667 0.13333333333333333 0.5755208333333334 0.13333333333333333 0.5755208333333334 0.175 0.5541666666666667 0.175
2 0.4166666666666667 0.2759259259259259 0.44114583333333335 0.2759259259259259 0.44114583333333335 0.3509259259259259 0.4166666666666667 0.3509259259259259
2 0.44947916666666665 0.16203703703703703 0.4671875 0.16203703703703703 0.4671875 0.20555555555555555 0.44947916666666665 0.20555555555555555
2 0.4359375 0.39444444444444443 0.471875 0.39444444444444443 0.471875 0.5407407407407407 0.4359375 0.5407407407407407
2 0.59375 0.1527777777777778 0.6119791666666666 0.1527777777777778 0.6119791666666666 0.19722222222222222 0.59375 0.19722222222222222
2 0.584375 0.17777777777777778 0.6015625 0.17777777777777778 0.6015625 0.22407407407407406 0.584375 0.22407407407407406
2 0.37083333333333335 0.39166666666666666 0.4125 0.39166666666666666 0.4125 0.5416666666666666 0.37083333333333335 0.5416666666666666
2 0.42135416666666664 0.2212962962962963 0.4432291666666667 0.2212962962962963 0.4432291666666667 0.2796296296296296 0.42135416666666664 0.2796296296296296
2 0.6380208333333334 0.28055555555555556 0.6635416666666667 0.28055555555555556 0.6635416666666667 0.36666666666666664 0.6380208333333334 0.36666666666666664
2 0.3875 0.2101851851851852 0.41354166666666664 0.2101851851851852 0.41354166666666664 0.26944444444444443 0.3875 0.26944444444444443
2 0.5213541666666667 0.1574074074074074 0.5588541666666667 0.1574074074074074 0.5588541666666667 0.2222222222222222 0.5213541666666667 0.2222222222222222