1 0.6473958333333333 0.18703703703703703 0.6822916666666666 0.18703703703703703 0.6822916666666666 0.30833333333333335 0.6473958333333333 0.30833333333333335
1 0.5041666666666667 0 0.6026041666666667 0 0.6026041666666667 0.09259259259259259 0.5041666666666667 0.09259259259259259
1 0.5901041666666667 0.36666666666666664 0.6416666666666667 0.36666666666666664 0.6416666666666667 0.46574074074074073 0.5901041666666667 0.46574074074074073
2 0.21875 0 0.28177083333333336 0 0.28177083333333336 0.1398148148148148 0.21875 0.1398148148148148
2 0.5875 0.7638888888888888 0.6307291666666667 0.7638888888888888 0.6307291666666667 0.8148148148148148 0.5875 0.8148148148148148
2 0.4609375 0.03518518518518519 0.5369791666666667 0.03518518518518519 0.5369791666666667 0.11481481481481481 0.4609375 0.11481481481481481
2 0.5765625 0.23796296296296296 0.6161458333333333 0.23796296296296296 0.6161458333333333 0.28703703703703703 0.5765625 0.28703703703703703
2 0.40625 0.22685185185185186 0.5 0.22685185185185186 0.5 0.3101851851851852 0.40625 0.3101851851851852
2 0.5671875 0.3148148148148148 0.61875 0.3148148148148148 0.61875 0.3675925925925926 0.5671875 0.3675925925925926
2 0.5755208333333334 0.8453703703703703 0.625 0.8453703703703703 0.625 0.8953703703703704 0.5755208333333334 0.8953703703703704
2 0.6671875 0.42592592592592593 0.6958333333333333 0.42592592592592593 0.6958333333333333 0.4537037037037037 0.6671875 0.4537037037037037
1 0.609375 0.5722222222222222 0.6984375 0.5722222222222222 0.6984375 0.6851851851851852 0.609375 0.6851851851851852
2 0.5322916666666667 0.20092592592592592 0.5859375 0.20092592592592592 0.5859375 0.2537037037037037 0.5322916666666667 0.2537037037037037
2 0.6276041666666666 0.3472222222222222 0.6583333333333333 0.3472222222222222 0.6583333333333333 0.3824074074074074 0.6276041666666666 0.3824074074074074
2 0.6515625 0.4935185185185185 0.6848958333333334 0.4935185185185185 0.6848958333333334 0.5296296296296297 0.6515625 0.5296296296296297
2 0.6786458333333333 0.462037037037037 0.7020833333333333 0.462037037037037 0.7020833333333333 0.4861111111111111 0.6786458333333333 0.4861111111111111
2 0.6322916666666667 0.7101851851851851 0.6708333333333333 0.7101851851851851 0.6708333333333333 0.7722222222222223 0.6322916666666667 0.7722222222222223
2 0.5140625 0.2657407407407407 0.5692708333333333 0.2657407407407407 0.5692708333333333 0.32037037037037036 0.5140625 0.32037037037037036
2 0.515625 0.10092592592592593 0.5765625 0.10092592592592593 0.5765625 0.15648148148148147 0.515625 0.15648148148148147
2 0.7 0.6296296296296297 0.7177083333333333 0.6296296296296297 0.7177083333333333 0.6574074074074074 0.7 0.6574074074074074
2 0.690625 0.6768518518518518 0.7125 0.6768518518518518 0.7125 0.7055555555555556 0.690625 0.7055555555555556