1 0.14583333333333334 0.3175925925925926 0.2713541666666667 0.3175925925925926 0.2713541666666667 0.49074074074074076 0.14583333333333334 0.49074074074074076
1 0.35260416666666666 0.4101851851851852 0.4557291666666667 0.4101851851851852 0.4557291666666667 0.5888888888888889 0.35260416666666666 0.5888888888888889
2 0.06510416666666667 0.6333333333333333 0.13802083333333334 0.6333333333333333 0.13802083333333334 0.8240740740740741 0.06510416666666667 0.8240740740740741
2 0.6802083333333333 0.38055555555555554 0.7182291666666667 0.38055555555555554 0.7182291666666667 0.49074074074074076 0.6802083333333333 0.49074074074074076
2 0.6791666666666667 0.2611111111111111 0.7078125 0.2611111111111111 0.7078125 0.33611111111111114 0.6791666666666667 0.33611111111111114
2 0.3578125 0.2777777777777778 0.3875 0.2777777777777778 0.3875 0.3638888888888889 0.3578125 0.3638888888888889
2 0.6322916666666667 0.45 0.6807291666666667 0.45 0.6807291666666667 0.5851851851851851 0.6322916666666667 0.5851851851851851
2 0.2140625 0.5037037037037037 0.2609375 0.5037037037037037 0.2609375 0.6287037037037037 0.2140625 0.6287037037037037
2 0.32760416666666664 0.3527777777777778 0.3609375 0.3527777777777778 0.3609375 0.44722222222222224 0.32760416666666664 0.44722222222222224
2 0.18020833333333333 0.6555555555555556 0.23802083333333332 0.6555555555555556 0.23802083333333332 0.8361111111111111 0.18020833333333333 0.8361111111111111
1 0.31979166666666664 0.17685185185185184 0.3828125 0.17685185185185184 0.3828125 0.23981481481481481 0.31979166666666664 0.23981481481481481
2 0.6317708333333333 0.30185185185185187 0.6604166666666667 0.30185185185185187 0.6604166666666667 0.387037037037037 0.6317708333333333 0.387037037037037
2 0.18020833333333333 0.6370370370370371 0.23697916666666666 0.6370370370370371 0.23697916666666666 0.7435185185185185 0.18020833333333333 0.7435185185185185
2 0.39791666666666664 0.30092592592592593 0.42604166666666665 0.30092592592592593 0.42604166666666665 0.38796296296296295 0.39791666666666664 0.38796296296296295
2 0.46041666666666664 0.19907407407407407 0.4791666666666667 0.19907407407407407 0.4791666666666667 0.2657407407407407 0.46041666666666664 0.2657407407407407
2 0.43020833333333336 0.18796296296296297 0.4484375 0.18796296296296297 0.4484375 0.23333333333333334 0.43020833333333336 0.23333333333333334
2 0.5916666666666667 0.15925925925925927 0.6078125 0.15925925925925927 0.6078125 0.20462962962962963 0.5916666666666667 0.20462962962962963
2 0.4359375 0.2388888888888889 0.4588541666666667 0.2388888888888889 0.4588541666666667 0.2935185185185185 0.4359375 0.2935185185185185
2 0 0.6481481481481481 0.0453125 0.6481481481481481 0.0453125 0.7351851851851852 0 0.7351851851851852
2 0.440625 0.13148148148148148 0.4546875 0.13148148148148148 0.4546875 0.1685185185185185 0.440625 0.1685185185185185
2 0.6192708333333333 0.15462962962962962 0.6348958333333333 0.15462962962962962 0.6348958333333333 0.20555555555555555 0.6192708333333333 0.20555555555555555