1 0.40729166666666666 0.9212962962962963 0.5088541666666667 0.9212962962962963 0.5088541666666667 1 0.40729166666666666 1
1 0.375 0.5444444444444444 0.4395833333333333 0.5444444444444444 0.4395833333333333 0.6509259259259259 0.375 0.6509259259259259
1 0.32395833333333335 0.7037037037037037 0.359375 0.7037037037037037 0.359375 0.8018518518518518 0.32395833333333335 0.8018518518518518
1 0.309375 0.33611111111111114 0.35104166666666664 0.33611111111111114 0.35104166666666664 0.41203703703703703 0.309375 0.41203703703703703
1 0.296875 0.1398148148148148 0.3203125 0.1398148148148148 0.3203125 0.2175925925925926 0.296875 0.2175925925925926
1 0.2833333333333333 0.4046296296296296 0.30416666666666664 0.4046296296296296 0.30416666666666664 0.44907407407407407 0.2833333333333333 0.44907407407407407
2 0.38333333333333336 0.7212962962962963 0.4119791666666667 0.7212962962962963 0.4119791666666667 0.7555555555555555 0.38333333333333336 0.7555555555555555
2 0.509375 0.8407407407407408 0.6125 0.8407407407407408 0.6125 0.9185185185185185 0.509375 0.9185185185185185
2 0.5276041666666667 0.7546296296296297 0.6427083333333333 0.7546296296296297 0.6427083333333333 0.8675925925925926 0.5276041666666667 0.8675925925925926
2 0.4036458333333333 0.7861111111111111 0.46770833333333334 0.7861111111111111 0.46770833333333334 0.8333333333333334 0.4036458333333333 0.8333333333333334
2 0.415625 0.6907407407407408 0.4895833333333333 0.6907407407407408 0.4895833333333333 0.7638888888888888 0.415625 0.7638888888888888
2 0.39895833333333336 0.09444444444444444 0.45416666666666666 0.09444444444444444 0.45416666666666666 0.14166666666666666 0.39895833333333336 0.14166666666666666
2 0.3223958333333333 0.26296296296296295 0.365625 0.26296296296296295 0.365625 0.28703703703703703 0.3223958333333333 0.28703703703703703
2 0.3302083333333333 0.674074074074074 0.36666666666666664 0.674074074074074 0.36666666666666664 0.6935185185185185 0.3302083333333333 0.6935185185185185
2 0.34739583333333335 0.6361111111111111 0.3885416666666667 0.6361111111111111 0.3885416666666667 0.6666666666666666 0.34739583333333335 0.6666666666666666
2 0.3177083333333333 0.6157407407407407 0.35260416666666666 0.6157407407407407 0.35260416666666666 0.6407407407407407 0.3177083333333333 0.6407407407407407
2 0.3072916666666667 0.6351851851851852 0.33489583333333334 0.6351851851851852 0.33489583333333334 0.6546296296296297 0.3072916666666667 0.6546296296296297
2 0.2869791666666667 0.6537037037037037 0.3098958333333333 0.6537037037037037 0.3098958333333333 0.6722222222222223 0.2869791666666667 0.6722222222222223
2 0.2953125 0.6018518518518519 0.3229166666666667 0.6018518518518519 0.3229166666666667 0.6111111111111112 0.2953125 0.6111111111111112
2 0.2916666666666667 0.5592592592592592 0.3182291666666667 0.5592592592592592 0.3182291666666667 0.5787037037037037 0.2916666666666667 0.5787037037037037
2 0.2859375 0.5305555555555556 0.30833333333333335 0.5305555555555556 0.30833333333333335 0.5472222222222223 0.2859375 0.5472222222222223
2 0.284375 0.5018518518518519 0.30572916666666666 0.5018518518518519 0.30572916666666666 0.5175925925925926 0.284375 0.5175925925925926
2 0.2859375 0.5833333333333334 0.3067708333333333 0.5833333333333334 0.3067708333333333 0.5990740740740741 0.2859375 0.5990740740740741
2 0.3223958333333333 0.5509259259259259 0.3572916666666667 0.5509259259259259 0.3572916666666667 0.5777777777777777 0.3223958333333333 0.5777777777777777
2 0.31302083333333336 0.5805555555555556 0.34479166666666666 0.5805555555555556 0.34479166666666666 0.5972222222222222 0.31302083333333336 0.5972222222222222
2 0.31979166666666664 0.412962962962963 0.3572916666666667 0.412962962962963 0.3572916666666667 0.48148148148148145 0.31979166666666664 0.48148148148148145
2 0.2833333333333333 0.3731481481481482 0.30520833333333336 0.3731481481481482 0.30520833333333336 0.38981481481481484 0.2833333333333333 0.38981481481481484