1 0.50625 0 0.6046875 0 0.6046875 0.09351851851851851 0.50625 0.09351851851851851
1 0.6494791666666667 0.18796296296296297 0.6838541666666667 0.18796296296296297 0.6838541666666667 0.30648148148148147 0.6494791666666667 0.30648148148148147
2 0.6411458333333333 0.7453703703703703 0.6739583333333333 0.7453703703703703 0.6739583333333333 0.7925925925925926 0.6411458333333333 0.7925925925925926
2 0.5880208333333333 0.6546296296296297 0.6333333333333333 0.6546296296296297 0.6333333333333333 0.7055555555555556 0.5880208333333333 0.7055555555555556
2 0.5046875 0.7361111111111112 0.5677083333333334 0.7361111111111112 0.5677083333333334 0.7981481481481482 0.5046875 0.7981481481481482
2 0.45729166666666665 0.8935185185185185 0.528125 0.8935185185185185 0.528125 0.9666666666666667 0.45729166666666665 0.9666666666666667
2 0.6552083333333333 0.6694444444444444 0.6828125 0.6694444444444444 0.6828125 0.7166666666666667 0.6552083333333333 0.7166666666666667
2 0.5135416666666667 0.22777777777777777 0.5833333333333334 0.22777777777777777 0.5833333333333334 0.3 0.5135416666666667 0.3
2 0.41458333333333336 0.044444444444444446 0.5010416666666667 0.044444444444444446 0.5010416666666667 0.13425925925925927 0.41458333333333336 0.13425925925925927
2 0.5776041666666667 0.7453703703703703 0.6229166666666667 0.7453703703703703 0.6229166666666667 0.7888888888888889 0.5776041666666667 0.7888888888888889
2 0.5828125 0.2962962962962963 0.6302083333333334 0.2962962962962963 0.6302083333333334 0.3472222222222222 0.5828125 0.3472222222222222
2 0.559375 0.34814814814814815 0.6171875 0.34814814814814815 0.6171875 0.40555555555555556 0.559375 0.40555555555555556
2 0.6541666666666667 0.5018518518518519 0.6916666666666667 0.5018518518518519 0.6916666666666667 0.5555555555555556 0.6541666666666667 0.5555555555555556
2 0.6291666666666667 0.600925925925926 0.671875 0.600925925925926 0.671875 0.6472222222222223 0.6291666666666667 0.6472222222222223
2 0.6989583333333333 0.625 0.7177083333333333 0.625 0.7177083333333333 0.6481481481481481 0.6989583333333333 0.6481481481481481
2 0.6447916666666667 0.3972222222222222 0.6869791666666667 0.3972222222222222 0.6869791666666667 0.42592592592592593 0.6447916666666667 0.42592592592592593
2 0.6604166666666667 0.4444444444444444 0.6973958333333333 0.4444444444444444 0.6973958333333333 0.462037037037037 0.6604166666666667 0.462037037037037
2 0.6666666666666666 0.36018518518518516 0.6963541666666667 0.36018518518518516 0.6963541666666667 0.3851851851851852 0.6666666666666666 0.3851851851851852