1 0.14895833333333333 0.32407407407407407 0.271875 0.32407407407407407 0.271875 0.5009259259259259 0.14895833333333333 0.5009259259259259
1 0.3223958333333333 0.17685185185185184 0.390625 0.17685185185185184 0.390625 0.23981481481481481 0.3223958333333333 0.23981481481481481
1 0.4354166666666667 0.2212962962962963 0.48489583333333336 0.2212962962962963 0.48489583333333336 0.30277777777777776 0.4354166666666667 0.30277777777777776
2 0.025520833333333333 0.5675925925925925 0.10416666666666667 0.5675925925925925 0.10416666666666667 0.7601851851851852 0.025520833333333333 0.7601851851851852
2 0.24635416666666668 0.4564814814814815 0.29739583333333336 0.4564814814814815 0.29739583333333336 0.5953703703703703 0.24635416666666668 0.5953703703703703
2 0.21614583333333334 0.8722222222222222 0.28541666666666665 0.8722222222222222 0.28541666666666665 0.9962962962962963 0.21614583333333334 0.9962962962962963
2 0.17864583333333334 0.6138888888888889 0.23854166666666668 0.6138888888888889 0.23854166666666668 0.8175925925925925 0.17864583333333334 0.8175925925925925
2 0.9348958333333334 0.6277777777777778 1 0.6277777777777778 1 0.8194444444444444 0.9348958333333334 0.8194444444444444
2 0.7338541666666667 0.3731481481481482 0.7697916666666667 0.3731481481481482 0.7697916666666667 0.4842592592592593 0.7338541666666667 0.4842592592592593
2 0.678125 0.34629629629629627 0.7140625 0.34629629629629627 0.7140625 0.43703703703703706 0.678125 0.43703703703703706
2 0.32760416666666664 0.575925925925926 0.38229166666666664 0.575925925925926 0.38229166666666664 0.7435185185185185 0.32760416666666664 0.7435185185185185
2 0.47708333333333336 0.13518518518518519 0.4895833333333333 0.13518518518518519 0.4895833333333333 0.17037037037037037 0.47708333333333336 0.17037037037037037
2 0.6635416666666667 0.24351851851851852 0.6963541666666667 0.24351851851851852 0.6963541666666667 0.32407407407407407 0.6635416666666667 0.32407407407407407
2 0.39739583333333334 0.38055555555555554 0.4390625 0.38055555555555554 0.4390625 0.5027777777777778 0.39739583333333334 0.5027777777777778
2 0.3572916666666667 0.3055555555555556 0.3848958333333333 0.3055555555555556 0.3848958333333333 0.3888888888888889 0.3572916666666667 0.3888888888888889
2 0.4088541666666667 0.24166666666666667 0.4296875 0.24166666666666667 0.4296875 0.31296296296296294 0.4088541666666667 0.31296296296296294
2 0.3015625 0.3527777777777778 0.33541666666666664 0.3527777777777778 0.33541666666666664 0.46944444444444444 0.3015625 0.46944444444444444
2 0.36822916666666666 0.2574074074074074 0.3921875 0.2574074074074074 0.3921875 0.32592592592592595 0.36822916666666666 0.32592592592592595
2 0.4296875 0.1962962962962963 0.4453125 0.1962962962962963 0.4453125 0.23981481481481481 0.4296875 0.23981481481481481
2 0.41770833333333335 0.14444444444444443 0.4317708333333333 0.14444444444444443 0.4317708333333333 0.17962962962962964 0.41770833333333335 0.17962962962962964
2 0.49583333333333335 0.17407407407407408 0.5104166666666666 0.17407407407407408 0.5104166666666666 0.2175925925925926 0.49583333333333335 0.2175925925925926
2 0.39895833333333336 0.3101851851851852 0.4244791666666667 0.3101851851851852 0.4244791666666667 0.37777777777777777 0.39895833333333336 0.37777777777777777
2 0.5760416666666667 0.12314814814814815 0.5932291666666667 0.12314814814814815 0.5932291666666667 0.15925925925925927 0.5760416666666667 0.15925925925925927
2 0.4557291666666667 0.1787037037037037 0.4708333333333333 0.1787037037037037 0.4708333333333333 0.21944444444444444 0.4557291666666667 0.21944444444444444
2 0.46041666666666664 0.14722222222222223 0.4739583333333333 0.14722222222222223 0.4739583333333333 0.18425925925925926 0.46041666666666664 0.18425925925925926
2 0.6244791666666667 0.2222222222222222 0.6453125 0.2222222222222222 0.6453125 0.30833333333333335 0.6244791666666667 0.30833333333333335