1 0.1359375 0.3416666666666667 0.2598958333333333 0.3416666666666667 0.2598958333333333 0.525 0.1359375 0.525
1 0.3265625 0.19537037037037036 0.3848958333333333 0.19537037037037036 0.3848958333333333 0.25833333333333336 0.3265625 0.25833333333333336
1 0.43333333333333335 0.21851851851851853 0.4822916666666667 0.21851851851851853 0.4822916666666667 0.30092592592592593 0.43333333333333335 0.30092592592592593
1 0.5505208333333333 0.20925925925925926 0.6 0.20925925925925926 0.6 0.29259259259259257 0.5505208333333333 0.29259259259259257
2 0.13020833333333334 0.6055555555555555 0.17395833333333333 0.6055555555555555 0.17395833333333333 0.7833333333333333 0.13020833333333334 0.7833333333333333
1 0.5265625 0.1398148148148148 0.55625 0.1398148148148148 0.55625 0.1787037037037037 0.5265625 0.1787037037037037
2 0.2015625 0.5879629629629629 0.25052083333333336 0.5879629629629629 0.25052083333333336 0.7694444444444445 0.2015625 0.7694444444444445
1 0.65 0.14629629629629629 0.6963541666666667 0.14629629629629629 0.6963541666666667 0.18888888888888888 0.65 0.18888888888888888
2 0.28541666666666665 0.5148148148148148 0.3307291666666667 0.5148148148148148 0.3307291666666667 0.7138888888888889 0.28541666666666665 0.7138888888888889
2 0.15625 0.7694444444444445 0.23072916666666668 0.7694444444444445 0.23072916666666668 1 0.15625 1
2 0.259375 0.7722222222222223 0.33489583333333334 0.7722222222222223 0.33489583333333334 1 0.259375 1
2 0.26875 0.3972222222222222 0.28958333333333336 0.3972222222222222 0.28958333333333336 0.5388888888888889 0.26875 0.5388888888888889
2 0.3171875 0.4 0.3453125 0.4 0.3453125 0.5398148148148149 0.3171875 0.5398148148148149
2 0.33645833333333336 0.35185185185185186 0.37552083333333336 0.35185185185185186 0.37552083333333336 0.45555555555555555 0.33645833333333336 0.45555555555555555
2 0.7994791666666666 0.5037037037037037 0.8416666666666667 0.5037037037037037 0.8416666666666667 0.6462962962962963 0.7994791666666666 0.6462962962962963
2 0.6375 0.275 0.6619791666666667 0.275 0.6619791666666667 0.3712962962962963 0.6375 0.3712962962962963
2 0.3885416666666667 0.34444444444444444 0.41510416666666666 0.34444444444444444 0.41510416666666666 0.44907407407407407 0.3885416666666667 0.44907407407407407
2 0.36302083333333335 0.25925925925925924 0.3854166666666667 0.25925925925925924 0.3854166666666667 0.3416666666666667 0.36302083333333335 0.3416666666666667
2 0.3729166666666667 0.20925925925925926 0.39114583333333336 0.20925925925925926 0.39114583333333336 0.2814814814814815 0.3729166666666667 0.2814814814814815
2 0.4 0.24444444444444444 0.41510416666666666 0.24444444444444444 0.41510416666666666 0.32407407407407407 0.4 0.32407407407407407
2 0.4015625 0.1685185185185185 0.41822916666666665 0.1685185185185185 0.41822916666666665 0.22685185185185186 0.4015625 0.22685185185185186
2 0.42135416666666664 0.19074074074074074 0.43072916666666666 0.19074074074074074 0.43072916666666666 0.24074074074074073 0.42135416666666664 0.24074074074074073
2 0.434375 0.16018518518518518 0.4427083333333333 0.16018518518518518 0.4427083333333333 0.20833333333333334 0.434375 0.20833333333333334
2 0.4473958333333333 0.15462962962962962 0.45729166666666665 0.15462962962962962 0.45729166666666665 0.19907407407407407 0.4473958333333333 0.19907407407407407
2 0.4630208333333333 0.1537037037037037 0.47708333333333336 0.1537037037037037 0.47708333333333336 0.20185185185185187 0.4630208333333333 0.20185185185185187
2 0.49895833333333334 0.1935185185185185 0.5260416666666666 0.1935185185185185 0.5260416666666666 0.2518518518518518 0.49895833333333334 0.2518518518518518
2 0.44427083333333334 0.13240740740740742 0.453125 0.13240740740740742 0.453125 0.16296296296296298 0.44427083333333334 0.16296296296296298
2 0.421875 0.13703703703703704 0.4322916666666667 0.13703703703703704 0.4322916666666667 0.17777777777777778 0.421875 0.17777777777777778
2 0.4010416666666667 0.11666666666666667 0.41354166666666664 0.11666666666666667 0.41354166666666664 0.15 0.4010416666666667 0.15
2 0.46510416666666665 0.11666666666666667 0.471875 0.11666666666666667 0.471875 0.15 0.46510416666666665 0.15
2 0.5671875 0.14907407407407408 0.5791666666666667 0.14907407407407408 0.5791666666666667 0.1935185185185185 0.5671875 0.1935185185185185
2 0.5859375 0.14629629629629629 0.5984375 0.14629629629629629 0.5984375 0.19166666666666668 0.5859375 0.19166666666666668
2 0.5786458333333333 0.12962962962962962 0.5869791666666667 0.12962962962962962 0.5869791666666667 0.1648148148148148 0.5786458333333333 0.1648148148148148