1 0.5010416666666667 0 0.6015625 0 0.6015625 0.09537037037037037 0.5010416666666667 0.09537037037037037
1 0.6453125 0.20462962962962963 0.6817708333333333 0.20462962962962963 0.6817708333333333 0.30648148148148147 0.6453125 0.30648148148148147
1 0.690625 0.7148148148148148 0.7125 0.7148148148148148 0.7125 0.8046296296296296 0.690625 0.8046296296296296
1 0.690625 0.45092592592592595 0.7145833333333333 0.45092592592592595 0.7145833333333333 0.5037037037037037 0.690625 0.5037037037037037
2 0.3015625 0 0.4421875 0 0.4421875 0.08148148148148149 0.3015625 0.08148148148148149
2 0.31197916666666664 0.17962962962962964 0.4552083333333333 0.17962962962962964 0.4552083333333333 0.26851851851851855 0.31197916666666664 0.26851851851851855
2 0.45729166666666665 0.07314814814814814 0.5359375 0.07314814814814814 0.5359375 0.14166666666666666 0.45729166666666665 0.14166666666666666
2 0.5151041666666667 0.21851851851851853 0.584375 0.21851851851851853 0.584375 0.2777777777777778 0.5151041666666667 0.2777777777777778
2 0.5703125 0.25925925925925924 0.6234375 0.25925925925925924 0.6234375 0.30462962962962964 0.5703125 0.30462962962962964
2 0.5619791666666667 0.3175925925925926 0.6192708333333333 0.3175925925925926 0.6192708333333333 0.3435185185185185 0.5619791666666667 0.3435185185185185
2 0.5494791666666666 0.36574074074074076 0.6 0.36574074074074076 0.6 0.39444444444444443 0.5494791666666666 0.39444444444444443
2 0.5791666666666667 0.39166666666666666 0.6234375 0.39166666666666666 0.6234375 0.425 0.5791666666666667 0.425
2 0.6151041666666667 0.3037037037037037 0.65 0.3037037037037037 0.65 0.32222222222222224 0.6151041666666667 0.32222222222222224
2 0.640625 0.28703703703703703 0.6697916666666667 0.28703703703703703 0.6697916666666667 0.3101851851851852 0.640625 0.3101851851851852
2 0.6510416666666666 0.3138888888888889 0.6848958333333334 0.3138888888888889 0.6848958333333334 0.33425925925925926 0.6510416666666666 0.33425925925925926
2 0.6604166666666667 0.34444444444444444 0.6901041666666666 0.34444444444444444 0.6901041666666666 0.36018518518518516 0.6604166666666667 0.36018518518518516
2 0.6640625 0.36018518518518516 0.6859375 0.36018518518518516 0.6859375 0.3851851851851852 0.6640625 0.3851851851851852
2 0.6494791666666667 0.38425925925925924 0.68125 0.38425925925925924 0.68125 0.41203703703703703 0.6494791666666667 0.41203703703703703
2 0.6473958333333333 0.36666666666666664 0.6708333333333333 0.36666666666666664 0.6708333333333333 0.38055555555555554 0.6473958333333333 0.38055555555555554
2 0.6161458333333333 0.3712962962962963 0.6536458333333334 0.3712962962962963 0.6536458333333334 0.4009259259259259 0.6161458333333333 0.4009259259259259
2 0.6182291666666667 0.44722222222222224 0.6578125 0.44722222222222224 0.6578125 0.48333333333333334 0.6182291666666667 0.48333333333333334
2 0.6588541666666666 0.425 0.6864583333333333 0.425 0.6864583333333333 0.4462962962962963 0.6588541666666666 0.4462962962962963
2 0.6645833333333333 0.45740740740740743 0.6885416666666667 0.45740740740740743 0.6885416666666667 0.48055555555555557 0.6645833333333333 0.48055555555555557
2 0.6802083333333333 0.40185185185185185 0.7010416666666667 0.40185185185185185 0.7010416666666667 0.4166666666666667 0.6802083333333333 0.4166666666666667
2 0.6838541666666667 0.4398148148148148 0.7026041666666667 0.4398148148148148 0.7026041666666667 0.4546296296296296 0.6838541666666667 0.4546296296296296
2 0.6989583333333333 0.42962962962962964 0.7197916666666667 0.42962962962962964 0.7197916666666667 0.4425925925925926 0.6989583333333333 0.4425925925925926
2 0.7057291666666666 0.4027777777777778 0.7213541666666666 0.4027777777777778 0.7213541666666666 0.41574074074074074 0.7057291666666666 0.41574074074074074
2 0.7026041666666667 0.5027777777777778 0.7239583333333334 0.5027777777777778 0.7239583333333334 0.5166666666666667 0.7026041666666667 0.5166666666666667
2 0.6921875 0.6731481481481482 0.7140625 0.6731481481481482 0.7140625 0.6898148148148148 0.6921875 0.6898148148148148
2 0.6635416666666667 0.6564814814814814 0.6911458333333333 0.6564814814814814 0.6911458333333333 0.687962962962963 0.6635416666666667 0.687962962962963
2 0.665625 0.7111111111111111 0.6916666666666667 0.7111111111111111 0.6916666666666667 0.7277777777777777 0.665625 0.7277777777777777
2 0.6510416666666666 0.7527777777777778 0.678125 0.7527777777777778 0.678125 0.7722222222222223 0.6510416666666666 0.7722222222222223
2 0.6364583333333333 0.6981481481481482 0.6692708333333334 0.6981481481481482 0.6692708333333334 0.7351851851851852 0.6364583333333333 0.7351851851851852