1 0.5078125 0 0.6088541666666667 0 0.6088541666666667 0.08425925925925926 0.5078125 0.08425925925925926
0 0.5416666666666666 0.11851851851851852 0.6557291666666667 0.11851851851851852 0.6557291666666667 0.3351851851851852 0.5416666666666666 0.3351851851851852
1 0.6661458333333333 0.4027777777777778 0.7015625 0.4027777777777778 0.7015625 0.47962962962962963 0.6661458333333333 0.47962962962962963
2 0.44583333333333336 0.13518518518518519 0.5223958333333333 0.13518518518518519 0.5223958333333333 0.21851851851851853 0.44583333333333336 0.21851851851851853
1 0.5796875 0.7185185185185186 0.6390625 0.7185185185185186 0.6390625 0.8435185185185186 0.5796875 0.8435185185185186
2 0.275 0.06481481481481481 0.4046875 0.06481481481481481 0.4046875 0.1712962962962963 0.275 0.1712962962962963
2 0.5072916666666667 0.9333333333333333 0.5744791666666667 0.9333333333333333 0.5744791666666667 0.9990740740740741 0.5072916666666667 0.9990740740740741
2 0.5098958333333333 0.7953703703703704 0.571875 0.7953703703703704 0.571875 0.8611111111111112 0.5098958333333333 0.8611111111111112
2 0.46145833333333336 0.32407407407407407 0.5390625 0.32407407407407407 0.5390625 0.40555555555555556 0.46145833333333336 0.40555555555555556
2 0.5744791666666667 0.6268518518518519 0.628125 0.6268518518518519 0.628125 0.6759259259259259 0.5744791666666667 0.6759259259259259
2 0.6958333333333333 0.5842592592592593 0.7177083333333333 0.5842592592592593 0.7177083333333333 0.6111111111111112 0.6958333333333333 0.6111111111111112
2 0.5677083333333334 0.3907407407407407 0.6234375 0.3907407407407407 0.6234375 0.4537037037037037 0.5677083333333334 0.4537037037037037
2 0.65 0.6731481481481482 0.6859375 0.6731481481481482 0.6859375 0.7111111111111111 0.65 0.7111111111111111
2 0.23645833333333333 0.8388888888888889 0.3651041666666667 0.8388888888888889 0.3651041666666667 0.975 0.23645833333333333 0.975
1 0.7151041666666667 0.55 0.734375 0.55 0.734375 0.5925925925925926 0.7151041666666667 0.5925925925925926