1 0.453125 0.5611111111111111 0.5666666666666667 0.5611111111111111 0.5666666666666667 0.7481481481481481 0.453125 0.7481481481481481
1 0.4010416666666667 0.9101851851851852 0.5010416666666667 0.9101851851851852 0.5010416666666667 1 0.4010416666666667 1
1 0.3203125 0.6962962962962963 0.35572916666666665 0.6962962962962963 0.35572916666666665 0.8009259259259259 0.3203125 0.8009259259259259
1 0.2911458333333333 0.35648148148148145 0.31875 0.35648148148148145 0.31875 0.4148148148148148 0.2911458333333333 0.4148148148148148
1 0.29322916666666665 0.12314814814814815 0.32135416666666666 0.12314814814814815 0.32135416666666666 0.21481481481481482 0.29322916666666665 0.21481481481481482
2 0.4510416666666667 0.010185185185185186 0.5479166666666667 0.010185185185185186 0.5479166666666667 0.09444444444444444 0.4510416666666667 0.09444444444444444
2 0.634375 0.9453703703703704 0.778125 0.9453703703703704 0.778125 1 0.634375 1
2 0.5276041666666667 0.9805555555555555 0.6135416666666667 0.9805555555555555 0.6135416666666667 1 0.5276041666666667 1
2 0.4140625 0.8157407407407408 0.48072916666666665 0.8157407407407408 0.48072916666666665 0.8546296296296296 0.4140625 0.8546296296296296
2 0.41510416666666666 0.7212962962962963 0.47760416666666666 0.7212962962962963 0.47760416666666666 0.7564814814814815 0.41510416666666666 0.7564814814814815
2 0.36041666666666666 0.7212962962962963 0.403125 0.7212962962962963 0.403125 0.7416666666666667 0.36041666666666666 0.7416666666666667
2 0.346875 0.6407407407407407 0.3848958333333333 0.6407407407407407 0.3848958333333333 0.662962962962963 0.346875 0.662962962962963
2 0.32864583333333336 0.6611111111111111 0.36822916666666666 0.6611111111111111 0.36822916666666666 0.6824074074074075 0.32864583333333336 0.6824074074074075
2 0.3385416666666667 0.5861111111111111 0.3729166666666667 0.5861111111111111 0.3729166666666667 0.6083333333333333 0.3385416666666667 0.6083333333333333
2 0.3609375 0.5861111111111111 0.4088541666666667 0.5861111111111111 0.4088541666666667 0.6231481481481481 0.3609375 0.6231481481481481
2 0.38177083333333334 0.12129629629629629 0.428125 0.12129629629629629 0.428125 0.15833333333333333 0.38177083333333334 0.15833333333333333
2 0.340625 0.18888888888888888 0.37604166666666666 0.18888888888888888 0.37604166666666666 0.23148148148148148 0.340625 0.23148148148148148
2 0.3072916666666667 0.6101851851851852 0.3421875 0.6101851851851852 0.3421875 0.6268518518518519 0.3072916666666667 0.6268518518518519
2 0.2942708333333333 0.65 0.3151041666666667 0.65 0.3151041666666667 0.6685185185185185 0.2942708333333333 0.6685185185185185
2 0.29010416666666666 0.6111111111111112 0.3072916666666667 0.6111111111111112 0.3072916666666667 0.6203703703703703 0.29010416666666666 0.6203703703703703
2 0.29583333333333334 0.6 0.3171875 0.6 0.3171875 0.6129629629629629 0.29583333333333334 0.6129629629629629
2 0.2875 0.5861111111111111 0.3072916666666667 0.5861111111111111 0.3072916666666667 0.5981481481481481 0.2875 0.5981481481481481
2 0.3098958333333333 0.5657407407407408 0.3416666666666667 0.5657407407407408 0.3416666666666667 0.5814814814814815 0.3098958333333333 0.5814814814814815
2 0.3026041666666667 0.5416666666666666 0.3265625 0.5416666666666666 0.3265625 0.5564814814814815 0.3026041666666667 0.5564814814814815
2 0.30104166666666665 0.5 0.32395833333333335 0.5 0.32395833333333335 0.512962962962963 0.30104166666666665 0.512962962962963
2 0.2864583333333333 0.5018518518518519 0.30104166666666665 0.5018518518518519 0.30104166666666665 0.5148148148148148 0.2864583333333333 0.5148148148148148
2 0.28125 0.5361111111111111 0.3 0.5361111111111111 0.3 0.5472222222222223 0.28125 0.5472222222222223
2 0.2875 0.562037037037037 0.30520833333333336 0.562037037037037 0.30520833333333336 0.575925925925926 0.2875 0.575925925925926
2 0.28541666666666665 0.5537037037037037 0.3020833333333333 0.5537037037037037 0.3020833333333333 0.562962962962963 0.28541666666666665 0.562962962962963
2 0.3203125 0.35833333333333334 0.3536458333333333 0.35833333333333334 0.3536458333333333 0.4203703703703704 0.3203125 0.4203703703703704
2 0.2947916666666667 0.31296296296296294 0.31666666666666665 0.31296296296296294 0.31666666666666665 0.3333333333333333 0.2947916666666667 0.3333333333333333