1 0.5005208333333333 0 0.6041666666666666 0 0.6041666666666666 0.09074074074074075 0.5005208333333333 0.09074074074074075
2 0.49375 0.937962962962963 0.5588541666666667 0.937962962962963 0.5588541666666667 1 0.49375 1
2 0.653125 0.5537037037037037 0.6817708333333333 0.5537037037037037 0.6817708333333333 0.6175925925925926 0.653125 0.6175925925925926
1 0.6421875 0.17777777777777778 0.6796875 0.17777777777777778 0.6796875 0.28425925925925927 0.6421875 0.28425925925925927
2 0.6072916666666667 0.40185185185185185 0.6505208333333333 0.40185185185185185 0.6505208333333333 0.4462962962962963 0.6072916666666667 0.4462962962962963
2 0.41770833333333335 0.21203703703703702 0.5088541666666667 0.21203703703703702 0.5088541666666667 0.29814814814814816 0.41770833333333335 0.29814814814814816
2 0.5916666666666667 0.2759259259259259 0.6369791666666667 0.2759259259259259 0.6369791666666667 0.3277777777777778 0.5916666666666667 0.3277777777777778
2 0.3984375 0.3509259259259259 0.5 0.3509259259259259 0.5 0.42777777777777776 0.3984375 0.42777777777777776
2 0.6786458333333333 0.6592592592592592 0.7041666666666667 0.6592592592592592 0.7041666666666667 0.6861111111111111 0.6786458333333333 0.6861111111111111
2 0.6697916666666667 0.4601851851851852 0.6973958333333333 0.4601851851851852 0.6973958333333333 0.4898148148148148 0.6697916666666667 0.4898148148148148
2 0.6729166666666667 0.37222222222222223 0.6979166666666666 0.37222222222222223 0.6979166666666666 0.3972222222222222 0.6729166666666667 0.3972222222222222
2 0.5572916666666666 0.32685185185185184 0.6161458333333333 0.32685185185185184 0.6161458333333333 0.3861111111111111 0.5572916666666666 0.3861111111111111
2 0.659375 0.31574074074074077 0.6838541666666667 0.31574074074074077 0.6838541666666667 0.3472222222222222 0.659375 0.3472222222222222
2 0.5932291666666667 0.7324074074074074 0.6385416666666667 0.7324074074074074 0.6385416666666667 0.7722222222222223 0.5932291666666667 0.7722222222222223
2 0.6796875 0.42314814814814816 0.7015625 0.42314814814814816 0.7015625 0.44722222222222224 0.6796875 0.44722222222222224
2 0.6635416666666667 0.6324074074074074 0.6885416666666667 0.6324074074074074 0.6885416666666667 0.662962962962963 0.6635416666666667 0.662962962962963
2 0.59375 0.7898148148148149 0.640625 0.7898148148148149 0.640625 0.8231481481481482 0.59375 0.8231481481481482
2 0.6057291666666667 0.35833333333333334 0.6526041666666667 0.35833333333333334 0.6526041666666667 0.3925925925925926 0.6057291666666667 0.3925925925925926
2 0.6177083333333333 0.30833333333333335 0.65625 0.30833333333333335 0.65625 0.3398148148148148 0.6177083333333333 0.3398148148148148
2 0.653125 0.4074074074074074 0.6875 0.4074074074074074 0.6875 0.43796296296296294 0.653125 0.43796296296296294
2 0.6416666666666667 0.725925925925926 0.6796875 0.725925925925926 0.6796875 0.7527777777777778 0.6416666666666667 0.7527777777777778
2 0.6713541666666667 0.7583333333333333 0.7020833333333333 0.7583333333333333 0.7020833333333333 0.7861111111111111 0.6713541666666667 0.7861111111111111