1 0.39739583333333334 0.9055555555555556 0.49583333333333335 0.9055555555555556 0.49583333333333335 1 0.39739583333333334 1
1 0.409375 0.5574074074074075 0.4859375 0.5574074074074075 0.4859375 0.7055555555555556 0.409375 0.7055555555555556
2 0.5140625 0 0.5942708333333333 0 0.5942708333333333 0.07777777777777778 0.5140625 0.07777777777777778
1 0.3182291666666667 0.7018518518518518 0.3536458333333333 0.7018518518518518 0.3536458333333333 0.8194444444444444 0.3182291666666667 0.8194444444444444
2 0.45 0.8361111111111111 0.5072916666666667 0.8361111111111111 0.5072916666666667 0.9138888888888889 0.45 0.9138888888888889
2 0.3921875 0.062037037037037036 0.4395833333333333 0.062037037037037036 0.4395833333333333 0.12777777777777777 0.3921875 0.12777777777777777
2 0.4432291666666667 0.1537037037037037 0.5109375 0.1537037037037037 0.5109375 0.22407407407407406 0.4432291666666667 0.22407407407407406
2 0.3880208333333333 0.6944444444444444 0.4317708333333333 0.6944444444444444 0.4317708333333333 0.7453703703703703 0.3880208333333333 0.7453703703703703
2 0.5026041666666666 0.8601851851851852 0.584375 0.8601851851851852 0.584375 0.9407407407407408 0.5026041666666666 0.9407407407407408
2 0.5052083333333334 0.7333333333333333 0.5989583333333334 0.7333333333333333 0.5989583333333334 0.812962962962963 0.5052083333333334 0.812962962962963
2 0.6067708333333334 0.9018518518518519 0.7286458333333333 0.9018518518518519 0.7286458333333333 1 0.6067708333333334 1
2 0.3229166666666667 0.21944444444444444 0.353125 0.21944444444444444 0.353125 0.25092592592592594 0.3229166666666667 0.25092592592592594
2 0.3572916666666667 0.6675925925925926 0.3963541666666667 0.6675925925925926 0.3963541666666667 0.7092592592592593 0.3572916666666667 0.7092592592592593
2 0.32708333333333334 0.5574074074074075 0.3625 0.5574074074074075 0.3625 0.5944444444444444 0.32708333333333334 0.5944444444444444
2 0.36302083333333335 0.6027777777777777 0.40520833333333334 0.6027777777777777 0.40520833333333334 0.6472222222222223 0.36302083333333335 0.6472222222222223
2 0.325 0.2833333333333333 0.35260416666666666 0.2833333333333333 0.35260416666666666 0.3175925925925926 0.325 0.3175925925925926
2 0.31927083333333334 0.525 0.35052083333333334 0.525 0.35052083333333334 0.5537037037037037 0.31927083333333334 0.5537037037037037
2 0.29635416666666664 0.31296296296296294 0.32135416666666666 0.31296296296296294 0.32135416666666666 0.3416666666666667 0.29635416666666664 0.3416666666666667
2 0.3255208333333333 0.6074074074074074 0.3536458333333333 0.6074074074074074 0.3536458333333333 0.6453703703703704 0.3255208333333333 0.6453703703703704
2 0.6630208333333333 0.025 0.7479166666666667 0.025 0.7479166666666667 0.13148148148148148 0.6630208333333333 0.13148148148148148
2 0.2859375 0.5138888888888888 0.303125 0.5138888888888888 0.303125 0.5388888888888889 0.2859375 0.5388888888888889