1 0.14375 0.30925925925925923 0.2703125 0.30925925925925923 0.2703125 0.49537037037037035 0.14375 0.49537037037037035
2 0.5286458333333334 0.17777777777777778 0.5645833333333333 0.17777777777777778 0.5645833333333333 0.22870370370370371 0.5286458333333334 0.22870370370370371
1 0.3177083333333333 0.17962962962962964 0.38229166666666664 0.17962962962962964 0.38229166666666664 0.24722222222222223 0.3177083333333333 0.24722222222222223
2 0.7515625 0.4009259259259259 0.7984375 0.4009259259259259 0.7984375 0.525 0.7515625 0.525
2 0.3734375 0.25092592592592594 0.4010416666666667 0.25092592592592594 0.4010416666666667 0.33611111111111114 0.3734375 0.33611111111111114
2 0.44583333333333336 0.22592592592592592 0.4703125 0.22592592592592592 0.4703125 0.30185185185185187 0.44583333333333336 0.30185185185185187
2 0.34791666666666665 0.45 0.39166666666666666 0.45 0.39166666666666666 0.6148148148148148 0.34791666666666665 0.6148148148148148
2 0.6322916666666667 0.2611111111111111 0.65625 0.2611111111111111 0.65625 0.34444444444444444 0.6322916666666667 0.34444444444444444
2 0.42239583333333336 0.46944444444444444 0.4630208333333333 0.46944444444444444 0.4630208333333333 0.6361111111111111 0.42239583333333336 0.6361111111111111
2 0.42864583333333334 0.14444444444444443 0.44375 0.14444444444444443 0.44375 0.18796296296296297 0.42864583333333334 0.18796296296296297
2 0.4791666666666667 0.15092592592592594 0.4953125 0.15092592592592594 0.4953125 0.19907407407407407 0.4791666666666667 0.19907407407407407
2 0.6307291666666667 0.2 0.6526041666666667 0.2 0.6526041666666667 0.2564814814814815 0.6307291666666667 0.2564814814814815
2 0.5760416666666667 0.17685185185185184 0.5927083333333333 0.17685185185185184 0.5927083333333333 0.21666666666666667 0.5760416666666667 0.21666666666666667
2 0.5552083333333333 0.12685185185185185 0.5713541666666667 0.12685185185185185 0.5713541666666667 0.16574074074074074 0.5552083333333333 0.16574074074074074
2 0.40989583333333335 0.2824074074074074 0.4322916666666667 0.2824074074074074 0.4322916666666667 0.38796296296296295 0.40989583333333335 0.38796296296296295
2 0.42291666666666666 0.2222222222222222 0.43854166666666666 0.2222222222222222 0.43854166666666666 0.3 0.42291666666666666 0.3
2 0.3953125 0.21203703703703702 0.41041666666666665 0.21203703703703702 0.41041666666666665 0.28703703703703703 0.3953125 0.28703703703703703
2 0.4015625 0.15185185185185185 0.4166666666666667 0.15185185185185185 0.4166666666666667 0.21944444444444444 0.4015625 0.21944444444444444
2 0.5916666666666667 0.13055555555555556 0.6041666666666666 0.13055555555555556 0.6041666666666666 0.18518518518518517 0.5916666666666667 0.18518518518518517
2 0.6473958333333333 0.1425925925925926 0.6614583333333334 0.1425925925925926 0.6614583333333334 0.20092592592592592 0.6473958333333333 0.20092592592592592
2 0.6640625 0.2564814814814815 0.6869791666666667 0.2564814814814815 0.6869791666666667 0.337037037037037 0.6640625 0.337037037037037
2 0.44895833333333335 0.16111111111111112 0.46458333333333335 0.16111111111111112 0.46458333333333335 0.225 0.44895833333333335 0.225