1 0.4041666666666667 0.912962962962963 0.5020833333333333 0.912962962962963 0.5020833333333333 1 0.4041666666666667 1
1 0.31979166666666664 0.6962962962962963 0.3546875 0.6962962962962963 0.3546875 0.7972222222222223 0.31979166666666664 0.7972222222222223
1 0.2921875 0.12962962962962962 0.3171875 0.12962962962962962 0.3171875 0.22777777777777777 0.2921875 0.22777777777777777
1 0.28177083333333336 0.37407407407407406 0.30572916666666666 0.37407407407407406 0.30572916666666666 0.41944444444444445 0.28177083333333336 0.41944444444444445
2 0.49166666666666664 0.9462962962962963 0.5807291666666666 0.9462962962962963 0.5807291666666666 1 0.49166666666666664 1
2 0.546875 0.9037037037037037 0.6619791666666667 0.9037037037037037 0.6619791666666667 0.9944444444444445 0.546875 0.9944444444444445
2 0.40208333333333335 0.7805555555555556 0.46979166666666666 0.7805555555555556 0.46979166666666666 0.8314814814814815 0.40208333333333335 0.8314814814814815
2 0.3171875 0.36018518518518516 0.3484375 0.36018518518518516 0.3484375 0.40370370370370373 0.3171875 0.40370370370370373
2 0.3203125 0.30925925925925923 0.35052083333333334 0.30925925925925923 0.35052083333333334 0.3509259259259259 0.3203125 0.3509259259259259
2 0.31614583333333335 0.24814814814814815 0.346875 0.24814814814814815 0.346875 0.28055555555555556 0.31614583333333335 0.28055555555555556
2 0.33958333333333335 0.18611111111111112 0.3859375 0.18611111111111112 0.3859375 0.22777777777777777 0.33958333333333335 0.22777777777777777
2 0.38125 0.17037037037037037 0.43385416666666665 0.17037037037037037 0.43385416666666665 0.2074074074074074 0.38125 0.2074074074074074
2 0.38385416666666666 0.5990740740740741 0.4359375 0.5990740740740741 0.4359375 0.6407407407407407 0.38385416666666666 0.6407407407407407
2 0.36354166666666665 0.7129629629629629 0.40989583333333335 0.7129629629629629 0.40989583333333335 0.7425925925925926 0.36354166666666665 0.7425925925925926
2 0.3880208333333333 0.6898148148148148 0.4395833333333333 0.6898148148148148 0.4395833333333333 0.7231481481481481 0.3880208333333333 0.7231481481481481
2 0.43125 0.6703703703703704 0.49635416666666665 0.6703703703703704 0.49635416666666665 0.7083333333333334 0.43125 0.7083333333333334
2 0.32760416666666664 0.6388888888888888 0.3619791666666667 0.6388888888888888 0.3619791666666667 0.6564814814814814 0.32760416666666664 0.6564814814814814
2 0.3375 0.6027777777777777 0.3734375 0.6027777777777777 0.3734375 0.6277777777777778 0.3375 0.6277777777777778
2 0.3223958333333333 0.5898148148148148 0.35572916666666665 0.5898148148148148 0.35572916666666665 0.6055555555555555 0.3223958333333333 0.6055555555555555
2 0.32395833333333335 0.5203703703703704 0.3572916666666667 0.5203703703703704 0.3572916666666667 0.5370370370370371 0.32395833333333335 0.5370370370370371
2 0.3223958333333333 0.5574074074074075 0.3572916666666667 0.5574074074074075 0.3572916666666667 0.5777777777777777 0.3223958333333333 0.5777777777777777
2 0.30104166666666665 0.5120370370370371 0.3260416666666667 0.5120370370370371 0.3260416666666667 0.5259259259259259 0.30104166666666665 0.5259259259259259
2 0.290625 0.5296296296296297 0.3098958333333333 0.5296296296296297 0.3098958333333333 0.537962962962963 0.290625 0.537962962962963
2 0.3026041666666667 0.5805555555555556 0.3229166666666667 0.5805555555555556 0.3229166666666667 0.5916666666666667 0.3026041666666667 0.5916666666666667
2 0.29583333333333334 0.5944444444444444 0.31875 0.5944444444444444 0.31875 0.6111111111111112 0.29583333333333334 0.6111111111111112
2 0.31197916666666664 0.6185185185185185 0.3328125 0.6185185185185185 0.3328125 0.6370370370370371 0.31197916666666664 0.6370370370370371
2 0.30520833333333336 0.6370370370370371 0.325 0.6370370370370371 0.325 0.6453703703703704 0.30520833333333336 0.6453703703703704
2 0.30572916666666666 0.6537037037037037 0.3203125 0.6537037037037037 0.3203125 0.6648148148148149 0.30572916666666666 0.6648148148148149
2 0.2833333333333333 0.5518518518518518 0.2989583333333333 0.5518518518518518 0.2989583333333333 0.562962962962963 0.2833333333333333 0.562962962962963
2 0.2947916666666667 0.562962962962963 0.3046875 0.562962962962963 0.3046875 0.5768518518518518 0.2947916666666667 0.5768518518518518