1 0.5052083333333334 0 0.6026041666666667 0 0.6026041666666667 0.09074074074074075 0.5052083333333334 0.09074074074074075
1 0.5958333333333333 0.36944444444444446 0.6463541666666667 0.36944444444444446 0.6463541666666667 0.46944444444444444 0.5958333333333333 0.46944444444444444
1 0.6458333333333334 0.18518518518518517 0.6817708333333333 0.18518518518518517 0.6817708333333333 0.30648148148148147 0.6458333333333334 0.30648148148148147
2 0.22239583333333332 0.075 0.3536458333333333 0.075 0.3536458333333333 0.2037037037037037 0.22239583333333332 0.2037037037037037
2 0.3692708333333333 0 0.46822916666666664 0 0.46822916666666664 0.05092592592592592 0.3692708333333333 0.05092592592592592
2 0.5755208333333334 0.7768518518518519 0.6192708333333333 0.7768518518518519 0.6192708333333333 0.8287037037037037 0.5755208333333334 0.8287037037037037
1 0.5984375 0.5694444444444444 0.6953125 0.5694444444444444 0.6953125 0.6972222222222222 0.5984375 0.6972222222222222
2 0.5625 0.8527777777777777 0.6166666666666667 0.8527777777777777 0.6166666666666667 0.9092592592592592 0.5625 0.9092592592592592
2 0.5786458333333333 0.32222222222222224 0.6255208333333333 0.32222222222222224 0.6255208333333333 0.3712962962962963 0.5786458333333333 0.3712962962962963
2 0.6244791666666667 0.7564814814814815 0.665625 0.7564814814814815 0.665625 0.8046296296296296 0.6244791666666667 0.8046296296296296
2 0.5432291666666667 0.21203703703703702 0.5947916666666667 0.21203703703703702 0.5947916666666667 0.26481481481481484 0.5432291666666667 0.26481481481481484
2 0.4739583333333333 0.07314814814814814 0.5546875 0.07314814814814814 0.5546875 0.1537037037037037 0.4739583333333333 0.1537037037037037
2 0.43854166666666666 0.25092592592592594 0.5177083333333333 0.25092592592592594 0.5177083333333333 0.3277777777777778 0.43854166666666666 0.3277777777777778
2 0.6526041666666667 0.31666666666666665 0.6838541666666667 0.31666666666666665 0.6838541666666667 0.3527777777777778 0.6526041666666667 0.3527777777777778
2 0.5885416666666666 0.2462962962962963 0.6255208333333333 0.2462962962962963 0.6255208333333333 0.29074074074074074 0.5885416666666666 0.29074074074074074
2 0.6526041666666667 0.4935185185185185 0.6848958333333334 0.4935185185185185 0.6848958333333334 0.5287037037037037 0.6526041666666667 0.5287037037037037
2 0.5364583333333334 0.27870370370370373 0.5848958333333333 0.27870370370370373 0.5848958333333333 0.33425925925925926 0.5364583333333334 0.33425925925925926
2 0.6796875 0.462037037037037 0.7015625 0.462037037037037 0.7015625 0.4861111111111111 0.6796875 0.4861111111111111
2 0.6703125 0.42685185185185187 0.6927083333333334 0.42685185185185187 0.6927083333333334 0.4546296296296296 0.6703125 0.4546296296296296
2 0.6333333333333333 0.35462962962962963 0.6625 0.35462962962962963 0.6625 0.38981481481481484 0.6333333333333333 0.38981481481481484
2 0.5541666666666667 0.11203703703703703 0.5875 0.11203703703703703 0.5875 0.16944444444444445 0.5541666666666667 0.16944444444444445
2 0.675 0.3527777777777778 0.6963541666666667 0.3527777777777778 0.6963541666666667 0.3787037037037037 0.675 0.3787037037037037
2 0.6973958333333333 0.6314814814814815 0.7161458333333334 0.6314814814814815 0.7161458333333334 0.6601851851851852 0.6973958333333333 0.6601851851851852
2 0.6270833333333333 0.7055555555555556 0.671875 0.7055555555555556 0.671875 0.7453703703703703 0.6270833333333333 0.7453703703703703