1 0.39947916666666666 0.9055555555555556 0.4979166666666667 0.9055555555555556 0.4979166666666667 1 0.39947916666666666 1
1 0.3182291666666667 0.6925925925925925 0.35208333333333336 0.6925925925925925 0.35208333333333336 0.8157407407407408 0.3182291666666667 0.8157407407407408
2 0.409375 0.06481481481481481 0.46510416666666665 0.06481481481481481 0.46510416666666665 0.13703703703703704 0.409375 0.13703703703703704
2 0.38958333333333334 0.6064814814814815 0.4390625 0.6064814814814815 0.4390625 0.6648148148148149 0.38958333333333334 0.6648148148148149
2 0.4140625 0.14444444444444443 0.4791666666666667 0.14444444444444443 0.4791666666666667 0.21481481481481482 0.4140625 0.21481481481481482
2 0.34375 0.2962962962962963 0.37447916666666664 0.2962962962962963 0.37447916666666664 0.33240740740740743 0.34375 0.33240740740740743
2 0.3338541666666667 0.6453703703703704 0.3697916666666667 0.6453703703703704 0.3697916666666667 0.6851851851851852 0.3338541666666667 0.6851851851851852
2 0.35885416666666664 0.1925925925925926 0.4036458333333333 0.1925925925925926 0.4036458333333333 0.24166666666666667 0.35885416666666664 0.24166666666666667
2 0.3203125 0.549074074074074 0.35104166666666664 0.549074074074074 0.35104166666666664 0.5851851851851851 0.3203125 0.5851851851851851
2 0.29635416666666664 0.5027777777777778 0.31979166666666664 0.5027777777777778 0.31979166666666664 0.5287037037037037 0.29635416666666664 0.5287037037037037
2 0.303125 0.36574074074074076 0.33177083333333335 0.36574074074074076 0.33177083333333335 0.4027777777777778 0.303125 0.4027777777777778
2 0.3453125 0.5888888888888889 0.3776041666666667 0.5888888888888889 0.3776041666666667 0.6240740740740741 0.3453125 0.6240740740740741
2 0.37916666666666665 0.5324074074074074 0.428125 0.5324074074074074 0.428125 0.5805555555555556 0.37916666666666665 0.5805555555555556
2 0.5098958333333333 0.7648148148148148 0.5963541666666666 0.7648148148148148 0.5963541666666666 0.862037037037037 0.5098958333333333 0.862037037037037
2 0.3109375 0.32222222222222224 0.3380208333333333 0.32222222222222224 0.3380208333333333 0.3527777777777778 0.3109375 0.3527777777777778
2 0.290625 0.5898148148148148 0.3104166666666667 0.5898148148148148 0.3104166666666667 0.6138888888888889 0.290625 0.6138888888888889
2 0.321875 0.2824074074074074 0.3494791666666667 0.2824074074074074 0.3494791666666667 0.3175925925925926 0.321875 0.3175925925925926
2 0.30833333333333335 0.2462962962962963 0.33177083333333335 0.2462962962962963 0.33177083333333335 0.275 0.30833333333333335 0.275
2 0.3234375 0.6268518518518519 0.3515625 0.6268518518518519 0.3515625 0.6666666666666666 0.3234375 0.6666666666666666
2 0.5895833333333333 0.7583333333333333 0.725 0.7583333333333333 0.725 0.8472222222222222 0.5895833333333333 0.8472222222222222