1 0.35833333333333334 0.42777777777777776 0.465625 0.42777777777777776 0.465625 0.6444444444444445 0.35833333333333334 0.6444444444444445
1 0.1421875 0.32407407407407407 0.26875 0.32407407407407407 0.26875 0.5018518518518519 0.1421875 0.5018518518518519
1 0.3307291666666667 0.18055555555555555 0.38958333333333334 0.18055555555555555 0.38958333333333334 0.24351851851851852 0.3307291666666667 0.24351851851851852
1 0.6552083333333333 0.12129629629629629 0.7109375 0.12129629629629629 0.7109375 0.17685185185185184 0.6552083333333333 0.17685185185185184
1 0.5453125 0.12685185185185185 0.5817708333333333 0.12685185185185185 0.5817708333333333 0.1787037037037037 0.5453125 0.1787037037037037
2 0.721875 0.38981481481481484 0.7583333333333333 0.38981481481481484 0.7583333333333333 0.5518518518518518 0.721875 0.5518518518518518
2 0.16822916666666668 0.5583333333333333 0.22708333333333333 0.5583333333333333 0.22708333333333333 0.7537037037037037 0.16822916666666668 0.7537037037037037
2 0.1703125 0.8009259259259259 0.24635416666666668 0.8009259259259259 0.24635416666666668 1 0.1703125 1
2 0.2916666666666667 0.35185185185185186 0.32083333333333336 0.35185185185185186 0.32083333333333336 0.4564814814814815 0.2916666666666667 0.4564814814814815
2 0.34270833333333334 0.3592592592592593 0.37083333333333335 0.3592592592592593 0.37083333333333335 0.44907407407407407 0.34270833333333334 0.44907407407407407
2 0.3578125 0.24722222222222223 0.3796875 0.24722222222222223 0.3796875 0.3296296296296296 0.3578125 0.3296296296296296
2 0.4036458333333333 0.23055555555555557 0.41822916666666665 0.23055555555555557 0.41822916666666665 0.30185185185185187 0.4036458333333333 0.30185185185185187
2 0.39479166666666665 0.19907407407407407 0.4125 0.19907407407407407 0.4125 0.2601851851851852 0.39479166666666665 0.2601851851851852
2 0.43125 0.21574074074074073 0.4505208333333333 0.21574074074074073 0.4505208333333333 0.2740740740740741 0.43125 0.2740740740740741
2 0.4359375 0.2675925925925926 0.4546875 0.2675925925925926 0.4546875 0.35462962962962963 0.4359375 0.35462962962962963
2 0.6932291666666667 0.27870370370370373 0.7114583333333333 0.27870370370370373 0.7114583333333333 0.3537037037037037 0.6932291666666667 0.3537037037037037
2 0.6473958333333333 0.21296296296296297 0.671875 0.21296296296296297 0.671875 0.27037037037037037 0.6473958333333333 0.27037037037037037
2 0.5427083333333333 0.17592592592592593 0.5869791666666667 0.17592592592592593 0.5869791666666667 0.2351851851851852 0.5427083333333333 0.2351851851851852
2 0.4046875 0.13148148148148148 0.41770833333333335 0.13148148148148148 0.41770833333333335 0.16944444444444445 0.4046875 0.16944444444444445
2 0.42552083333333335 0.16574074074074074 0.4354166666666667 0.16574074074074074 0.4354166666666667 0.2175925925925926 0.42552083333333335 0.2175925925925926
2 0.45260416666666664 0.1648148148148148 0.4635416666666667 0.1648148148148148 0.4635416666666667 0.2175925925925926 0.45260416666666664 0.2175925925925926
2 0.465625 0.1425925925925926 0.47708333333333336 0.1425925925925926 0.47708333333333336 0.19074074074074074 0.465625 0.19074074074074074
2 0.490625 0.14444444444444443 0.5015625 0.14444444444444443 0.5015625 0.1935185185185185 0.490625 0.1935185185185185
2 0.490625 0.1175925925925926 0.5005208333333333 0.1175925925925926 0.5005208333333333 0.14907407407407408 0.490625 0.14907407407407408
2 0.471875 0.11203703703703703 0.4828125 0.11203703703703703 0.4828125 0.14537037037037037 0.471875 0.14537037037037037
2 0.46458333333333335 0.11944444444444445 0.4703125 0.11944444444444445 0.4703125 0.14629629629629629 0.46458333333333335 0.14629629629629629
2 0.459375 0.12314814814814815 0.46458333333333335 0.12314814814814815 0.46458333333333335 0.15 0.459375 0.15
2 0.4432291666666667 0.11944444444444445 0.4515625 0.11944444444444445 0.4515625 0.16018518518518518 0.4432291666666667 0.16018518518518518
2 0.43645833333333334 0.1388888888888889 0.44479166666666664 0.1388888888888889 0.44479166666666664 0.18425925925925926 0.43645833333333334 0.18425925925925926
2 0.43020833333333336 0.1361111111111111 0.43645833333333334 0.1361111111111111 0.43645833333333334 0.1675925925925926 0.43020833333333336 0.1675925925925926
2 0.5932291666666667 0.125 0.6020833333333333 0.125 0.6020833333333333 0.17962962962962964 0.5932291666666667 0.17962962962962964