1 0.22864583333333333 0.6712962962962963 0.4166666666666667 0.6712962962962963 0.4166666666666667 0.9888888888888889 0.22864583333333333 0.9888888888888889
1 0.47604166666666664 0 0.5776041666666667 0 0.5776041666666667 0.05740740740740741 0.47604166666666664 0.05740740740740741
1 0.5354166666666667 0.2861111111111111 0.5942708333333333 0.2861111111111111 0.5942708333333333 0.4 0.5354166666666667 0.4
1 0.6010416666666667 0.5592592592592592 0.640625 0.5592592592592592 0.640625 0.6407407407407407 0.6010416666666667 0.6407407407407407
1 0.6244791666666667 0.16944444444444445 0.6604166666666667 0.16944444444444445 0.6604166666666667 0.2712962962962963 0.6244791666666667 0.2712962962962963
1 0.671875 0.41388888888888886 0.6979166666666666 0.41388888888888886 0.6979166666666666 0.46574074074074073 0.671875 0.46574074074074073
2 0.4744791666666667 0.012037037037037037 0.5463541666666667 0.012037037037037037 0.5463541666666667 0.06111111111111111 0.4744791666666667 0.06111111111111111
2 0.4546875 0.040740740740740744 0.5270833333333333 0.040740740740740744 0.5270833333333333 0.08518518518518518 0.4546875 0.08518518518518518
2 0.5140625 0.1648148148148148 0.5744791666666667 0.1648148148148148 0.5744791666666667 0.23055555555555557 0.5140625 0.23055555555555557
2 0.4921875 0.37222222222222223 0.5526041666666667 0.37222222222222223 0.5526041666666667 0.44074074074074077 0.4921875 0.44074074074074077
2 0.5723958333333333 0.22962962962962963 0.621875 0.22962962962962963 0.621875 0.27037037037037037 0.5723958333333333 0.27037037037037037
2 0.5817708333333333 0.3 0.6161458333333333 0.3 0.6161458333333333 0.337037037037037 0.5817708333333333 0.337037037037037
2 0.6067708333333334 0.3888888888888889 0.6421875 0.3888888888888889 0.6421875 0.41944444444444445 0.6067708333333334 0.41944444444444445
2 0.6338541666666667 0.27037037037037037 0.6609375 0.27037037037037037 0.6609375 0.29074074074074074 0.6338541666666667 0.29074074074074074
2 0.6229166666666667 0.2833333333333333 0.6640625 0.2833333333333333 0.6640625 0.30648148148148147 0.6229166666666667 0.30648148148148147
2 0.6166666666666667 0.29907407407407405 0.6510416666666666 0.29907407407407405 0.6510416666666666 0.3277777777777778 0.6166666666666667 0.3277777777777778
2 0.6067708333333334 0.25555555555555554 0.640625 0.25555555555555554 0.640625 0.27685185185185185 0.6067708333333334 0.27685185185185185
2 0.6223958333333334 0.34074074074074073 0.6546875 0.34074074074074073 0.6546875 0.36203703703703705 0.6223958333333334 0.36203703703703705
2 0.6302083333333334 0.41574074074074074 0.6614583333333334 0.41574074074074074 0.6614583333333334 0.4388888888888889 0.6302083333333334 0.4388888888888889
2 0.6197916666666666 0.36944444444444446 0.6552083333333333 0.36944444444444446 0.6552083333333333 0.39444444444444443 0.6197916666666666 0.39444444444444443
2 0.6651041666666667 0.33611111111111114 0.6911458333333333 0.33611111111111114 0.6911458333333333 0.3574074074074074 0.6651041666666667 0.3574074074074074
2 0.6515625 0.37222222222222223 0.6776041666666667 0.37222222222222223 0.6776041666666667 0.3990740740740741 0.6515625 0.3990740740740741
2 0.6479166666666667 0.3314814814814815 0.6713541666666667 0.3314814814814815 0.6713541666666667 0.3592592592592593 0.6479166666666667 0.3592592592592593
2 0.6760416666666667 0.36944444444444446 0.6963541666666667 0.36944444444444446 0.6963541666666667 0.38981481481481484 0.6760416666666667 0.38981481481481484
2 0.6572916666666667 0.3611111111111111 0.684375 0.3611111111111111 0.684375 0.3787037037037037 0.6572916666666667 0.3787037037037037
2 0.6255208333333333 0.6620370370370371 0.6567708333333333 0.6620370370370371 0.6567708333333333 0.687962962962963 0.6255208333333333 0.687962962962963
2 0.55625 0.7768518518518519 0.6088541666666667 0.7768518518518519 0.6088541666666667 0.8222222222222222 0.55625 0.8222222222222222
2 0.5104166666666666 0.7305555555555555 0.5744791666666667 0.7305555555555555 0.5744791666666667 0.7787037037037037 0.5104166666666666 0.7787037037037037
2 0.5901041666666667 0.737037037037037 0.6364583333333333 0.737037037037037 0.6364583333333333 0.7731481481481481 0.5901041666666667 0.7731481481481481
2 0.6380208333333334 0.6731481481481482 0.6703125 0.6731481481481482 0.6703125 0.700925925925926 0.6380208333333334 0.700925925925926
2 0.6479166666666667 0.6435185185185185 0.6734375 0.6435185185185185 0.6734375 0.6657407407407407 0.6479166666666667 0.6657407407407407
2 0.6614583333333334 0.5972222222222222 0.6875 0.5972222222222222 0.6875 0.6175925925925926 0.6614583333333334 0.6175925925925926
2 0.6697916666666667 0.6185185185185185 0.6973958333333333 0.6185185185185185 0.6973958333333333 0.6342592592592593 0.6697916666666667 0.6342592592592593
2 0.6723958333333333 0.6416666666666667 0.6958333333333333 0.6416666666666667 0.6958333333333333 0.662962962962963 0.6723958333333333 0.662962962962963
2 0.6770833333333334 0.5666666666666667 0.6994791666666667 0.5666666666666667 0.6994791666666667 0.5879629629629629 0.6770833333333334 0.5879629629629629
1 0.6708333333333333 0.5138888888888888 0.6973958333333333 0.5138888888888888 0.6973958333333333 0.5657407407407408 0.6708333333333333 0.5657407407407408