1 0.1453125 0.31296296296296294 0.2713541666666667 0.31296296296296294 0.2713541666666667 0.487962962962963 0.1453125 0.487962962962963
1 0.3265625 0.17222222222222222 0.39427083333333335 0.17222222222222222 0.39427083333333335 0.2361111111111111 0.3265625 0.2361111111111111
2 0.7901041666666667 0.6814814814814815 0.8651041666666667 0.6814814814814815 0.8651041666666667 0.8870370370370371 0.7901041666666667 0.8870370370370371
2 0.1828125 0.5879629629629629 0.24322916666666666 0.5879629629629629 0.24322916666666666 0.7712962962962963 0.1828125 0.7712962962962963
2 0.6916666666666667 0.3824074074074074 0.7286458333333333 0.3824074074074074 0.7286458333333333 0.4898148148148148 0.6916666666666667 0.4898148148148148
2 0.7979166666666667 0.5009259259259259 0.8473958333333333 0.5009259259259259 0.8473958333333333 0.6333333333333333 0.7979166666666667 0.6333333333333333
2 0.3203125 0.4166666666666667 0.36666666666666664 0.4166666666666667 0.36666666666666664 0.5416666666666666 0.3203125 0.5416666666666666
2 0.6088541666666667 0.1675925925925926 0.6317708333333333 0.1675925925925926 0.6317708333333333 0.21574074074074073 0.6088541666666667 0.21574074074074073
2 0.5854166666666667 0.2351851851851852 0.6104166666666667 0.2351851851851852 0.6104166666666667 0.31203703703703706 0.5854166666666667 0.31203703703703706
2 0.5526041666666667 0.18518518518518517 0.5817708333333333 0.18518518518518517 0.5817708333333333 0.25277777777777777 0.5526041666666667 0.25277777777777777
2 0.4010416666666667 0.33240740740740743 0.4390625 0.33240740740740743 0.4390625 0.45092592592592595 0.4010416666666667 0.45092592592592595
2 0.63125 0.25277777777777777 0.6546875 0.25277777777777777 0.6546875 0.3277777777777778 0.63125 0.3277777777777778
2 0.375 0.2972222222222222 0.4036458333333333 0.2972222222222222 0.4036458333333333 0.39166666666666666 0.375 0.39166666666666666
2 0.6203125 0.31851851851851853 0.6541666666666667 0.31851851851851853 0.6541666666666667 0.41759259259259257 0.6203125 0.41759259259259257
2 0.6494791666666667 0.1824074074074074 0.6734375 0.1824074074074074 0.6734375 0.24351851851851852 0.6494791666666667 0.24351851851851852
2 0.5833333333333334 0.13425925925925927 0.5973958333333333 0.13425925925925927 0.5973958333333333 0.1712962962962963 0.5833333333333334 0.1712962962962963
2 0.503125 0.16111111111111112 0.5328125 0.16111111111111112 0.5328125 0.22592592592592592 0.503125 0.22592592592592592
2 0.4328125 0.19907407407407407 0.45677083333333335 0.19907407407407407 0.45677083333333335 0.26666666666666666 0.4328125 0.26666666666666666
2 0.415625 0.17222222222222222 0.4348958333333333 0.17222222222222222 0.4348958333333333 0.21851851851851853 0.415625 0.21851851851851853
2 0.4635416666666667 0.17592592592592593 0.4822916666666667 0.17592592592592593 0.4822916666666667 0.2351851851851852 0.4635416666666667 0.2351851851851852