1 0.4171875 0.2657407407407407 0.478125 0.2657407407407407 0.478125 0.36666666666666664 0.4171875 0.36666666666666664
1 0.3223958333333333 0.17592592592592593 0.39010416666666664 0.17592592592592593 0.39010416666666664 0.23796296296296296 0.3223958333333333 0.23796296296296296
1 0.15104166666666666 0.3175925925925926 0.271875 0.3175925925925926 0.271875 0.4925925925925926 0.15104166666666666 0.4925925925925926
2 0.8020833333333334 0.4324074074074074 0.8520833333333333 0.4324074074074074 0.8520833333333333 0.5518518518518518 0.8020833333333334 0.5518518518518518
2 0.08229166666666667 0.7064814814814815 0.16979166666666667 0.7064814814814815 0.16979166666666667 0.9481481481481482 0.08229166666666667 0.9481481481481482
2 0.3182291666666667 0.5898148148148148 0.36666666666666664 0.5898148148148148 0.36666666666666664 0.7851851851851852 0.3182291666666667 0.7851851851851852
1 0.5354166666666667 0.1388888888888889 0.5973958333333333 0.1388888888888889 0.5973958333333333 0.2851851851851852 0.5354166666666667 0.2851851851851852
2 0.6380208333333334 0.24259259259259258 0.6640625 0.24259259259259258 0.6640625 0.3138888888888889 0.6380208333333334 0.3138888888888889
2 0.6796875 0.24814814814814815 0.7067708333333333 0.24814814814814815 0.7067708333333333 0.32314814814814813 0.6796875 0.32314814814814813
2 0.20729166666666668 0.4842592592592593 0.25416666666666665 0.4842592592592593 0.25416666666666665 0.637962962962963 0.20729166666666668 0.637962962962963
2 0.38333333333333336 0.32407407407407407 0.41354166666666664 0.32407407407407407 0.41354166666666664 0.41944444444444445 0.38333333333333336 0.41944444444444445
2 0.3515625 0.41388888888888886 0.3921875 0.41388888888888886 0.3921875 0.5388888888888889 0.3515625 0.5388888888888889
2 0.33541666666666664 0.31574074074074077 0.3645833333333333 0.31574074074074077 0.3645833333333333 0.3925925925925926 0.33541666666666664 0.3925925925925926
2 0.6145833333333334 0.1824074074074074 0.6427083333333333 0.1824074074074074 0.6427083333333333 0.25 0.6145833333333334 0.25
2 0.45677083333333335 0.16018518518518518 0.47291666666666665 0.16018518518518518 0.47291666666666665 0.21296296296296297 0.45677083333333335 0.21296296296296297
2 0.3223958333333333 0.37592592592592594 0.35104166666666664 0.37592592592592594 0.35104166666666664 0.4722222222222222 0.3223958333333333 0.4722222222222222
2 0.24375 0.38425925925925924 0.2864583333333333 0.38425925925925924 0.2864583333333333 0.5046296296296297 0.24375 0.5046296296296297
2 0.40572916666666664 0.23055555555555557 0.4270833333333333 0.23055555555555557 0.4270833333333333 0.29259259259259257 0.40572916666666664 0.29259259259259257
2 0.49635416666666665 0.17314814814814813 0.5166666666666667 0.17314814814814813 0.5166666666666667 0.2324074074074074 0.49635416666666665 0.2324074074074074
2 0.478125 0.14444444444444443 0.4921875 0.14444444444444443 0.4921875 0.18703703703703703 0.478125 0.18703703703703703