1 0.14375 0.32037037037037036 0.2713541666666667 0.32037037037037036 0.2713541666666667 0.49722222222222223 0.14375 0.49722222222222223
1 0.3229166666666667 0.17407407407407408 0.3932291666666667 0.17407407407407408 0.3932291666666667 0.23796296296296296 0.3229166666666667 0.23796296296296296
2 0.015625 0.7787037037037037 0.09895833333333333 0.7787037037037037 0.09895833333333333 0.9981481481481481 0.015625 0.9981481481481481
2 0.18854166666666666 0.562037037037037 0.24427083333333333 0.562037037037037 0.24427083333333333 0.7342592592592593 0.18854166666666666 0.7342592592592593
2 0.6145833333333334 0.3990740740740741 0.6505208333333333 0.3990740740740741 0.6505208333333333 0.5231481481481481 0.6145833333333334 0.5231481481481481
2 0.68125 0.39351851851851855 0.7151041666666667 0.39351851851851855 0.7151041666666667 0.5101851851851852 0.68125 0.5101851851851852
2 0.8697916666666666 0.812962962962963 0.9385416666666667 0.812962962962963 0.9385416666666667 0.9981481481481481 0.8697916666666666 0.9981481481481481
2 0.7151041666666667 0.6842592592592592 0.78125 0.6842592592592592 0.78125 0.8953703703703704 0.7151041666666667 0.8953703703703704
2 0.27291666666666664 0.5990740740740741 0.321875 0.5990740740740741 0.321875 0.7898148148148149 0.27291666666666664 0.7898148148148149
2 0.5411458333333333 0.1814814814814815 0.5765625 0.1814814814814815 0.5765625 0.22962962962962963 0.5411458333333333 0.22962962962962963
2 0.3494791666666667 0.3574074074074074 0.3875 0.3574074074074074 0.3875 0.4537037037037037 0.3494791666666667 0.4537037037037037
2 0.39947916666666666 0.2638888888888889 0.4296875 0.2638888888888889 0.4296875 0.3472222222222222 0.39947916666666666 0.3472222222222222
2 0.5682291666666667 0.2574074074074074 0.5947916666666667 0.2574074074074074 0.5947916666666667 0.337037037037037 0.5682291666666667 0.337037037037037
2 0.6015625 0.24351851851851852 0.6239583333333333 0.24351851851851852 0.6239583333333333 0.3138888888888889 0.6015625 0.3138888888888889
2 0.28802083333333334 0.4722222222222222 0.334375 0.4722222222222222 0.334375 0.6138888888888889 0.28802083333333334 0.6138888888888889
2 0.5895833333333333 0.20462962962962963 0.6255208333333333 0.20462962962962963 0.6255208333333333 0.2537037037037037 0.5895833333333333 0.2537037037037037
2 0.4276041666666667 0.2222222222222222 0.453125 0.2222222222222222 0.453125 0.2953703703703704 0.4276041666666667 0.2953703703703704
2 0.40260416666666665 0.20185185185185187 0.42552083333333335 0.20185185185185187 0.42552083333333335 0.25555555555555554 0.40260416666666665 0.25555555555555554
2 0.5697916666666667 0.1398148148148148 0.590625 0.1398148148148148 0.590625 0.18425925925925926 0.5697916666666667 0.18425925925925926