1 0.5015625 0 0.6010416666666667 0 0.6010416666666667 0.09166666666666666 0.5015625 0.09166666666666666
1 0.6479166666666667 0.18611111111111112 0.6838541666666667 0.18611111111111112 0.6838541666666667 0.3101851851851852 0.6479166666666667 0.3101851851851852
2 0.32083333333333336 0.8546296296296296 0.4322916666666667 0.8546296296296296 0.4322916666666667 0.9648148148148148 0.32083333333333336 0.9648148148148148
2 0.5041666666666667 0.8101851851851852 0.5677083333333334 0.8101851851851852 0.5677083333333334 0.8657407407407407 0.5041666666666667 0.8657407407407407
2 0.6526041666666667 0.5824074074074074 0.6817708333333333 0.5824074074074074 0.6817708333333333 0.6462962962962963 0.6526041666666667 0.6462962962962963
2 0.5015625 0.6861111111111111 0.5677083333333334 0.6861111111111111 0.5677083333333334 0.7481481481481481 0.5015625 0.7481481481481481
2 0.4171875 0.10925925925925926 0.5046875 0.10925925925925926 0.5046875 0.19814814814814816 0.4171875 0.19814814814814816
2 0.58125 0.31296296296296294 0.628125 0.31296296296296294 0.628125 0.3731481481481482 0.58125 0.3731481481481482
2 0.5145833333333333 0.21574074074074073 0.5744791666666667 0.21574074074074073 0.5744791666666667 0.2777777777777778 0.5145833333333333 0.2777777777777778
2 0.6078125 0.37222222222222223 0.6515625 0.37222222222222223 0.6515625 0.41759259259259257 0.6078125 0.41759259259259257
2 0.5958333333333333 0.6157407407407407 0.6390625 0.6157407407407407 0.6390625 0.6648148148148149 0.5958333333333333 0.6648148148148149
2 0.6067708333333334 0.6666666666666666 0.6348958333333333 0.6666666666666666 0.6348958333333333 0.7055555555555556 0.6067708333333334 0.7055555555555556
2 0.6359375 0.6814814814814815 0.6666666666666666 0.6814814814814815 0.6666666666666666 0.737037037037037 0.6359375 0.737037037037037
2 0.6859375 0.6333333333333333 0.7078125 0.6333333333333333 0.7078125 0.6638888888888889 0.6859375 0.6638888888888889