1 0.146875 0.32407407407407407 0.271875 0.32407407407407407 0.271875 0.49907407407407406 0.146875 0.49907407407407406
1 0.37864583333333335 0.3574074074074074 0.4661458333333333 0.3574074074074074 0.4661458333333333 0.5027777777777778 0.37864583333333335 0.5027777777777778
1 0.31979166666666664 0.17685185185185184 0.38697916666666665 0.17685185185185184 0.38697916666666665 0.23981481481481481 0.31979166666666664 0.23981481481481481
2 0.7229166666666667 0.48703703703703705 0.7682291666666666 0.48703703703703705 0.7682291666666666 0.6222222222222222 0.7229166666666667 0.6222222222222222
2 0.259375 0.42314814814814816 0.3015625 0.42314814814814816 0.3015625 0.5324074074074074 0.259375 0.5324074074074074
2 0.12708333333333333 0.5416666666666666 0.190625 0.5416666666666666 0.190625 0.7018518518518518 0.12708333333333333 0.7018518518518518
2 0.17239583333333333 0.7518518518518519 0.2520833333333333 0.7518518518518519 0.2520833333333333 0.9842592592592593 0.17239583333333333 0.9842592592592593
2 0.2390625 0.5268518518518519 0.2833333333333333 0.5268518518518519 0.2833333333333333 0.6925925925925925 0.2390625 0.6925925925925925
2 0.3572916666666667 0.3138888888888889 0.3859375 0.3138888888888889 0.3859375 0.39166666666666666 0.3572916666666667 0.39166666666666666
2 0.6520833333333333 0.37407407407407406 0.6864583333333333 0.37407407407407406 0.6864583333333333 0.48333333333333334 0.6520833333333333 0.48333333333333334
2 0.7010416666666667 0.2953703703703704 0.7333333333333333 0.2953703703703704 0.7333333333333333 0.3851851851851852 0.7010416666666667 0.3851851851851852
2 0.3776041666666667 0.25092592592592594 0.4015625 0.25092592592592594 0.4015625 0.325 0.3776041666666667 0.325
2 0.31197916666666664 0.537962962962963 0.35625 0.537962962962963 0.35625 0.7166666666666667 0.31197916666666664 0.7166666666666667
2 0.4125 0.26296296296296295 0.4375 0.26296296296296295 0.4375 0.3398148148148148 0.4125 0.3398148148148148
2 0.6739583333333333 0.6509259259259259 0.7291666666666666 0.6509259259259259 0.7291666666666666 0.8296296296296296 0.6739583333333333 0.8296296296296296
2 0.41770833333333335 0.1962962962962963 0.4375 0.1962962962962963 0.4375 0.24722222222222223 0.41770833333333335 0.24722222222222223
2 0.4453125 0.2074074074074074 0.46510416666666665 0.2074074074074074 0.46510416666666665 0.2638888888888889 0.4453125 0.2638888888888889
2 0.6354166666666666 0.17685185185185184 0.653125 0.17685185185185184 0.653125 0.2324074074074074 0.6354166666666666 0.2324074074074074
2 0.5953125 0.1814814814814815 0.6161458333333333 0.1814814814814815 0.6161458333333333 0.22962962962962963 0.5953125 0.22962962962962963
2 0.47708333333333336 0.12129629629629629 0.49166666666666664 0.12129629629629629 0.49166666666666664 0.15462962962962962 0.47708333333333336 0.15462962962962962
2 0.030729166666666665 0.5777777777777777 0.08177083333333333 0.5777777777777777 0.08177083333333333 0.6759259259259259 0.030729166666666665 0.6759259259259259