1 0.14166666666666666 0.31666666666666665 0.271875 0.31666666666666665 0.271875 0.4925925925925926 0.14166666666666666 0.4925925925925926
1 0.32395833333333335 0.16944444444444445 0.3927083333333333 0.16944444444444445 0.3927083333333333 0.23148148148148148 0.32395833333333335 0.23148148148148148
2 0.05625 0.825 0.13385416666666666 0.825 0.13385416666666666 1 0.05625 1
2 0.4088541666666667 0.18611111111111112 0.42864583333333334 0.18611111111111112 0.42864583333333334 0.23796296296296296 0.4088541666666667 0.23796296296296296
2 0.25104166666666666 0.562962962962963 0.30520833333333336 0.562962962962963 0.30520833333333336 0.7240740740740741 0.25104166666666666 0.7240740740740741
2 0.6578125 0.19074074074074074 0.675 0.19074074074074074 0.675 0.23333333333333334 0.6578125 0.23333333333333334
2 0.42291666666666666 0.23703703703703705 0.4510416666666667 0.23703703703703705 0.4510416666666667 0.30833333333333335 0.42291666666666666 0.30833333333333335
2 0.6614583333333334 0.31296296296296294 0.6932291666666667 0.31296296296296294 0.6932291666666667 0.4083333333333333 0.6614583333333334 0.4083333333333333
2 0.5854166666666667 0.20092592592592592 0.6072916666666667 0.20092592592592592 0.6072916666666667 0.2638888888888889 0.5854166666666667 0.2638888888888889
2 0.5390625 0.09722222222222222 0.5526041666666667 0.09722222222222222 0.5526041666666667 0.1287037037037037 0.5390625 0.1287037037037037
2 0.5890625 0.10462962962962963 0.603125 0.10462962962962963 0.603125 0.13703703703703704 0.5890625 0.13703703703703704
2 0.6052083333333333 0.2722222222222222 0.6322916666666667 0.2722222222222222 0.6322916666666667 0.35 0.6052083333333333 0.35
2 0.43854166666666666 0.18333333333333332 0.45677083333333335 0.18333333333333332 0.45677083333333335 0.23148148148148148 0.43854166666666666 0.23148148148148148
2 0.5520833333333334 0.17037037037037037 0.5755208333333334 0.17037037037037037 0.5755208333333334 0.22962962962962963 0.5520833333333334 0.22962962962962963
2 0.7192708333333333 0.5018518518518519 0.7682291666666666 0.5018518518518519 0.7682291666666666 0.637962962962963 0.7192708333333333 0.637962962962963
2 0.6140625 0.2222222222222222 0.6385416666666667 0.2222222222222222 0.6385416666666667 0.2851851851851852 0.6140625 0.2851851851851852
2 0.5572916666666666 0.16296296296296298 0.5838541666666667 0.16296296296296298 0.5838541666666667 0.21944444444444444 0.5572916666666666 0.21944444444444444
2 0.46510416666666665 0.19814814814814816 0.4822916666666667 0.19814814814814816 0.4822916666666667 0.2814814814814815 0.46510416666666665 0.2814814814814815
2 0.7494791666666667 0.4083333333333333 0.7901041666666667 0.4083333333333333 0.7901041666666667 0.525 0.7494791666666667 0.525
2 0.9286458333333333 0.7027777777777777 1 0.7027777777777777 1 0.937962962962963 0.9286458333333333 0.937962962962963
2 0.375 0.4203703703703704 0.4109375 0.4203703703703704 0.4109375 0.575 0.375 0.575
2 0.3578125 0.35555555555555557 0.3890625 0.35555555555555557 0.3890625 0.4666666666666667 0.3578125 0.4666666666666667