1 0.14479166666666668 0.3175925925925926 0.271875 0.3175925925925926 0.271875 0.49166666666666664 0.14479166666666668 0.49166666666666664
1 0.359375 0.3907407407407407 0.4583333333333333 0.3907407407407407 0.4583333333333333 0.5555555555555556 0.359375 0.5555555555555556
2 0.0890625 0.5907407407407408 0.15833333333333333 0.5907407407407408 0.15833333333333333 0.7722222222222223 0.0890625 0.7722222222222223
2 0.196875 0.5981481481481481 0.2526041666666667 0.5981481481481481 0.2526041666666667 0.7305555555555555 0.196875 0.7305555555555555
2 0.3640625 0.27037037037037037 0.3921875 0.27037037037037037 0.3921875 0.3490740740740741 0.3640625 0.3490740740740741
2 0.6364583333333333 0.31851851851851853 0.6666666666666666 0.31851851851851853 0.6666666666666666 0.40925925925925927 0.6364583333333333 0.40925925925925927
2 0.6901041666666666 0.4064814814814815 0.7322916666666667 0.4064814814814815 0.7322916666666667 0.5222222222222223 0.6901041666666666 0.5222222222222223
2 0.3359375 0.33796296296296297 0.3671875 0.33796296296296297 0.3671875 0.42777777777777776 0.3359375 0.42777777777777776
1 0.31979166666666664 0.17777777777777778 0.3828125 0.17777777777777778 0.3828125 0.24074074074074073 0.31979166666666664 0.24074074074074073
2 0.6869791666666667 0.27314814814814814 0.715625 0.27314814814814814 0.715625 0.35 0.6869791666666667 0.35
2 0.6421875 0.49722222222222223 0.6895833333333333 0.49722222222222223 0.6895833333333333 0.6435185185185185 0.6421875 0.6435185185185185
2 0.4015625 0.2916666666666667 0.43020833333333336 0.2916666666666667 0.43020833333333336 0.37222222222222223 0.4015625 0.37222222222222223
2 0.46197916666666666 0.19537037037037036 0.4791666666666667 0.19537037037037036 0.4791666666666667 0.25462962962962965 0.46197916666666666 0.25462962962962965
2 0.228125 0.4777777777777778 0.275 0.4777777777777778 0.275 0.5898148148148148 0.228125 0.5898148148148148
2 0.6223958333333334 0.1648148148148148 0.6401041666666667 0.1648148148148148 0.6401041666666667 0.2175925925925926 0.6223958333333334 0.2175925925925926
2 0.490625 0.13703703703703704 0.5046875 0.13703703703703704 0.5046875 0.18055555555555555 0.490625 0.18055555555555555
2 0.5947916666666667 0.17222222222222222 0.6104166666666667 0.17222222222222222 0.6104166666666667 0.21388888888888888 0.5947916666666667 0.21388888888888888
2 0.4296875 0.1824074074074074 0.4473958333333333 0.1824074074074074 0.4473958333333333 0.22592592592592592 0.4296875 0.22592592592592592