1 0.13802083333333334 0.3074074074074074 0.25677083333333334 0.3074074074074074 0.25677083333333334 0.4888888888888889 0.13802083333333334 0.4888888888888889
0 0.22916666666666666 0.2953703703703704 0.3932291666666667 0.2953703703703704 0.3932291666666667 0.524074074074074 0.22916666666666666 0.524074074074074
1 0.43802083333333336 0.17314814814814813 0.484375 0.17314814814814813 0.484375 0.24166666666666667 0.43802083333333336 0.24166666666666667
2 0.165625 0.6907407407407408 0.24947916666666667 0.6907407407407408 0.24947916666666667 0.9342592592592592 0.165625 0.9342592592592592
2 0.7994791666666666 0.6055555555555555 0.86875 0.6055555555555555 0.86875 0.8092592592592592 0.7994791666666666 0.8092592592592592
2 0.6635416666666667 0.36203703703703705 0.7005208333333334 0.36203703703703705 0.7005208333333334 0.4648148148148148 0.6635416666666667 0.4648148148148148
2 0.78125 0.387037037037037 0.8213541666666667 0.387037037037037 0.8213541666666667 0.49907407407407406 0.78125 0.49907407407407406
2 0.010416666666666666 0.5435185185185185 0.09010416666666667 0.5435185185185185 0.09010416666666667 0.7111111111111111 0.010416666666666666 0.7111111111111111
2 0.6307291666666667 0.4601851851851852 0.6786458333333333 0.4601851851851852 0.6786458333333333 0.587037037037037 0.6307291666666667 0.587037037037037
2 0.5604166666666667 0.21388888888888888 0.5838541666666667 0.21388888888888888 0.5838541666666667 0.287962962962963 0.5604166666666667 0.287962962962963
2 0.45364583333333336 0.25277777777777777 0.4786458333333333 0.25277777777777777 0.4786458333333333 0.325 0.45364583333333336 0.325
2 0.4234375 0.3925925925925926 0.459375 0.3925925925925926 0.459375 0.5101851851851852 0.4234375 0.5101851851851852
2 0.39739583333333334 0.1675925925925926 0.4140625 0.1675925925925926 0.4140625 0.21203703703703702 0.39739583333333334 0.21203703703703702
2 0.6989583333333333 0.28703703703703703 0.7276041666666667 0.28703703703703703 0.7276041666666667 0.375 0.6989583333333333 0.375
2 0.6796875 0.21851851851851853 0.7052083333333333 0.21851851851851853 0.7052083333333333 0.2935185185185185 0.6796875 0.2935185185185185
2 0.5911458333333334 0.14351851851851852 0.6072916666666667 0.14351851851851852 0.6072916666666667 0.1925925925925926 0.5911458333333334 0.1925925925925926
2 0.4510416666666667 0.3175925925925926 0.48072916666666665 0.3175925925925926 0.48072916666666665 0.4185185185185185 0.4510416666666667 0.4185185185185185
1 0.6057291666666667 0.20092592592592592 0.6614583333333334 0.20092592592592592 0.6614583333333334 0.2935185185185185 0.6057291666666667 0.2935185185185185
2 0.8645833333333334 0.42962962962962964 0.9171875 0.42962962962962964 0.9171875 0.587037037037037 0.8645833333333334 0.587037037037037
2 0.60625 0.5898148148148148 0.6515625 0.5898148148148148 0.6515625 0.8046296296296296 0.60625 0.8046296296296296
2 0.3385416666666667 0.7074074074074074 0.39427083333333335 0.7074074074074074 0.39427083333333335 0.9722222222222222 0.3385416666666667 0.9722222222222222
2 0.38229166666666664 0.19166666666666668 0.4005208333333333 0.19166666666666668 0.4005208333333333 0.26296296296296295 0.38229166666666664 0.26296296296296295