1 0.375 0.36203703703703705 0.46510416666666665 0.36203703703703705 0.46510416666666665 0.5083333333333333 0.375 0.5083333333333333
1 0.14635416666666667 0.32407407407407407 0.2713541666666667 0.32407407407407407 0.2713541666666667 0.5009259259259259 0.14635416666666667 0.5009259259259259
2 0.15729166666666666 0.775 0.23489583333333333 0.775 0.23489583333333333 0.9962962962962963 0.15729166666666666 0.9962962962962963
2 0.7135416666666666 0.46574074074074073 0.7583333333333333 0.46574074074074073 0.7583333333333333 0.5981481481481481 0.7135416666666666 0.5981481481481481
1 0.31979166666666664 0.17777777777777778 0.38333333333333336 0.17777777777777778 0.38333333333333336 0.23981481481481481 0.31979166666666664 0.23981481481481481
2 0.12135416666666667 0.5462962962962963 0.18177083333333333 0.5462962962962963 0.18177083333333333 0.7138888888888889 0.12135416666666667 0.7138888888888889
2 0.6979166666666666 0.29444444444444445 0.7317708333333334 0.29444444444444445 0.7317708333333334 0.3768518518518518 0.6979166666666666 0.3768518518518518
2 0.23333333333333334 0.5435185185185185 0.278125 0.5435185185185185 0.278125 0.7064814814814815 0.23333333333333334 0.7064814814814815
2 0.37552083333333336 0.2574074074074074 0.4005208333333333 0.2574074074074074 0.4005208333333333 0.33055555555555555 0.37552083333333336 0.33055555555555555
2 0.35520833333333335 0.31851851851851853 0.38333333333333336 0.31851851851851853 0.38333333333333336 0.3962962962962963 0.35520833333333335 0.3962962962962963
2 0.646875 0.36018518518518516 0.6833333333333333 0.36018518518518516 0.6833333333333333 0.4648148148148148 0.646875 0.4648148148148148
2 0.25364583333333335 0.4351851851851852 0.29791666666666666 0.4351851851851852 0.29791666666666666 0.5472222222222223 0.25364583333333335 0.5472222222222223
2 0.303125 0.5583333333333333 0.35260416666666666 0.5583333333333333 0.35260416666666666 0.7509259259259259 0.303125 0.7509259259259259
2 0.6666666666666666 0.6194444444444445 0.7270833333333333 0.6194444444444445 0.7270833333333333 0.7916666666666666 0.6666666666666666 0.7916666666666666
2 0.415625 0.19444444444444445 0.4359375 0.19444444444444445 0.4359375 0.24814814814814815 0.415625 0.24814814814814815
2 0.44427083333333334 0.2074074074074074 0.46510416666666665 0.2074074074074074 0.46510416666666665 0.27037037037037037 0.44427083333333334 0.27037037037037037
2 0.47708333333333336 0.12129629629629629 0.49114583333333334 0.12129629629629629 0.49114583333333334 0.15555555555555556 0.47708333333333336 0.15555555555555556
2 0.59375 0.175 0.6145833333333334 0.175 0.6145833333333334 0.22592592592592592 0.59375 0.22592592592592592
2 0.4114583333333333 0.26944444444444443 0.43697916666666664 0.26944444444444443 0.43697916666666664 0.34629629629629627 0.4114583333333333 0.34629629629629627
2 0.4625 0.10555555555555556 0.47552083333333334 0.10555555555555556 0.47552083333333334 0.13703703703703704 0.4625 0.13703703703703704
2 0.3723958333333333 0.19444444444444445 0.3958333333333333 0.19444444444444445 0.3958333333333333 0.24166666666666667 0.3723958333333333 0.24166666666666667
2 0.4640625 0.18796296296296297 0.48125 0.18796296296296297 0.48125 0.24444444444444444 0.4640625 0.24444444444444444