1 0.47604166666666664 0.2953703703703704 0.5713541666666667 0.2953703703703704 0.5713541666666667 0.4462962962962963 0.47604166666666664 0.4462962962962963
1 0.4979166666666667 0 0.5989583333333334 0 0.5989583333333334 0.08981481481481482 0.4979166666666667 0.08981481481481482
1 0.64375 0.19814814814814816 0.6791666666666667 0.19814814814814816 0.6791666666666667 0.30092592592592593 0.64375 0.30092592592592593
1 0.6786458333333333 0.5879629629629629 0.7067708333333333 0.5879629629629629 0.7067708333333333 0.6472222222222223 0.6786458333333333 0.6472222222222223
1 0.6796875 0.7851851851851852 0.7083333333333334 0.7851851851851852 0.7083333333333334 0.8731481481481481 0.6796875 0.8731481481481481
2 0.409375 0.9564814814814815 0.5020833333333333 0.9564814814814815 0.5020833333333333 1 0.409375 1
2 0.34427083333333336 0.058333333333333334 0.4505208333333333 0.058333333333333334 0.4505208333333333 0.13796296296296295 0.34427083333333336 0.13796296296296295
2 0.428125 0.025925925925925925 0.5140625 0.025925925925925925 0.5140625 0.06944444444444445 0.428125 0.06944444444444445
2 0.5411458333333333 0.1675925925925926 0.5947916666666667 0.1675925925925926 0.5947916666666667 0.2175925925925926 0.5411458333333333 0.2175925925925926
2 0.55625 0.8527777777777777 0.6072916666666667 0.8527777777777777 0.6072916666666667 0.9314814814814815 0.55625 0.9314814814814815
2 0.54375 0.262037037037037 0.5989583333333334 0.262037037037037 0.5989583333333334 0.3111111111111111 0.54375 0.3111111111111111
2 0.6088541666666667 0.2638888888888889 0.6505208333333333 0.2638888888888889 0.6505208333333333 0.31574074074074077 0.6088541666666667 0.31574074074074077
2 0.621875 0.3490740740740741 0.6640625 0.3490740740740741 0.6640625 0.3768518518518518 0.621875 0.3768518518518518
2 0.6083333333333333 0.4009259259259259 0.6463541666666667 0.4009259259259259 0.6463541666666667 0.425 0.6083333333333333 0.425
2 0.6364583333333333 0.4009259259259259 0.6651041666666667 0.4009259259259259 0.6651041666666667 0.41944444444444445 0.6364583333333333 0.41944444444444445
2 0.6427083333333333 0.3194444444444444 0.6802083333333333 0.3194444444444444 0.6802083333333333 0.36203703703703705 0.6427083333333333 0.36203703703703705
2 0.6098958333333333 0.7851851851851852 0.6505208333333333 0.7851851851851852 0.6505208333333333 0.8240740740740741 0.6098958333333333 0.8240740740740741
2 0.6458333333333334 0.5592592592592592 0.68125 0.5592592592592592 0.68125 0.6388888888888888 0.6458333333333334 0.6388888888888888
2 0.6713541666666667 0.6768518518518518 0.7015625 0.6768518518518518 0.7015625 0.7018518518518518 0.6713541666666667 0.7018518518518518
2 0.684375 0.4842592592592593 0.7078125 0.4842592592592593 0.7078125 0.5074074074074074 0.684375 0.5074074074074074
2 0.7005208333333334 0.4824074074074074 0.7177083333333333 0.4824074074074074 0.7177083333333333 0.5018518518518519 0.7005208333333334 0.5018518518518519
2 0.6765625 0.44814814814814813 0.7036458333333333 0.44814814814814813 0.7036458333333333 0.47129629629629627 0.6765625 0.47129629629629627
2 0.6677083333333333 0.4166666666666667 0.6927083333333334 0.4166666666666667 0.6927083333333334 0.44722222222222224 0.6677083333333333 0.44722222222222224
2 0.6692708333333334 0.3787037037037037 0.6916666666666667 0.3787037037037037 0.6916666666666667 0.4 0.6692708333333334 0.4
2 0.6859375 0.38981481481481484 0.7057291666666666 0.38981481481481484 0.7057291666666666 0.4111111111111111 0.6859375 0.4111111111111111
2 0.690625 0.33055555555555555 0.7072916666666667 0.33055555555555555 0.7072916666666667 0.3509259259259259 0.690625 0.3509259259259259
2 0.696875 0.42685185185185187 0.7151041666666667 0.42685185185185187 0.7151041666666667 0.4388888888888889 0.696875 0.4388888888888889