1 0.140625 0.3351851851851852 0.2635416666666667 0.3351851851851852 0.2635416666666667 0.5166666666666667 0.140625 0.5166666666666667
1 0.41510416666666666 0.27870370370370373 0.4744791666666667 0.27870370370370373 0.4744791666666667 0.39444444444444443 0.41510416666666666 0.39444444444444443
1 0.3302083333333333 0.18611111111111112 0.3848958333333333 0.18611111111111112 0.3848958333333333 0.2490740740740741 0.3302083333333333 0.2490740740740741
1 0.5494791666666666 0.1638888888888889 0.590625 0.1638888888888889 0.590625 0.22685185185185186 0.5494791666666666 0.22685185185185186
1 0.6588541666666666 0.1388888888888889 0.7026041666666667 0.1388888888888889 0.7026041666666667 0.18055555555555555 0.6588541666666666 0.18055555555555555
1 0.5286458333333334 0.11203703703703703 0.5546875 0.11203703703703703 0.5546875 0.15092592592592594 0.5286458333333334 0.15092592592592594
2 0.30416666666666664 0.5435185185185185 0.35052083333333334 0.5435185185185185 0.35052083333333334 0.7490740740740741 0.30416666666666664 0.7490740740740741
2 0.5588541666666667 0.11481481481481481 0.5713541666666667 0.11481481481481481 0.5713541666666667 0.15462962962962962 0.5588541666666667 0.15462962962962962
2 0.5796875 0.11481481481481481 0.5895833333333333 0.11481481481481481 0.5895833333333333 0.15462962962962962 0.5796875 0.15462962962962962
2 0.61875 0.18888888888888888 0.634375 0.18888888888888888 0.634375 0.25277777777777777 0.61875 0.25277777777777777
2 0.5166666666666667 0.18425925925925926 0.5505208333333333 0.18425925925925926 0.5505208333333333 0.24814814814814815 0.5166666666666667 0.24814814814814815
2 0.7010416666666667 0.3138888888888889 0.7328125 0.3138888888888889 0.7328125 0.4212962962962963 0.7010416666666667 0.4212962962962963
2 0.7963541666666667 0.425 0.8276041666666667 0.425 0.8276041666666667 0.5583333333333333 0.7963541666666667 0.5583333333333333
2 0.0984375 0.6638888888888889 0.15729166666666666 0.6638888888888889 0.15729166666666666 0.8462962962962963 0.0984375 0.8462962962962963
2 0.13177083333333334 0.5675925925925925 0.18333333333333332 0.5675925925925925 0.18333333333333332 0.7027777777777777 0.13177083333333334 0.7027777777777777
2 0.14375 0.687962962962963 0.21875 0.687962962962963 0.21875 0.9583333333333334 0.14375 0.9583333333333334
2 0.2604166666666667 0.5018518518518519 0.30520833333333336 0.5018518518518519 0.30520833333333336 0.6777777777777778 0.2604166666666667 0.6777777777777778
2 0.30885416666666665 0.3194444444444444 0.33645833333333336 0.3194444444444444 0.33645833333333336 0.44074074074074077 0.30885416666666665 0.44074074074074077
2 0.353125 0.35833333333333334 0.3885416666666667 0.35833333333333334 0.3885416666666667 0.4740740740740741 0.353125 0.4740740740740741
2 0.3541666666666667 0.25462962962962965 0.375 0.25462962962962965 0.375 0.34074074074074073 0.3541666666666667 0.34074074074074073
2 0.4015625 0.23148148148148148 0.41875 0.23148148148148148 0.41875 0.3138888888888889 0.4015625 0.3138888888888889
2 0.3880208333333333 0.18703703703703703 0.4041666666666667 0.18703703703703703 0.4041666666666667 0.2601851851851852 0.3880208333333333 0.2601851851851852
2 0.4046875 0.11944444444444445 0.41302083333333334 0.11944444444444445 0.41302083333333334 0.1638888888888889 0.4046875 0.1638888888888889
2 0.45729166666666665 0.1814814814814815 0.4708333333333333 0.1814814814814815 0.4708333333333333 0.24722222222222223 0.45729166666666665 0.24722222222222223
2 0.4276041666666667 0.1787037037037037 0.4395833333333333 0.1787037037037037 0.4395833333333333 0.24814814814814815 0.4276041666666667 0.24814814814814815
2 0.40989583333333335 0.1537037037037037 0.4234375 0.1537037037037037 0.4234375 0.2064814814814815 0.40989583333333335 0.2064814814814815
2 0.4473958333333333 0.1675925925925926 0.45729166666666665 0.1675925925925926 0.45729166666666665 0.23055555555555557 0.4473958333333333 0.23055555555555557
2 0.4354166666666667 0.13518518518518519 0.4484375 0.13518518518518519 0.4484375 0.1935185185185185 0.4354166666666667 0.1935185185185185
2 0.4583333333333333 0.1361111111111111 0.46510416666666665 0.1361111111111111 0.46510416666666665 0.1824074074074074 0.4583333333333333 0.1824074074074074
2 0.4734375 0.12129629629629629 0.4822916666666667 0.12129629629629629 0.4822916666666667 0.16111111111111112 0.4734375 0.16111111111111112