1 0.50625 0 0.6083333333333333 0 0.6083333333333333 0.0824074074074074 0.50625 0.0824074074074074
1 0.3671875 0.85 0.49114583333333334 0.85 0.49114583333333334 1 0.3671875 1
1 0.6885416666666667 0.5611111111111111 0.7140625 0.5611111111111111 0.7140625 0.6194444444444445 0.6885416666666667 0.6194444444444445
2 0.21927083333333333 0.9361111111111111 0.3359375 0.9361111111111111 0.3359375 1 0.21927083333333333 1
2 0.5989583333333334 0.7583333333333333 0.6390625 0.7583333333333333 0.6390625 0.7972222222222223 0.5989583333333334 0.7972222222222223
2 0.38177083333333334 0.30185185185185187 0.4791666666666667 0.30185185185185187 0.4791666666666667 0.3990740740740741 0.38177083333333334 0.3990740740740741
0 0.6208333333333333 0.22592592592592592 0.7125 0.22592592592592592 0.7125 0.3648148148148148 0.6208333333333333 0.3648148148148148
2 0.4661458333333333 0.2212962962962963 0.5479166666666667 0.2212962962962963 0.5479166666666667 0.287962962962963 0.4661458333333333 0.287962962962963
2 0.6505208333333333 0.6 0.6838541666666667 0.6 0.6838541666666667 0.6361111111111111 0.6505208333333333 0.6361111111111111
2 0.4515625 0.0787037037037037 0.5338541666666666 0.0787037037037037 0.5338541666666666 0.15648148148148147 0.4515625 0.15648148148148147
2 0.5708333333333333 0.3148148148148148 0.6255208333333333 0.3148148148148148 0.6255208333333333 0.37222222222222223 0.5708333333333333 0.37222222222222223
2 0.6411458333333333 0.7657407407407407 0.671875 0.7657407407407407 0.671875 0.8064814814814815 0.6411458333333333 0.8064814814814815
2 0.6505208333333333 0.4212962962962963 0.6802083333333333 0.4212962962962963 0.6802083333333333 0.4546296296296296 0.6505208333333333 0.4546296296296296
2 0.5411458333333333 0.09537037037037037 0.596875 0.09537037037037037 0.596875 0.14907407407407408 0.5411458333333333 0.14907407407407408
2 0.6026041666666667 0.35833333333333334 0.6401041666666667 0.35833333333333334 0.6401041666666667 0.4074074074074074 0.6026041666666667 0.4074074074074074
1 0.671875 0.6351851851851852 0.703125 0.6351851851851852 0.703125 0.7111111111111111 0.671875 0.7111111111111111
2 0.6359375 0.4027777777777778 0.6640625 0.4027777777777778 0.6640625 0.43796296296296294 0.6359375 0.43796296296296294
2 0.5244791666666667 0.7527777777777778 0.5958333333333333 0.7527777777777778 0.5958333333333333 0.8027777777777778 0.5244791666666667 0.8027777777777778