1 0.13125 0.35185185185185186 0.2557291666666667 0.35185185185185186 0.2557291666666667 0.5268518518518519 0.13125 0.5268518518518519
1 0.5588541666666667 0.3277777777777778 0.6317708333333333 0.3277777777777778 0.6317708333333333 0.44537037037037036 0.5588541666666667 0.44537037037037036
1 0.25625 0.6203703703703703 0.41041666666666665 0.6203703703703703 0.41041666666666665 0.9212962962962963 0.25625 0.9212962962962963
1 0.3182291666666667 0.2037037037037037 0.37552083333333336 0.2037037037037037 0.37552083333333336 0.26944444444444443 0.3182291666666667 0.26944444444444443
1 0.4432291666666667 0.17592592592592593 0.4786458333333333 0.17592592592592593 0.4786458333333333 0.23148148148148148 0.4432291666666667 0.23148148148148148
1 0.5302083333333333 0.1814814814814815 0.5630208333333333 0.1814814814814815 0.5630208333333333 0.2351851851851852 0.5302083333333333 0.2351851851851852
2 0.26875 0.562037037037037 0.3098958333333333 0.562037037037037 0.3098958333333333 0.6777777777777778 0.26875 0.6777777777777778
2 0.134375 0.6972222222222222 0.20208333333333334 0.6972222222222222 0.20208333333333334 0.937037037037037 0.134375 0.937037037037037
2 0.23333333333333334 0.42777777777777776 0.27760416666666665 0.42777777777777776 0.27760416666666665 0.5527777777777778 0.23333333333333334 0.5527777777777778
2 0.3223958333333333 0.4148148148148148 0.35520833333333335 0.4148148148148148 0.35520833333333335 0.5305555555555556 0.3223958333333333 0.5305555555555556
2 0.27760416666666665 0.3527777777777778 0.32708333333333334 0.3527777777777778 0.32708333333333334 0.4685185185185185 0.27760416666666665 0.4685185185185185
2 0.3223958333333333 0.3287037037037037 0.34739583333333335 0.3287037037037037 0.34739583333333335 0.412962962962963 0.3223958333333333 0.412962962962963
2 0.3776041666666667 0.3425925925925926 0.3963541666666667 0.3425925925925926 0.3963541666666667 0.44907407407407407 0.3776041666666667 0.44907407407407407
2 0.33177083333333335 0.25925925925925924 0.35 0.25925925925925924 0.35 0.3212962962962963 0.33177083333333335 0.3212962962962963
2 0.34739583333333335 0.26851851851851855 0.36770833333333336 0.26851851851851855 0.36770833333333336 0.3611111111111111 0.34739583333333335 0.3611111111111111
2 0.4083333333333333 0.35648148148148145 0.4348958333333333 0.35648148148148145 0.4348958333333333 0.4527777777777778 0.4083333333333333 0.4527777777777778
2 0.44583333333333336 0.33425925925925926 0.478125 0.33425925925925926 0.478125 0.4351851851851852 0.44583333333333336 0.4351851851851852
2 0.36354166666666665 0.3111111111111111 0.384375 0.3111111111111111 0.384375 0.387037037037037 0.36354166666666665 0.387037037037037
2 0.39114583333333336 0.23703703703703705 0.4088541666666667 0.23703703703703705 0.4088541666666667 0.2796296296296296 0.39114583333333336 0.2796296296296296
2 0.38645833333333335 0.28703703703703703 0.4088541666666667 0.28703703703703703 0.4088541666666667 0.36018518518518516 0.38645833333333335 0.36018518518518516
2 0.4197916666666667 0.23333333333333334 0.4328125 0.23333333333333334 0.4328125 0.3055555555555556 0.4197916666666667 0.3055555555555556
2 0.40208333333333335 0.18425925925925926 0.4114583333333333 0.18425925925925926 0.4114583333333333 0.22685185185185186 0.40208333333333335 0.22685185185185186
2 0.40729166666666666 0.20277777777777778 0.4192708333333333 0.20277777777777778 0.4192708333333333 0.25277777777777777 0.40729166666666666 0.25277777777777777
2 0.42135416666666664 0.18611111111111112 0.43333333333333335 0.18611111111111112 0.43333333333333335 0.2361111111111111 0.42135416666666664 0.2361111111111111
2 0.43020833333333336 0.1574074074074074 0.43854166666666666 0.1574074074074074 0.43854166666666666 0.19074074074074074 0.43020833333333336 0.19074074074074074
2 0.49322916666666666 0.19907407407407407 0.525 0.19907407407407407 0.525 0.262037037037037 0.49322916666666666 0.262037037037037
2 0.58125 0.21296296296296297 0.5994791666666667 0.21296296296296297 0.5994791666666667 0.2824074074074074 0.58125 0.2824074074074074
2 0.6098958333333333 0.2037037037037037 0.6244791666666667 0.2037037037037037 0.6244791666666667 0.2740740740740741 0.6098958333333333 0.2740740740740741
2 0.7953125 0.6648148148148149 0.8645833333333334 0.6648148148148149 0.8645833333333334 0.8787037037037037 0.7953125 0.8787037037037037
2 0.6026041666666667 0.17222222222222222 0.6098958333333333 0.17222222222222222 0.6098958333333333 0.22037037037037038 0.6026041666666667 0.22037037037037038
2 0.5640625 0.16203703703703703 0.575 0.16203703703703703 0.575 0.20462962962962963 0.5640625 0.20462962962962963
2 0.5833333333333334 0.15833333333333333 0.5953125 0.15833333333333333 0.5953125 0.19722222222222222 0.5833333333333334 0.19722222222222222