1 0.13125 0.35185185185185186 0.2552083333333333 0.35185185185185186 0.2552083333333333 0.5333333333333333 0.13125 0.5333333333333333
1 0.5614583333333333 0.3175925925925926 0.6307291666666667 0.3175925925925926 0.6307291666666667 0.42592592592592593 0.5614583333333333 0.42592592592592593
1 0.23333333333333334 0.6574074074074074 0.4041666666666667 0.6574074074074074 0.4041666666666667 0.9953703703703703 0.23333333333333334 0.9953703703703703
1 0.3203125 0.20277777777777778 0.37604166666666666 0.20277777777777778 0.37604166666666666 0.26851851851851855 0.3203125 0.26851851851851855
1 0.5296875 0.17685185185185184 0.5635416666666667 0.17685185185185184 0.5635416666666667 0.23055555555555557 0.5296875 0.23055555555555557
1 0.4401041666666667 0.17685185185185184 0.47552083333333334 0.17685185185185184 0.47552083333333334 0.2388888888888889 0.4401041666666667 0.2388888888888889
1 0.6364583333333333 0.15648148148148147 0.6916666666666667 0.15648148148148147 0.6916666666666667 0.20092592592592592 0.6364583333333333 0.20092592592592592
2 0.7661458333333333 0.6074074074074074 0.8427083333333333 0.6074074074074074 0.8427083333333333 0.8222222222222222 0.7661458333333333 0.8222222222222222
2 0.10208333333333333 0.7527777777777778 0.16822916666666668 0.7527777777777778 0.16822916666666668 0.9962962962962963 0.10208333333333333 0.9962962962962963
2 0.221875 0.43796296296296294 0.2557291666666667 0.43796296296296294 0.2557291666666667 0.5740740740740741 0.221875 0.5740740740740741
2 0.24947916666666667 0.537962962962963 0.29739583333333336 0.537962962962963 0.29739583333333336 0.7055555555555556 0.24947916666666667 0.7055555555555556
2 0.28229166666666666 0.37037037037037035 0.3020833333333333 0.37037037037037035 0.3020833333333333 0.4777777777777778 0.28229166666666666 0.4777777777777778
2 0.30572916666666666 0.42777777777777776 0.33958333333333335 0.42777777777777776 0.33958333333333335 0.5564814814814815 0.30572916666666666 0.5564814814814815
2 0.3223958333333333 0.35462962962962963 0.3463541666666667 0.35462962962962963 0.3463541666666667 0.44814814814814813 0.3223958333333333 0.44814814814814813
2 0.3645833333333333 0.3574074074074074 0.3927083333333333 0.3574074074074074 0.3927083333333333 0.4583333333333333 0.3645833333333333 0.4583333333333333
2 0.4088541666666667 0.36203703703703705 0.44114583333333335 0.36203703703703705 0.44114583333333335 0.47962962962962963 0.4088541666666667 0.47962962962962963
2 0.4484375 0.3435185185185185 0.4765625 0.3435185185185185 0.4765625 0.4638888888888889 0.4484375 0.4638888888888889
2 0.32760416666666664 0.26851851851851855 0.3489583333333333 0.26851851851851855 0.3489583333333333 0.3351851851851852 0.32760416666666664 0.3351851851851852
2 0.34322916666666664 0.2861111111111111 0.36354166666666665 0.2861111111111111 0.36354166666666665 0.3638888888888889 0.34322916666666664 0.3638888888888889
2 0.35989583333333336 0.3138888888888889 0.38125 0.3138888888888889 0.38125 0.3888888888888889 0.35989583333333336 0.3888888888888889
2 0.3854166666666667 0.2898148148148148 0.40572916666666664 0.2898148148148148 0.40572916666666664 0.3611111111111111 0.3854166666666667 0.3611111111111111
2 0.3885416666666667 0.25092592592592594 0.4036458333333333 0.25092592592592594 0.4036458333333333 0.31666666666666665 0.3885416666666667 0.31666666666666665
2 0.4234375 0.23981481481481481 0.4453125 0.23981481481481481 0.4453125 0.31296296296296294 0.4234375 0.31296296296296294
2 0.40520833333333334 0.21296296296296297 0.4161458333333333 0.21296296296296297 0.4161458333333333 0.2777777777777778 0.40520833333333334 0.2777777777777778
2 0.42135416666666664 0.18981481481481483 0.4296875 0.18981481481481483 0.4296875 0.2462962962962963 0.42135416666666664 0.2462962962962963
2 0.39947916666666666 0.18425925925925926 0.4119791666666667 0.18425925925925926 0.4119791666666667 0.23333333333333334 0.39947916666666666 0.23333333333333334
2 0.5010416666666667 0.19722222222222222 0.5177083333333333 0.19722222222222222 0.5177083333333333 0.2574074074074074 0.5010416666666667 0.2574074074074074
2 0.5875 0.21296296296296297 0.5984375 0.21296296296296297 0.5984375 0.2796296296296296 0.5875 0.2796296296296296
2 0.6052083333333333 0.1935185185185185 0.6239583333333333 0.1935185185185185 0.6239583333333333 0.26296296296296295 0.6052083333333333 0.26296296296296295
2 0.5984375 0.16944444444444445 0.6145833333333334 0.16944444444444445 0.6145833333333334 0.22314814814814815 0.5984375 0.22314814814814815