1 0.1453125 0.3148148148148148 0.2703125 0.3148148148148148 0.2703125 0.4898148148148148 0.1453125 0.4898148148148148
1 0.32447916666666665 0.17407407407407408 0.3927083333333333 0.17407407407407408 0.3927083333333333 0.23796296296296296 0.32447916666666665 0.23796296296296296
2 0.6786458333333333 0.5712962962962963 0.7364583333333333 0.5712962962962963 0.7364583333333333 0.7472222222222222 0.6786458333333333 0.7472222222222222
2 0.14479166666666668 0.625 0.21041666666666667 0.625 0.21041666666666667 0.8277777777777777 0.14479166666666668 0.8277777777777777
2 0.553125 0.1787037037037037 0.5875 0.1787037037037037 0.5875 0.22777777777777777 0.553125 0.22777777777777777
2 0.6083333333333333 0.2 0.6385416666666667 0.2 0.6385416666666667 0.25555555555555554 0.6083333333333333 0.25555555555555554
2 0.26979166666666665 0.525 0.32395833333333335 0.525 0.32395833333333335 0.687962962962963 0.26979166666666665 0.687962962962963
2 0.5979166666666667 0.3611111111111111 0.6322916666666667 0.3611111111111111 0.6322916666666667 0.47129629629629627 0.5979166666666667 0.47129629629629627
2 0.6677083333333333 0.36018518518518516 0.6958333333333333 0.36018518518518516 0.6958333333333333 0.4675925925925926 0.6677083333333333 0.4675925925925926
2 0.5921875 0.23055555555555557 0.6130208333333333 0.23055555555555557 0.6130208333333333 0.29907407407407405 0.5921875 0.29907407407407405
2 0.8234375 0.6861111111111111 0.8828125 0.6861111111111111 0.8828125 0.8925925925925926 0.8234375 0.8925925925925926
2 0.3927083333333333 0.2814814814814815 0.4239583333333333 0.2814814814814815 0.4239583333333333 0.3712962962962963 0.3927083333333333 0.3712962962962963
2 0.33177083333333335 0.38796296296296295 0.36666666666666664 0.38796296296296295 0.36666666666666664 0.49074074074074076 0.33177083333333335 0.49074074074074076
2 0.32395833333333335 0.3037037037037037 0.3645833333333333 0.3037037037037037 0.3645833333333333 0.3972222222222222 0.32395833333333335 0.3972222222222222
2 0.5640625 0.24444444444444444 0.5864583333333333 0.24444444444444444 0.5864583333333333 0.3175925925925926 0.5640625 0.3175925925925926
2 0.425 0.23703703703703705 0.45260416666666664 0.23703703703703705 0.45260416666666664 0.3212962962962963 0.425 0.3212962962962963
2 0.5755208333333334 0.12962962962962962 0.590625 0.12962962962962962 0.590625 0.16666666666666666 0.5755208333333334 0.16666666666666666
2 0.2171875 0.6861111111111111 0.29791666666666666 0.6861111111111111 0.29791666666666666 0.9231481481481482 0.2171875 0.9231481481481482
2 0.44635416666666666 0.1537037037037037 0.4661458333333333 0.1537037037037037 0.4661458333333333 0.20462962962962963 0.44635416666666666 0.20462962962962963