1 0.565625 0.3416666666666667 0.6260416666666667 0.3416666666666667 0.6260416666666667 0.45740740740740743 0.565625 0.45740740740740743
1 0.5036458333333333 0 0.6026041666666667 0 0.6026041666666667 0.09166666666666666 0.5036458333333333 0.09166666666666666
1 0.6463541666666667 0.18333333333333332 0.6817708333333333 0.18333333333333332 0.6817708333333333 0.3037037037037037 0.6463541666666667 0.3037037037037037
2 0.5161458333333333 0.16111111111111112 0.559375 0.16111111111111112 0.559375 0.21851851851851853 0.5161458333333333 0.21851851851851853
2 0.5546875 0.18703703703703703 0.5984375 0.18703703703703703 0.5984375 0.24259259259259258 0.5546875 0.24259259259259258
2 0.5286458333333334 0.27685185185185185 0.5859375 0.27685185185185185 0.5859375 0.3416666666666667 0.5286458333333334 0.3416666666666667
2 0.2640625 0.10092592592592593 0.39479166666666665 0.10092592592592593 0.39479166666666665 0.2175925925925926 0.2640625 0.2175925925925926
2 0.6119791666666666 0.799074074074074 0.6520833333333333 0.799074074074074 0.6520833333333333 0.8398148148148148 0.6119791666666666 0.8398148148148148
2 0.6484375 0.49537037037037035 0.6833333333333333 0.49537037037037035 0.6833333333333333 0.5324074074074074 0.6484375 0.5324074074074074
2 0.6104166666666667 0.3138888888888889 0.6463541666666667 0.3138888888888889 0.6463541666666667 0.3509259259259259 0.6104166666666667 0.3509259259259259
2 0.4484375 0.1962962962962963 0.525 0.1962962962962963 0.525 0.2712962962962963 0.4484375 0.2712962962962963
2 0.6463541666666667 0.6981481481481482 0.678125 0.6981481481481482 0.678125 0.737037037037037 0.6463541666666667 0.737037037037037
2 0.6572916666666667 0.41759259259259257 0.6880208333333333 0.41759259259259257 0.6880208333333333 0.45185185185185184 0.6572916666666667 0.45185185185185184
2 0.615625 0.7342592592592593 0.6536458333333334 0.7342592592592593 0.6536458333333334 0.775 0.615625 0.775
1 0.6296875 0.5694444444444444 0.6901041666666666 0.5694444444444444 0.6901041666666666 0.662962962962963 0.6296875 0.662962962962963
2 0.4786458333333333 0.023148148148148147 0.5375 0.023148148148148147 0.5375 0.09259259259259259 0.4786458333333333 0.09259259259259259
2 0.6697916666666667 0.4583333333333333 0.696875 0.4583333333333333 0.696875 0.4861111111111111 0.6697916666666667 0.4861111111111111
2 0.65 0.37222222222222223 0.6770833333333334 0.37222222222222223 0.6770833333333334 0.4 0.65 0.4
2 0.6286458333333333 0.39351851851851855 0.6645833333333333 0.39351851851851855 0.6645833333333333 0.425 0.6286458333333333 0.425