1 0.14947916666666666 0.325 0.2713541666666667 0.325 0.2713541666666667 0.5 0.14947916666666666 0.5
2 0.9130208333333333 0.5833333333333334 0.9979166666666667 0.5833333333333334 0.9979166666666667 0.7648148148148148 0.9130208333333333 0.7648148148148148
1 0.43385416666666665 0.22592592592592592 0.48385416666666664 0.22592592592592592 0.48385416666666664 0.30833333333333335 0.43385416666666665 0.30833333333333335
1 0.3234375 0.17685185185185184 0.39114583333333336 0.17685185185185184 0.39114583333333336 0.23981481481481481 0.3234375 0.23981481481481481
2 0 0.5898148148148148 0.0828125 0.5898148148148148 0.0828125 0.7916666666666666 0 0.7916666666666666
2 0.228125 0.4787037037037037 0.2838541666666667 0.4787037037037037 0.2838541666666667 0.6287037037037037 0.228125 0.6287037037037037
2 0.7213541666666666 0.3490740740740741 0.7572916666666667 0.3490740740740741 0.7572916666666667 0.4537037037037037 0.7213541666666666 0.4537037037037037
2 0.15625 0.6666666666666666 0.2171875 0.6666666666666666 0.2171875 0.8851851851851852 0.15625 0.8851851851851852
2 0.6708333333333333 0.3287037037037037 0.7057291666666666 0.3287037037037037 0.7057291666666666 0.4166666666666667 0.6708333333333333 0.4166666666666667
2 0.31666666666666665 0.6240740740740741 0.3692708333333333 0.6240740740740741 0.3692708333333333 0.8101851851851852 0.31666666666666665 0.8101851851851852
2 0.353125 0.3148148148148148 0.38125 0.3148148148148148 0.38125 0.40185185185185185 0.353125 0.40185185185185185
2 0.42604166666666665 0.2 0.44375 0.2 0.44375 0.24722222222222223 0.42604166666666665 0.24722222222222223
2 0.2947916666666667 0.362962962962963 0.32708333333333334 0.362962962962963 0.32708333333333334 0.4787037037037037 0.2947916666666667 0.4787037037037037
2 0.38645833333333335 0.4009259259259259 0.4244791666666667 0.4009259259259259 0.4244791666666667 0.512962962962963 0.38645833333333335 0.512962962962963
2 0.6583333333333333 0.2351851851851852 0.6895833333333333 0.2351851851851852 0.6895833333333333 0.3138888888888889 0.6583333333333333 0.3138888888888889
2 0.47760416666666666 0.13796296296296295 0.490625 0.13796296296296295 0.490625 0.17407407407407408 0.47760416666666666 0.17407407407407408
2 0.4546875 0.18425925925925926 0.4708333333333333 0.18425925925925926 0.4708333333333333 0.22407407407407406 0.4546875 0.22407407407407406
2 0.4078125 0.2518518518518518 0.4296875 0.2518518518518518 0.4296875 0.3287037037037037 0.4078125 0.3287037037037037
2 0.45989583333333334 0.14722222222222223 0.475 0.14722222222222223 0.475 0.18703703703703703 0.45989583333333334 0.18703703703703703
2 0.36666666666666664 0.2601851851851852 0.39114583333333336 0.2601851851851852 0.39114583333333336 0.33055555555555555 0.36666666666666664 0.33055555555555555
2 0.29583333333333334 0.32407407407407407 0.3255208333333333 0.32407407407407407 0.3255208333333333 0.37592592592592594 0.29583333333333334 0.37592592592592594
2 0.6083333333333333 0.13148148148148148 0.6244791666666667 0.13148148148148148 0.6244791666666667 0.17222222222222222 0.6083333333333333 0.17222222222222222
2 0.5755208333333334 0.12314814814814815 0.5932291666666667 0.12314814814814815 0.5932291666666667 0.15833333333333333 0.5755208333333334 0.15833333333333333
2 0.4390625 0.14537037037037037 0.45364583333333336 0.14537037037037037 0.45364583333333336 0.18333333333333332 0.4390625 0.18333333333333332
2 0.4171875 0.14629629629629629 0.4317708333333333 0.14629629629629629 0.4317708333333333 0.18333333333333332 0.4171875 0.18333333333333332
2 0.496875 0.17592592592592593 0.5135416666666667 0.17592592592592593 0.5135416666666667 0.22407407407407406 0.496875 0.22407407407407406
2 0.6244791666666667 0.2111111111111111 0.6484375 0.2111111111111111 0.6484375 0.29444444444444445 0.6244791666666667 0.29444444444444445