1 0.13333333333333333 0.3490740740740741 0.2557291666666667 0.3490740740740741 0.2557291666666667 0.525 0.13333333333333333 0.525
1 0.5557291666666667 0.30648148148148147 0.6270833333333333 0.30648148148148147 0.6270833333333333 0.4203703703703704 0.5557291666666667 0.4203703703703704
1 0.3229166666666667 0.20277777777777778 0.37916666666666665 0.20277777777777778 0.37916666666666665 0.26666666666666666 0.3229166666666667 0.26666666666666666
1 0.5302083333333333 0.17592592592592593 0.5630208333333333 0.17592592592592593 0.5630208333333333 0.22777777777777777 0.5302083333333333 0.22777777777777777
1 0.4390625 0.17685185185185184 0.4744791666666667 0.17685185185185184 0.4744791666666667 0.24166666666666667 0.4390625 0.24166666666666667
1 0.21145833333333333 0.6916666666666667 0.39166666666666666 0.6916666666666667 0.39166666666666666 0.9962962962962963 0.21145833333333333 0.9962962962962963
1 0.6427083333333333 0.15462962962962962 0.6947916666666667 0.15462962962962962 0.6947916666666667 0.19907407407407407 0.6427083333333333 0.19907407407407407
2 0.07135416666666666 0.799074074074074 0.16614583333333333 0.799074074074074 0.16614583333333333 1 0.07135416666666666 1
2 0.21041666666666667 0.4675925925925926 0.25833333333333336 0.4675925925925926 0.25833333333333336 0.5990740740740741 0.21041666666666667 0.5990740740740741
2 0.23385416666666667 0.5722222222222222 0.28854166666666664 0.5722222222222222 0.28854166666666664 0.7222222222222222 0.23385416666666667 0.7222222222222222
2 0.2989583333333333 0.4583333333333333 0.3223958333333333 0.4583333333333333 0.3223958333333333 0.5851851851851851 0.2989583333333333 0.5851851851851851
2 0.2671875 0.37407407407407406 0.30052083333333335 0.37407407407407406 0.30052083333333335 0.4842592592592593 0.2671875 0.4842592592592593
2 0.31145833333333334 0.3537037037037037 0.3380208333333333 0.3537037037037037 0.3380208333333333 0.45740740740740743 0.31145833333333334 0.45740740740740743
2 0.35520833333333335 0.3537037037037037 0.3885416666666667 0.3537037037037037 0.3885416666666667 0.48518518518518516 0.35520833333333335 0.48518518518518516
2 0.4041666666666667 0.36944444444444446 0.428125 0.36944444444444446 0.428125 0.5037037037037037 0.4041666666666667 0.5037037037037037
2 0.44583333333333336 0.35462962962962963 0.48125 0.35462962962962963 0.48125 0.4861111111111111 0.44583333333333336 0.4861111111111111
2 0.3296875 0.2740740740740741 0.34427083333333336 0.2740740740740741 0.34427083333333336 0.3416666666666667 0.3296875 0.3416666666666667
2 0.3385416666666667 0.287962962962963 0.35625 0.287962962962963 0.35625 0.387037037037037 0.3385416666666667 0.387037037037037
2 0.35989583333333336 0.30833333333333335 0.3828125 0.30833333333333335 0.3828125 0.3814814814814815 0.35989583333333336 0.3814814814814815
2 0.3854166666666667 0.2861111111111111 0.4046875 0.2861111111111111 0.4046875 0.3675925925925926 0.3854166666666667 0.3675925925925926
2 0.384375 0.2518518518518518 0.4046875 0.2518518518518518 0.4046875 0.325 0.384375 0.325
2 0.4192708333333333 0.24074074074074073 0.4354166666666667 0.24074074074074073 0.4354166666666667 0.325 0.4192708333333333 0.325
2 0.759375 0.5657407407407408 0.8088541666666667 0.5657407407407408 0.8088541666666667 0.7537037037037037 0.759375 0.7537037037037037
2 0.39947916666666666 0.17592592592592593 0.41510416666666666 0.17592592592592593 0.41510416666666666 0.22962962962962963 0.39947916666666666 0.22962962962962963
2 0.403125 0.21388888888888888 0.41822916666666665 0.21388888888888888 0.41822916666666665 0.2601851851851852 0.403125 0.2601851851851852
2 0.41875 0.18981481481481483 0.42916666666666664 0.18981481481481483 0.42916666666666664 0.23796296296296296 0.41875 0.23796296296296296
2 0.49166666666666664 0.19814814814814816 0.5197916666666667 0.19814814814814816 0.5197916666666667 0.25833333333333336 0.49166666666666664 0.25833333333333336
2 0.58125 0.21388888888888888 0.5963541666666666 0.21388888888888888 0.5963541666666666 0.26296296296296295 0.58125 0.26296296296296295
2 0.603125 0.19537037037037036 0.6223958333333334 0.19537037037037036 0.6223958333333334 0.2574074074074074 0.603125 0.2574074074074074
2 0.5979166666666667 0.16944444444444445 0.6083333333333333 0.16944444444444445 0.6083333333333333 0.21851851851851853 0.5979166666666667 0.21851851851851853
2 0.5635416666666667 0.15925925925925927 0.5765625 0.15925925925925927 0.5765625 0.2037037037037037 0.5635416666666667 0.2037037037037037
2 0.5859375 0.1537037037037037 0.5979166666666667 0.1537037037037037 0.5979166666666667 0.18981481481481483 0.5859375 0.18981481481481483
2 0.42604166666666665 0.16296296296296298 0.4432291666666667 0.16296296296296298 0.4432291666666667 0.2037037037037037 0.42604166666666665 0.2037037037037037
2 0.41458333333333336 0.1527777777777778 0.425 0.1527777777777778 0.425 0.1962962962962963 0.41458333333333336 0.1962962962962963