1 0.14166666666666666 0.3175925925925926 0.27447916666666666 0.3175925925925926 0.27447916666666666 0.4935185185185185 0.14166666666666666 0.4935185185185185
1 0.32447916666666665 0.16944444444444445 0.3927083333333333 0.16944444444444445 0.3927083333333333 0.2324074074074074 0.32447916666666665 0.2324074074074074
2 0.25729166666666664 0.5425925925925926 0.3098958333333333 0.5425925925925926 0.3098958333333333 0.7138888888888889 0.25729166666666664 0.7138888888888889
2 0.6572916666666667 0.19166666666666668 0.675 0.19166666666666668 0.675 0.23425925925925925 0.6572916666666667 0.23425925925925925
2 0.40989583333333335 0.18425925925925926 0.42916666666666664 0.18425925925925926 0.42916666666666664 0.23703703703703705 0.40989583333333335 0.23703703703703705
2 0.6630208333333333 0.31574074074074077 0.6953125 0.31574074074074077 0.6953125 0.412962962962963 0.6630208333333333 0.412962962962963
2 0.5859375 0.2037037037037037 0.6078125 0.2037037037037037 0.6078125 0.26666666666666666 0.5859375 0.26666666666666666
2 0.4239583333333333 0.2351851851851852 0.4515625 0.2351851851851852 0.4515625 0.3055555555555556 0.4239583333333333 0.3055555555555556
2 0.5708333333333333 0.11018518518518519 0.584375 0.11018518518518519 0.584375 0.14537037037037037 0.5708333333333333 0.14537037037037037
2 0.5395833333333333 0.09814814814814815 0.5526041666666667 0.09814814814814815 0.5526041666666667 0.12962962962962962 0.5395833333333333 0.12962962962962962
2 0.60625 0.275 0.6333333333333333 0.275 0.6333333333333333 0.3509259259259259 0.60625 0.3509259259259259
2 0.5895833333333333 0.10462962962962963 0.6036458333333333 0.10462962962962963 0.6036458333333333 0.13796296296296295 0.5895833333333333 0.13796296296296295
2 0.06354166666666666 0.7962962962962963 0.14479166666666668 0.7962962962962963 0.14479166666666668 1 0.06354166666666666 1
2 0.7223958333333333 0.5046296296296297 0.7739583333333333 0.5046296296296297 0.7739583333333333 0.6509259259259259 0.7223958333333333 0.6509259259259259
2 0.6145833333333334 0.22685185185185186 0.6395833333333333 0.22685185185185186 0.6395833333333333 0.28888888888888886 0.6145833333333334 0.28888888888888886
2 0.5552083333333333 0.1648148148148148 0.5828125 0.1648148148148148 0.5828125 0.22314814814814815 0.5552083333333333 0.22314814814814815
2 0.4546875 0.15462962962962962 0.4703125 0.15462962962962962 0.4703125 0.1935185185185185 0.4546875 0.1935185185185185
2 0.36875 0.412962962962963 0.4125 0.412962962962963 0.4125 0.5657407407407408 0.36875 0.5657407407407408
2 0.4609375 0.21296296296296297 0.4822916666666667 0.21296296296296297 0.4822916666666667 0.27685185185185185 0.4609375 0.27685185185185185
2 0.3640625 0.35833333333333334 0.3932291666666667 0.35833333333333334 0.3932291666666667 0.45740740740740743 0.3640625 0.45740740740740743
2 0.753125 0.4074074074074074 0.7942708333333334 0.4074074074074074 0.7942708333333334 0.5305555555555556 0.753125 0.5305555555555556
2 0.9302083333333333 0.7 1 0.7 1 0.9527777777777777 0.9302083333333333 0.9527777777777777
2 0.6213541666666667 0.1527777777777778 0.6401041666666667 0.1527777777777778 0.6401041666666667 0.21481481481481482 0.6213541666666667 0.21481481481481482
2 0.4375 0.16296296296296298 0.45625 0.16296296296296298 0.45625 0.23425925925925925 0.4375 0.23425925925925925