1 0.4078125 0.925 0.5088541666666667 0.925 0.5088541666666667 1 0.4078125 1
1 0.3171875 0.3314814814814815 0.3614583333333333 0.3314814814814815 0.3614583333333333 0.41388888888888886 0.3171875 0.41388888888888886
1 0.3619791666666667 0.5388888888888889 0.41770833333333335 0.5388888888888889 0.41770833333333335 0.6361111111111111 0.3619791666666667 0.6361111111111111
1 0.2890625 0.40555555555555556 0.3098958333333333 0.40555555555555556 0.3098958333333333 0.45185185185185184 0.2890625 0.45185185185185184
1 0.325 0.7064814814814815 0.36041666666666666 0.7064814814814815 0.36041666666666666 0.8083333333333333 0.325 0.8083333333333333
2 0.5744791666666667 0.8898148148148148 0.65 0.8898148148148148 0.65 0.9787037037037037 0.5744791666666667 0.9787037037037037
2 0.6572916666666667 0.9490740740740741 0.78125 0.9490740740740741 0.78125 1 0.6572916666666667 1
2 0.471875 0.9592592592592593 0.5458333333333333 0.9592592592592593 0.5458333333333333 1 0.471875 1
2 0.453125 0.787962962962963 0.5338541666666666 0.787962962962963 0.5338541666666666 0.8527777777777777 0.453125 0.8527777777777777
2 0.4708333333333333 0.6944444444444444 0.5677083333333334 0.6944444444444444 0.5677083333333334 0.7814814814814814 0.4708333333333333 0.7814814814814814
2 0.38697916666666665 0.7611111111111111 0.4421875 0.7611111111111111 0.4421875 0.7972222222222223 0.38697916666666665 0.7972222222222223
2 0.35208333333333336 0.7083333333333334 0.4010416666666667 0.7083333333333334 0.4010416666666667 0.7537037037037037 0.35208333333333336 0.7537037037037037
2 0.39375 0.6768518518518518 0.45 0.6768518518518518 0.45 0.7148148148148148 0.39375 0.7148148148148148
2 0.3255208333333333 0.6564814814814814 0.35885416666666664 0.6564814814814814 0.35885416666666664 0.6824074074074075 0.3255208333333333 0.6824074074074075
2 0.28541666666666665 0.6574074074074074 0.309375 0.6574074074074074 0.309375 0.674074074074074 0.28541666666666665 0.674074074074074
2 0.3015625 0.6324074074074074 0.3302083333333333 0.6324074074074074 0.3302083333333333 0.6537037037037037 0.3015625 0.6537037037037037
2 0.31197916666666664 0.6064814814814815 0.34479166666666666 0.6064814814814815 0.34479166666666666 0.6268518518518519 0.31197916666666664 0.6268518518518519
2 0.33489583333333334 0.6361111111111111 0.37864583333333335 0.6361111111111111 0.37864583333333335 0.6648148148148149 0.33489583333333334 0.6648148148148149
2 0.31666666666666665 0.549074074074074 0.3489583333333333 0.549074074074074 0.3489583333333333 0.5703703703703704 0.31666666666666665 0.5703703703703704
2 0.3109375 0.5805555555555556 0.34010416666666665 0.5805555555555556 0.34010416666666665 0.5972222222222222 0.3109375 0.5972222222222222
2 0.2942708333333333 0.5888888888888889 0.315625 0.5888888888888889 0.315625 0.6092592592592593 0.2942708333333333 0.6092592592592593
2 0.28854166666666664 0.5675925925925925 0.3151041666666667 0.5675925925925925 0.3151041666666667 0.5824074074074074 0.28854166666666664 0.5824074074074074
2 0.2864583333333333 0.5546296296296296 0.3098958333333333 0.5546296296296296 0.3098958333333333 0.5703703703703704 0.2864583333333333 0.5703703703703704
2 0.3223958333333333 0.4351851851851852 0.3572916666666667 0.4351851851851852 0.3572916666666667 0.47685185185185186 0.3223958333333333 0.47685185185185186
2 0.3411458333333333 0.24814814814814815 0.3796875 0.24814814814814815 0.3796875 0.28055555555555556 0.3411458333333333 0.28055555555555556
2 0.4276041666666667 0.044444444444444446 0.48802083333333335 0.044444444444444446 0.48802083333333335 0.09537037037037037 0.4276041666666667 0.09537037037037037
2 0.2890625 0.3675925925925926 0.31302083333333336 0.3675925925925926 0.31302083333333336 0.39166666666666666 0.2890625 0.39166666666666666
2 0.2864583333333333 0.3351851851851852 0.3151041666666667 0.3351851851851852 0.3151041666666667 0.35555555555555557 0.2864583333333333 0.35555555555555557