1 0.38645833333333335 0.3731481481481482 0.47291666666666665 0.3731481481481482 0.47291666666666665 0.5472222222222223 0.38645833333333335 0.5472222222222223
1 0.13958333333333334 0.32314814814814813 0.26927083333333335 0.32314814814814813 0.26927083333333335 0.5027777777777778 0.13958333333333334 0.5027777777777778
1 0.3302083333333333 0.1814814814814815 0.3885416666666667 0.1814814814814815 0.3885416666666667 0.24351851851851852 0.3302083333333333 0.24351851851851852
1 0.5494791666666666 0.13240740740740742 0.5828125 0.13240740740740742 0.5828125 0.1824074074074074 0.5494791666666666 0.1824074074074074
2 0.7583333333333333 0.4824074074074074 0.8026041666666667 0.4824074074074074 0.8026041666666667 0.6555555555555556 0.7583333333333333 0.6555555555555556
2 0.25104166666666666 0.5925925925925926 0.30364583333333334 0.5925925925925926 0.30364583333333334 0.7768518518518519 0.25104166666666666 0.7768518518518519
2 0.2234375 0.4787037037037037 0.25677083333333334 0.4787037037037037 0.25677083333333334 0.6268518518518519 0.2234375 0.6268518518518519
2 0.31145833333333334 0.32592592592592595 0.34427083333333336 0.32592592592592595 0.34427083333333336 0.4305555555555556 0.31145833333333334 0.4305555555555556
2 0.3734375 0.30925925925925923 0.39010416666666664 0.30925925925925923 0.39010416666666664 0.4111111111111111 0.3734375 0.4111111111111111
2 0.3697916666666667 0.2361111111111111 0.4 0.2361111111111111 0.4 0.32037037037037036 0.3697916666666667 0.32037037037037036
2 0.40729166666666666 0.20833333333333334 0.4265625 0.20833333333333334 0.4265625 0.2861111111111111 0.40729166666666666 0.2861111111111111
2 0.7109375 0.3101851851851852 0.7328125 0.3101851851851852 0.7328125 0.4046296296296296 0.7109375 0.4046296296296296
2 0.6619791666666667 0.2361111111111111 0.6838541666666667 0.2361111111111111 0.6838541666666667 0.3055555555555556 0.6619791666666667 0.3055555555555556
2 0.534375 0.18425925925925926 0.5734375 0.18425925925925926 0.5734375 0.2388888888888889 0.534375 0.2388888888888889
2 0.596875 0.14166666666666666 0.6135416666666667 0.14166666666666666 0.6135416666666667 0.18611111111111112 0.596875 0.18611111111111112
2 0.44166666666666665 0.23055555555555557 0.4630208333333333 0.23055555555555557 0.4630208333333333 0.3055555555555556 0.44166666666666665 0.3055555555555556
2 0.44166666666666665 0.2037037037037037 0.4583333333333333 0.2037037037037037 0.4583333333333333 0.2574074074074074 0.44166666666666665 0.2574074074074074
2 0.4546875 0.15 0.46510416666666665 0.15 0.46510416666666665 0.20277777777777778 0.4546875 0.20277777777777778
2 0.425 0.1527777777777778 0.4427083333333333 0.1527777777777778 0.4427083333333333 0.20185185185185187 0.425 0.20185185185185187
2 0.40677083333333336 0.13240740740740742 0.41770833333333335 0.13240740740740742 0.41770833333333335 0.17314814814814813 0.40677083333333336 0.17314814814814813
2 0.4671875 0.14166666666666666 0.47760416666666666 0.14166666666666666 0.47760416666666666 0.1787037037037037 0.4671875 0.1787037037037037
2 0.49322916666666666 0.13703703703703704 0.5046875 0.13703703703703704 0.5046875 0.17685185185185184 0.49322916666666666 0.17685185185185184
2 0.4901041666666667 0.1111111111111111 0.5020833333333333 0.1111111111111111 0.5020833333333333 0.14074074074074075 0.4901041666666667 0.14074074074074075
2 0.459375 0.11851851851851852 0.4671875 0.11851851851851852 0.4671875 0.15 0.459375 0.15
2 0.4395833333333333 0.13796296296296295 0.4510416666666667 0.13796296296296295 0.4510416666666667 0.17777777777777778 0.4395833333333333 0.17777777777777778
2 0.4354166666666667 0.12685185185185185 0.440625 0.12685185185185185 0.440625 0.15555555555555556 0.4354166666666667 0.15555555555555556
1 0.6583333333333333 0.1287037037037037 0.7114583333333333 0.1287037037037037 0.7114583333333333 0.1814814814814815 0.6583333333333333 0.1814814814814815