1 0.5010416666666667 0 0.6015625 0 0.6015625 0.09722222222222222 0.5010416666666667 0.09722222222222222
1 0.6447916666666667 0.20462962962962963 0.68125 0.20462962962962963 0.68125 0.30277777777777776 0.6447916666666667 0.30277777777777776
1 0.6921875 0.4537037037037037 0.7182291666666667 0.4537037037037037 0.7182291666666667 0.5064814814814815 0.6921875 0.5064814814814815
1 0.6885416666666667 0.7148148148148148 0.7135416666666666 0.7148148148148148 0.7135416666666666 0.8092592592592592 0.6885416666666667 0.8092592592592592
2 0.32135416666666666 0.016666666666666666 0.4479166666666667 0.016666666666666666 0.4479166666666667 0.11388888888888889 0.32135416666666666 0.11388888888888889
2 0.35104166666666664 0.17222222222222222 0.46979166666666666 0.17222222222222222 0.46979166666666666 0.27685185185185185 0.35104166666666664 0.27685185185185185
2 0.46145833333333336 0.075 0.5453125 0.075 0.5453125 0.14166666666666666 0.46145833333333336 0.14166666666666666
2 0.5171875 0.22962962962962963 0.5885416666666666 0.22962962962962963 0.5885416666666666 0.287962962962963 0.5171875 0.287962962962963
2 0.5458333333333333 0.37777777777777777 0.603125 0.37777777777777777 0.603125 0.4046296296296296 0.5458333333333333 0.4046296296296296
2 0.5864583333333333 0.3962962962962963 0.628125 0.3962962962962963 0.628125 0.43333333333333335 0.5864583333333333 0.43333333333333335
2 0.5734375 0.32407407407407407 0.6234375 0.32407407407407407 0.6234375 0.3574074074074074 0.5734375 0.3574074074074074
2 0.5755208333333334 0.26296296296296295 0.6244791666666667 0.26296296296296295 0.6244791666666667 0.3055555555555556 0.5755208333333334 0.3055555555555556
2 0.6119791666666666 0.29907407407407405 0.6479166666666667 0.29907407407407405 0.6479166666666667 0.32407407407407407 0.6119791666666666 0.32407407407407407
2 0.6359375 0.2898148148148148 0.6651041666666667 0.2898148148148148 0.6651041666666667 0.3138888888888889 0.6359375 0.3138888888888889
2 0.6239583333333333 0.4601851851851852 0.6619791666666667 0.4601851851851852 0.6619791666666667 0.4842592592592593 0.6239583333333333 0.4842592592592593
2 0.6223958333333334 0.3731481481481482 0.6583333333333333 0.3731481481481482 0.6583333333333333 0.39537037037037037 0.6223958333333334 0.39537037037037037
2 0.6536458333333334 0.3194444444444444 0.6848958333333334 0.3194444444444444 0.6848958333333334 0.33425925925925926 0.6536458333333334 0.33425925925925926
2 0.6609375 0.34444444444444444 0.6911458333333333 0.34444444444444444 0.6911458333333333 0.3611111111111111 0.6609375 0.3611111111111111
2 0.6541666666666667 0.39166666666666666 0.6807291666666667 0.39166666666666666 0.6807291666666667 0.40925925925925927 0.6541666666666667 0.40925925925925927
2 0.6671875 0.36944444444444446 0.6864583333333333 0.36944444444444446 0.6864583333333333 0.38425925925925924 0.6671875 0.38425925925925924
2 0.6552083333333333 0.4287037037037037 0.6880208333333333 0.4287037037037037 0.6880208333333333 0.45 0.6552083333333333 0.45
2 0.6619791666666667 0.45740740740740743 0.6895833333333333 0.45740740740740743 0.6895833333333333 0.4740740740740741 0.6619791666666667 0.4740740740740741
2 0.6817708333333333 0.44074074074074077 0.7036458333333333 0.44074074074074077 0.7036458333333333 0.4546296296296296 0.6817708333333333 0.4546296296296296
2 0.6760416666666667 0.40555555555555556 0.7026041666666667 0.40555555555555556 0.7026041666666667 0.4203703703703704 0.6760416666666667 0.4203703703703704
2 0.6979166666666666 0.42962962962962964 0.7171875 0.42962962962962964 0.7171875 0.4444444444444444 0.6979166666666666 0.4444444444444444
2 0.70625 0.40185185185185185 0.7213541666666666 0.40185185185185185 0.7213541666666666 0.41759259259259257 0.70625 0.41759259259259257
2 0.703125 0.5009259259259259 0.7239583333333334 0.5009259259259259 0.7239583333333334 0.5157407407407407 0.703125 0.5157407407407407
2 0.6635416666666667 0.6583333333333333 0.6947916666666667 0.6583333333333333 0.6947916666666667 0.6814814814814815 0.6635416666666667 0.6814814814814815
2 0.6880208333333333 0.6759259259259259 0.7130208333333333 0.6759259259259259 0.7130208333333333 0.6925925925925925 0.6880208333333333 0.6925925925925925
2 0.6359375 0.7092592592592593 0.6708333333333333 0.7092592592592593 0.6708333333333333 0.7314814814814815 0.6359375 0.7314814814814815
2 0.6682291666666667 0.7046296296296296 0.6953125 0.7046296296296296 0.6953125 0.725925925925926 0.6682291666666667 0.725925925925926