1 0.14947916666666666 0.31666666666666665 0.27239583333333334 0.31666666666666665 0.27239583333333334 0.49166666666666664 0.14947916666666666 0.49166666666666664
1 0.3234375 0.175 0.3927083333333333 0.175 0.3927083333333333 0.23796296296296296 0.3234375 0.23796296296296296
1 0.421875 0.25462962962962965 0.4796875 0.25462962962962965 0.4796875 0.3490740740740741 0.421875 0.3490740740740741
2 0.12864583333333332 0.6324074074074074 0.20625 0.6324074074074074 0.20625 0.8444444444444444 0.12864583333333332 0.8444444444444444
2 0.8239583333333333 0.4601851851851852 0.8817708333333333 0.4601851851851852 0.8817708333333333 0.5944444444444444 0.8239583333333333 0.5944444444444444
2 0.3880208333333333 0.30185185185185187 0.4203125 0.30185185185185187 0.4203125 0.3888888888888889 0.3880208333333333 0.3888888888888889
2 0.6885416666666667 0.26296296296296295 0.7161458333333334 0.26296296296296295 0.7161458333333334 0.3472222222222222 0.6885416666666667 0.3472222222222222
2 0.22604166666666667 0.45092592592592595 0.27395833333333336 0.45092592592592595 0.27395833333333336 0.5916666666666667 0.22604166666666667 0.5916666666666667
2 0.32916666666666666 0.5259259259259259 0.3890625 0.5259259259259259 0.3890625 0.7083333333333334 0.32916666666666666 0.7083333333333334
2 0.6458333333333334 0.2611111111111111 0.6729166666666667 0.2611111111111111 0.6729166666666667 0.337037037037037 0.6458333333333334 0.337037037037037
2 0.49635416666666665 0.175 0.515625 0.175 0.515625 0.23148148148148148 0.49635416666666665 0.23148148148148148
2 0.34322916666666664 0.3 0.3729166666666667 0.3 0.3729166666666667 0.37777777777777777 0.34322916666666664 0.37777777777777777
2 0.32864583333333336 0.36018518518518516 0.359375 0.36018518518518516 0.359375 0.462037037037037 0.32864583333333336 0.462037037037037
2 0.26875 0.3768518518518518 0.3026041666666667 0.3768518518518518 0.3026041666666667 0.48055555555555557 0.26875 0.48055555555555557
2 0.45729166666666665 0.15833333333333333 0.4739583333333333 0.15833333333333333 0.4739583333333333 0.2064814814814815 0.45729166666666665 0.2064814814814815
2 0.4109375 0.22407407407407406 0.4317708333333333 0.22407407407407406 0.4317708333333333 0.2833333333333333 0.4109375 0.2833333333333333
2 0.6208333333333333 0.18518518518518517 0.6369791666666667 0.18518518518518517 0.6369791666666667 0.25925925925925924 0.6208333333333333 0.25925925925925924
2 0.4786458333333333 0.1425925925925926 0.4921875 0.1425925925925926 0.4921875 0.18425925925925926 0.4786458333333333 0.18425925925925926
1 0.5411458333333333 0.14722222222222223 0.603125 0.14722222222222223 0.603125 0.29814814814814816 0.5411458333333333 0.29814814814814816
2 0.5734375 0.1111111111111111 0.5880208333333333 0.1111111111111111 0.5880208333333333 0.1425925925925926 0.5734375 0.1425925925925926
2 0.3619791666666667 0.3925925925925926 0.39479166666666665 0.3925925925925926 0.39479166666666665 0.49537037037037035 0.3619791666666667 0.49537037037037035
2 0.6354166666666666 0.18611111111111112 0.6515625 0.18611111111111112 0.6515625 0.25555555555555554 0.6354166666666666 0.25555555555555554