1 0.41510416666666666 0.9342592592592592 0.5140625 0.9342592592592592 0.5140625 1 0.41510416666666666 1
1 0.39114583333333336 0.275 0.4552083333333333 0.275 0.4552083333333333 0.4009259259259259 0.39114583333333336 0.4009259259259259
1 0.3328125 0.7148148148148148 0.36875 0.7148148148148148 0.36875 0.8148148148148148 0.3328125 0.8148148148148148
1 0.3177083333333333 0.38796296296296295 0.346875 0.38796296296296295 0.346875 0.4462962962962963 0.3177083333333333 0.4462962962962963
1 0.3182291666666667 0.5453703703703704 0.3546875 0.5453703703703704 0.3546875 0.6083333333333333 0.3182291666666667 0.6083333333333333
1 0.6078125 0.6925925925925925 0.7791666666666667 0.6925925925925925 0.7791666666666667 1 0.6078125 1
1 0.30572916666666666 0.15462962962962962 0.3307291666666667 0.15462962962962962 0.3307291666666667 0.2462962962962963 0.30572916666666666 0.2462962962962963
2 0.4817708333333333 0.9296296296296296 0.5557291666666667 0.9296296296296296 0.5557291666666667 1 0.4817708333333333 1
2 0.540625 0.8759259259259259 0.6255208333333333 0.8759259259259259 0.6255208333333333 0.9731481481481481 0.540625 0.9731481481481481
2 0.4765625 0.8157407407407408 0.5479166666666667 0.8157407407407408 0.5479166666666667 0.8574074074074074 0.4765625 0.8574074074074074
2 0.42916666666666664 0.8546296296296296 0.49114583333333334 0.8546296296296296 0.49114583333333334 0.9138888888888889 0.42916666666666664 0.9138888888888889
2 0.41770833333333335 0.7888888888888889 0.47604166666666664 0.7888888888888889 0.47604166666666664 0.8361111111111111 0.41770833333333335 0.8361111111111111
2 0.41770833333333335 0.6981481481481482 0.49166666666666664 0.6981481481481482 0.49166666666666664 0.7574074074074074 0.41770833333333335 0.7574074074074074
2 0.4265625 0.6277777777777778 0.5026041666666666 0.6277777777777778 0.5026041666666666 0.6712962962962963 0.4265625 0.6712962962962963
2 0.41875 0.5333333333333333 0.49270833333333336 0.5333333333333333 0.49270833333333336 0.5962962962962963 0.41875 0.5962962962962963
2 0.3729166666666667 0.7768518518518519 0.4109375 0.7768518518518519 0.4109375 0.8027777777777778 0.3729166666666667 0.8027777777777778
2 0.3807291666666667 0.7555555555555555 0.43645833333333334 0.7555555555555555 0.43645833333333334 0.7870370370370371 0.3807291666666667 0.7870370370370371
2 0.3921875 0.7083333333333334 0.43333333333333335 0.7083333333333334 0.43333333333333335 0.7490740740740741 0.3921875 0.7490740740740741
2 0.3796875 0.6703703703703704 0.42552083333333335 0.6703703703703704 0.42552083333333335 0.7037037037037037 0.3796875 0.7037037037037037
2 0.36041666666666666 0.6694444444444444 0.4015625 0.6694444444444444 0.4015625 0.7055555555555556 0.36041666666666666 0.7055555555555556
2 0.3546875 0.6157407407407407 0.40208333333333335 0.6157407407407407 0.40208333333333335 0.6435185185185185 0.3546875 0.6435185185185185
2 0.5369791666666667 0 0.6421875 0 0.6421875 0.03796296296296296 0.5369791666666667 0.03796296296296296
2 0.3177083333333333 0.6509259259259259 0.34791666666666665 0.6509259259259259 0.34791666666666665 0.6796296296296296 0.3177083333333333 0.6796296296296296
2 0.3390625 0.6462962962962963 0.3651041666666667 0.6462962962962963 0.3651041666666667 0.6731481481481482 0.3390625 0.6731481481481482
2 0.3255208333333333 0.6259259259259259 0.35260416666666666 0.6259259259259259 0.35260416666666666 0.6444444444444445 0.3255208333333333 0.6444444444444445
2 0.3307291666666667 0.4648148148148148 0.3640625 0.4648148148148148 0.3640625 0.5157407407407407 0.3307291666666667 0.5157407407407407
2 0.3390625 0.3287037037037037 0.36666666666666664 0.3287037037037037 0.36666666666666664 0.35555555555555557 0.3390625 0.35555555555555557
2 0.32864583333333336 0.2824074074074074 0.36354166666666665 0.2824074074074074 0.36354166666666665 0.31666666666666665 0.32864583333333336 0.31666666666666665
2 0.3145833333333333 0.3074074074074074 0.3416666666666667 0.3074074074074074 0.3416666666666667 0.32592592592592595 0.3145833333333333 0.32592592592592595
2 0.30885416666666665 0.3648148148148148 0.3338541666666667 0.3648148148148148 0.3338541666666667 0.387037037037037 0.30885416666666665 0.387037037037037
2 0.30572916666666666 0.32592592592592595 0.3255208333333333 0.32592592592592595 0.3255208333333333 0.3472222222222222 0.30572916666666666 0.3472222222222222
2 0.3104166666666667 0.600925925925926 0.3333333333333333 0.600925925925926 0.3333333333333333 0.6314814814814815 0.3104166666666667 0.6314814814814815
2 0.30520833333333336 0.6333333333333333 0.32916666666666666 0.6333333333333333 0.32916666666666666 0.6518518518518519 0.30520833333333336 0.6518518518518519