1 0.1453125 0.32037037037037036 0.26927083333333335 0.32037037037037036 0.26927083333333335 0.4981481481481482 0.1453125 0.4981481481481482
1 0.46822916666666664 0.1287037037037037 0.5010416666666667 0.1287037037037037 0.5010416666666667 0.1787037037037037 0.46822916666666664 0.1787037037037037
1 0.33645833333333336 0.17777777777777778 0.3890625 0.17777777777777778 0.3890625 0.24166666666666667 0.33645833333333336 0.24166666666666667
1 0.6083333333333333 0.11481481481481481 0.6526041666666667 0.11481481481481481 0.6526041666666667 0.1527777777777778 0.6083333333333333 0.1527777777777778
2 0.8125 0.7759259259259259 0.88125 0.7759259259259259 0.88125 1 0.8125 1
2 0.13697916666666668 0.6138888888888889 0.2015625 0.6138888888888889 0.2015625 0.825925925925926 0.13697916666666668 0.825925925925926
2 0.25677083333333334 0.4842592592592593 0.30364583333333334 0.4842592592592593 0.30364583333333334 0.6537037037037037 0.25677083333333334 0.6537037037037037
2 0.3625 0.4777777777777778 0.40989583333333335 0.4777777777777778 0.40989583333333335 0.6407407407407407 0.3625 0.6407407407407407
2 0.4 0.3685185185185185 0.4317708333333333 0.3685185185185185 0.4317708333333333 0.49444444444444446 0.4 0.49444444444444446
2 0.3546875 0.37037037037037035 0.3765625 0.37037037037037035 0.3765625 0.4824074074074074 0.3546875 0.4824074074074074
2 0.32083333333333336 0.35462962962962963 0.34739583333333335 0.35462962962962963 0.34739583333333335 0.462037037037037 0.32083333333333336 0.462037037037037
2 0.3453125 0.30185185185185187 0.3671875 0.30185185185185187 0.3671875 0.3768518518518518 0.3453125 0.3768518518518518
2 0.40260416666666665 0.2638888888888889 0.42135416666666664 0.2638888888888889 0.42135416666666664 0.36574074074074076 0.40260416666666665 0.36574074074074076
2 0.45416666666666666 0.287962962962963 0.47760416666666666 0.287962962962963 0.47760416666666666 0.37222222222222223 0.45416666666666666 0.37222222222222223
2 0.4046875 0.2351851851851852 0.4166666666666667 0.2351851851851852 0.4166666666666667 0.2796296296296296 0.4046875 0.2796296296296296
2 0.3515625 0.23981481481481481 0.3697916666666667 0.23981481481481481 0.3697916666666667 0.30185185185185187 0.3515625 0.30185185185185187
2 0.4171875 0.2101851851851852 0.42864583333333334 0.2101851851851852 0.42864583333333334 0.27685185185185185 0.4171875 0.27685185185185185
2 0.44895833333333335 0.20555555555555555 0.465625 0.20555555555555555 0.465625 0.2777777777777778 0.44895833333333335 0.2777777777777778
2 0.4661458333333333 0.19814814814814816 0.4786458333333333 0.19814814814814816 0.4786458333333333 0.2564814814814815 0.4661458333333333 0.2564814814814815
2 0.38333333333333336 0.18888888888888888 0.39791666666666664 0.18888888888888888 0.39791666666666664 0.2518518518518518 0.38333333333333336 0.2518518518518518
2 0.40520833333333334 0.18425925925925926 0.4109375 0.18425925925925926 0.4109375 0.23796296296296296 0.40520833333333334 0.23796296296296296
2 0.409375 0.1962962962962963 0.41770833333333335 0.1962962962962963 0.41770833333333335 0.24259259259259258 0.409375 0.24259259259259258
2 0.41875 0.16944444444444445 0.43072916666666666 0.16944444444444445 0.43072916666666666 0.2111111111111111 0.41875 0.2111111111111111
2 0.4401041666666667 0.15925925925925927 0.45208333333333334 0.15925925925925927 0.45208333333333334 0.2074074074074074 0.4401041666666667 0.2074074074074074
2 0.43072916666666666 0.14722222222222223 0.44166666666666665 0.14722222222222223 0.44166666666666665 0.1935185185185185 0.43072916666666666 0.1935185185185185
2 0.46145833333333336 0.15925925925925927 0.4739583333333333 0.15925925925925927 0.4739583333333333 0.2037037037037037 0.46145833333333336 0.2037037037037037
2 0.45208333333333334 0.1287037037037037 0.46197916666666666 0.1287037037037037 0.46197916666666666 0.16944444444444445 0.45208333333333334 0.16944444444444445
2 0.46145833333333336 0.1175925925925926 0.46822916666666664 0.1175925925925926 0.46822916666666664 0.1537037037037037 0.46145833333333336 0.1537037037037037
2 0.440625 0.12037037037037036 0.4479166666666667 0.12037037037037036 0.4479166666666667 0.1537037037037037 0.440625 0.1537037037037037
2 0.43333333333333335 0.1111111111111111 0.4390625 0.1111111111111111 0.4390625 0.13796296296296295 0.43333333333333335 0.13796296296296295
2 0.5010416666666667 0.11944444444444445 0.5104166666666666 0.11944444444444445 0.5104166666666666 0.15555555555555556 0.5010416666666667 0.15555555555555556
2 0.471875 0.10833333333333334 0.47708333333333336 0.10833333333333334 0.47708333333333336 0.1361111111111111 0.471875 0.1361111111111111
2 0.5807291666666666 0.10833333333333334 0.5963541666666666 0.10833333333333334 0.5963541666666666 0.1527777777777778 0.5807291666666666 0.1527777777777778
2 0.590625 0.14722222222222223 0.6052083333333333 0.14722222222222223 0.6052083333333333 0.2 0.590625 0.2
2 0.6041666666666666 0.17037037037037037 0.6166666666666667 0.17037037037037037 0.6166666666666667 0.23055555555555557 0.6041666666666666 0.23055555555555557
2 0.6208333333333333 0.14814814814814814 0.6322916666666667 0.14814814814814814 0.6322916666666667 0.1935185185185185 0.6208333333333333 0.1935185185185185
2 0.6369791666666667 0.1638888888888889 0.6453125 0.1638888888888889 0.6453125 0.2212962962962963 0.6369791666666667 0.2212962962962963