1 0.48020833333333335 0.25555555555555554 0.56875 0.25555555555555554 0.56875 0.4324074074074074 0.48020833333333335 0.4324074074074074
1 0.5 0 0.5989583333333334 0 0.5989583333333334 0.0962962962962963 0.5 0.0962962962962963
1 0.6458333333333334 0.18055555555555555 0.6817708333333333 0.18055555555555555 0.6817708333333333 0.29259259259259257 0.6458333333333334 0.29259259259259257
2 0.4708333333333333 0.8537037037037037 0.5395833333333333 0.8537037037037037 0.5395833333333333 0.9268518518518518 0.4708333333333333 0.9268518518518518
2 0.3609375 0 0.4583333333333333 0 0.4583333333333333 0.08425925925925926 0.3609375 0.08425925925925926
2 0.5796875 0.8379629629629629 0.6239583333333333 0.8379629629629629 0.6239583333333333 0.8953703703703704 0.5796875 0.8953703703703704
2 0.5875 0.2675925925925926 0.6307291666666667 0.2675925925925926 0.6307291666666667 0.31574074074074077 0.5875 0.31574074074074077
2 0.5494791666666666 0.2175925925925926 0.6010416666666667 0.2175925925925926 0.6010416666666667 0.2759259259259259 0.5494791666666666 0.2759259259259259
2 0.5369791666666667 0.7518518518518519 0.5942708333333333 0.7518518518518519 0.5942708333333333 0.8037037037037037 0.5369791666666667 0.8037037037037037
2 0.4625 0.040740740740740744 0.5244791666666667 0.040740740740740744 0.5244791666666667 0.12037037037037036 0.4625 0.12037037037037036
2 0.6401041666666667 0.43333333333333335 0.6734375 0.43333333333333335 0.6734375 0.4648148148148148 0.6401041666666667 0.4648148148148148
2 0.3885416666666667 0.7620370370370371 0.48072916666666665 0.7620370370370371 0.48072916666666665 0.8546296296296296 0.3885416666666667 0.8546296296296296
2 0.7026041666666667 0.4305555555555556 0.7208333333333333 0.4305555555555556 0.7208333333333333 0.4537037037037037 0.7026041666666667 0.4537037037037037
2 0.5786458333333333 0.337037037037037 0.625 0.337037037037037 0.625 0.37962962962962965 0.5786458333333333 0.37962962962962965
2 0.6255208333333333 0.39537037037037037 0.65625 0.39537037037037037 0.65625 0.43148148148148147 0.6255208333333333 0.43148148148148147
2 0.6807291666666667 0.4842592592592593 0.7057291666666666 0.4842592592592593 0.7057291666666666 0.5092592592592593 0.6807291666666667 0.5092592592592593
2 0.6567708333333333 0.7305555555555555 0.6869791666666667 0.7305555555555555 0.6869791666666667 0.7638888888888888 0.6567708333333333 0.7638888888888888
2 0.30572916666666666 0.09814814814814815 0.41458333333333336 0.09814814814814815 0.41458333333333336 0.2222222222222222 0.30572916666666666 0.2222222222222222
2 0.6588541666666666 0.6722222222222223 0.6822916666666666 0.6722222222222223 0.6822916666666666 0.700925925925926 0.6588541666666666 0.700925925925926