1 0.14583333333333334 0.3277777777777778 0.2671875 0.3277777777777778 0.2671875 0.5027777777777778 0.14583333333333334 0.5027777777777778
1 0.46145833333333336 0.14074074074074075 0.4953125 0.14074074074074075 0.4953125 0.19444444444444445 0.46145833333333336 0.19444444444444445
1 0.33489583333333334 0.175 0.384375 0.175 0.384375 0.23703703703703705 0.33489583333333334 0.23703703703703705
2 0.14739583333333334 0.6462962962962963 0.22864583333333333 0.6462962962962963 0.22864583333333333 0.9222222222222223 0.14739583333333334 0.9222222222222223
2 0.3026041666666667 0.7064814814814815 0.3723958333333333 0.7064814814814815 0.3723958333333333 0.9611111111111111 0.3026041666666667 0.9611111111111111
2 0.7244791666666667 0.5120370370370371 0.7723958333333333 0.5120370370370371 0.7723958333333333 0.6962962962962963 0.7244791666666667 0.6962962962962963
2 0.26145833333333335 0.4222222222222222 0.3020833333333333 0.4222222222222222 0.3020833333333333 0.5796296296296296 0.26145833333333335 0.5796296296296296
2 0.29583333333333334 0.4703703703703704 0.33697916666666666 0.4703703703703704 0.33697916666666666 0.6388888888888888 0.29583333333333334 0.6388888888888888
2 0.36354166666666665 0.48518518518518516 0.39739583333333334 0.48518518518518516 0.39739583333333334 0.6407407407407407 0.36354166666666665 0.6407407407407407
2 0.4328125 0.3592592592592593 0.46041666666666664 0.3592592592592593 0.46041666666666664 0.47685185185185186 0.4328125 0.47685185185185186
2 0.3734375 0.33240740740740743 0.40520833333333334 0.33240740740740743 0.40520833333333334 0.43703703703703706 0.3734375 0.43703703703703706
2 0.30572916666666666 0.3453703703703704 0.33125 0.3453703703703704 0.33125 0.4546296296296296 0.30572916666666666 0.4546296296296296
2 0.325 0.2833333333333333 0.35104166666666664 0.2833333333333333 0.35104166666666664 0.37222222222222223 0.325 0.37222222222222223
2 0.3723958333333333 0.20462962962962963 0.3875 0.20462962962962963 0.3875 0.2722222222222222 0.3723958333333333 0.2722222222222222
2 0.39791666666666664 0.24814814814814815 0.41041666666666665 0.24814814814814815 0.41041666666666665 0.3277777777777778 0.39791666666666664 0.3277777777777778
2 0.43854166666666666 0.2537037037037037 0.459375 0.2537037037037037 0.459375 0.3296296296296296 0.43854166666666666 0.3296296296296296
2 0.45260416666666664 0.23055555555555557 0.46979166666666666 0.23055555555555557 0.46979166666666666 0.2916666666666667 0.45260416666666664 0.2916666666666667
2 0.45625 0.18611111111111112 0.4708333333333333 0.18611111111111112 0.4708333333333333 0.2361111111111111 0.45625 0.2361111111111111
2 0.4354166666666667 0.1787037037037037 0.44895833333333335 0.1787037037037037 0.44895833333333335 0.23796296296296296 0.4354166666666667 0.23796296296296296
2 0.42239583333333336 0.16018518518518518 0.4359375 0.16018518518518518 0.4359375 0.21296296296296297 0.42239583333333336 0.21296296296296297
2 0.41041666666666665 0.19537037037037036 0.42135416666666664 0.19537037037037036 0.42135416666666664 0.25462962962962965 0.41041666666666665 0.25462962962962965
2 0.4432291666666667 0.1388888888888889 0.45625 0.1388888888888889 0.45625 0.18888888888888888 0.4432291666666667 0.18888888888888888
2 0.49895833333333334 0.12314814814814815 0.5078125 0.12314814814814815 0.5078125 0.1675925925925926 0.49895833333333334 0.1675925925925926
2 0.46979166666666666 0.11851851851851852 0.47760416666666666 0.11851851851851852 0.47760416666666666 0.15555555555555556 0.46979166666666666 0.15555555555555556
2 0.4588541666666667 0.12685185185185185 0.46770833333333334 0.12685185185185185 0.46770833333333334 0.1638888888888889 0.4588541666666667 0.1638888888888889
2 0.4317708333333333 0.11481481481481481 0.44166666666666665 0.11481481481481481 0.44166666666666665 0.15555555555555556 0.4317708333333333 0.15555555555555556
2 0.44635416666666666 0.11388888888888889 0.45260416666666664 0.11388888888888889 0.45260416666666664 0.1398148148148148 0.44635416666666666 0.1398148148148148
2 0.43802083333333336 0.125 0.446875 0.125 0.446875 0.16296296296296298 0.43802083333333336 0.16296296296296298
2 0.5963541666666666 0.16296296296296298 0.609375 0.16296296296296298 0.609375 0.21944444444444444 0.5963541666666666 0.21944444444444444
2 0.6020833333333333 0.1425925925925926 0.6130208333333333 0.1425925925925926 0.6130208333333333 0.18425925925925926 0.6020833333333333 0.18425925925925926
2 0.6317708333333333 0.15462962962962962 0.6427083333333333 0.15462962962962962 0.6427083333333333 0.20925925925925926 0.6317708333333333 0.20925925925925926
1 0.5942708333333333 0.11296296296296296 0.6390625 0.11296296296296296 0.6390625 0.15648148148148147 0.5942708333333333 0.15648148148148147