1 0.12708333333333333 0.35462962962962963 0.2546875 0.35462962962962963 0.2546875 0.5342592592592592 0.12708333333333333 0.5342592592592592
1 0.3015625 0.512962962962963 0.42604166666666665 0.512962962962963 0.42604166666666665 0.7490740740740741 0.3015625 0.7490740740740741
1 0.5625 0.3638888888888889 0.6494791666666667 0.3638888888888889 0.6494791666666667 0.5 0.5625 0.5
1 0.4453125 0.1675925925925926 0.4791666666666667 0.1675925925925926 0.4791666666666667 0.22314814814814815 0.4453125 0.22314814814814815
1 0.31927083333333334 0.2064814814814815 0.375 0.2064814814814815 0.375 0.2712962962962963 0.31927083333333334 0.2712962962962963
1 0.5302083333333333 0.19074074074074074 0.5661458333333333 0.19074074074074074 0.5661458333333333 0.25092592592592594 0.5302083333333333 0.25092592592592594
1 0.64375 0.16018518518518518 0.6895833333333333 0.16018518518518518 0.6895833333333333 0.20277777777777778 0.64375 0.20277777777777778
2 0.18645833333333334 0.6037037037037037 0.24270833333333333 0.6037037037037037 0.24270833333333333 0.7925925925925926 0.18645833333333334 0.7925925925925926
2 0.37135416666666665 0.6814814814814815 0.43072916666666666 0.6814814814814815 0.43072916666666666 0.9564814814814815 0.37135416666666665 0.9564814814814815
2 0.049479166666666664 0.7509259259259259 0.11875 0.7509259259259259 0.11875 0.9685185185185186 0.049479166666666664 0.9685185185185186
2 0 0.7157407407407408 0.035416666666666666 0.7157407407407408 0.035416666666666666 0.9333333333333333 0 0.9333333333333333
2 0.2609375 0.38055555555555554 0.2911458333333333 0.38055555555555554 0.2911458333333333 0.5425925925925926 0.2609375 0.5425925925925926
2 0.2994791666666667 0.43333333333333335 0.33125 0.43333333333333335 0.33125 0.5777777777777777 0.2994791666666667 0.5777777777777777
2 0.3307291666666667 0.3435185185185185 0.36354166666666665 0.3435185185185185 0.36354166666666665 0.48703703703703705 0.3307291666666667 0.48703703703703705
2 0.29739583333333336 0.3175925925925926 0.32447916666666665 0.3175925925925926 0.32447916666666665 0.4305555555555556 0.29739583333333336 0.4305555555555556
2 0.3807291666666667 0.2861111111111111 0.415625 0.2861111111111111 0.415625 0.4101851851851852 0.3807291666666667 0.4101851851851852
2 0.42239583333333336 0.30185185185185187 0.4432291666666667 0.30185185185185187 0.4432291666666667 0.4203703703703704 0.42239583333333336 0.4203703703703704
2 0.4546875 0.2851851851851852 0.48072916666666665 0.2851851851851852 0.48072916666666665 0.41759259259259257 0.4546875 0.41759259259259257
2 0.3416666666666667 0.25277777777777777 0.3567708333333333 0.25277777777777777 0.3567708333333333 0.33055555555555555 0.3416666666666667 0.33055555555555555
2 0.35052083333333334 0.26666666666666666 0.37135416666666665 0.26666666666666666 0.37135416666666665 0.3435185185185185 0.35052083333333334 0.3435185185185185
2 0.37395833333333334 0.2824074074074074 0.3890625 0.2824074074074074 0.3890625 0.36666666666666664 0.37395833333333334 0.36666666666666664
2 0.39427083333333335 0.22037037037037038 0.41041666666666665 0.22037037037037038 0.41041666666666665 0.2796296296296296 0.39427083333333335 0.2796296296296296
2 0.39791666666666664 0.27037037037037037 0.4166666666666667 0.27037037037037037 0.4166666666666667 0.32592592592592595 0.39791666666666664 0.32592592592592595
2 0.42083333333333334 0.22037037037037038 0.43697916666666664 0.22037037037037038 0.43697916666666664 0.29259259259259257 0.42083333333333334 0.29259259259259257
2 0.4088541666666667 0.19814814814814816 0.41822916666666665 0.19814814814814816 0.41822916666666665 0.2490740740740741 0.4088541666666667 0.2490740740740741
2 0.48802083333333335 0.19722222222222222 0.515625 0.19722222222222222 0.515625 0.2611111111111111 0.48802083333333335 0.2611111111111111
2 0.5901041666666667 0.23981481481481481 0.60625 0.23981481481481481 0.60625 0.3 0.5901041666666667 0.3
2 0.6151041666666667 0.20925925925925926 0.63125 0.20925925925925926 0.63125 0.2916666666666667 0.6151041666666667 0.2916666666666667
2 0.6057291666666667 0.1925925925925926 0.6161458333333333 0.1925925925925926 0.6161458333333333 0.24537037037037038 0.6057291666666667 0.24537037037037038
2 0.5885416666666666 0.16944444444444445 0.5958333333333333 0.16944444444444445 0.5958333333333333 0.21574074074074073 0.5885416666666666 0.21574074074074073
2 0.5635416666666667 0.16296296296296298 0.5807291666666666 0.16296296296296298 0.5807291666666666 0.23055555555555557 0.5635416666666667 0.23055555555555557
2 0.40520833333333334 0.1675925925925926 0.41354166666666664 0.1675925925925926 0.41354166666666664 0.21296296296296297 0.40520833333333334 0.21296296296296297
2 0.42083333333333334 0.17314814814814813 0.434375 0.17314814814814813 0.434375 0.21203703703703702 0.42083333333333334 0.21203703703703702
2 0.3333333333333333 0.3194444444444444 0.35885416666666664 0.3194444444444444 0.35885416666666664 0.3814814814814815 0.3333333333333333 0.3814814814814815