1 0.4322916666666667 0.21388888888888888 0.48541666666666666 0.21388888888888888 0.48541666666666666 0.2898148148148148 0.4322916666666667 0.2898148148148148
1 0.14375 0.33055555555555555 0.2703125 0.33055555555555555 0.2703125 0.5018518518518519 0.14375 0.5018518518518519
1 0.32708333333333334 0.17962962962962964 0.3927083333333333 0.17962962962962964 0.3927083333333333 0.23981481481481481 0.32708333333333334 0.23981481481481481
2 0.0734375 0.5583333333333333 0.14322916666666666 0.5583333333333333 0.14322916666666666 0.7231481481481481 0.0734375 0.7231481481481481
2 0.6875 0.37962962962962965 0.7302083333333333 0.37962962962962965 0.7302083333333333 0.5 0.6875 0.5
2 0.2677083333333333 0.43703703703703706 0.3109375 0.43703703703703706 0.3109375 0.5564814814814815 0.2677083333333333 0.5564814814814815
2 0.6109375 0.14074074074074075 0.6270833333333333 0.14074074074074075 0.6270833333333333 0.1787037037037037 0.6109375 0.1787037037037037
2 0.21354166666666666 0.5592592592592592 0.26875 0.5592592592592592 0.26875 0.7425925925925926 0.21354166666666666 0.7425925925925926
2 0.7520833333333333 0.425 0.7947916666666667 0.425 0.7947916666666667 0.5555555555555556 0.7520833333333333 0.5555555555555556
2 0.675 0.2657407407407407 0.7104166666666667 0.2657407407407407 0.7104166666666667 0.35185185185185186 0.675 0.35185185185185186
2 0.37447916666666664 0.2518518518518518 0.39947916666666666 0.2518518518518518 0.39947916666666666 0.3111111111111111 0.37447916666666664 0.3111111111111111
2 0.35260416666666666 0.524074074074074 0.39791666666666664 0.524074074074074 0.39791666666666664 0.6768518518518518 0.35260416666666666 0.6768518518518518
2 0.25625 0.7481481481481481 0.325 0.7481481481481481 0.325 0.9314814814814815 0.25625 0.9314814814814815
2 0.0984375 0.8027777777777778 0.1703125 0.8027777777777778 0.1703125 1 0.0984375 1
2 0.31354166666666666 0.3472222222222222 0.34427083333333336 0.3472222222222222 0.34427083333333336 0.4425925925925926 0.31354166666666666 0.4425925925925926
2 0.3067708333333333 0.30925925925925923 0.3380208333333333 0.30925925925925923 0.3380208333333333 0.375 0.3067708333333333 0.375
2 0.3640625 0.3 0.3885416666666667 0.3 0.3885416666666667 0.37407407407407406 0.3640625 0.37407407407407406
2 0.40989583333333335 0.35648148148148145 0.4421875 0.35648148148148145 0.4421875 0.45740740740740743 0.40989583333333335 0.45740740740740743
2 0.6322916666666667 0.23703703703703705 0.6473958333333333 0.23703703703703705 0.6473958333333333 0.3212962962962963 0.6322916666666667 0.3212962962962963
2 0.4942708333333333 0.15092592592592594 0.5098958333333333 0.15092592592592594 0.5098958333333333 0.2222222222222222 0.4942708333333333 0.2222222222222222
2 0.4317708333333333 0.1787037037037037 0.4473958333333333 0.1787037037037037 0.4473958333333333 0.2351851851851852 0.4317708333333333 0.2351851851851852
2 0.4088541666666667 0.22685185185185186 0.4265625 0.22685185185185186 0.4265625 0.28888888888888886 0.4088541666666667 0.28888888888888886
2 0.4036458333333333 0.2833333333333333 0.42291666666666666 0.2833333333333333 0.42291666666666666 0.35833333333333334 0.4036458333333333 0.35833333333333334
2 0.45989583333333334 0.1638888888888889 0.471875 0.1638888888888889 0.471875 0.20925925925925926 0.45989583333333334 0.20925925925925926