1 0.39479166666666665 0.9074074074074074 0.49322916666666666 0.9074074074074074 0.49322916666666666 1 0.39479166666666665 1
1 0.315625 0.6888888888888889 0.3515625 0.6888888888888889 0.3515625 0.8101851851851852 0.315625 0.8101851851851852
2 0.4421875 0.0824074074074074 0.5057291666666667 0.0824074074074074 0.5057291666666667 0.15092592592592594 0.4421875 0.15092592592592594
2 0.35520833333333335 0.30185185185185187 0.39947916666666666 0.30185185185185187 0.39947916666666666 0.34814814814814815 0.35520833333333335 0.34814814814814815
2 0.4088541666666667 0.21574074074074073 0.4666666666666667 0.21574074074074073 0.4666666666666667 0.28055555555555556 0.4088541666666667 0.28055555555555556
2 0.4395833333333333 0.7314814814814815 0.5130208333333334 0.7314814814814815 0.5130208333333334 0.8037037037037037 0.4395833333333333 0.8037037037037037
2 0.31614583333333335 0.2712962962962963 0.34322916666666664 0.2712962962962963 0.34322916666666664 0.3138888888888889 0.31614583333333335 0.3138888888888889
2 0.534375 0.9342592592592592 0.6286458333333333 0.9342592592592592 0.6286458333333333 1 0.534375 1
2 0.3255208333333333 0.3490740740740741 0.36354166666666665 0.3490740740740741 0.36354166666666665 0.4074074074074074 0.3255208333333333 0.4074074074074074
2 0.39947916666666666 0.6055555555555555 0.46458333333333335 0.6055555555555555 0.46458333333333335 0.6712962962962963 0.39947916666666666 0.6712962962962963
2 0.32447916666666665 0.19907407407407407 0.35625 0.19907407407407407 0.35625 0.23703703703703705 0.32447916666666665 0.23703703703703705
2 0.3640625 0.2222222222222222 0.40677083333333336 0.2222222222222222 0.40677083333333336 0.2601851851851852 0.3640625 0.2601851851851852
2 0.38333333333333336 0.6648148148148149 0.42864583333333334 0.6648148148148149 0.42864583333333334 0.7101851851851851 0.38333333333333336 0.7101851851851851
2 0.309375 0.44351851851851853 0.3453125 0.44351851851851853 0.3453125 0.49537037037037035 0.309375 0.49537037037037035
2 0.2953125 0.32314814814814813 0.315625 0.32314814814814813 0.315625 0.34814814814814815 0.2953125 0.34814814814814815
2 0.32135416666666666 0.5851851851851851 0.36302083333333335 0.5851851851851851 0.36302083333333335 0.6092592592592593 0.32135416666666666 0.6092592592592593
2 0.3140625 0.5324074074074074 0.346875 0.5324074074074074 0.346875 0.5666666666666667 0.3140625 0.5666666666666667
2 0.3020833333333333 0.6166666666666667 0.3385416666666667 0.6166666666666667 0.3385416666666667 0.6509259259259259 0.3020833333333333 0.6509259259259259