1 0.14479166666666668 0.32037037037037036 0.26979166666666665 0.32037037037037036 0.26979166666666665 0.49907407407407406 0.14479166666666668 0.49907407407407406
1 0.4703125 0.12314814814814815 0.5 0.12314814814814815 0.5 0.1685185185185185 0.4703125 0.1685185185185185
1 0.33229166666666665 0.17592592592592593 0.3885416666666667 0.17592592592592593 0.3885416666666667 0.23981481481481481 0.33229166666666665 0.23981481481481481
1 0.6119791666666666 0.11574074074074074 0.6635416666666667 0.11574074074074074 0.6635416666666667 0.15555555555555556 0.6119791666666666 0.15555555555555556
2 0.26510416666666664 0.7351851851851852 0.3229166666666667 0.7351851851851852 0.3229166666666667 0.9851851851851852 0.26510416666666664 0.9851851851851852
2 0.13333333333333333 0.7722222222222223 0.20104166666666667 0.7722222222222223 0.20104166666666667 0.9953703703703703 0.13333333333333333 0.9953703703703703
2 0.036458333333333336 0.7518518518518519 0.10260416666666666 0.7518518518518519 0.10260416666666666 0.9694444444444444 0.036458333333333336 0.9694444444444444
2 0.20989583333333334 0.5009259259259259 0.25364583333333335 0.5009259259259259 0.25364583333333335 0.6925925925925925 0.20989583333333334 0.6925925925925925
2 0.3026041666666667 0.4083333333333333 0.34791666666666665 0.4083333333333333 0.34791666666666665 0.5425925925925926 0.3026041666666667 0.5425925925925926
2 0.3453125 0.3148148148148148 0.37447916666666664 0.3148148148148148 0.37447916666666664 0.40370370370370373 0.3453125 0.40370370370370373
2 0.3796875 0.32037037037037036 0.4041666666666667 0.32037037037037036 0.4041666666666667 0.41574074074074074 0.3796875 0.41574074074074074
2 0.40208333333333335 0.37777777777777777 0.4328125 0.37777777777777777 0.4328125 0.5148148148148148 0.40208333333333335 0.5148148148148148
2 0.425 0.32407407407407407 0.446875 0.32407407407407407 0.446875 0.4046296296296296 0.425 0.4046296296296296
2 0.46875 0.25092592592592594 0.48541666666666666 0.25092592592592594 0.48541666666666666 0.3287037037037037 0.46875 0.3287037037037037
2 0.4166666666666667 0.23981481481481481 0.434375 0.23981481481481481 0.434375 0.30925925925925923 0.4166666666666667 0.30925925925925923
2 0.36822916666666666 0.2564814814814815 0.3848958333333333 0.2564814814814815 0.3848958333333333 0.33055555555555555 0.36822916666666666 0.33055555555555555
2 0.38645833333333335 0.17962962962962964 0.4015625 0.17962962962962964 0.4015625 0.24722222222222223 0.38645833333333335 0.24722222222222223
2 0.409375 0.1675925925925926 0.4171875 0.1675925925925926 0.4171875 0.21388888888888888 0.409375 0.21388888888888888
2 0.41458333333333336 0.18703703703703703 0.4276041666666667 0.18703703703703703 0.4276041666666667 0.24074074074074073 0.41458333333333336 0.24074074074074073
2 0.4276041666666667 0.1925925925925926 0.4401041666666667 0.1925925925925926 0.4401041666666667 0.24259259259259258 0.4276041666666667 0.24259259259259258
2 0.45416666666666666 0.19166666666666668 0.4671875 0.19166666666666668 0.4671875 0.2462962962962963 0.45416666666666666 0.2462962962962963
2 0.471875 0.1824074074074074 0.48489583333333336 0.1824074074074074 0.48489583333333336 0.23333333333333334 0.471875 0.23333333333333334
2 0.4432291666666667 0.15 0.4515625 0.15 0.4515625 0.1962962962962963 0.4432291666666667 0.1962962962962963
2 0.43697916666666664 0.14074074074074075 0.44427083333333334 0.14074074074074075 0.44427083333333334 0.18055555555555555 0.43697916666666664 0.18055555555555555
2 0.4432291666666667 0.11203703703703703 0.4510416666666667 0.11203703703703703 0.4510416666666667 0.15 0.4432291666666667 0.15
2 0.45625 0.12222222222222222 0.4625 0.12222222222222222 0.4625 0.1527777777777778 0.45625 0.1527777777777778
2 0.4635416666666667 0.14814814814814814 0.4765625 0.14814814814814814 0.4765625 0.18981481481481483 0.4635416666666667 0.18981481481481483
2 0.5010416666666667 0.10833333333333334 0.509375 0.10833333333333334 0.509375 0.14444444444444443 0.5010416666666667 0.14444444444444443
2 0.5911458333333334 0.11666666666666667 0.6020833333333333 0.11666666666666667 0.6020833333333333 0.14722222222222223 0.5911458333333334 0.14722222222222223
2 0.5864583333333333 0.15555555555555556 0.6005208333333333 0.15555555555555556 0.6005208333333333 0.2064814814814815 0.5864583333333333 0.2064814814814815
2 0.6125 0.1824074074074074 0.6197916666666666 0.1824074074074074 0.6197916666666666 0.24537037037037038 0.6125 0.24537037037037038
2 0.6177083333333333 0.15185185185185185 0.63125 0.15185185185185185 0.63125 0.20462962962962963 0.6177083333333333 0.20462962962962963
2 0.6380208333333334 0.175 0.6505208333333333 0.175 0.6505208333333333 0.22777777777777777 0.6380208333333334 0.22777777777777777