2 0.4984375 0.8675925925925926 0.6119791666666666 0.8675925925925926 0.6119791666666666 0.9120370370370371 0.4984375 0.9120370370370371
1 0.4036458333333333 0.9148148148148149 0.5052083333333334 0.9148148148148149 0.5052083333333334 1 0.4036458333333333 1
1 0.3203125 0.6953703703703704 0.35572916666666665 0.6953703703703704 0.35572916666666665 0.8009259259259259 0.3203125 0.8009259259259259
1 0.2828125 0.3675925925925926 0.30833333333333335 0.3675925925925926 0.30833333333333335 0.4203703703703704 0.2828125 0.4203703703703704
1 0.29270833333333335 0.13055555555555556 0.3171875 0.13055555555555556 0.3171875 0.21944444444444444 0.29270833333333335 0.21944444444444444
2 0.4703125 0.9148148148148149 0.546875 0.9148148148148149 0.546875 0.9805555555555555 0.4703125 0.9805555555555555
2 0.4088541666666667 0.6444444444444445 0.48020833333333335 0.6444444444444445 0.48020833333333335 0.6787037037037037 0.4088541666666667 0.6787037037037037
2 0.3932291666666667 0.7666666666666667 0.4453125 0.7666666666666667 0.4453125 0.7972222222222223 0.3932291666666667 0.7972222222222223
2 0.39427083333333335 0.1361111111111111 0.4479166666666667 0.1361111111111111 0.4479166666666667 0.20092592592592592 0.39427083333333335 0.20092592592592592
2 0.35052083333333334 0.6944444444444444 0.39791666666666664 0.6944444444444444 0.39791666666666664 0.7342592592592593 0.35052083333333334 0.7342592592592593
2 0.3770833333333333 0.6638888888888889 0.4296875 0.6638888888888889 0.4296875 0.7074074074074074 0.3770833333333333 0.7074074074074074
2 0.37447916666666664 0.6101851851851852 0.42135416666666664 0.6101851851851852 0.42135416666666664 0.6425925925925926 0.37447916666666664 0.6425925925925926
2 0.35208333333333336 0.18425925925925926 0.390625 0.18425925925925926 0.390625 0.21203703703703702 0.35208333333333336 0.21203703703703702
2 0.32864583333333336 0.6 0.3619791666666667 0.6 0.3619791666666667 0.6148148148148148 0.32864583333333336 0.6148148148148148
2 0.3255208333333333 0.6259259259259259 0.35989583333333336 0.6259259259259259 0.35989583333333336 0.6601851851851852 0.3255208333333333 0.6601851851851852
2 0.3015625 0.649074074074074 0.3255208333333333 0.649074074074074 0.3255208333333333 0.6657407407407407 0.3015625 0.6657407407407407
2 0.303125 0.6277777777777778 0.3234375 0.6277777777777778 0.3234375 0.6435185185185185 0.303125 0.6435185185185185
2 0.3067708333333333 0.612037037037037 0.3328125 0.612037037037037 0.3328125 0.6314814814814815 0.3067708333333333 0.6314814814814815
2 0.31875 0.5787037037037037 0.34270833333333334 0.5787037037037037 0.34270833333333334 0.600925925925926 0.31875 0.600925925925926
2 0.315625 0.5444444444444444 0.33958333333333335 0.5444444444444444 0.33958333333333335 0.5694444444444444 0.315625 0.5694444444444444
2 0.315625 0.4981481481481482 0.340625 0.4981481481481482 0.340625 0.5314814814814814 0.315625 0.5314814814814814
2 0.29635416666666664 0.5074074074074074 0.3171875 0.5074074074074074 0.3171875 0.525 0.29635416666666664 0.525
2 0.28854166666666664 0.5324074074074074 0.3072916666666667 0.5324074074074074 0.3072916666666667 0.5472222222222223 0.28854166666666664 0.5472222222222223
2 0.29791666666666666 0.5740740740740741 0.3234375 0.5740740740740741 0.3234375 0.5898148148148148 0.29791666666666666 0.5898148148148148
2 0.2942708333333333 0.5953703703703703 0.3151041666666667 0.5953703703703703 0.3151041666666667 0.6064814814814815 0.2942708333333333 0.6064814814814815
2 0.2916666666666667 0.5592592592592592 0.3151041666666667 0.5592592592592592 0.3151041666666667 0.5731481481481482 0.2916666666666667 0.5731481481481482
2 0.3177083333333333 0.24537037037037038 0.34739583333333335 0.24537037037037038 0.34739583333333335 0.26666666666666666 0.3177083333333333 0.26666666666666666
2 0.3177083333333333 0.32407407407407407 0.3494791666666667 0.32407407407407407 0.3494791666666667 0.37407407407407406 0.3177083333333333 0.37407407407407406
2 0.3125 0.36666666666666664 0.34375 0.36666666666666664 0.34375 0.412962962962963 0.3125 0.412962962962963
2 0.28020833333333334 0.33240740740740743 0.303125 0.33240740740740743 0.303125 0.3527777777777778 0.28020833333333334 0.3527777777777778
1 0.5729166666666666 0.6037037037037037 0.78125 0.6037037037037037 0.78125 0.9324074074074075 0.5729166666666666 0.9324074074074075