1 0.37447916666666664 0.15833333333333333 0.4984375 0.15833333333333333 0.4984375 0.37037037037037035 0.37447916666666664 0.37037037037037035
1 0.48125 0 0.58125 0 0.58125 0.062037037037037036 0.48125 0.062037037037037036
1 0.4921875 0.6064814814814815 0.5723958333333333 0.6064814814814815 0.5723958333333333 0.7666666666666667 0.4921875 0.7666666666666667
1 0.6567708333333333 0.4046296296296296 0.6875 0.4046296296296296 0.6875 0.4648148148148148 0.6567708333333333 0.4648148148148148
1 0.6286458333333333 0.17685185185185184 0.6651041666666667 0.17685185185185184 0.6651041666666667 0.28055555555555556 0.6286458333333333 0.28055555555555556
1 0.6395833333333333 0.5537037037037037 0.6729166666666667 0.5537037037037037 0.6729166666666667 0.6166666666666667 0.6395833333333333 0.6166666666666667
1 0.6677083333333333 0.7555555555555555 0.6916666666666667 0.7555555555555555 0.6916666666666667 0.837037037037037 0.6677083333333333 0.837037037037037
2 0.2515625 0.26944444444444443 0.40625 0.26944444444444443 0.40625 0.39166666666666666 0.2515625 0.39166666666666666
2 0.3458333333333333 0 0.465625 0 0.465625 0.08333333333333333 0.3458333333333333 0.08333333333333333
2 0.47291666666666665 0.16944444444444445 0.5375 0.16944444444444445 0.5375 0.20462962962962963 0.47291666666666665 0.20462962962962963
2 0.49635416666666665 0.10740740740740741 0.5713541666666667 0.10740740740740741 0.5713541666666667 0.14907407407407408 0.49635416666666665 0.14907407407407408
2 0.5432291666666667 0.14166666666666666 0.5989583333333334 0.14166666666666666 0.5989583333333334 0.18981481481481483 0.5432291666666667 0.18981481481481483
2 0.5244791666666667 0.22685185185185186 0.5817708333333333 0.22685185185185186 0.5817708333333333 0.26666666666666666 0.5244791666666667 0.26666666666666666
2 0.5625 0.4148148148148148 0.6239583333333333 0.4148148148148148 0.6239583333333333 0.45740740740740743 0.5625 0.45740740740740743
2 0.5479166666666667 0.3685185185185185 0.6057291666666667 0.3685185185185185 0.6057291666666667 0.4083333333333333 0.5479166666666667 0.4083333333333333
2 0.5625 0.31203703703703706 0.6166666666666667 0.31203703703703706 0.6166666666666667 0.34814814814814815 0.5625 0.34814814814814815
2 0.5760416666666667 0.2712962962962963 0.6244791666666667 0.2712962962962963 0.6244791666666667 0.30648148148148147 0.5760416666666667 0.30648148148148147
2 0.6109375 0.22037037037037038 0.6432291666666666 0.22037037037037038 0.6432291666666666 0.24444444444444444 0.6109375 0.24444444444444444
2 0.5921875 0.2462962962962963 0.6421875 0.2462962962962963 0.6421875 0.28055555555555556 0.5921875 0.28055555555555556
2 0.5708333333333333 0.20925925925925926 0.6072916666666667 0.20925925925925926 0.6072916666666667 0.24351851851851852 0.5708333333333333 0.24351851851851852
2 0.6130208333333333 0.36203703703703705 0.6567708333333333 0.36203703703703705 0.6567708333333333 0.38333333333333336 0.6130208333333333 0.38333333333333336
2 0.6192708333333333 0.3148148148148148 0.6552083333333333 0.3148148148148148 0.6552083333333333 0.3416666666666667 0.6192708333333333 0.3416666666666667
2 0.5989583333333334 0.3037037037037037 0.6385416666666667 0.3037037037037037 0.6385416666666667 0.3509259259259259 0.5989583333333334 0.3509259259259259
2 0.6322916666666667 0.4898148148148148 0.6682291666666667 0.4898148148148148 0.6682291666666667 0.5305555555555556 0.6322916666666667 0.5305555555555556
2 0.6489583333333333 0.33240740740740743 0.6734375 0.33240740740740743 0.6734375 0.3611111111111111 0.6489583333333333 0.3611111111111111
2 0.6557291666666667 0.32685185185185184 0.684375 0.32685185185185184 0.684375 0.3509259259259259 0.6557291666666667 0.3509259259259259
2 0.6567708333333333 0.36666666666666664 0.6859375 0.36666666666666664 0.6859375 0.39444444444444443 0.6567708333333333 0.39444444444444443
2 0.6057291666666667 0.6527777777777778 0.6447916666666667 0.6527777777777778 0.6447916666666667 0.6833333333333333 0.6057291666666667 0.6833333333333333
2 0.6135416666666667 0.7092592592592593 0.6541666666666667 0.7092592592592593 0.6541666666666667 0.7564814814814815 0.6135416666666667 0.7564814814814815
2 0.6390625 0.6916666666666667 0.6755208333333333 0.6916666666666667 0.6755208333333333 0.7194444444444444 0.6390625 0.7194444444444444
2 0.6552083333333333 0.6601851851851852 0.6880208333333333 0.6601851851851852 0.6880208333333333 0.6824074074074075 0.6552083333333333 0.6824074074074075
2 0.65625 0.6157407407407407 0.6864583333333333 0.6157407407407407 0.6864583333333333 0.6388888888888888 0.65625 0.6388888888888888