1 0.325 0.17222222222222222 0.390625 0.17222222222222222 0.390625 0.2361111111111111 0.325 0.2361111111111111
1 0.14479166666666668 0.31851851851851853 0.2708333333333333 0.31851851851851853 0.2708333333333333 0.49444444444444446 0.14479166666666668 0.49444444444444446
2 0.7494791666666667 0.5768518518518518 0.8140625 0.5768518518518518 0.8140625 0.75 0.7494791666666667 0.75
2 0.12604166666666666 0.6796296296296296 0.19270833333333334 0.6796296296296296 0.19270833333333334 0.8870370370370371 0.12604166666666666 0.8870370370370371
2 0.678125 0.3435185185185185 0.7135416666666666 0.3435185185185185 0.7135416666666666 0.44537037037037036 0.678125 0.44537037037037036
2 0.2942708333333333 0.46944444444444444 0.34375 0.46944444444444444 0.34375 0.6074074074074074 0.2942708333333333 0.6074074074074074
2 0.7729166666666667 0.45555555555555555 0.8161458333333333 0.45555555555555555 0.8161458333333333 0.5277777777777778 0.7729166666666667 0.5277777777777778
2 0.41354166666666664 0.17777777777777778 0.4317708333333333 0.17777777777777778 0.4317708333333333 0.22777777777777777 0.41354166666666664 0.22777777777777777
2 0.3885416666666667 0.37222222222222223 0.4265625 0.37222222222222223 0.4265625 0.5009259259259259 0.3885416666666667 0.5009259259259259
2 0.4317708333333333 0.2064814814814815 0.4557291666666667 0.2064814814814815 0.4557291666666667 0.2777777777777778 0.4317708333333333 0.2777777777777778
2 0.5854166666666667 0.21481481481481482 0.6067708333333334 0.21481481481481482 0.6067708333333334 0.2851851851851852 0.5854166666666667 0.2851851851851852
2 0.5526041666666667 0.17777777777777778 0.575 0.17777777777777778 0.575 0.24074074074074073 0.5526041666666667 0.24074074074074073
2 0.3703125 0.33055555555555555 0.4010416666666667 0.33055555555555555 0.4010416666666667 0.41203703703703703 0.3703125 0.41203703703703703
2 0.5755208333333334 0.12037037037037036 0.5895833333333333 0.12037037037037036 0.5895833333333333 0.15555555555555556 0.5755208333333334 0.15555555555555556
2 0.4625 0.19907407407407407 0.4817708333333333 0.19907407407407407 0.4817708333333333 0.25462962962962965 0.4625 0.25462962962962965
2 0.6104166666666667 0.28055555555555556 0.6401041666666667 0.28055555555555556 0.6401041666666667 0.3814814814814815 0.6104166666666667 0.3814814814814815
2 0.6234375 0.22407407407407406 0.6473958333333333 0.22407407407407406 0.6473958333333333 0.3037037037037037 0.6234375 0.3037037037037037