1 0.13645833333333332 0.34074074074074073 0.2598958333333333 0.34074074074074073 0.2598958333333333 0.524074074074074 0.13645833333333332 0.524074074074074
1 0.4322916666666667 0.21944444444444444 0.4822916666666667 0.21944444444444444 0.4822916666666667 0.30277777777777776 0.4322916666666667 0.30277777777777776
1 0.3265625 0.19444444444444445 0.3859375 0.19444444444444445 0.3859375 0.25833333333333336 0.3265625 0.25833333333333336
1 0.5520833333333334 0.2101851851851852 0.6026041666666667 0.2101851851851852 0.6026041666666667 0.28703703703703703 0.5520833333333334 0.28703703703703703
2 0.19427083333333334 0.575925925925926 0.246875 0.575925925925926 0.246875 0.7796296296296297 0.19427083333333334 0.7796296296296297
1 0.5291666666666667 0.13518518518518519 0.5572916666666666 0.13518518518518519 0.5572916666666666 0.17777777777777778 0.5291666666666667 0.17777777777777778
2 0.12864583333333332 0.6027777777777777 0.17604166666666668 0.6027777777777777 0.17604166666666668 0.7824074074074074 0.12864583333333332 0.7824074074074074
1 0.6505208333333333 0.14629629629629629 0.6973958333333333 0.14629629629629629 0.6973958333333333 0.18796296296296297 0.6505208333333333 0.18796296296296297
2 0.13697916666666668 0.8175925925925925 0.22135416666666666 0.8175925925925925 0.22135416666666666 1 0.13697916666666668 1
2 0.2630208333333333 0.3962962962962963 0.2864583333333333 0.3962962962962963 0.2864583333333333 0.5398148148148149 0.2630208333333333 0.5398148148148149
2 0.2875 0.5120370370370371 0.33125 0.5120370370370371 0.33125 0.6990740740740741 0.2875 0.6990740740740741
2 0.32083333333333336 0.4222222222222222 0.3453125 0.4222222222222222 0.3453125 0.5444444444444444 0.32083333333333336 0.5444444444444444
2 0.3453125 0.3537037037037037 0.36822916666666666 0.3537037037037037 0.36822916666666666 0.4583333333333333 0.3453125 0.4583333333333333
2 0.38958333333333334 0.3490740740740741 0.40729166666666666 0.3490740740740741 0.40729166666666666 0.4444444444444444 0.38958333333333334 0.4444444444444444
2 0.3651041666666667 0.27685185185185185 0.3807291666666667 0.27685185185185185 0.3807291666666667 0.337037037037037 0.3651041666666667 0.337037037037037
2 0.3692708333333333 0.21203703703703702 0.390625 0.21203703703703702 0.390625 0.27685185185185185 0.3692708333333333 0.27685185185185185
2 0.4010416666666667 0.24814814814814815 0.4192708333333333 0.24814814814814815 0.4192708333333333 0.3111111111111111 0.4010416666666667 0.3111111111111111
2 0.40677083333333336 0.17037037037037037 0.4171875 0.17037037037037037 0.4171875 0.22962962962962963 0.40677083333333336 0.22962962962962963
2 0.41822916666666665 0.1814814814814815 0.4322916666666667 0.1814814814814815 0.4322916666666667 0.24537037037037038 0.41822916666666665 0.24537037037037038
2 0.4328125 0.14722222222222223 0.4427083333333333 0.14722222222222223 0.4427083333333333 0.2 0.4328125 0.2
2 0.42135416666666664 0.13703703703703704 0.4328125 0.13703703703703704 0.4328125 0.175 0.42135416666666664 0.175
2 0.4015625 0.1111111111111111 0.41458333333333336 0.1111111111111111 0.41458333333333336 0.1527777777777778 0.4015625 0.1527777777777778
2 0.49895833333333334 0.18796296296296297 0.5296875 0.18796296296296297 0.5296875 0.24444444444444444 0.49895833333333334 0.24444444444444444
2 0.63125 0.2796296296296296 0.6567708333333333 0.2796296296296296 0.6567708333333333 0.36666666666666664 0.63125 0.36666666666666664
2 0.7989583333333333 0.5037037037037037 0.8484375 0.5037037037037037 0.8484375 0.6546296296296297 0.7989583333333333 0.6546296296296297
2 0.44479166666666664 0.14722222222222223 0.46197916666666666 0.14722222222222223 0.46197916666666666 0.19814814814814816 0.44479166666666664 0.19814814814814816
2 0.46510416666666665 0.15185185185185185 0.47604166666666664 0.15185185185185185 0.47604166666666664 0.19722222222222222 0.46510416666666665 0.19722222222222222
2 0.5692708333333333 0.1527777777777778 0.5776041666666667 0.1527777777777778 0.5776041666666667 0.1925925925925926 0.5692708333333333 0.1925925925925926
2 0.5880208333333333 0.14351851851851852 0.5979166666666667 0.14351851851851852 0.5979166666666667 0.19444444444444445 0.5880208333333333 0.19444444444444445
2 0.578125 0.13055555555555556 0.5890625 0.13055555555555556 0.5890625 0.1638888888888889 0.578125 0.1638888888888889
2 0.46510416666666665 0.11666666666666667 0.47239583333333335 0.11666666666666667 0.47239583333333335 0.15 0.46510416666666665 0.15
2 0.47552083333333334 0.10925925925925926 0.484375 0.10925925925925926 0.484375 0.14537037037037037 0.47552083333333334 0.14537037037037037