1 0.14583333333333334 0.3296296296296296 0.26875 0.3296296296296296 0.26875 0.5055555555555555 0.14583333333333334 0.5055555555555555
1 0.3328125 0.1787037037037037 0.38958333333333334 0.1787037037037037 0.38958333333333334 0.24259259259259258 0.3328125 0.24259259259259258
1 0.5442708333333334 0.09907407407407408 0.5697916666666667 0.09907407407407408 0.5697916666666667 0.14537037037037037 0.5442708333333334 0.14537037037037037
2 0.11875 0.5814814814814815 0.18177083333333333 0.5814814814814815 0.18177083333333333 0.7851851851851852 0.11875 0.7851851851851852
2 0.278125 0.3907407407407407 0.3078125 0.3907407407407407 0.3078125 0.5444444444444444 0.278125 0.5444444444444444
2 0.3265625 0.5092592592592593 0.36614583333333334 0.5092592592592593 0.36614583333333334 0.6842592592592592 0.3265625 0.6842592592592592
2 0.3494791666666667 0.3712962962962963 0.37447916666666664 0.3712962962962963 0.37447916666666664 0.4898148148148148 0.3494791666666667 0.4898148148148148
2 0.33958333333333335 0.30833333333333335 0.35833333333333334 0.30833333333333335 0.35833333333333334 0.4 0.33958333333333335 0.4
2 0.396875 0.35 0.421875 0.35 0.421875 0.4638888888888889 0.396875 0.4638888888888889
2 0.40989583333333335 0.2490740740740741 0.4234375 0.2490740740740741 0.4234375 0.31296296296296294 0.40989583333333335 0.31296296296296294
2 0.39739583333333334 0.2222222222222222 0.41041666666666665 0.2222222222222222 0.41041666666666665 0.28703703703703703 0.39739583333333334 0.28703703703703703
2 0.42916666666666664 0.21388888888888888 0.4432291666666667 0.21388888888888888 0.4432291666666667 0.2898148148148148 0.42916666666666664 0.2898148148148148
2 0.45208333333333334 0.2064814814814815 0.46197916666666666 0.2064814814814815 0.46197916666666666 0.2722222222222222 0.45208333333333334 0.2722222222222222
2 0.4635416666666667 0.21666666666666667 0.48020833333333335 0.21666666666666667 0.48020833333333335 0.287962962962963 0.4635416666666667 0.287962962962963
2 0.4125 0.18333333333333332 0.4244791666666667 0.18333333333333332 0.4244791666666667 0.23796296296296296 0.4125 0.23796296296296296
2 0.40520833333333334 0.1675925925925926 0.41458333333333336 0.1675925925925926 0.41458333333333336 0.2222222222222222 0.40520833333333334 0.2222222222222222
2 0.43333333333333335 0.15092592592592594 0.44166666666666665 0.15092592592592594 0.44166666666666665 0.19444444444444445 0.43333333333333335 0.19444444444444445
2 0.45 0.17314814814814813 0.4583333333333333 0.17314814814814813 0.4583333333333333 0.22037037037037038 0.45 0.22037037037037038
2 0.4421875 0.16111111111111112 0.44947916666666665 0.16111111111111112 0.44947916666666665 0.2064814814814815 0.4421875 0.2064814814814815
2 0.48333333333333334 0.16574074074074074 0.49375 0.16574074074074074 0.49375 0.21666666666666667 0.48333333333333334 0.21666666666666667
2 0.46145833333333336 0.14351851851851852 0.4703125 0.14351851851851852 0.4703125 0.1814814814814815 0.46145833333333336 0.1814814814814815
2 0.45260416666666664 0.14722222222222223 0.459375 0.14722222222222223 0.459375 0.18518518518518517 0.45260416666666664 0.18518518518518517
2 0.5734375 0.16296296296296298 0.5927083333333333 0.16296296296296298 0.5927083333333333 0.2212962962962963 0.5734375 0.2212962962962963
2 0.596875 0.175 0.6151041666666667 0.175 0.6151041666666667 0.22777777777777777 0.596875 0.22777777777777777
2 0.6182291666666667 0.1527777777777778 0.6265625 0.1527777777777778 0.6265625 0.1962962962962963 0.6182291666666667 0.1962962962962963
2 0.6479166666666667 0.20833333333333334 0.6635416666666667 0.20833333333333334 0.6635416666666667 0.25925925925925924 0.6479166666666667 0.25925925925925924
2 0.64375 0.25555555555555554 0.6614583333333334 0.25555555555555554 0.6614583333333334 0.33055555555555555 0.64375 0.33055555555555555
1 0.6479166666666667 0.12962962962962962 0.7036458333333333 0.12962962962962962 0.7036458333333333 0.1787037037037037 0.6479166666666667 0.1787037037037037
2 0.478125 0.1398148148148148 0.4859375 0.1398148148148148 0.4859375 0.17592592592592593 0.478125 0.17592592592592593
2 0.4661458333333333 0.12037037037037036 0.47552083333333334 0.12037037037037036 0.47552083333333334 0.15648148148148147 0.4661458333333333 0.15648148148148147
2 0.44583333333333336 0.1259259259259259 0.45364583333333336 0.1259259259259259 0.45364583333333336 0.15555555555555556 0.44583333333333336 0.15555555555555556