1 0.41822916666666665 0.6185185185185185 0.5244791666666667 0.6185185185185185 0.5244791666666667 0.8296296296296296 0.41822916666666665 0.8296296296296296
1 0.48072916666666665 0 0.5822916666666667 0 0.5822916666666667 0.06388888888888888 0.48072916666666665 0.06388888888888888
1 0.4703125 0.2490740740740741 0.5526041666666667 0.2490740740740741 0.5526041666666667 0.3861111111111111 0.4703125 0.3861111111111111
1 0.625 0.5555555555555556 0.6578125 0.5555555555555556 0.6578125 0.6222222222222222 0.625 0.6222222222222222
1 0.6270833333333333 0.17314814814814813 0.6635416666666667 0.17314814814814813 0.6635416666666667 0.2675925925925926 0.6270833333333333 0.2675925925925926
1 0.6630208333333333 0.4101851851851852 0.6921875 0.4101851851851852 0.6921875 0.4638888888888889 0.6630208333333333 0.4638888888888889
1 0.6677083333333333 0.7518518518518519 0.690625 0.7518518518518519 0.690625 0.8342592592592593 0.6677083333333333 0.8342592592592593
2 0.6 0.7351851851851852 0.6182291666666667 0.7351851851851852 0.6182291666666667 0.7601851851851852 0.6 0.7601851851851852
2 0.4375 0.07962962962962963 0.49583333333333335 0.07962962962962963 0.49583333333333335 0.15648148148148147 0.4375 0.15648148148148147
2 0.3859375 0.34074074074074073 0.5020833333333333 0.34074074074074073 0.5020833333333333 0.43333333333333335 0.3859375 0.43333333333333335
2 0.5375 0.17592592592592593 0.5921875 0.17592592592592593 0.5921875 0.2064814814814815 0.5375 0.2064814814814815
2 0.5260416666666666 0.23333333333333334 0.5807291666666666 0.23333333333333334 0.5807291666666666 0.2777777777777778 0.5260416666666666 0.2777777777777778
2 0.5671875 0.19907407407407407 0.6151041666666667 0.19907407407407407 0.6151041666666667 0.23333333333333334 0.5671875 0.23333333333333334
2 0.5614583333333333 0.26481481481481484 0.6088541666666667 0.26481481481481484 0.6088541666666667 0.29814814814814816 0.5614583333333333 0.29814814814814816
2 0.5807291666666666 0.2351851851851852 0.6213541666666667 0.2351851851851852 0.6213541666666667 0.25833333333333336 0.5807291666666666 0.25833333333333336
2 0.621875 0.24351851851851852 0.6536458333333334 0.24351851851851852 0.6536458333333334 0.26944444444444443 0.621875 0.26944444444444443
2 0.59375 0.2916666666666667 0.640625 0.2916666666666667 0.640625 0.31574074074074077 0.59375 0.31574074074074077
2 0.6104166666666667 0.26851851851851855 0.6463541666666667 0.26851851851851855 0.6463541666666667 0.28425925925925927 0.6104166666666667 0.28425925925925927
2 0.6140625 0.3277777777777778 0.6453125 0.3277777777777778 0.6453125 0.35 0.6140625 0.35
2 0.6322916666666667 0.3212962962962963 0.659375 0.3212962962962963 0.659375 0.35 0.6322916666666667 0.35
2 0.63125 0.36944444444444446 0.6614583333333334 0.36944444444444446 0.6614583333333334 0.39166666666666666 0.63125 0.39166666666666666
2 0.5739583333333333 0.38055555555555554 0.6265625 0.38055555555555554 0.6265625 0.40925925925925927 0.5739583333333333 0.40925925925925927
2 0.5848958333333333 0.3472222222222222 0.6338541666666667 0.3472222222222222 0.6338541666666667 0.375 0.5848958333333333 0.375
2 0.5953125 0.4083333333333333 0.6479166666666667 0.4083333333333333 0.6479166666666667 0.46296296296296297 0.5953125 0.46296296296296297
2 0.575 0.6833333333333333 0.6208333333333333 0.6833333333333333 0.6208333333333333 0.725 0.575 0.725
2 0.6177083333333333 0.7 0.6557291666666667 0.7 0.6557291666666667 0.737037037037037 0.6177083333333333 0.737037037037037
2 0.6453125 0.6388888888888888 0.6713541666666667 0.6388888888888888 0.6713541666666667 0.6583333333333333 0.6453125 0.6583333333333333
2 0.6479166666666667 0.6592592592592592 0.6770833333333334 0.6592592592592592 0.6770833333333334 0.6814814814814815 0.6479166666666667 0.6814814814814815
2 0.6416666666666667 0.4703703703703704 0.6645833333333333 0.4703703703703704 0.6645833333333333 0.47962962962962963 0.6416666666666667 0.47962962962962963