1 0.14895833333333333 0.32407407407407407 0.2713541666666667 0.32407407407407407 0.2713541666666667 0.5 0.14895833333333333 0.5
1 0.434375 0.22407407407407406 0.484375 0.22407407407407406 0.484375 0.3055555555555556 0.434375 0.3055555555555556
2 0.0026041666666666665 0.5796296296296296 0.09791666666666667 0.5796296296296296 0.09791666666666667 0.7787037037037037 0.0026041666666666665 0.7787037037037037
2 0.91875 0.5935185185185186 1 0.5935185185185186 1 0.7861111111111111 0.91875 0.7861111111111111
1 0.3229166666666667 0.17685185185185184 0.39114583333333336 0.17685185185185184 0.39114583333333336 0.23981481481481481 0.3229166666666667 0.23981481481481481
2 0.728125 0.36574074074074076 0.7645833333333333 0.36574074074074076 0.7645833333333333 0.46944444444444444 0.728125 0.46944444444444444
2 0.16822916666666668 0.6388888888888888 0.2296875 0.6388888888888888 0.2296875 0.8527777777777777 0.16822916666666668 0.8527777777777777
2 0.23385416666666667 0.4666666666666667 0.2911458333333333 0.4666666666666667 0.2911458333333333 0.6092592592592593 0.23385416666666667 0.6092592592592593
2 0.2984375 0.3638888888888889 0.3302083333333333 0.3638888888888889 0.3302083333333333 0.4703703703703704 0.2984375 0.4703703703703704
2 0.32395833333333335 0.5944444444444444 0.37552083333333336 0.5944444444444444 0.37552083333333336 0.7824074074074074 0.32395833333333335 0.7824074074074074
2 0.390625 0.3907407407407407 0.4328125 0.3907407407407407 0.4328125 0.5083333333333333 0.390625 0.5083333333333333
2 0.6723958333333333 0.3351851851851852 0.7104166666666667 0.3351851851851852 0.7104166666666667 0.42777777777777776 0.6723958333333333 0.42777777777777776
2 0.47708333333333336 0.13703703703703704 0.4901041666666667 0.13703703703703704 0.4901041666666667 0.17222222222222222 0.47708333333333336 0.17222222222222222
2 0.35572916666666665 0.31296296296296294 0.38333333333333336 0.31296296296296294 0.38333333333333336 0.3972222222222222 0.35572916666666665 0.3972222222222222
2 0.6609375 0.23981481481481481 0.6942708333333333 0.23981481481481481 0.6942708333333333 0.3212962962962963 0.6609375 0.3212962962962963
2 0.4276041666666667 0.1962962962962963 0.44479166666666664 0.1962962962962963 0.44479166666666664 0.24537037037037038 0.4276041666666667 0.24537037037037038
2 0.4083333333333333 0.24351851851851852 0.43072916666666666 0.24351851851851852 0.43072916666666666 0.31574074074074077 0.4083333333333333 0.31574074074074077
2 0.45989583333333334 0.14814814814814814 0.4739583333333333 0.14814814814814814 0.4739583333333333 0.18611111111111112 0.45989583333333334 0.18611111111111112
2 0.41770833333333335 0.14351851851851852 0.4317708333333333 0.14351851851851852 0.4317708333333333 0.17962962962962964 0.41770833333333335 0.17962962962962964
2 0.37083333333333335 0.25925925925925924 0.3927083333333333 0.25925925925925924 0.3927083333333333 0.32685185185185184 0.37083333333333335 0.32685185185185184
2 0.1984375 0.9259259259259259 0.2682291666666667 0.9259259259259259 0.2682291666666667 1 0.1984375 1
2 0.5755208333333334 0.12314814814814815 0.5932291666666667 0.12314814814814815 0.5932291666666667 0.15833333333333333 0.5755208333333334 0.15833333333333333
2 0.49635416666666665 0.17407407407407408 0.5109375 0.17407407407407408 0.5109375 0.21851851851851853 0.49635416666666665 0.21851851851851853
2 0.39791666666666664 0.3148148148148148 0.4234375 0.3148148148148148 0.4234375 0.3824074074074074 0.39791666666666664 0.3824074074074074
2 0.4390625 0.14444444444444443 0.45416666666666666 0.14444444444444443 0.45416666666666666 0.18333333333333332 0.4390625 0.18333333333333332
2 0.6088541666666667 0.13425925925925927 0.6239583333333333 0.13425925925925927 0.6239583333333333 0.17407407407407408 0.6088541666666667 0.17407407407407408
2 0.6270833333333333 0.21944444444444444 0.6458333333333334 0.21944444444444444 0.6458333333333334 0.30185185185185187 0.6270833333333333 0.30185185185185187