1 0.1390625 0.3055555555555556 0.2526041666666667 0.3055555555555556 0.2526041666666667 0.487962962962963 0.1390625 0.487962962962963
0 0.334375 0.12314814814814815 0.4171875 0.12314814814814815 0.4171875 0.3037037037037037 0.334375 0.3037037037037037
1 0.6755208333333333 0.44074074074074077 0.8223958333333333 0.44074074074074077 0.8223958333333333 0.6259259259259259 0.6755208333333333 0.6259259259259259
2 0.8692708333333333 0.6342592592592593 0.9338541666666667 0.6342592592592593 0.9338541666666667 0.8111111111111111 0.8692708333333333 0.8111111111111111
2 0.6822916666666666 0.6666666666666666 0.7401041666666667 0.6666666666666666 0.7401041666666667 0.8157407407407408 0.6822916666666666 0.8157407407407408
1 0.5333333333333333 0.11018518518518519 0.5645833333333333 0.11018518518518519 0.5645833333333333 0.15185185185185185 0.5333333333333333 0.15185185185185185
2 0.2296875 0.5018518518518519 0.27708333333333335 0.5018518518518519 0.27708333333333335 0.6657407407407407 0.2296875 0.6657407407407407
2 0.00625 0.5435185185185185 0.090625 0.5435185185185185 0.090625 0.7129629629629629 0.00625 0.7129629629629629
2 0.3390625 0.6694444444444444 0.4119791666666667 0.6694444444444444 0.4119791666666667 0.9157407407407407 0.3390625 0.9157407407407407
2 0.3182291666666667 0.487962962962963 0.3625 0.487962962962963 0.3625 0.65 0.3182291666666667 0.65
2 0.5489583333333333 0.15833333333333333 0.5723958333333333 0.15833333333333333 0.5723958333333333 0.21296296296296297 0.5489583333333333 0.21296296296296297
2 0.634375 0.22777777777777777 0.65625 0.22777777777777777 0.65625 0.28888888888888886 0.634375 0.28888888888888886
2 0.38385416666666666 0.3138888888888889 0.41302083333333334 0.3138888888888889 0.41302083333333334 0.41574074074074074 0.38385416666666666 0.41574074074074074
1 0.571875 0.1287037037037037 0.6135416666666667 0.1287037037037037 0.6135416666666667 0.18333333333333332 0.571875 0.18333333333333332
2 0.63125 0.3 0.6630208333333333 0.3 0.6630208333333333 0.39537037037037037 0.63125 0.39537037037037037
2 0.45208333333333334 0.18981481481481483 0.4734375 0.18981481481481483 0.4734375 0.24814814814814815 0.45208333333333334 0.24814814814814815
2 0.2526041666666667 0.37407407407407406 0.28541666666666665 0.37407407407407406 0.28541666666666665 0.4842592592592593 0.2526041666666667 0.4842592592592593
2 0.4114583333333333 0.25555555555555554 0.4359375 0.25555555555555554 0.4359375 0.3453703703703704 0.4114583333333333 0.3453703703703704
2 0.44427083333333334 0.21666666666666667 0.465625 0.21666666666666667 0.465625 0.30833333333333335 0.44427083333333334 0.30833333333333335
2 0.6458333333333334 0.16574074074074074 0.6609375 0.16574074074074074 0.6609375 0.2222222222222222 0.6458333333333334 0.2222222222222222