1 0.14583333333333334 0.3287037037037037 0.26927083333333335 0.3287037037037037 0.26927083333333335 0.5046296296296297 0.14583333333333334 0.5046296296296297
1 0.33229166666666665 0.1787037037037037 0.38958333333333334 0.1787037037037037 0.38958333333333334 0.24259259259259258 0.33229166666666665 0.24259259259259258
1 0.47708333333333336 0.10740740740740741 0.5036458333333333 0.10740740740740741 0.5036458333333333 0.14629629629629629 0.47708333333333336 0.14629629629629629
2 0.07916666666666666 0.6231481481481481 0.16197916666666667 0.6231481481481481 0.16197916666666667 0.8648148148148148 0.07916666666666666 0.8648148148148148
1 0.6390625 0.11944444444444445 0.6994791666666667 0.11944444444444445 0.6994791666666667 0.1824074074074074 0.6390625 0.1824074074074074
2 0.2994791666666667 0.5722222222222222 0.334375 0.5722222222222222 0.334375 0.7870370370370371 0.2994791666666667 0.7870370370370371
2 0.2598958333333333 0.4212962962962963 0.29322916666666665 0.4212962962962963 0.29322916666666665 0.5564814814814815 0.2598958333333333 0.5564814814814815
2 0.33229166666666665 0.39537037037037037 0.3578125 0.39537037037037037 0.3578125 0.5287037037037037 0.33229166666666665 0.5287037037037037
2 0.3234375 0.31574074074074077 0.35833333333333334 0.31574074074074077 0.35833333333333334 0.43796296296296294 0.3234375 0.43796296296296294
2 0.37916666666666665 0.3768518518518518 0.41822916666666665 0.3768518518518518 0.41822916666666665 0.5064814814814815 0.37916666666666665 0.5064814814814815
2 0.3953125 0.22037037037037038 0.40989583333333335 0.22037037037037038 0.40989583333333335 0.28703703703703703 0.3953125 0.28703703703703703
2 0.4015625 0.2564814814814815 0.4161458333333333 0.2564814814814815 0.4161458333333333 0.3388888888888889 0.4015625 0.3388888888888889
2 0.4244791666666667 0.2212962962962963 0.4375 0.2212962962962963 0.4375 0.29814814814814816 0.4244791666666667 0.29814814814814816
2 0.4515625 0.2101851851851852 0.46041666666666664 0.2101851851851852 0.46041666666666664 0.275 0.4515625 0.275
2 0.4588541666666667 0.23148148148148148 0.475 0.23148148148148148 0.475 0.30925925925925923 0.4588541666666667 0.30925925925925923
2 0.4796875 0.17222222222222222 0.49375 0.17222222222222222 0.49375 0.24351851851851852 0.4796875 0.24351851851851852
2 0.5791666666666667 0.16296296296296298 0.5963541666666666 0.16296296296296298 0.5963541666666666 0.21944444444444444 0.5791666666666667 0.21944444444444444
2 0.6026041666666667 0.1638888888888889 0.6161458333333333 0.1638888888888889 0.6161458333333333 0.2222222222222222 0.6026041666666667 0.2222222222222222
2 0.6125 0.14537037037037037 0.6229166666666667 0.14537037037037037 0.6229166666666667 0.18703703703703703 0.6125 0.18703703703703703
2 0.65 0.20092592592592592 0.6666666666666666 0.20092592592592592 0.6666666666666666 0.25925925925925924 0.65 0.25925925925925924
2 0.6333333333333333 0.23425925925925925 0.6557291666666667 0.23425925925925925 0.6557291666666667 0.3138888888888889 0.6333333333333333 0.3138888888888889
2 0.40260416666666665 0.175 0.4109375 0.175 0.4109375 0.22777777777777777 0.40260416666666665 0.22777777777777777
2 0.40989583333333335 0.1935185185185185 0.42135416666666664 0.1935185185185185 0.42135416666666664 0.23981481481481481 0.40989583333333335 0.23981481481481481
2 0.4114583333333333 0.14537037037037037 0.4197916666666667 0.14537037037037037 0.4197916666666667 0.18888888888888888 0.4114583333333333 0.18888888888888888
2 0.4322916666666667 0.15 0.43854166666666666 0.15 0.43854166666666666 0.20092592592592592 0.4322916666666667 0.20092592592592592
2 0.4401041666666667 0.16296296296296298 0.44895833333333335 0.16296296296296298 0.44895833333333335 0.19907407407407407 0.4401041666666667 0.19907407407407407
2 0.44479166666666664 0.1814814814814815 0.45625 0.1814814814814815 0.45625 0.2351851851851852 0.44479166666666664 0.2351851851851852
2 0.4510416666666667 0.1527777777777778 0.45989583333333334 0.1527777777777778 0.45989583333333334 0.18981481481481483 0.4510416666666667 0.18981481481481483
2 0.4583333333333333 0.14074074074074075 0.46875 0.14074074074074075 0.46875 0.18796296296296297 0.4583333333333333 0.18796296296296297
2 0.46770833333333334 0.12037037037037036 0.4739583333333333 0.12037037037037036 0.4739583333333333 0.16018518518518518 0.46770833333333334 0.16018518518518518
2 0.4791666666666667 0.13703703703703704 0.4864583333333333 0.13703703703703704 0.4864583333333333 0.17407407407407408 0.4791666666666667 0.17407407407407408
2 0.4453125 0.1287037037037037 0.453125 0.1287037037037037 0.453125 0.16111111111111112 0.4453125 0.16111111111111112