1 0.50625 0 0.6046875 0 0.6046875 0.09166666666666666 0.50625 0.09166666666666666
1 0.6489583333333333 0.1824074074074074 0.6838541666666667 0.1824074074074074 0.6838541666666667 0.30648148148148147 0.6489583333333333 0.30648148148148147
2 0.4192708333333333 0.9268518518518518 0.49895833333333334 0.9268518518518518 0.49895833333333334 1 0.4192708333333333 1
2 0.253125 0 0.39114583333333336 0 0.39114583333333336 0.08981481481481482 0.253125 0.08981481481481482
2 0.4505208333333333 0.09814814814814815 0.521875 0.09814814814814815 0.521875 0.18055555555555555 0.4505208333333333 0.18055555555555555
2 0.47604166666666664 0.75 0.546875 0.75 0.546875 0.825 0.47604166666666664 0.825
2 0.5708333333333333 0.6592592592592592 0.6203125 0.6592592592592592 0.6203125 0.7138888888888889 0.5708333333333333 0.7138888888888889
2 0.6390625 0.7287037037037037 0.6692708333333334 0.7287037037037037 0.6692708333333334 0.7870370370370371 0.6390625 0.7870370370370371
2 0.6026041666666667 0.3 0.6411458333333333 0.3 0.6411458333333333 0.3490740740740741 0.6026041666666667 0.3490740740740741
2 0.5645833333333333 0.7574074074074074 0.6130208333333333 0.7574074074074074 0.6130208333333333 0.8055555555555556 0.5645833333333333 0.8055555555555556
2 0.5338541666666666 0.2537037037037037 0.596875 0.2537037037037037 0.596875 0.3175925925925926 0.5338541666666666 0.3175925925925926
2 0.5729166666666666 0.3537037037037037 0.6302083333333334 0.3537037037037037 0.6302083333333334 0.41203703703703703 0.5729166666666666 0.41203703703703703
2 0.6536458333333334 0.5 0.6916666666666667 0.5 0.6916666666666667 0.5555555555555556 0.6536458333333334 0.5555555555555556
2 0.6572916666666667 0.6564814814814814 0.6895833333333333 0.6564814814814814 0.6895833333333333 0.700925925925926 0.6572916666666667 0.700925925925926