1 0.3953125 0.31203703703703706 0.4703125 0.31203703703703706 0.4703125 0.43333333333333335 0.3953125 0.43333333333333335
1 0.146875 0.3175925925925926 0.2708333333333333 0.3175925925925926 0.2708333333333333 0.487962962962963 0.146875 0.487962962962963
2 0.7802083333333333 0.6398148148148148 0.84375 0.6398148148148148 0.84375 0.825925925925926 0.7802083333333333 0.825925925925926
1 0.32083333333333336 0.17685185185185184 0.3890625 0.17685185185185184 0.3890625 0.23981481481481481 0.32083333333333336 0.23981481481481481
2 0.06354166666666666 0.675 0.153125 0.675 0.153125 0.9111111111111111 0.06354166666666666 0.9111111111111111
2 0.29791666666666666 0.37777777777777777 0.3302083333333333 0.37777777777777777 0.3302083333333333 0.462037037037037 0.29791666666666666 0.462037037037037
2 0.7338541666666667 0.3416666666666667 0.7755208333333333 0.3416666666666667 0.7755208333333333 0.43703703703703706 0.7338541666666667 0.43703703703703706
2 0.6734375 0.4787037037037037 0.725 0.4787037037037037 0.725 0.6259259259259259 0.6734375 0.6259259259259259
2 0.18489583333333334 0.4648148148148148 0.2375 0.4648148148148148 0.2375 0.6074074074074074 0.18489583333333334 0.6074074074074074
2 0.35 0.43703703703703706 0.39479166666666665 0.43703703703703706 0.39479166666666665 0.5657407407407408 0.35 0.5657407407407408
2 0.2682291666666667 0.5787037037037037 0.32864583333333336 0.5787037037037037 0.32864583333333336 0.7490740740740741 0.2682291666666667 0.7490740740740741
2 0.3765625 0.2777777777777778 0.40208333333333335 0.2777777777777778 0.40208333333333335 0.34814814814814815 0.3765625 0.34814814814814815
2 0.2765625 0.44814814814814813 0.31614583333333335 0.44814814814814813 0.31614583333333335 0.5768518518518518 0.2765625 0.5768518518518518
2 0.6494791666666667 0.20185185185185187 0.6713541666666667 0.20185185185185187 0.6713541666666667 0.2601851851851852 0.6494791666666667 0.2601851851851852
2 0.44479166666666664 0.10925925925925926 0.4578125 0.10925925925925926 0.4578125 0.14351851851851852 0.44479166666666664 0.14351851851851852
2 0.4510416666666667 0.18796296296296297 0.4708333333333333 0.18796296296296297 0.4708333333333333 0.24351851851851852 0.4510416666666667 0.24351851851851852
2 0.4921875 0.12777777777777777 0.5088541666666667 0.12777777777777777 0.5088541666666667 0.1675925925925926 0.4921875 0.1675925925925926
2 0.4713541666666667 0.16296296296296298 0.48854166666666665 0.16296296296296298 0.48854166666666665 0.2175925925925926 0.4713541666666667 0.2175925925925926
2 0.39010416666666664 0.24814814814814815 0.41302083333333334 0.24814814814814815 0.41302083333333334 0.29907407407407405 0.39010416666666664 0.29907407407407405
2 0.47760416666666666 0.11388888888888889 0.49114583333333334 0.11388888888888889 0.49114583333333334 0.14629629629629629 0.47760416666666666 0.14629629629629629
2 0.5020833333333333 0.16944444444444445 0.5161458333333333 0.16944444444444445 0.5161458333333333 0.24351851851851852 0.5020833333333333 0.24351851851851852
2 0.42864583333333334 0.23055555555555557 0.4479166666666667 0.23055555555555557 0.4479166666666667 0.30833333333333335 0.42864583333333334 0.30833333333333335