1 0.49947916666666664 0 0.6005208333333333 0 0.6005208333333333 0.09074074074074075 0.49947916666666664 0.09074074074074075
1 0.6453125 0.20092592592592592 0.68125 0.20092592592592592 0.68125 0.30462962962962964 0.6453125 0.30462962962962964
1 0.6989583333333333 0.45925925925925926 0.7203125 0.45925925925925926 0.7203125 0.5074074074074074 0.6989583333333333 0.5074074074074074
1 0.6869791666666667 0.7416666666666667 0.7161458333333334 0.7416666666666667 0.7161458333333334 0.85 0.6869791666666667 0.85
2 0.33229166666666665 0.09351851851851851 0.4359375 0.09351851851851851 0.4359375 0.1935185185185185 0.33229166666666665 0.1935185185185185
2 0.4552083333333333 0.05185185185185185 0.5401041666666667 0.05185185185185185 0.5401041666666667 0.11574074074074074 0.4552083333333333 0.11574074074074074
2 0.47760416666666666 0.19074074074074074 0.5510416666666667 0.19074074074074074 0.5510416666666667 0.23703703703703705 0.47760416666666666 0.23703703703703705
2 0.5401041666666667 0.18333333333333332 0.6046875 0.18333333333333332 0.6046875 0.2351851851851852 0.5401041666666667 0.2351851851851852
2 0.4979166666666667 0.2916666666666667 0.5677083333333334 0.2916666666666667 0.5677083333333334 0.3472222222222222 0.4979166666666667 0.3472222222222222
2 0.5817708333333333 0.30648148148148147 0.63125 0.30648148148148147 0.63125 0.34814814814814815 0.5817708333333333 0.34814814814814815
2 0.615625 0.30185185185185187 0.6505208333333333 0.30185185185185187 0.6505208333333333 0.3333333333333333 0.615625 0.3333333333333333
2 0.6114583333333333 0.3638888888888889 0.6546875 0.3638888888888889 0.6546875 0.3907407407407407 0.6114583333333333 0.3907407407407407
2 0.6015625 0.42685185185185187 0.6489583333333333 0.42685185185185187 0.6489583333333333 0.4527777777777778 0.6015625 0.4527777777777778
2 0.625 0.40925925925925927 0.6572916666666667 0.40925925925925927 0.6572916666666667 0.43333333333333335 0.625 0.43333333333333335
2 0.6567708333333333 0.3194444444444444 0.684375 0.3194444444444444 0.684375 0.33796296296296297 0.6567708333333333 0.33796296296296297
2 0.64375 0.34074074074074073 0.671875 0.34074074074074073 0.671875 0.3574074074074074 0.64375 0.3574074074074074
2 0.675 0.38055555555555554 0.6973958333333333 0.38055555555555554 0.6973958333333333 0.3907407407407407 0.675 0.3907407407407407
2 0.6609375 0.39166666666666666 0.6864583333333333 0.39166666666666666 0.6864583333333333 0.4101851851851852 0.6609375 0.4101851851851852
2 0.646875 0.39814814814814814 0.6776041666666667 0.39814814814814814 0.6776041666666667 0.4212962962962963 0.646875 0.4212962962962963
2 0.66875 0.41203703703703703 0.6911458333333333 0.41203703703703703 0.6911458333333333 0.42592592592592593 0.66875 0.42592592592592593
2 0.6729166666666667 0.4287037037037037 0.6989583333333333 0.4287037037037037 0.6989583333333333 0.4425925925925926 0.6729166666666667 0.4425925925925926
2 0.68125 0.46296296296296297 0.7015625 0.46296296296296297 0.7015625 0.47685185185185186 0.68125 0.47685185185185186
2 0.6510416666666666 0.46574074074074073 0.6817708333333333 0.46574074074074073 0.6817708333333333 0.49074074074074076 0.6510416666666666 0.49074074074074076
2 0.6135416666666667 0.7388888888888889 0.6541666666666667 0.7388888888888889 0.6541666666666667 0.7620370370370371 0.6135416666666667 0.7620370370370371
2 0.6390625 0.7648148148148148 0.6723958333333333 0.7648148148148148 0.6723958333333333 0.7861111111111111 0.6390625 0.7861111111111111
2 0.6583333333333333 0.687962962962963 0.6895833333333333 0.687962962962963 0.6895833333333333 0.7138888888888889 0.6583333333333333 0.7138888888888889
2 0.659375 0.6370370370370371 0.6890625 0.6370370370370371 0.6890625 0.6703703703703704 0.659375 0.6703703703703704
2 0.6760416666666667 0.6925925925925925 0.7041666666666667 0.6925925925925925 0.7041666666666667 0.7148148148148148 0.6760416666666667 0.7148148148148148
2 0.6890625 0.4388888888888889 0.7098958333333333 0.4388888888888889 0.7098958333333333 0.4564814814814815 0.6890625 0.4564814814814815
2 0.6901041666666666 0.40185185185185185 0.7072916666666667 0.40185185185185185 0.7072916666666667 0.4185185185185185 0.6901041666666666 0.4185185185185185