1 0.13854166666666667 0.3351851851851852 0.26197916666666665 0.3351851851851852 0.26197916666666665 0.5157407407407407 0.13854166666666667 0.5157407407407407
1 0.4192708333333333 0.2657407407407407 0.47604166666666664 0.2657407407407407 0.47604166666666664 0.3712962962962963 0.4192708333333333 0.3712962962962963
1 0.32708333333333334 0.18703703703703703 0.3848958333333333 0.18703703703703703 0.3848958333333333 0.25 0.32708333333333334 0.25
1 0.5494791666666666 0.16944444444444445 0.5953125 0.16944444444444445 0.5953125 0.24351851851851852 0.5494791666666666 0.24351851851851852
2 0.9697916666666667 0.3194444444444444 0.9994791666666667 0.3194444444444444 0.9994791666666667 0.36574074074074076 0.9697916666666667 0.36574074074074076
2 0.19947916666666668 0.6212962962962963 0.2515625 0.6212962962962963 0.2515625 0.8574074074074074 0.19947916666666668 0.8574074074074074
1 0.5276041666666667 0.12037037037037036 0.5520833333333334 0.12037037037037036 0.5520833333333334 0.15833333333333333 0.5276041666666667 0.15833333333333333
2 0.14270833333333333 0.575925925925926 0.19739583333333333 0.575925925925926 0.19739583333333333 0.7638888888888888 0.14270833333333333 0.7638888888888888
2 0.16354166666666667 0.49907407407407406 0.21354166666666666 0.49907407407407406 0.21354166666666666 0.625 0.16354166666666667 0.625
2 0.2838541666666667 0.4703703703703704 0.3229166666666667 0.4703703703703704 0.3229166666666667 0.6333333333333333 0.2838541666666667 0.6333333333333333
2 0.321875 0.4935185185185185 0.375 0.4935185185185185 0.375 0.6842592592592592 0.321875 0.6842592592592592
2 0.32447916666666665 0.3175925925925926 0.34427083333333336 0.3175925925925926 0.34427083333333336 0.43333333333333335 0.32447916666666665 0.43333333333333335
2 0.3578125 0.24722222222222223 0.3802083333333333 0.24722222222222223 0.3802083333333333 0.33796296296296297 0.3578125 0.33796296296296297
2 0.36770833333333336 0.3277777777777778 0.39114583333333336 0.3277777777777778 0.39114583333333336 0.43333333333333335 0.36770833333333336 0.43333333333333335
2 0.3932291666666667 0.19722222222222222 0.40729166666666666 0.19722222222222222 0.40729166666666666 0.2574074074074074 0.3932291666666667 0.2574074074074074
2 0.4088541666666667 0.22037037037037038 0.425 0.22037037037037038 0.425 0.2935185185185185 0.4088541666666667 0.2935185185185185
2 0.4005208333333333 0.11851851851851852 0.4125 0.11851851851851852 0.4125 0.1712962962962963 0.4005208333333333 0.1712962962962963
2 0.4119791666666667 0.14814814814814814 0.42239583333333336 0.14814814814814814 0.42239583333333336 0.21203703703703702 0.4119791666666667 0.21203703703703702
2 0.425 0.17037037037037037 0.43854166666666666 0.17037037037037037 0.43854166666666666 0.22962962962962963 0.425 0.22962962962962963
2 0.8166666666666667 0.46574074074074073 0.8645833333333334 0.46574074074074073 0.8645833333333334 0.6027777777777777 0.8166666666666667 0.6027777777777777
2 0.7125 0.337037037037037 0.74375 0.337037037037037 0.74375 0.4425925925925926 0.7125 0.4425925925925926
2 0.6192708333333333 0.1962962962962963 0.6401041666666667 0.1962962962962963 0.6401041666666667 0.2712962962962963 0.6192708333333333 0.2712962962962963
2 0.5119791666666667 0.1787037037037037 0.5411458333333333 0.1787037037037037 0.5411458333333333 0.2462962962962963 0.5119791666666667 0.2462962962962963
2 0.4473958333333333 0.1648148148148148 0.459375 0.1648148148148148 0.459375 0.21851851851851853 0.4473958333333333 0.21851851851851853
2 0.4583333333333333 0.17407407407407408 0.4708333333333333 0.17407407407407408 0.4708333333333333 0.22962962962962963 0.4583333333333333 0.22962962962962963
2 0.43697916666666664 0.14074074074074075 0.45 0.14074074074074075 0.45 0.18888888888888888 0.43697916666666664 0.18888888888888888
2 0.45416666666666666 0.13055555555555556 0.4661458333333333 0.13055555555555556 0.4661458333333333 0.17314814814814813 0.45416666666666666 0.17314814814814813
2 0.44427083333333334 0.12129629629629629 0.45364583333333336 0.12129629629629629 0.45364583333333336 0.15648148148148147 0.44427083333333334 0.15648148148148147
2 0.4734375 0.11851851851851852 0.48489583333333336 0.11851851851851852 0.48489583333333336 0.16203703703703703 0.4734375 0.16203703703703703
2 0.5635416666666667 0.12314814814814815 0.5697916666666667 0.12314814814814815 0.5697916666666667 0.16018518518518518 0.5635416666666667 0.16018518518518518
2 0.58125 0.12222222222222222 0.5895833333333333 0.12222222222222222 0.5895833333333333 0.1685185185185185 0.58125 0.1685185185185185