1 0.5067708333333333 0 0.6046875 0 0.6046875 0.09074074074074075 0.5067708333333333 0.09074074074074075
1 0.6484375 0.18333333333333332 0.6833333333333333 0.18333333333333332 0.6833333333333333 0.30462962962962964 0.6484375 0.30462962962962964
2 0.35833333333333334 0.04259259259259259 0.4640625 0.04259259259259259 0.4640625 0.15 0.35833333333333334 0.15
2 0.4041666666666667 0.7907407407407407 0.496875 0.7907407407407407 0.496875 0.8833333333333333 0.4041666666666667 0.8833333333333333
2 0.5328125 0.6648148148148149 0.5947916666666667 0.6648148148148149 0.5947916666666667 0.7268518518518519 0.5328125 0.7268518518518519
2 0.4901041666666667 0.1814814814814815 0.5567708333333333 0.1814814814814815 0.5567708333333333 0.24166666666666667 0.4901041666666667 0.24166666666666667
2 0.22395833333333334 0 0.3489583333333333 0 0.3489583333333333 0.062037037037037036 0.22395833333333334 0.062037037037037036
2 0.6375 0.7055555555555556 0.66875 0.7055555555555556 0.66875 0.7675925925925926 0.6375 0.7675925925925926
2 0.6526041666666667 0.6074074074074074 0.6796875 0.6074074074074074 0.6796875 0.6675925925925926 0.6526041666666667 0.6675925925925926
2 0.534375 0.7814814814814814 0.590625 0.7814814814814814 0.590625 0.8305555555555556 0.534375 0.8305555555555556
2 0.6177083333333333 0.3111111111111111 0.6536458333333334 0.3111111111111111 0.6536458333333334 0.35185185185185186 0.6177083333333333 0.35185185185185186
2 0.5625 0.29074074074074074 0.615625 0.29074074074074074 0.615625 0.3453703703703704 0.5625 0.3453703703703704
2 0.6828125 0.6018518518518519 0.7078125 0.6018518518518519 0.7078125 0.6333333333333333 0.6828125 0.6333333333333333
2 0.5958333333333333 0.3675925925925926 0.6427083333333333 0.3675925925925926 0.6427083333333333 0.41574074074074074 0.5958333333333333 0.41574074074074074
2 0.6083333333333333 0.6111111111111112 0.6458333333333334 0.6111111111111112 0.6458333333333334 0.6518518518518519 0.6083333333333333 0.6518518518518519
2 0.6192708333333333 0.6574074074074074 0.6567708333333333 0.6574074074074074 0.6567708333333333 0.6916666666666667 0.6192708333333333 0.6916666666666667