1 0.56875 0.487962962962963 0.7010416666666667 0.487962962962963 0.7010416666666667 0.6972222222222222 0.56875 0.6972222222222222
1 0.12239583333333333 0.35648148148148145 0.25364583333333335 0.35648148148148145 0.25364583333333335 0.5305555555555556 0.12239583333333333 0.5305555555555556
1 0.36302083333333335 0.387037037037037 0.440625 0.387037037037037 0.440625 0.5259259259259259 0.36302083333333335 0.5259259259259259
1 0.5322916666666667 0.22314814814814815 0.5729166666666666 0.22314814814814815 0.5729166666666666 0.29074074074074074 0.5322916666666667 0.29074074074074074
1 0.315625 0.2111111111111111 0.3692708333333333 0.2111111111111111 0.3692708333333333 0.275 0.315625 0.275
1 0.6385416666666667 0.1648148148148148 0.6838541666666667 0.1648148148148148 0.6838541666666667 0.2074074074074074 0.6385416666666667 0.2074074074074074
1 0.44947916666666665 0.1574074074074074 0.4796875 0.1574074074074074 0.4796875 0.20833333333333334 0.44947916666666665 0.20833333333333334
2 0.27708333333333335 0.45185185185185184 0.31666666666666665 0.45185185185185184 0.31666666666666665 0.5648148148148148 0.27708333333333335 0.5648148148148148
2 0.18177083333333333 0.5268518518518519 0.24010416666666667 0.5268518518518519 0.24010416666666667 0.7314814814814815 0.18177083333333333 0.7314814814814815
2 0.14375 0.5027777777777778 0.18958333333333333 0.5027777777777778 0.18958333333333333 0.6694444444444444 0.14375 0.6694444444444444
2 0.42135416666666664 0.47685185185185186 0.45677083333333335 0.47685185185185186 0.45677083333333335 0.6444444444444445 0.42135416666666664 0.6444444444444445
2 0.3234375 0.3212962962962963 0.34427083333333336 0.3212962962962963 0.34427083333333336 0.4166666666666667 0.3234375 0.4166666666666667
2 0.35052083333333334 0.33796296296296297 0.384375 0.33796296296296297 0.384375 0.44537037037037036 0.35052083333333334 0.44537037037037036
2 0.3385416666666667 0.29074074074074074 0.35104166666666664 0.29074074074074074 0.35104166666666664 0.36018518518518516 0.3385416666666667 0.36018518518518516
2 0.35520833333333335 0.2712962962962963 0.3703125 0.2712962962962963 0.3703125 0.3416666666666667 0.35520833333333335 0.3416666666666667
2 0.37395833333333334 0.2953703703703704 0.390625 0.2953703703703704 0.390625 0.3731481481481482 0.37395833333333334 0.3731481481481482
2 0.36041666666666666 0.21851851851851853 0.3723958333333333 0.21851851851851853 0.3723958333333333 0.2777777777777778 0.36041666666666666 0.2777777777777778
2 0.3692708333333333 0.23148148148148148 0.38333333333333336 0.23148148148148148 0.38333333333333336 0.287962962962963 0.3692708333333333 0.287962962962963
2 0.38177083333333334 0.24166666666666667 0.3984375 0.24166666666666667 0.3984375 0.32592592592592595 0.38177083333333334 0.32592592592592595
2 0.4046875 0.2324074074074074 0.42083333333333334 0.2324074074074074 0.42083333333333334 0.3 0.4046875 0.3
2 0.42083333333333334 0.2518518518518518 0.4317708333333333 0.2518518518518518 0.4317708333333333 0.3314814814814815 0.42083333333333334 0.3314814814814815
2 0.43333333333333335 0.2675925925925926 0.4484375 0.2675925925925926 0.4484375 0.34629629629629627 0.43333333333333335 0.34629629629629627
2 0.4505208333333333 0.24074074074074073 0.4713541666666667 0.24074074074074073 0.4713541666666667 0.31203703703703706 0.4505208333333333 0.31203703703703706
2 0.42239583333333336 0.2 0.43802083333333336 0.2 0.43802083333333336 0.25925925925925924 0.42239583333333336 0.25925925925925924
2 0.4 0.20555555555555555 0.4161458333333333 0.20555555555555555 0.4161458333333333 0.24351851851851852 0.4 0.24351851851851852
2 0.4171875 0.18611111111111112 0.42864583333333334 0.18611111111111112 0.42864583333333334 0.22777777777777777 0.4171875 0.22777777777777777
2 0.40677083333333336 0.16944444444444445 0.4197916666666667 0.16944444444444445 0.4197916666666667 0.20833333333333334 0.40677083333333336 0.20833333333333334
2 0.4270833333333333 0.16203703703703703 0.4354166666666667 0.16203703703703703 0.4354166666666667 0.20092592592592592 0.4270833333333333 0.20092592592592592
2 0.47760416666666666 0.19907407407407407 0.4895833333333333 0.19907407407407407 0.4895833333333333 0.2518518518518518 0.47760416666666666 0.2518518518518518
2 0.4901041666666667 0.20185185185185187 0.5135416666666667 0.20185185185185187 0.5135416666666667 0.2740740740740741 0.4901041666666667 0.2740740740740741
2 0.6036458333333333 0.30462962962962964 0.6307291666666667 0.30462962962962964 0.6307291666666667 0.38796296296296295 0.6036458333333333 0.38796296296296295
2 0.6348958333333333 0.262037037037037 0.6567708333333333 0.262037037037037 0.6567708333333333 0.3490740740740741 0.6348958333333333 0.3490740740740741
2 0.6203125 0.23055555555555557 0.634375 0.23055555555555557 0.634375 0.2916666666666667 0.6203125 0.2916666666666667
2 0.5802083333333333 0.2 0.5932291666666667 0.2 0.5932291666666667 0.2490740740740741 0.5802083333333333 0.2490740740740741
2 0.59375 0.18981481481481483 0.6046875 0.18981481481481483 0.6046875 0.24074074074074073 0.59375 0.24074074074074073
2 0.5765625 0.17685185185185184 0.5869791666666667 0.17685185185185184 0.5869791666666667 0.20925925925925926 0.5765625 0.20925925925925926
2 0.54375 0.15185185185185185 0.5515625 0.15185185185185185 0.5515625 0.1814814814814815 0.54375 0.1814814814814815
2 0.5515625 0.1648148148148148 0.5625 0.1648148148148148 0.5625 0.19537037037037036 0.5515625 0.19537037037037036
2 0.5609375 0.14351851851851852 0.5739583333333333 0.14351851851851852 0.5739583333333333 0.18333333333333332 0.5609375 0.18333333333333332
2 0.5791666666666667 0.14907407407407408 0.590625 0.14907407407407408 0.590625 0.18333333333333332 0.5791666666666667 0.18333333333333332