1 0.31875 0.1824074074074074 0.37552083333333336 0.1824074074074074 0.37552083333333336 0.25 0.31875 0.25
1 0.146875 0.3074074074074074 0.2713541666666667 0.3074074074074074 0.2713541666666667 0.48333333333333334 0.146875 0.48333333333333334
2 0.5380208333333333 0.17222222222222222 0.575 0.17222222222222222 0.575 0.22685185185185186 0.5380208333333333 0.22685185185185186
2 0.7317708333333334 0.3648148148148148 0.7765625 0.3648148148148148 0.7765625 0.4759259259259259 0.7317708333333334 0.4759259259259259
2 0.44375 0.2518518518518518 0.46979166666666666 0.2518518518518518 0.46979166666666666 0.3351851851851852 0.44375 0.3351851851851852
2 0.4453125 0.18703703703703703 0.4635416666666667 0.18703703703703703 0.4635416666666667 0.2388888888888889 0.4453125 0.2388888888888889
2 0.30572916666666666 0.5703703703703704 0.35885416666666664 0.5703703703703704 0.35885416666666664 0.7851851851851852 0.30572916666666666 0.7851851851851852
2 0.5713541666666667 0.14351851851851852 0.5880208333333333 0.14351851851851852 0.5880208333333333 0.18981481481481483 0.5713541666666667 0.18981481481481483
2 0.39479166666666665 0.1824074074074074 0.41302083333333334 0.1824074074074074 0.41302083333333334 0.2324074074074074 0.39479166666666665 0.2324074074074074
2 0.6229166666666667 0.2361111111111111 0.6484375 0.2361111111111111 0.6484375 0.3111111111111111 0.6229166666666667 0.3111111111111111
2 0.4265625 0.15555555555555556 0.440625 0.15555555555555556 0.440625 0.20092592592592592 0.4265625 0.20092592592592592
2 0.3619791666666667 0.2759259259259259 0.39427083333333335 0.2759259259259259 0.39427083333333335 0.362962962962963 0.3619791666666667 0.362962962962963
2 0.3890625 0.6472222222222223 0.4401041666666667 0.6472222222222223 0.4401041666666667 0.8268518518518518 0.3890625 0.8268518518518518
2 0.41354166666666664 0.25833333333333336 0.43697916666666664 0.25833333333333336 0.43697916666666664 0.33425925925925926 0.41354166666666664 0.33425925925925926
2 0.47760416666666666 0.1537037037037037 0.49375 0.1537037037037037 0.49375 0.20092592592592592 0.47760416666666666 0.20092592592592592
2 0.6546875 0.24166666666666667 0.678125 0.24166666666666667 0.678125 0.31203703703703706 0.6546875 0.31203703703703706
2 0.3927083333333333 0.32407407407407407 0.4270833333333333 0.32407407407407407 0.4270833333333333 0.44722222222222224 0.3927083333333333 0.44722222222222224
2 0.5875 0.1287037037037037 0.603125 0.1287037037037037 0.603125 0.17222222222222222 0.5875 0.17222222222222222
2 0.3807291666666667 0.2361111111111111 0.4036458333333333 0.2361111111111111 0.4036458333333333 0.30092592592592593 0.3807291666666667 0.30092592592592593
2 0.6239583333333333 0.1712962962962963 0.6401041666666667 0.1712962962962963 0.6401041666666667 0.22777777777777777 0.6239583333333333 0.22777777777777777
2 0.640625 0.13518518518518519 0.6583333333333333 0.13518518518518519 0.6583333333333333 0.19444444444444445 0.640625 0.19444444444444445