1 0.49895833333333334 0 0.5984375 0 0.5984375 0.09444444444444444 0.49895833333333334 0.09444444444444444
1 0.6463541666666667 0.18518518518518517 0.6817708333333333 0.18518518518518517 0.6817708333333333 0.30648148148148147 0.6463541666666667 0.30648148148148147
1 0.6145833333333334 0.38333333333333336 0.6588541666666666 0.38333333333333336 0.6588541666666666 0.47129629629629627 0.6145833333333334 0.47129629629629627
2 0.21875 0.012962962962962963 0.3125 0.012962962962962963 0.3125 0.1398148148148148 0.21875 0.1398148148148148
2 0.528125 0.825 0.5796875 0.825 0.5796875 0.8916666666666667 0.528125 0.8916666666666667
2 0.3416666666666667 0 0.44947916666666665 0 0.44947916666666665 0.05 0.3416666666666667 0.05
2 0.49895833333333334 0.9222222222222223 0.5619791666666667 0.9222222222222223 0.5619791666666667 0.9962962962962963 0.49895833333333334 0.9962962962962963
2 0.45260416666666664 0.06666666666666667 0.53125 0.06666666666666667 0.53125 0.15648148148148147 0.45260416666666664 0.15648148148148147
2 0.6854166666666667 0.4583333333333333 0.7052083333333333 0.4583333333333333 0.7052083333333333 0.48055555555555557 0.6854166666666667 0.48055555555555557
2 0.37604166666666666 0.1925925925925926 0.46927083333333336 0.1925925925925926 0.46927083333333336 0.29814814814814816 0.37604166666666666 0.29814814814814816
2 0.5932291666666667 0.7972222222222223 0.6395833333333333 0.7972222222222223 0.6395833333333333 0.8555555555555555 0.5932291666666667 0.8555555555555555
2 0.6083333333333333 0.34074074074074073 0.6458333333333334 0.34074074074074073 0.6458333333333334 0.375 0.6083333333333333 0.375
2 0.5651041666666666 0.25092592592592594 0.6119791666666666 0.25092592592592594 0.6119791666666666 0.3 0.5651041666666666 0.3
2 0.5041666666666667 0.32685185185185184 0.5713541666666667 0.32685185185185184 0.5713541666666667 0.3972222222222222 0.5041666666666667 0.3972222222222222
2 0.6619791666666667 0.4222222222222222 0.6838541666666667 0.4222222222222222 0.6838541666666667 0.44722222222222224 0.6619791666666667 0.44722222222222224
2 0.6083333333333333 0.28055555555555556 0.6401041666666667 0.28055555555555556 0.6401041666666667 0.3175925925925926 0.6083333333333333 0.3175925925925926
2 0.6802083333333333 0.3537037037037037 0.7 0.3537037037037037 0.7 0.37777777777777777 0.6802083333333333 0.37777777777777777
2 0.521875 0.15462962962962962 0.5859375 0.15462962962962962 0.5859375 0.21481481481481482 0.521875 0.21481481481481482
2 0.6822916666666666 0.6953703703703704 0.7046875 0.6953703703703704 0.7046875 0.7222222222222222 0.6822916666666666 0.7222222222222222
2 0.6817708333333333 0.42962962962962964 0.703125 0.42962962962962964 0.703125 0.4546296296296296 0.6817708333333333 0.4546296296296296
2 0.6901041666666666 0.6361111111111111 0.7104166666666667 0.6361111111111111 0.7104166666666667 0.6657407407407407 0.6901041666666666 0.6657407407407407
2 0.6588541666666666 0.4935185185185185 0.6838541666666667 0.4935185185185185 0.6838541666666667 0.5194444444444445 0.6588541666666666 0.5194444444444445
2 0.6041666666666666 0.725925925925926 0.6557291666666667 0.725925925925926 0.6557291666666667 0.7564814814814815 0.6041666666666666 0.7564814814814815