1 0.14479166666666668 0.31851851851851853 0.2703125 0.31851851851851853 0.2703125 0.4898148148148148 0.14479166666666668 0.4898148148148148
1 0.32135416666666666 0.45925925925925926 0.44375 0.45925925925925926 0.44375 0.6657407407407407 0.32135416666666666 0.6657407407407407
1 0.3203125 0.17685185185185184 0.384375 0.17685185185185184 0.384375 0.2388888888888889 0.3203125 0.2388888888888889
2 0.010416666666666666 0.7037037037037037 0.0921875 0.7037037037037037 0.0921875 0.9333333333333333 0.010416666666666666 0.9333333333333333
2 0.6604166666666667 0.3416666666666667 0.6942708333333333 0.3416666666666667 0.6942708333333333 0.4324074074074074 0.6604166666666667 0.4324074074074074
2 0.625 0.26666666666666666 0.6515625 0.26666666666666666 0.6515625 0.35 0.625 0.35
2 0.3453125 0.2972222222222222 0.37552083333333336 0.2972222222222222 0.37552083333333336 0.39351851851851855 0.3453125 0.39351851851851855
2 0.5109375 0.18518518518518517 0.5427083333333333 0.18518518518518517 0.5427083333333333 0.25 0.5109375 0.25
2 0.12604166666666666 0.7388888888888889 0.20052083333333334 0.7388888888888889 0.20052083333333334 0.9657407407407408 0.12604166666666666 0.9657407407407408
2 0.45729166666666665 0.2101851851851852 0.4796875 0.2101851851851852 0.4796875 0.28703703703703703 0.45729166666666665 0.28703703703703703
2 0.3802083333333333 0.3296296296296296 0.4109375 0.3296296296296296 0.4109375 0.42592592592592593 0.3802083333333333 0.42592592592592593
2 0.3078125 0.3824074074074074 0.3421875 0.3824074074074074 0.3421875 0.4925925925925926 0.3078125 0.4925925925925926
2 0.1796875 0.5703703703703704 0.23229166666666667 0.5703703703703704 0.23229166666666667 0.7138888888888889 0.1796875 0.7138888888888889
2 0.6651041666666667 0.24351851851851852 0.690625 0.24351851851851852 0.690625 0.3175925925925926 0.6651041666666667 0.3175925925925926
2 0.625 0.3861111111111111 0.6598958333333333 0.3861111111111111 0.6598958333333333 0.49722222222222223 0.625 0.49722222222222223
2 0.5859375 0.14444444444444443 0.603125 0.14444444444444443 0.603125 0.1925925925925926 0.5859375 0.1925925925925926
2 0.4875 0.14444444444444443 0.5036458333333333 0.14444444444444443 0.5036458333333333 0.18888888888888888 0.4875 0.18888888888888888
2 0.4317708333333333 0.2388888888888889 0.4552083333333333 0.2388888888888889 0.4552083333333333 0.32037037037037036 0.4317708333333333 0.32037037037037036
2 0.4270833333333333 0.18981481481481483 0.4479166666666667 0.18981481481481483 0.4479166666666667 0.23981481481481481 0.4270833333333333 0.23981481481481481
2 0.6125 0.14814814814814814 0.6296875 0.14814814814814814 0.6296875 0.1962962962962963 0.6125 0.1962962962962963
2 0.38697916666666665 0.23148148148148148 0.4015625 0.23148148148148148 0.4015625 0.325 0.38697916666666665 0.325