1 0.5046875 0 0.6026041666666667 0 0.6026041666666667 0.09444444444444444 0.5046875 0.09444444444444444
1 0.46875 0.25 0.5614583333333333 0.25 0.5614583333333333 0.42592592592592593 0.46875 0.42592592592592593
2 0.3697916666666667 0 0.44427083333333334 0 0.44427083333333334 0.06018518518518518 0.3697916666666667 0.06018518518518518
2 0.5848958333333333 0.25925925925925924 0.6291666666666667 0.25925925925925924 0.6291666666666667 0.30925925925925923 0.5848958333333333 0.30925925925925923
2 0.5510416666666667 0.7435185185185185 0.6020833333333333 0.7435185185185185 0.6020833333333333 0.7962962962962963 0.5510416666666667 0.7962962962962963
2 0.4875 0.8388888888888889 0.553125 0.8388888888888889 0.553125 0.9138888888888889 0.4875 0.9138888888888889
2 0.540625 0.20833333333333334 0.5911458333333334 0.20833333333333334 0.5911458333333334 0.26481481481481484 0.540625 0.26481481481481484
1 0.6458333333333334 0.18055555555555555 0.6817708333333333 0.18055555555555555 0.6817708333333333 0.2916666666666667 0.6458333333333334 0.2916666666666667
2 0.584375 0.8324074074074074 0.6276041666666666 0.8324074074074074 0.6276041666666666 0.8833333333333333 0.584375 0.8833333333333333
2 0.4192708333333333 0.7537037037037037 0.5015625 0.7537037037037037 0.5015625 0.837037037037037 0.4192708333333333 0.837037037037037
2 0.571875 0.325 0.6171875 0.325 0.6171875 0.37592592592592594 0.571875 0.37592592592592594
2 0.6380208333333334 0.4324074074074074 0.671875 0.4324074074074074 0.671875 0.46296296296296297 0.6380208333333334 0.46296296296296297
2 0.45 0.016666666666666666 0.5125 0.016666666666666666 0.5125 0.10092592592592593 0.45 0.10092592592592593
2 0.659375 0.7175925925925926 0.6890625 0.7175925925925926 0.6890625 0.7490740740740741 0.659375 0.7490740740740741
2 0.6802083333333333 0.4842592592592593 0.7046875 0.4842592592592593 0.7046875 0.5092592592592593 0.6802083333333333 0.5092592592592593
2 0.6614583333333334 0.6685185185185185 0.684375 0.6685185185185185 0.684375 0.6962962962962963 0.6614583333333334 0.6962962962962963
2 0.6546875 0.375 0.6791666666666667 0.375 0.6791666666666667 0.4064814814814815 0.6546875 0.4064814814814815