1 0.39739583333333334 0.9064814814814814 0.49375 0.9064814814814814 0.49375 1 0.39739583333333334 1
1 0.459375 0.5879629629629629 0.5614583333333333 0.5879629629629629 0.5614583333333333 0.7805555555555556 0.459375 0.7805555555555556
2 0.36302083333333335 0.13703703703703704 0.40520833333333334 0.13703703703703704 0.40520833333333334 0.18518518518518517 0.36302083333333335 0.18518518518518517
2 0.5166666666666667 0.9388888888888889 0.5817708333333333 0.9388888888888889 0.5817708333333333 1 0.5166666666666667 1
2 0.4270833333333333 0.12037037037037036 0.48333333333333334 0.12037037037037036 0.48333333333333334 0.18333333333333332 0.4270833333333333 0.18333333333333332
2 0.42083333333333334 0.7555555555555555 0.47552083333333334 0.7555555555555555 0.47552083333333334 0.8148148148148148 0.42083333333333334 0.8148148148148148
2 0.3828125 0.2175925925925926 0.4328125 0.2175925925925926 0.4328125 0.26851851851851855 0.3828125 0.26851851851851855
2 0.39114583333333336 0.6416666666666667 0.440625 0.6416666666666667 0.440625 0.6953703703703704 0.39114583333333336 0.6953703703703704
2 0.4635416666666667 0.1925925925925926 0.5369791666666667 0.1925925925925926 0.5369791666666667 0.2675925925925926 0.4635416666666667 0.2675925925925926
1 0.3182291666666667 0.7092592592592593 0.3536458333333333 0.7092592592592593 0.3536458333333333 0.8203703703703704 0.3182291666666667 0.8203703703703704
2 0.3765625 0.7055555555555556 0.4244791666666667 0.7055555555555556 0.4244791666666667 0.7546296296296297 0.3765625 0.7546296296296297
2 0.3333333333333333 0.5370370370370371 0.37083333333333335 0.5370370370370371 0.37083333333333335 0.5703703703703704 0.3333333333333333 0.5703703703703704
2 0.6786458333333333 0.8898148148148148 0.7802083333333333 0.8898148148148148 0.7802083333333333 1 0.6786458333333333 1
2 0.30833333333333335 0.31296296296296294 0.3328125 0.31296296296296294 0.3328125 0.3416666666666667 0.30833333333333335 0.3416666666666667
2 0.32395833333333335 0.5907407407407408 0.35208333333333336 0.5907407407407408 0.35208333333333336 0.6259259259259259 0.32395833333333335 0.6259259259259259
2 0.29270833333333335 0.5814814814814815 0.3151041666666667 0.5814814814814815 0.3151041666666667 0.6064814814814815 0.29270833333333335 0.6064814814814815
2 0.30572916666666666 0.262037037037037 0.3338541666666667 0.262037037037037 0.3338541666666667 0.29074074074074074 0.30572916666666666 0.29074074074074074
2 0.296875 0.4925925925925926 0.3223958333333333 0.4925925925925926 0.3223958333333333 0.5203703703703704 0.296875 0.5203703703703704