1 0.4046875 0.9148148148148149 0.5041666666666667 0.9148148148148149 0.5041666666666667 1 0.4046875 1
1 0.5390625 0.6083333333333333 0.7348958333333333 0.6083333333333333 0.7348958333333333 0.8768518518518519 0.5390625 0.8768518518518519
1 0.321875 0.6944444444444444 0.3578125 0.6944444444444444 0.3578125 0.7972222222222223 0.321875 0.7972222222222223
1 0.29270833333333335 0.12962962962962962 0.3171875 0.12962962962962962 0.3171875 0.21481481481481482 0.29270833333333335 0.21481481481481482
1 0.2864583333333333 0.37037037037037035 0.309375 0.37037037037037035 0.309375 0.4212962962962963 0.2864583333333333 0.4212962962962963
2 0.403125 0.12407407407407407 0.4671875 0.12407407407407407 0.4671875 0.17962962962962964 0.403125 0.17962962962962964
2 0.45208333333333334 0.8907407407407407 0.5359375 0.8907407407407407 0.5359375 0.9592592592592593 0.45208333333333334 0.9592592592592593
2 0.475 0.8055555555555556 0.565625 0.8055555555555556 0.565625 0.862037037037037 0.475 0.862037037037037
2 0.37916666666666665 0.75 0.44427083333333334 0.75 0.44427083333333334 0.7916666666666666 0.37916666666666665 0.7916666666666666
2 0.4005208333333333 0.6222222222222222 0.4510416666666667 0.6222222222222222 0.4510416666666667 0.6611111111111111 0.4005208333333333 0.6611111111111111
2 0.3697916666666667 0.6685185185185185 0.4197916666666667 0.6685185185185185 0.4197916666666667 0.6935185185185185 0.3697916666666667 0.6935185185185185
2 0.346875 0.6898148148148148 0.3848958333333333 0.6898148148148148 0.3848958333333333 0.7166666666666667 0.346875 0.7166666666666667
2 0.36354166666666665 0.5935185185185186 0.4078125 0.5935185185185186 0.4078125 0.6324074074074074 0.36354166666666665 0.6324074074074074
2 0.35208333333333336 0.17037037037037037 0.39427083333333335 0.17037037037037037 0.39427083333333335 0.2101851851851852 0.35208333333333336 0.2101851851851852
2 0.3255208333333333 0.2324074074074074 0.35520833333333335 0.2324074074074074 0.35520833333333335 0.262037037037037 0.3255208333333333 0.262037037037037
2 0.3203125 0.3296296296296296 0.35208333333333336 0.3296296296296296 0.35208333333333336 0.3861111111111111 0.3203125 0.3861111111111111
2 0.31354166666666666 0.5018518518518519 0.340625 0.5018518518518519 0.340625 0.5296296296296297 0.31354166666666666 0.5296296296296297
2 0.31145833333333334 0.5462962962962963 0.3385416666666667 0.5462962962962963 0.3385416666666667 0.5703703703703704 0.31145833333333334 0.5703703703703704
2 0.3234375 0.5888888888888889 0.3578125 0.5888888888888889 0.3578125 0.6074074074074074 0.3234375 0.6074074074074074
2 0.32135416666666666 0.6212962962962963 0.3489583333333333 0.6212962962962963 0.3489583333333333 0.65 0.32135416666666666 0.65
2 0.3015625 0.6509259259259259 0.3229166666666667 0.6509259259259259 0.3229166666666667 0.6694444444444444 0.3015625 0.6694444444444444
2 0.3 0.6277777777777778 0.321875 0.6277777777777778 0.321875 0.637962962962963 0.3 0.637962962962963
2 0.30416666666666664 0.6046296296296296 0.3296875 0.6046296296296296 0.3296875 0.6231481481481481 0.30416666666666664 0.6231481481481481
2 0.29322916666666665 0.5944444444444444 0.3151041666666667 0.5944444444444444 0.3151041666666667 0.6046296296296296 0.29322916666666665 0.6046296296296296
2 0.29322916666666665 0.5694444444444444 0.3171875 0.5694444444444444 0.3171875 0.587037037037037 0.29322916666666665 0.587037037037037
2 0.29375 0.5055555555555555 0.315625 0.5055555555555555 0.315625 0.5185185185185185 0.29375 0.5185185185185185
2 0.290625 0.5574074074074075 0.3125 0.5574074074074075 0.3125 0.5685185185185185 0.290625 0.5685185185185185
2 0.2869791666666667 0.5305555555555556 0.3109375 0.5305555555555556 0.3109375 0.5407407407407407 0.2869791666666667 0.5407407407407407
2 0.2833333333333333 0.33425925925925926 0.3067708333333333 0.33425925925925926 0.3067708333333333 0.3490740740740741 0.2833333333333333 0.3490740740740741