1 0.14739583333333334 0.31851851851851853 0.27291666666666664 0.31851851851851853 0.27291666666666664 0.49722222222222223 0.14739583333333334 0.49722222222222223
1 0.3359375 0.175 0.396875 0.175 0.396875 0.2388888888888889 0.3359375 0.2388888888888889
1 0.6291666666666667 0.12314814814814815 0.6838541666666667 0.12314814814814815 0.6838541666666667 0.1648148148148148 0.6291666666666667 0.1648148148148148
1 0.47708333333333336 0.1111111111111111 0.5046875 0.1111111111111111 0.5046875 0.1537037037037037 0.47708333333333336 0.1537037037037037
2 0.19583333333333333 0.5351851851851852 0.23385416666666667 0.5351851851851852 0.23385416666666667 0.7018518518518518 0.19583333333333333 0.7018518518518518
2 0.284375 0.5046296296296297 0.30885416666666665 0.5046296296296297 0.30885416666666665 0.662962962962963 0.284375 0.662962962962963
2 0.29322916666666665 0.37777777777777777 0.32447916666666665 0.37777777777777777 0.32447916666666665 0.4898148148148148 0.29322916666666665 0.4898148148148148
2 0.35052083333333334 0.4675925925925926 0.3963541666666667 0.4675925925925926 0.3963541666666667 0.662962962962963 0.35052083333333334 0.662962962962963
2 0.36770833333333336 0.30833333333333335 0.39166666666666666 0.30833333333333335 0.39166666666666666 0.4101851851851852 0.36770833333333336 0.4101851851851852
2 0.3807291666666667 0.25277777777777777 0.4 0.25277777777777777 0.4 0.3277777777777778 0.3807291666666667 0.3277777777777778
2 0.4109375 0.25555555555555554 0.4296875 0.25555555555555554 0.4296875 0.3388888888888889 0.4109375 0.3388888888888889
2 0.39739583333333334 0.21944444444444444 0.41458333333333336 0.21944444444444444 0.41458333333333336 0.2722222222222222 0.39739583333333334 0.2722222222222222
2 0.44479166666666664 0.2796296296296296 0.4583333333333333 0.2796296296296296 0.4583333333333333 0.3731481481481482 0.44479166666666664 0.3731481481481482
2 0.43645833333333334 0.2074074074074074 0.4479166666666667 0.2074074074074074 0.4479166666666667 0.2638888888888889 0.43645833333333334 0.2638888888888889
2 0.478125 0.20185185185185187 0.49114583333333334 0.20185185185185187 0.49114583333333334 0.2611111111111111 0.478125 0.2611111111111111
2 0.5854166666666667 0.16111111111111112 0.6026041666666667 0.16111111111111112 0.6026041666666667 0.2064814814814815 0.5854166666666667 0.2064814814814815
2 0.6036458333333333 0.13240740740740742 0.6119791666666666 0.13240740740740742 0.6119791666666666 0.1685185185185185 0.6036458333333333 0.1685185185185185
2 0.6109375 0.16203703703703703 0.6244791666666667 0.16203703703703703 0.6244791666666667 0.2074074074074074 0.6109375 0.2074074074074074
2 0.6484375 0.18796296296296297 0.6619791666666667 0.18796296296296297 0.6619791666666667 0.24444444444444444 0.6484375 0.24444444444444444
2 0.6255208333333333 0.20462962962962963 0.6411458333333333 0.20462962962962963 0.6411458333333333 0.26944444444444443 0.6255208333333333 0.26944444444444443
2 0.39166666666666666 0.1925925925925926 0.39947916666666666 0.1925925925925926 0.39947916666666666 0.2388888888888889 0.39166666666666666 0.2388888888888889
2 0.4015625 0.16666666666666666 0.41041666666666665 0.16666666666666666 0.41041666666666665 0.20925925925925926 0.4015625 0.20925925925925926
2 0.41302083333333334 0.16018518518518518 0.4234375 0.16018518518518518 0.4234375 0.2064814814814815 0.41302083333333334 0.2064814814814815
2 0.43020833333333336 0.1638888888888889 0.4354166666666667 0.1638888888888889 0.4354166666666667 0.1935185185185185 0.43020833333333336 0.1935185185185185
2 0.4322916666666667 0.18333333333333332 0.4421875 0.18333333333333332 0.4421875 0.22314814814814815 0.4322916666666667 0.22314814814814815
2 0.44635416666666666 0.17037037037037037 0.4557291666666667 0.17037037037037037 0.4557291666666667 0.2064814814814815 0.44635416666666666 0.2064814814814815
2 0.459375 0.16111111111111112 0.46875 0.16111111111111112 0.46875 0.19814814814814816 0.459375 0.19814814814814816
2 0.4786458333333333 0.15833333333333333 0.48802083333333335 0.15833333333333333 0.48802083333333335 0.1962962962962963 0.4786458333333333 0.1962962962962963
2 0.446875 0.14074074074074075 0.45260416666666664 0.14074074074074075 0.45260416666666664 0.1712962962962963 0.446875 0.1712962962962963
2 0.46510416666666665 0.13055555555555556 0.47604166666666664 0.13055555555555556 0.47604166666666664 0.1675925925925926 0.46510416666666665 0.1675925925925926