1 0.41822916666666665 0.9361111111111111 0.5177083333333333 0.9361111111111111 0.5177083333333333 1 0.41822916666666665 1
1 0.46458333333333335 0.18888888888888888 0.5630208333333333 0.18888888888888888 0.5630208333333333 0.38333333333333336 0.46458333333333335 0.38333333333333336
1 0.45729166666666665 0.6083333333333333 0.5473958333333333 0.6083333333333333 0.5473958333333333 0.7694444444444445 0.45729166666666665 0.7694444444444445
1 0.33958333333333335 0.3768518518518518 0.37447916666666664 0.3768518518518518 0.37447916666666664 0.44074074074074077 0.33958333333333335 0.44074074074074077
1 0.3359375 0.7388888888888889 0.3723958333333333 0.7388888888888889 0.3723958333333333 0.825925925925926 0.3359375 0.825925925925926
1 0.3109375 0.1638888888888889 0.3328125 0.1638888888888889 0.3328125 0.2537037037037037 0.3109375 0.2537037037037037
1 0.30885416666666665 0.5425925925925926 0.3390625 0.5425925925925926 0.3390625 0.6 0.30885416666666665 0.6
2 0.515625 0.8666666666666667 0.5776041666666667 0.8666666666666667 0.5776041666666667 0.9462962962962963 0.515625 0.9462962962962963
2 0.5239583333333333 0.5898148148148148 0.6328125 0.5898148148148148 0.6328125 0.6620370370370371 0.5239583333333333 0.6620370370370371
2 0.37395833333333334 0.2851851851851852 0.4328125 0.2851851851851852 0.4328125 0.32592592592592595 0.37395833333333334 0.32592592592592595
2 0.35625 0.24814814814814815 0.40208333333333335 0.24814814814814815 0.40208333333333335 0.26944444444444443 0.35625 0.26944444444444443
2 0.3375 0.26851851851851855 0.375 0.26851851851851855 0.375 0.2953703703703704 0.3375 0.2953703703703704
2 0.321875 0.337037037037037 0.3541666666666667 0.337037037037037 0.3541666666666667 0.37037037037037035 0.321875 0.37037037037037035
2 0.3177083333333333 0.3194444444444444 0.3484375 0.3194444444444444 0.3484375 0.3509259259259259 0.3177083333333333 0.3509259259259259
2 0.3328125 0.5148148148148148 0.35833333333333334 0.5148148148148148 0.35833333333333334 0.5361111111111111 0.3328125 0.5361111111111111
2 0.3359375 0.4787037037037037 0.36822916666666666 0.4787037037037037 0.36822916666666666 0.5166666666666667 0.3359375 0.5166666666666667
2 0.37604166666666666 0.5990740740740741 0.42552083333333335 0.5990740740740741 0.42552083333333335 0.6314814814814815 0.37604166666666666 0.6314814814814815
2 0.3572916666666667 0.5453703703703704 0.4078125 0.5453703703703704 0.4078125 0.5814814814814815 0.3572916666666667 0.5814814814814815
2 0.3963541666666667 0.7138888888888889 0.446875 0.7138888888888889 0.446875 0.7398148148148148 0.3963541666666667 0.7398148148148148
2 0.4239583333333333 0.7462962962962963 0.4890625 0.7462962962962963 0.4890625 0.7796296296296297 0.4239583333333333 0.7796296296296297
2 0.4046875 0.7962962962962963 0.4625 0.7962962962962963 0.4625 0.8425925925925926 0.4046875 0.8425925925925926
2 0.3859375 0.7796296296296297 0.43697916666666664 0.7796296296296297 0.43697916666666664 0.8277777777777777 0.3859375 0.8277777777777777
2 0.3489583333333333 0.7314814814814815 0.38125 0.7314814814814815 0.38125 0.7564814814814815 0.3489583333333333 0.7564814814814815
2 0.37916666666666665 0.7388888888888889 0.41770833333333335 0.7388888888888889 0.41770833333333335 0.7759259259259259 0.37916666666666665 0.7759259259259259
2 0.3645833333333333 0.6796296296296296 0.4125 0.6796296296296296 0.4125 0.7175925925925926 0.3645833333333333 0.7175925925925926
2 0.3541666666666667 0.7111111111111111 0.3953125 0.7111111111111111 0.3953125 0.7472222222222222 0.3541666666666667 0.7472222222222222
2 0.3697916666666667 0.6388888888888888 0.41302083333333334 0.6388888888888888 0.41302083333333334 0.6638888888888889 0.3697916666666667 0.6638888888888889
2 0.3536458333333333 0.6444444444444445 0.3875 0.6444444444444445 0.3875 0.6805555555555556 0.3536458333333333 0.6805555555555556
2 0.33697916666666666 0.600925925925926 0.36614583333333334 0.600925925925926 0.36614583333333334 0.6333333333333333 0.33697916666666666 0.6333333333333333
2 0.3380208333333333 0.6462962962962963 0.36875 0.6462962962962963 0.36875 0.6787037037037037 0.3380208333333333 0.6787037037037037
2 0.3260416666666667 0.6287037037037037 0.35208333333333336 0.6287037037037037 0.35208333333333336 0.6481481481481481 0.3260416666666667 0.6481481481481481