1 0.146875 0.31851851851851853 0.2734375 0.31851851851851853 0.2734375 0.4981481481481482 0.146875 0.4981481481481482
1 0.3338541666666667 0.17777777777777778 0.3890625 0.17777777777777778 0.3890625 0.24259259259259258 0.3338541666666667 0.24259259259259258
1 0.4739583333333333 0.11296296296296296 0.5036458333333333 0.11296296296296296 0.5036458333333333 0.15833333333333333 0.4739583333333333 0.15833333333333333
1 0.6208333333333333 0.12129629629629629 0.6739583333333333 0.12129629629629629 0.6739583333333333 0.1648148148148148 0.6208333333333333 0.1648148148148148
2 0.12552083333333333 0.5953703703703703 0.1921875 0.5953703703703703 0.1921875 0.8629629629629629 0.12552083333333333 0.8629629629629629
2 0.228125 0.5935185185185186 0.2828125 0.5935185185185186 0.2828125 0.8185185185185185 0.228125 0.8185185185185185
2 0.315625 0.5537037037037037 0.37447916666666664 0.5537037037037037 0.37447916666666664 0.7648148148148148 0.315625 0.7648148148148148
2 0.2604166666666667 0.41944444444444445 0.2984375 0.41944444444444445 0.2984375 0.5685185185185185 0.2604166666666667 0.5685185185185185
2 0.34791666666666665 0.3435185185185185 0.3807291666666667 0.3435185185185185 0.3807291666666667 0.46944444444444444 0.34791666666666665 0.46944444444444444
2 0.43072916666666666 0.3175925925925926 0.44583333333333336 0.3175925925925926 0.44583333333333336 0.4185185185185185 0.43072916666666666 0.4185185185185185
2 0.44166666666666665 0.2722222222222222 0.4625 0.2722222222222222 0.4625 0.34629629629629627 0.44166666666666665 0.34629629629629627
2 0.4005208333333333 0.28055555555555556 0.4197916666666667 0.28055555555555556 0.4197916666666667 0.37037037037037035 0.4005208333333333 0.37037037037037035
2 0.36614583333333334 0.27870370370370373 0.390625 0.27870370370370373 0.390625 0.36666666666666664 0.36614583333333334 0.36666666666666664
2 0.38697916666666665 0.23703703703703705 0.4010416666666667 0.23703703703703705 0.4010416666666667 0.30092592592592593 0.38697916666666665 0.30092592592592593
2 0.38177083333333334 0.2064814814814815 0.3953125 0.2064814814814815 0.3953125 0.25833333333333336 0.38177083333333334 0.25833333333333336
2 0.47760416666666666 0.21203703703703702 0.49114583333333334 0.21203703703703702 0.49114583333333334 0.2796296296296296 0.47760416666666666 0.2796296296296296
2 0.42864583333333334 0.21851851851851853 0.440625 0.21851851851851853 0.440625 0.2824074074074074 0.42864583333333334 0.2824074074074074
2 0.39791666666666664 0.1712962962962963 0.40625 0.1712962962962963 0.40625 0.22777777777777777 0.39791666666666664 0.22777777777777777
2 0.4119791666666667 0.16111111111111112 0.42135416666666664 0.16111111111111112 0.42135416666666664 0.21388888888888888 0.4119791666666667 0.21388888888888888
2 0.43854166666666666 0.17962962962962964 0.44895833333333335 0.17962962962962964 0.44895833333333335 0.22685185185185186 0.43854166666666666 0.22685185185185186
2 0.4265625 0.1685185185185185 0.434375 0.1685185185185185 0.434375 0.2037037037037037 0.4265625 0.2037037037037037
2 0.45989583333333334 0.16574074074074074 0.471875 0.16574074074074074 0.471875 0.22407407407407406 0.45989583333333334 0.22407407407407406
2 0.47552083333333334 0.16296296296296298 0.48489583333333336 0.16296296296296298 0.48489583333333336 0.21203703703703702 0.47552083333333334 0.21203703703703702
2 0.4666666666666667 0.13796296296296295 0.4744791666666667 0.13796296296296295 0.4744791666666667 0.17685185185185184 0.4666666666666667 0.17685185185185184
2 0.446875 0.14074074074074075 0.4546875 0.14074074074074075 0.4546875 0.18796296296296297 0.446875 0.18796296296296297
2 0.46041666666666664 0.11388888888888889 0.46875 0.11388888888888889 0.46875 0.14814814814814814 0.46041666666666664 0.14814814814814814
2 0.44479166666666664 0.10740740740740741 0.453125 0.10740740740740741 0.453125 0.13425925925925927 0.44479166666666664 0.13425925925925927
2 0.5 0.10185185185185185 0.5088541666666667 0.10185185185185185 0.5088541666666667 0.1388888888888889 0.5 0.1388888888888889
2 0.5885416666666666 0.1537037037037037 0.6015625 0.1537037037037037 0.6015625 0.20925925925925926 0.5885416666666666 0.20925925925925926
2 0.5989583333333334 0.12129629629629629 0.6083333333333333 0.12129629629629629 0.6083333333333333 0.16574074074074074 0.5989583333333334 0.16574074074074074
2 0.6177083333333333 0.19722222222222222 0.6296875 0.19722222222222222 0.6296875 0.25925925925925924 0.6177083333333333 0.25925925925925924
2 0.6151041666666667 0.1527777777777778 0.6270833333333333 0.1527777777777778 0.6270833333333333 0.20092592592592592 0.6151041666666667 0.20092592592592592