1 0.14635416666666667 0.3287037037037037 0.26875 0.3287037037037037 0.26875 0.5083333333333333 0.14635416666666667 0.5083333333333333
1 0.33177083333333335 0.17962962962962964 0.390625 0.17962962962962964 0.390625 0.24259259259259258 0.33177083333333335 0.24259259259259258
1 0.5427083333333333 0.11018518518518519 0.5708333333333333 0.11018518518518519 0.5708333333333333 0.1537037037037037 0.5427083333333333 0.1537037037037037
1 0.6447916666666667 0.11666666666666667 0.7130208333333333 0.11666666666666667 0.7130208333333333 0.1814814814814815 0.6447916666666667 0.1814814814814815
2 0.1515625 0.5546296296296296 0.19635416666666666 0.5546296296296296 0.19635416666666666 0.7611111111111111 0.1515625 0.7611111111111111
2 0.10364583333333334 0.812962962962963 0.178125 0.812962962962963 0.178125 0.9935185185185185 0.10364583333333334 0.9935185185185185
2 0.2828125 0.37222222222222223 0.321875 0.37222222222222223 0.321875 0.5018518518518519 0.2828125 0.5018518518518519
2 0.3380208333333333 0.47314814814814815 0.3729166666666667 0.47314814814814815 0.3729166666666667 0.6361111111111111 0.3380208333333333 0.6361111111111111
2 0.35625 0.35462962962962963 0.3854166666666667 0.35462962962962963 0.3854166666666667 0.45185185185185184 0.35625 0.45185185185185184
2 0.34791666666666665 0.2814814814814815 0.36614583333333334 0.2814814814814815 0.36614583333333334 0.36944444444444446 0.34791666666666665 0.36944444444444446
2 0.4 0.3435185185185185 0.42916666666666664 0.3435185185185185 0.42916666666666664 0.4546296296296296 0.4 0.4546296296296296
2 0.39947916666666666 0.21666666666666667 0.4161458333333333 0.21666666666666667 0.4161458333333333 0.2851851851851852 0.39947916666666666 0.2851851851851852
2 0.41510416666666666 0.22777777777777777 0.4317708333333333 0.22777777777777777 0.4317708333333333 0.31574074074074077 0.41510416666666666 0.31574074074074077
2 0.43072916666666666 0.20185185185185187 0.440625 0.20185185185185187 0.440625 0.27037037037037037 0.43072916666666666 0.27037037037037037
2 0.45416666666666666 0.19907407407407407 0.4671875 0.19907407407407407 0.4671875 0.2712962962962963 0.45416666666666666 0.2712962962962963
2 0.4703125 0.2111111111111111 0.48541666666666666 0.2111111111111111 0.48541666666666666 0.2824074074074074 0.4703125 0.2824074074074074
2 0.5729166666666666 0.17222222222222222 0.5890625 0.17222222222222222 0.5890625 0.23148148148148148 0.5729166666666666 0.23148148148148148
2 0.5958333333333333 0.17314814814814813 0.6083333333333333 0.17314814814814813 0.6083333333333333 0.23055555555555557 0.5958333333333333 0.23055555555555557
2 0.6145833333333334 0.15925925925925927 0.6286458333333333 0.15925925925925927 0.6286458333333333 0.20925925925925926 0.6145833333333334 0.20925925925925926
2 0.6463541666666667 0.2111111111111111 0.6677083333333333 0.2111111111111111 0.6677083333333333 0.2638888888888889 0.6463541666666667 0.2638888888888889
2 0.6427083333333333 0.2611111111111111 0.6697916666666667 0.2611111111111111 0.6697916666666667 0.3611111111111111 0.6427083333333333 0.3611111111111111
2 0.40572916666666664 0.1527777777777778 0.4114583333333333 0.1527777777777778 0.4114583333333333 0.19537037037037036 0.40572916666666664 0.19537037037037036
2 0.409375 0.1638888888888889 0.41770833333333335 0.1638888888888889 0.41770833333333335 0.21388888888888888 0.409375 0.21388888888888888
2 0.41510416666666666 0.17314814814814813 0.4276041666666667 0.17314814814814813 0.4276041666666667 0.22962962962962963 0.41510416666666666 0.22962962962962963
2 0.44479166666666664 0.15555555555555556 0.4510416666666667 0.15555555555555556 0.4510416666666667 0.19907407407407407 0.44479166666666664 0.19907407407407407
2 0.4505208333333333 0.16944444444444445 0.4625 0.16944444444444445 0.4625 0.21944444444444444 0.4505208333333333 0.21944444444444444
2 0.4817708333333333 0.16203703703703703 0.4979166666666667 0.16203703703703703 0.4979166666666667 0.2064814814814815 0.4817708333333333 0.2064814814814815
2 0.47708333333333336 0.13796296296296295 0.48854166666666665 0.13796296296296295 0.48854166666666665 0.17222222222222222 0.47708333333333336 0.17222222222222222
2 0.4609375 0.13796296296296295 0.46979166666666666 0.13796296296296295 0.46979166666666666 0.17592592592592593 0.4609375 0.17592592592592593
2 0.46458333333333335 0.1175925925925926 0.4744791666666667 0.1175925925925926 0.4744791666666667 0.15555555555555556 0.46458333333333335 0.15555555555555556
2 0.43645833333333334 0.14629629629629629 0.44166666666666665 0.14629629629629629 0.44166666666666665 0.19537037037037036 0.43645833333333334 0.19537037037037036
2 0.4453125 0.12962962962962962 0.45364583333333336 0.12962962962962962 0.45364583333333336 0.16203703703703703 0.4453125 0.16203703703703703