1 0.31354166666666666 0.5287037037037037 0.4484375 0.5287037037037037 0.4484375 0.825925925925926 0.31354166666666666 0.825925925925926
1 0.14114583333333333 0.32592592592592595 0.2671875 0.32592592592592595 0.2671875 0.5018518518518519 0.14114583333333333 0.5018518518518519
1 0.3328125 0.18333333333333332 0.39010416666666664 0.18333333333333332 0.39010416666666664 0.2462962962962963 0.3328125 0.2462962962962963
2 0.075 0.75 0.1375 0.75 0.1375 1 0.075 1
2 0.6932291666666667 0.35 0.7208333333333333 0.35 0.7208333333333333 0.4648148148148148 0.6932291666666667 0.4648148148148148
2 0.6723958333333333 0.25555555555555554 0.6869791666666667 0.25555555555555554 0.6869791666666667 0.33425925925925926 0.6723958333333333 0.33425925925925926
2 0.6401041666666667 0.19444444444444445 0.6552083333333333 0.19444444444444445 0.6552083333333333 0.25833333333333336 0.6401041666666667 0.25833333333333336
2 0.2630208333333333 0.3925925925925926 0.2916666666666667 0.3925925925925926 0.2916666666666667 0.5342592592592592 0.2630208333333333 0.5342592592592592
2 0.3125 0.4351851851851852 0.3411458333333333 0.4351851851851852 0.3411458333333333 0.5824074074074074 0.3125 0.5824074074074074
2 0.3385416666666667 0.2740740740740741 0.3640625 0.2740740740740741 0.3640625 0.37777777777777777 0.3385416666666667 0.37777777777777777
2 0.3953125 0.25833333333333336 0.41354166666666664 0.25833333333333336 0.41354166666666664 0.3425925925925926 0.3953125 0.3425925925925926
2 0.4161458333333333 0.30833333333333335 0.43385416666666665 0.30833333333333335 0.43385416666666665 0.40370370370370373 0.4161458333333333 0.40370370370370373
2 0.4296875 0.2388888888888889 0.4473958333333333 0.2388888888888889 0.4473958333333333 0.3277777777777778 0.4296875 0.3277777777777778
2 0.3802083333333333 0.21388888888888888 0.4 0.21388888888888888 0.4 0.29259259259259257 0.3802083333333333 0.29259259259259257
2 0.40729166666666666 0.14074074074074075 0.41458333333333336 0.14074074074074075 0.41458333333333336 0.18981481481481483 0.40729166666666666 0.18981481481481483
2 0.421875 0.17777777777777778 0.42864583333333334 0.17777777777777778 0.42864583333333334 0.23148148148148148 0.421875 0.23148148148148148
2 0.4427083333333333 0.1824074074074074 0.45729166666666665 0.1824074074074074 0.45729166666666665 0.24259259259259258 0.4427083333333333 0.24259259259259258
2 0.46041666666666664 0.1574074074074074 0.4734375 0.1574074074074074 0.4734375 0.21296296296296297 0.46041666666666664 0.21296296296296297
2 0.4864583333333333 0.15648148148148147 0.49635416666666665 0.15648148148148147 0.49635416666666665 0.20833333333333334 0.4864583333333333 0.20833333333333334
2 0.48802083333333335 0.13425925925925927 0.5 0.13425925925925927 0.5 0.17592592592592593 0.48802083333333335 0.17592592592592593
2 0.45260416666666664 0.13425925925925927 0.4630208333333333 0.13425925925925927 0.4630208333333333 0.1712962962962963 0.45260416666666664 0.1712962962962963
2 0.4421875 0.1287037037037037 0.44895833333333335 0.1287037037037037 0.44895833333333335 0.1648148148148148 0.4421875 0.1648148148148148
2 0.4322916666666667 0.15185185185185185 0.4401041666666667 0.15185185185185185 0.4401041666666667 0.19537037037037036 0.4322916666666667 0.19537037037037036
2 0.4203125 0.1398148148148148 0.43385416666666665 0.1398148148148148 0.43385416666666665 0.17685185185185184 0.4203125 0.17685185185185184
2 0.47239583333333335 0.11851851851851852 0.4828125 0.11851851851851852 0.4828125 0.15185185185185185 0.47239583333333335 0.15185185185185185
2 0.46145833333333336 0.12685185185185185 0.46927083333333336 0.12685185185185185 0.46927083333333336 0.1537037037037037 0.46145833333333336 0.1537037037037037
2 0.5588541666666667 0.17962962962962964 0.59375 0.17962962962962964 0.59375 0.23796296296296296 0.5588541666666667 0.23796296296296296
2 0.5859375 0.11851851851851852 0.6005208333333333 0.11851851851851852 0.6005208333333333 0.16944444444444445 0.5859375 0.16944444444444445
1 0.6484375 0.12777777777777777 0.7140625 0.12777777777777777 0.7140625 0.18518518518518517 0.6484375 0.18518518518518517
1 0.5447916666666667 0.1175925925925926 0.575 0.1175925925925926 0.575 0.17314814814814813 0.5447916666666667 0.17314814814814813