1 0.14427083333333332 0.31574074074074077 0.2708333333333333 0.31574074074074077 0.2708333333333333 0.48703703703703705 0.14427083333333332 0.48703703703703705
1 0.31927083333333334 0.1787037037037037 0.38958333333333334 0.1787037037037037 0.38958333333333334 0.23981481481481481 0.31927083333333334 0.23981481481481481
2 0.6786458333333333 0.287962962962963 0.7083333333333334 0.287962962962963 0.7083333333333334 0.37222222222222223 0.6786458333333333 0.37222222222222223
2 0.4192708333333333 0.26666666666666666 0.44375 0.26666666666666666 0.44375 0.3398148148148148 0.4192708333333333 0.3398148148148148
2 0.778125 0.4462962962962963 0.8307291666666666 0.4462962962962963 0.8307291666666666 0.587037037037037 0.778125 0.587037037037037
2 0.42291666666666666 0.20833333333333334 0.44583333333333336 0.20833333333333334 0.44583333333333336 0.2657407407407407 0.42291666666666666 0.2657407407407407
2 0.38385416666666666 0.2351851851851852 0.409375 0.2351851851851852 0.409375 0.30925925925925923 0.38385416666666666 0.30925925925925923
2 0.6380208333333334 0.22685185185185186 0.6614583333333334 0.22685185185185186 0.6614583333333334 0.2861111111111111 0.6380208333333334 0.2861111111111111
2 0.5541666666666667 0.1361111111111111 0.5744791666666667 0.1361111111111111 0.5744791666666667 0.17962962962962964 0.5541666666666667 0.17962962962962964
2 0.4484375 0.20555555555555555 0.4708333333333333 0.20555555555555555 0.4708333333333333 0.27037037037037037 0.4484375 0.27037037037037037
2 0.6421875 0.29074074074074074 0.6677083333333333 0.29074074074074074 0.6677083333333333 0.37592592592592594 0.6421875 0.37592592592592594
2 0.4317708333333333 0.1425925925925926 0.44635416666666666 0.1425925925925926 0.44635416666666666 0.1814814814814815 0.4317708333333333 0.1814814814814815
2 0.43802083333333336 0.3675925925925926 0.4739583333333333 0.3675925925925926 0.4739583333333333 0.5083333333333333 0.43802083333333336 0.5083333333333333
2 0.37552083333333336 0.37592592592592594 0.4166666666666667 0.37592592592592594 0.4166666666666667 0.5166666666666667 0.37552083333333336 0.5166666666666667
2 0.4828125 0.14722222222222223 0.4979166666666667 0.14722222222222223 0.4979166666666667 0.18888888888888888 0.4828125 0.18888888888888888
2 0.16875 0.7796296296296297 0.2598958333333333 0.7796296296296297 0.2598958333333333 1 0.16875 1