1 0.1421875 0.325 0.26927083333333335 0.325 0.26927083333333335 0.5009259259259259 0.1421875 0.5009259259259259
1 0.3828125 0.3851851851851852 0.4713541666666667 0.3851851851851852 0.4713541666666667 0.5638888888888889 0.3828125 0.5638888888888889
1 0.3307291666666667 0.18055555555555555 0.3885416666666667 0.18055555555555555 0.3885416666666667 0.24351851851851852 0.3307291666666667 0.24351851851851852
1 0.5489583333333333 0.13240740740740742 0.5828125 0.13240740740740742 0.5828125 0.18333333333333332 0.5489583333333333 0.18333333333333332
2 0.7557291666666667 0.4564814814814815 0.796875 0.4564814814814815 0.796875 0.6222222222222222 0.7557291666666667 0.6222222222222222
2 0.24010416666666667 0.6277777777777778 0.2859375 0.6277777777777778 0.2859375 0.825925925925926 0.24010416666666667 0.825925925925926
2 0.2140625 0.48703703703703705 0.2609375 0.48703703703703705 0.2609375 0.6648148148148149 0.2140625 0.6648148148148149
2 0.31354166666666666 0.33240740740740743 0.34010416666666665 0.33240740740740743 0.34010416666666665 0.43796296296296294 0.31354166666666666 0.43796296296296294
2 0.3671875 0.32222222222222224 0.38177083333333334 0.32222222222222224 0.38177083333333334 0.4212962962962963 0.3671875 0.4212962962962963
2 0.37083333333333335 0.24259259259259258 0.3859375 0.24259259259259258 0.3859375 0.31851851851851853 0.37083333333333335 0.31851851851851853
2 0.41354166666666664 0.21944444444444444 0.428125 0.21944444444444444 0.428125 0.3037037037037037 0.41354166666666664 0.3037037037037037
2 0.44375 0.23055555555555557 0.46197916666666666 0.23055555555555557 0.46197916666666666 0.3212962962962963 0.44375 0.3212962962962963
2 0.4390625 0.2037037037037037 0.4557291666666667 0.2037037037037037 0.4557291666666667 0.28055555555555556 0.4390625 0.28055555555555556
2 0.4010416666666667 0.18796296296296297 0.41458333333333336 0.18796296296296297 0.41458333333333336 0.24074074074074073 0.4010416666666667 0.24074074074074073
2 0.40625 0.13148148148148148 0.4161458333333333 0.13148148148148148 0.4161458333333333 0.175 0.40625 0.175
2 0.4083333333333333 0.11574074074074074 0.41822916666666665 0.11574074074074074 0.41822916666666665 0.14722222222222223 0.4083333333333333 0.14722222222222223
2 0.42916666666666664 0.1574074074074074 0.4401041666666667 0.1574074074074074 0.4401041666666667 0.20092592592592592 0.42916666666666664 0.20092592592592592
2 0.45625 0.15648148148148147 0.465625 0.15648148148148147 0.465625 0.21296296296296297 0.45625 0.21296296296296297
2 0.46927083333333336 0.1398148148148148 0.4786458333333333 0.1398148148148148 0.4786458333333333 0.18796296296296297 0.46927083333333336 0.18796296296296297
2 0.4942708333333333 0.1398148148148148 0.5020833333333333 0.1398148148148148 0.5020833333333333 0.18333333333333332 0.4942708333333333 0.18333333333333332
2 0.5359375 0.1787037037037037 0.5729166666666666 0.1787037037037037 0.5729166666666666 0.24351851851851852 0.5359375 0.24351851851851852
2 0.659375 0.22685185185185186 0.6770833333333334 0.22685185185185186 0.6770833333333334 0.29259259259259257 0.659375 0.29259259259259257
2 0.6994791666666667 0.29444444444444445 0.7286458333333333 0.29444444444444445 0.7286458333333333 0.3925925925925926 0.6994791666666667 0.3925925925925926
2 0.5994791666666667 0.13333333333333333 0.6104166666666667 0.13333333333333333 0.6104166666666667 0.18888888888888888 0.5994791666666667 0.18888888888888888
2 0.43802083333333336 0.13796296296296295 0.4473958333333333 0.13796296296296295 0.4473958333333333 0.17962962962962964 0.43802083333333336 0.17962962962962964
2 0.45729166666666665 0.11944444444444445 0.4666666666666667 0.11944444444444445 0.4666666666666667 0.15462962962962962 0.45729166666666665 0.15462962962962962
2 0.4453125 0.11388888888888889 0.45416666666666666 0.11388888888888889 0.45416666666666666 0.15092592592592594 0.4453125 0.15092592592592594
1 0.6598958333333333 0.13148148148148148 0.7125 0.13148148148148148 0.7125 0.18055555555555555 0.6598958333333333 0.18055555555555555
2 0.4901041666666667 0.1175925925925926 0.5015625 0.1175925925925926 0.5015625 0.14444444444444443 0.4901041666666667 0.14444444444444443