1 0.5046875 0.3148148148148148 0.5890625 0.3148148148148148 0.5890625 0.45 0.5046875 0.45
1 0.4942708333333333 0 0.59375 0 0.59375 0.08425925925925926 0.4942708333333333 0.08425925925925926
1 0.6432291666666666 0.19814814814814816 0.6791666666666667 0.19814814814814816 0.6791666666666667 0.30092592592592593 0.6432291666666666 0.30092592592592593
1 0.6723958333333333 0.587037037037037 0.7036458333333333 0.587037037037037 0.7036458333333333 0.6527777777777778 0.6723958333333333 0.6527777777777778
2 0.459375 0.0712962962962963 0.5390625 0.0712962962962963 0.5390625 0.13333333333333333 0.459375 0.13333333333333333
2 0.3984375 0.11481481481481481 0.49895833333333334 0.11481481481481481 0.49895833333333334 0.21666666666666667 0.3984375 0.21666666666666667
2 0.5442708333333334 0.19074074074074074 0.609375 0.19074074074074074 0.609375 0.24351851851851852 0.5442708333333334 0.24351851851851852
2 0.5338541666666666 0.9138888888888889 0.59375 0.9138888888888889 0.59375 0.95 0.5338541666666666 0.95
2 0.5947916666666667 0.8101851851851852 0.6369791666666667 0.8101851851851852 0.6369791666666667 0.8435185185185186 0.5947916666666667 0.8435185185185186
2 0.5703125 0.2814814814814815 0.6265625 0.2814814814814815 0.6265625 0.33055555555555555 0.5703125 0.33055555555555555
2 0.6234375 0.2759259259259259 0.6578125 0.2759259259259259 0.6578125 0.3074074074074074 0.6234375 0.3074074074074074
2 0.628125 0.34814814814814815 0.6661458333333333 0.34814814814814815 0.6661458333333333 0.37407407407407406 0.628125 0.37407407407407406
2 0.6427083333333333 0.4 0.6776041666666667 0.4 0.6776041666666667 0.41944444444444445 0.6427083333333333 0.41944444444444445
2 0.6166666666666667 0.3972222222222222 0.6635416666666667 0.3972222222222222 0.6635416666666667 0.4398148148148148 0.6166666666666667 0.4398148148148148
2 0.6583333333333333 0.3333333333333333 0.6833333333333333 0.3333333333333333 0.6833333333333333 0.35833333333333334 0.6583333333333333 0.35833333333333334
2 0.6859375 0.3287037037037037 0.7083333333333334 0.3287037037037037 0.7083333333333334 0.34814814814814815 0.6859375 0.34814814814814815
2 0.7026041666666667 0.3416666666666667 0.7203125 0.3416666666666667 0.7203125 0.3537037037037037 0.7026041666666667 0.3537037037037037
2 0.6682291666666667 0.3768518518518518 0.6984375 0.3768518518518518 0.6984375 0.3962962962962963 0.6682291666666667 0.3962962962962963
2 0.671875 0.4222222222222222 0.6979166666666666 0.4222222222222222 0.6979166666666666 0.44537037037037036 0.671875 0.44537037037037036
2 0.6848958333333334 0.44907407407407407 0.7067708333333333 0.44907407407407407 0.7067708333333333 0.46574074074074073 0.6848958333333334 0.46574074074074073
2 0.68125 0.4861111111111111 0.7072916666666667 0.4861111111111111 0.7072916666666667 0.5055555555555555 0.68125 0.5055555555555555
2 0.6854166666666667 0.39814814814814814 0.7078125 0.39814814814814814 0.7078125 0.4111111111111111 0.6854166666666667 0.4111111111111111
2 0.6953125 0.38796296296296295 0.7125 0.38796296296296295 0.7125 0.3990740740740741 0.6953125 0.3990740740740741
2 0.6640625 0.6814814814814815 0.6958333333333333 0.6814814814814815 0.6958333333333333 0.7101851851851851 0.6640625 0.7101851851851851
2 0.6432291666666666 0.5518518518518518 0.6802083333333333 0.5518518518518518 0.6802083333333333 0.6157407407407407 0.6432291666666666 0.6157407407407407