1 0.14166666666666666 0.31851851851851853 0.27760416666666665 0.31851851851851853 0.27760416666666665 0.4925925925925926 0.14166666666666666 0.4925925925925926
1 0.32708333333333334 0.17407407407407408 0.39375 0.17407407407407408 0.39375 0.23333333333333334 0.32708333333333334 0.23333333333333334
2 0.20572916666666666 0.6453703703703704 0.27447916666666666 0.6453703703703704 0.27447916666666666 0.8444444444444444 0.20572916666666666 0.8444444444444444
2 0.5385416666666667 0.09351851851851851 0.5510416666666667 0.09351851851851851 0.5510416666666667 0.12222222222222222 0.5385416666666667 0.12222222222222222
2 0.6552083333333333 0.2953703703703704 0.6859375 0.2953703703703704 0.6859375 0.3814814814814815 0.6552083333333333 0.3814814814814815
2 0.40677083333333336 0.1935185185185185 0.4270833333333333 0.1935185185185185 0.4270833333333333 0.2490740740740741 0.40677083333333336 0.2490740740740741
2 0.43645833333333334 0.19444444444444445 0.4557291666666667 0.19444444444444445 0.4557291666666667 0.24537037037037038 0.43645833333333334 0.24537037037037038
2 0.7338541666666667 0.39351851851851855 0.7765625 0.39351851851851855 0.7765625 0.49537037037037035 0.7338541666666667 0.49537037037037035
2 0.4546875 0.16111111111111112 0.4713541666666667 0.16111111111111112 0.4713541666666667 0.20555555555555555 0.4546875 0.20555555555555555
2 0.553125 0.16203703703703703 0.5760416666666667 0.16203703703703703 0.5760416666666667 0.21851851851851853 0.553125 0.21851851851851853
2 0.5859375 0.18703703703703703 0.60625 0.18703703703703703 0.60625 0.24814814814814815 0.5859375 0.24814814814814815
2 0.41875 0.25555555555555554 0.4473958333333333 0.25555555555555554 0.4473958333333333 0.3296296296296296 0.41875 0.3296296296296296
2 0.34427083333333336 0.4027777777777778 0.38333333333333336 0.4027777777777778 0.38333333333333336 0.5157407407407407 0.34427083333333336 0.5157407407407407
2 0.48489583333333336 0.13333333333333333 0.49895833333333334 0.13333333333333333 0.49895833333333334 0.1712962962962963 0.48489583333333336 0.1712962962962963
2 0.6036458333333333 0.25277777777777777 0.6260416666666667 0.25277777777777777 0.6260416666666667 0.31666666666666665 0.6036458333333333 0.31666666666666665
2 0.3578125 0.48148148148148145 0.4015625 0.48148148148148145 0.4015625 0.6574074074074074 0.3578125 0.6574074074074074
2 0.6104166666666667 0.20925925925925926 0.6333333333333333 0.20925925925925926 0.6333333333333333 0.26666666666666666 0.6104166666666667 0.26666666666666666
2 0.6953125 0.4361111111111111 0.740625 0.4361111111111111 0.740625 0.575 0.6953125 0.575
2 0.4588541666666667 0.2351851851851852 0.48385416666666664 0.2351851851851852 0.48385416666666664 0.3111111111111111 0.4588541666666667 0.3111111111111111
2 0.621875 0.16111111111111112 0.6421875 0.16111111111111112 0.6421875 0.20555555555555555 0.621875 0.20555555555555555
2 0.8921875 0.6462962962962963 0.9723958333333333 0.6462962962962963 0.9723958333333333 0.8425925925925926 0.8921875 0.8425925925925926
2 0.6609375 0.18518518518518517 0.678125 0.18518518518518517 0.678125 0.22777777777777777 0.6609375 0.22777777777777777