1 0.5109375 0 0.6088541666666667 0 0.6088541666666667 0.09351851851851851 0.5109375 0.09351851851851851
1 0.6401041666666667 0.1787037037037037 0.6786458333333333 0.1787037037037037 0.6786458333333333 0.27685185185185185 0.6401041666666667 0.27685185185185185
2 0.5171875 0.9064814814814814 0.5791666666666667 0.9064814814814814 0.5791666666666667 0.9842592592592593 0.5171875 0.9842592592592593
2 0.6546875 0.5703703703703704 0.6848958333333334 0.5703703703703704 0.6848958333333334 0.6370370370370371 0.6546875 0.6370370370370371
2 0.6453125 0.40185185185185185 0.6765625 0.40185185185185185 0.6765625 0.4361111111111111 0.6453125 0.4361111111111111
2 0.5895833333333333 0.39814814814814814 0.6369791666666667 0.39814814814814814 0.6369791666666667 0.4462962962962963 0.5895833333333333 0.4462962962962963
2 0.6770833333333334 0.6268518518518519 0.7015625 0.6268518518518519 0.7015625 0.6546296296296297 0.6770833333333334 0.6546296296296297
2 0.3151041666666667 0.1425925925925926 0.4484375 0.1425925925925926 0.4484375 0.23425925925925925 0.3151041666666667 0.23425925925925925
2 0.6114583333333333 0.7101851851851851 0.6520833333333333 0.7101851851851851 0.6520833333333333 0.7527777777777778 0.6114583333333333 0.7527777777777778
2 0.6671875 0.3685185185185185 0.6921875 0.3685185185185185 0.6921875 0.39444444444444443 0.6671875 0.39444444444444443
2 0.590625 0.3435185185185185 0.634375 0.3435185185185185 0.634375 0.38425925925925924 0.590625 0.38425925925925924
2 0.6109375 0.2861111111111111 0.646875 0.2861111111111111 0.646875 0.32685185185185184 0.6109375 0.32685185185185184
2 0.65 0.3111111111111111 0.6802083333333333 0.3111111111111111 0.6802083333333333 0.3453703703703704 0.65 0.3453703703703704
2 0.6119791666666666 0.7722222222222223 0.6505208333333333 0.7722222222222223 0.6505208333333333 0.8148148148148148 0.6119791666666666 0.8148148148148148
2 0.5776041666666667 0.2574074074074074 0.625 0.2574074074074074 0.625 0.31296296296296294 0.5776041666666667 0.31296296296296294
2 0.6682291666666667 0.4601851851851852 0.6953125 0.4601851851851852 0.6953125 0.4888888888888889 0.6682291666666667 0.4888888888888889
2 0.5270833333333333 0.2962962962962963 0.59375 0.2962962962962963 0.59375 0.3638888888888889 0.5270833333333333 0.3638888888888889
2 0.6526041666666667 0.7148148148148148 0.6869791666666667 0.7148148148148148 0.6869791666666667 0.7398148148148148 0.6526041666666667 0.7398148148148148
2 0.2515625 0.2898148148148148 0.4005208333333333 0.2898148148148148 0.4005208333333333 0.3814814814814815 0.2515625 0.3814814814814815