1 0.39791666666666664 0.9083333333333333 0.4947916666666667 0.9083333333333333 0.4947916666666667 1 0.39791666666666664 1
1 0.484375 0.600925925925926 0.6046875 0.600925925925926 0.6046875 0.8175925925925925 0.484375 0.8175925925925925
1 0.31875 0.7046296296296296 0.3536458333333333 0.7046296296296296 0.3536458333333333 0.8194444444444444 0.31875 0.8194444444444444
2 0.4395833333333333 0.7870370370370371 0.5 0.7870370370370371 0.5 0.85 0.4395833333333333 0.85
2 0.39010416666666664 0.7314814814814815 0.44166666666666665 0.7314814814814815 0.44166666666666665 0.7861111111111111 0.39010416666666664 0.7861111111111111
2 0.4078125 0.6601851851851852 0.46458333333333335 0.6601851851851852 0.46458333333333335 0.7166666666666667 0.4078125 0.7166666666666667
2 0.4322916666666667 0.2212962962962963 0.49375 0.2212962962962963 0.49375 0.2833333333333333 0.4322916666666667 0.2833333333333333
2 0.40572916666666664 0.16111111111111112 0.45416666666666666 0.16111111111111112 0.45416666666666666 0.21944444444444444 0.40572916666666664 0.21944444444444444
2 0.365625 0.2361111111111111 0.4109375 0.2361111111111111 0.4109375 0.2814814814814815 0.365625 0.2814814814814815
2 0.3380208333333333 0.5361111111111111 0.38333333333333336 0.5361111111111111 0.38333333333333336 0.5768518518518518 0.3380208333333333 0.5768518518518518
2 0.3541666666666667 0.1638888888888889 0.39479166666666665 0.1638888888888889 0.39479166666666665 0.20925925925925926 0.3541666666666667 0.20925925925925926
2 0.3229166666666667 0.42407407407407405 0.359375 0.42407407407407405 0.359375 0.48148148148148145 0.3229166666666667 0.48148148148148145
2 0.2994791666666667 0.31574074074074077 0.32708333333333334 0.31574074074074077 0.32708333333333334 0.35 0.2994791666666667 0.35
2 0.3015625 0.2722222222222222 0.32864583333333336 0.2722222222222222 0.32864583333333336 0.30277777777777776 0.3015625 0.30277777777777776
2 0.34791666666666665 0.5824074074074074 0.4015625 0.5824074074074074 0.4015625 0.625 0.34791666666666665 0.625