1 0.1421875 0.32037037037037036 0.2713541666666667 0.32037037037037036 0.2713541666666667 0.49722222222222223 0.1421875 0.49722222222222223
1 0.31875 0.1787037037037037 0.38697916666666665 0.1787037037037037 0.38697916666666665 0.2388888888888889 0.31875 0.2388888888888889
2 0.6848958333333334 0.30185185185185187 0.7151041666666667 0.30185185185185187 0.7151041666666667 0.3907407407407407 0.6848958333333334 0.3907407407407407
2 0.5963541666666666 0.16111111111111112 0.6161458333333333 0.16111111111111112 0.6161458333333333 0.20925925925925926 0.5963541666666666 0.20925925925925926
2 0.7942708333333334 0.4675925925925926 0.8458333333333333 0.4675925925925926 0.8458333333333333 0.6175925925925926 0.7942708333333334 0.6175925925925926
2 0.3880208333333333 0.22962962962962963 0.4119791666666667 0.22962962962962963 0.4119791666666667 0.2953703703703704 0.3880208333333333 0.2953703703703704
2 0.42239583333333336 0.25462962962962965 0.4453125 0.25462962962962965 0.4453125 0.3194444444444444 0.42239583333333336 0.3194444444444444
2 0.4479166666666667 0.1962962962962963 0.47239583333333335 0.1962962962962963 0.47239583333333335 0.262037037037037 0.4479166666666667 0.262037037037037
2 0.64375 0.30277777777777776 0.6734375 0.30277777777777776 0.6734375 0.3972222222222222 0.64375 0.3972222222222222
2 0.384375 0.3490740740740741 0.42239583333333336 0.3490740740740741 0.42239583333333336 0.47314814814814815 0.384375 0.47314814814814815
2 0.21666666666666667 0.6833333333333333 0.2984375 0.6833333333333333 0.2984375 0.899074074074074 0.21666666666666667 0.899074074074074
2 0.6390625 0.22962962962962963 0.6619791666666667 0.22962962962962963 0.6619791666666667 0.2935185185185185 0.6390625 0.2935185185185185
2 0.5546875 0.14166666666666666 0.5723958333333333 0.14166666666666666 0.5723958333333333 0.18425925925925926 0.5546875 0.18425925925925926
2 0.4322916666666667 0.13796296296296295 0.446875 0.13796296296296295 0.446875 0.17592592592592593 0.4322916666666667 0.17592592592592593
2 0.44114583333333335 0.3398148148148148 0.47552083333333334 0.3398148148148148 0.47552083333333334 0.4703703703703704 0.44114583333333335 0.4703703703703704
2 0.5229166666666667 0.1787037037037037 0.5588541666666667 0.1787037037037037 0.5588541666666667 0.225 0.5229166666666667 0.225
2 0.48333333333333334 0.1425925925925926 0.49895833333333334 0.1425925925925926 0.49895833333333334 0.18518518518518517 0.48333333333333334 0.18518518518518517