1 0.14583333333333334 0.32685185185185184 0.2677083333333333 0.32685185185185184 0.2677083333333333 0.5027777777777778 0.14583333333333334 0.5027777777777778
1 0.4640625 0.1398148148148148 0.49583333333333335 0.1398148148148148 0.49583333333333335 0.19166666666666668 0.4640625 0.19166666666666668
1 0.33541666666666664 0.17592592592592593 0.384375 0.17592592592592593 0.384375 0.23796296296296296 0.33541666666666664 0.23796296296296296
2 0.16666666666666666 0.625 0.2375 0.625 0.2375 0.8981481481481481 0.16666666666666666 0.8981481481481481
2 0.3151041666666667 0.6564814814814814 0.38125 0.6564814814814814 0.38125 0.9296296296296296 0.3151041666666667 0.9296296296296296
2 0.26979166666666665 0.412962962962963 0.30885416666666665 0.412962962962963 0.30885416666666665 0.5657407407407408 0.26979166666666665 0.5657407407407408
2 0.3104166666666667 0.4527777777777778 0.35208333333333336 0.4527777777777778 0.35208333333333336 0.6212962962962963 0.3104166666666667 0.6212962962962963
2 0.36875 0.4722222222222222 0.4041666666666667 0.4722222222222222 0.4041666666666667 0.6277777777777778 0.36875 0.6277777777777778
2 0.7307291666666667 0.5388888888888889 0.78125 0.5388888888888889 0.78125 0.7277777777777777 0.7307291666666667 0.7277777777777777
2 0.3078125 0.3453703703703704 0.34010416666666665 0.3453703703703704 0.34010416666666665 0.4462962962962963 0.3078125 0.4462962962962963
2 0.33125 0.28055555555555556 0.35052083333333334 0.28055555555555556 0.35052083333333334 0.3731481481481482 0.33125 0.3731481481481482
2 0.3796875 0.32685185185185184 0.4015625 0.32685185185185184 0.4015625 0.43425925925925923 0.3796875 0.43425925925925923
2 0.43802083333333336 0.3574074074074074 0.46041666666666664 0.3574074074074074 0.46041666666666664 0.4777777777777778 0.43802083333333336 0.4777777777777778
2 0.440625 0.24166666666666667 0.45729166666666665 0.24166666666666667 0.45729166666666665 0.32407407407407407 0.440625 0.32407407407407407
2 0.4557291666666667 0.2222222222222222 0.46875 0.2222222222222222 0.46875 0.2916666666666667 0.4557291666666667 0.2916666666666667
2 0.39739583333333334 0.24259259259259258 0.41458333333333336 0.24259259259259258 0.41458333333333336 0.31574074074074077 0.39739583333333334 0.31574074074074077
2 0.375 0.20092592592592592 0.3880208333333333 0.20092592592592592 0.3880208333333333 0.2722222222222222 0.375 0.2722222222222222
2 0.41302083333333334 0.18981481481481483 0.4244791666666667 0.18981481481481483 0.4244791666666667 0.25277777777777777 0.41302083333333334 0.25277777777777777
2 0.43385416666666665 0.17685185185185184 0.4473958333333333 0.17685185185185184 0.4473958333333333 0.22777777777777777 0.43385416666666665 0.22777777777777777
2 0.45989583333333334 0.1824074074074074 0.47239583333333335 0.1824074074074074 0.47239583333333335 0.2351851851851852 0.45989583333333334 0.2351851851851852
2 0.4234375 0.15555555555555556 0.434375 0.15555555555555556 0.434375 0.21574074074074073 0.4234375 0.21574074074074073
2 0.44635416666666666 0.13796296296296295 0.4546875 0.13796296296296295 0.4546875 0.19074074074074074 0.44635416666666666 0.19074074074074074
2 0.4588541666666667 0.12314814814814815 0.465625 0.12314814814814815 0.465625 0.1675925925925926 0.4588541666666667 0.1675925925925926
2 0.4703125 0.11481481481481481 0.47708333333333336 0.11481481481481481 0.47708333333333336 0.14722222222222223 0.4703125 0.14722222222222223
2 0.4973958333333333 0.12314814814814815 0.5067708333333333 0.12314814814814815 0.5067708333333333 0.16944444444444445 0.4973958333333333 0.16944444444444445
2 0.43125 0.1111111111111111 0.4375 0.1111111111111111 0.4375 0.15 0.43125 0.15
2 0.4473958333333333 0.1111111111111111 0.4515625 0.1111111111111111 0.4515625 0.1425925925925926 0.4473958333333333 0.1425925925925926
2 0.4390625 0.12314814814814815 0.44635416666666666 0.12314814814814815 0.44635416666666666 0.1685185185185185 0.4390625 0.1685185185185185
2 0.5973958333333333 0.16666666666666666 0.6114583333333333 0.16666666666666666 0.6114583333333333 0.2222222222222222 0.5973958333333333 0.2222222222222222
2 0.6005208333333333 0.14351851851851852 0.6119791666666666 0.14351851851851852 0.6119791666666666 0.1787037037037037 0.6005208333333333 0.1787037037037037
2 0.6260416666666667 0.14537037037037037 0.6380208333333334 0.14537037037037037 0.6380208333333334 0.18333333333333332 0.6260416666666667 0.18333333333333332
2 0.6322916666666667 0.1574074074074074 0.6442708333333333 0.1574074074074074 0.6442708333333333 0.20925925925925926 0.6322916666666667 0.20925925925925926
1 0.5958333333333333 0.11296296296296296 0.6390625 0.11296296296296296 0.6390625 0.1527777777777778 0.5958333333333333 0.1527777777777778