1 0.4953125 0 0.596875 0 0.596875 0.08796296296296297 0.4953125 0.08796296296296297
1 0.6453125 0.2 0.6807291666666667 0.2 0.6807291666666667 0.30462962962962964 0.6453125 0.30462962962962964
1 0.6953125 0.5777777777777777 0.7203125 0.5777777777777777 0.7203125 0.6259259259259259 0.6953125 0.6259259259259259
2 0.5046875 0.13425925925925927 0.571875 0.13425925925925927 0.571875 0.17777777777777778 0.5046875 0.17777777777777778
2 0.42864583333333334 0.22037037037037038 0.5234375 0.22037037037037038 0.5234375 0.2962962962962963 0.42864583333333334 0.2962962962962963
2 0.525 0.2537037037037037 0.5854166666666667 0.2537037037037037 0.5854166666666667 0.2916666666666667 0.525 0.2916666666666667
2 0.5260416666666666 0.337037037037037 0.5932291666666667 0.337037037037037 0.5932291666666667 0.3851851851851852 0.5260416666666666 0.3851851851851852
2 0.565625 0.2212962962962963 0.621875 0.2212962962962963 0.621875 0.2657407407407407 0.565625 0.2657407407407407
2 0.6130208333333333 0.3527777777777778 0.6526041666666667 0.3527777777777778 0.6526041666666667 0.3768518518518518 0.6130208333333333 0.3768518518518518
2 0.6229166666666667 0.3287037037037037 0.6619791666666667 0.3287037037037037 0.6619791666666667 0.3574074074074074 0.6229166666666667 0.3574074074074074
2 0.6265625 0.38333333333333336 0.6682291666666667 0.38333333333333336 0.6682291666666667 0.40185185185185185 0.6265625 0.40185185185185185
2 0.66875 0.3351851851851852 0.6947916666666667 0.3351851851851852 0.6947916666666667 0.3425925925925926 0.66875 0.3425925925925926
2 0.6609375 0.3425925925925926 0.690625 0.3425925925925926 0.690625 0.35185185185185186 0.6609375 0.35185185185185186
2 0.6520833333333333 0.3527777777777778 0.6838541666666667 0.3527777777777778 0.6838541666666667 0.3712962962962963 0.6520833333333333 0.3712962962962963
2 0.6291666666666667 0.4212962962962963 0.6729166666666667 0.4212962962962963 0.6729166666666667 0.43703703703703706 0.6291666666666667 0.43703703703703706
2 0.6260416666666667 0.44907407407407407 0.665625 0.44907407407407407 0.665625 0.4740740740740741 0.6260416666666667 0.4740740740740741
2 0.5890625 0.7564814814814815 0.6328125 0.7564814814814815 0.6328125 0.7953703703703704 0.5890625 0.7953703703703704
2 0.6307291666666667 0.7685185185185185 0.6614583333333334 0.7685185185185185 0.6614583333333334 0.7907407407407407 0.6307291666666667 0.7907407407407407
2 0.6541666666666667 0.6166666666666667 0.6880208333333333 0.6166666666666667 0.6880208333333333 0.6583333333333333 0.6541666666666667 0.6583333333333333
2 0.6505208333333333 0.6703703703703704 0.6833333333333333 0.6703703703703704 0.6833333333333333 0.6990740740740741 0.6505208333333333 0.6990740740740741
2 0.6661458333333333 0.7055555555555556 0.6901041666666666 0.7055555555555556 0.6901041666666666 0.7324074074074074 0.6661458333333333 0.7324074074074074
2 0.6598958333333333 0.46111111111111114 0.6921875 0.46111111111111114 0.6921875 0.4925925925925926 0.6598958333333333 0.4925925925925926
2 0.6791666666666667 0.3814814814814815 0.6989583333333333 0.3814814814814815 0.6989583333333333 0.39814814814814814 0.6791666666666667 0.39814814814814814
2 0.6713541666666667 0.4009259259259259 0.6901041666666666 0.4009259259259259 0.6901041666666666 0.4111111111111111 0.6713541666666667 0.4111111111111111
2 0.6635416666666667 0.41388888888888886 0.6885416666666667 0.41388888888888886 0.6885416666666667 0.42962962962962964 0.6635416666666667 0.42962962962962964
2 0.696875 0.4046296296296296 0.7109375 0.4046296296296296 0.7109375 0.412962962962963 0.696875 0.412962962962963
2 0.6859375 0.4601851851851852 0.7057291666666666 0.4601851851851852 0.7057291666666666 0.475 0.6859375 0.475
2 0.6864583333333333 0.43333333333333335 0.7046875 0.43333333333333335 0.7046875 0.44537037037037036 0.6864583333333333 0.44537037037037036
2 0.6963541666666667 0.4444444444444444 0.7161458333333334 0.4444444444444444 0.7161458333333334 0.45555555555555555 0.6963541666666667 0.45555555555555555
1 0.6807291666666667 0.7694444444444445 0.7067708333333333 0.7694444444444445 0.7067708333333333 0.8666666666666667 0.6807291666666667 0.8666666666666667