1 0.14375 0.32037037037037036 0.2682291666666667 0.32037037037037036 0.2682291666666667 0.5 0.14375 0.5
1 0.32864583333333336 0.175 0.3921875 0.175 0.3921875 0.23981481481481481 0.32864583333333336 0.23981481481481481
1 0.45416666666666666 0.15925925925925927 0.4921875 0.15925925925925927 0.4921875 0.21666666666666667 0.45416666666666666 0.21666666666666667
1 0.5901041666666667 0.10740740740740741 0.6234375 0.10740740740740741 0.6234375 0.1425925925925926 0.5901041666666667 0.1425925925925926
2 0.17760416666666667 0.5527777777777778 0.215625 0.5527777777777778 0.215625 0.7462962962962963 0.17760416666666667 0.7462962962962963
2 0.20260416666666667 0.65 0.26197916666666665 0.65 0.26197916666666665 0.9157407407407407 0.20260416666666667 0.9157407407407407
2 0.26927083333333335 0.6981481481481482 0.33177083333333335 0.6981481481481482 0.33177083333333335 0.9324074074074075 0.26927083333333335 0.9324074074074075
2 0.3984375 0.4898148148148148 0.42552083333333335 0.4898148148148148 0.42552083333333335 0.7055555555555556 0.3984375 0.7055555555555556
2 0.8692708333333333 0.6481481481481481 0.934375 0.6481481481481481 0.934375 0.8601851851851852 0.8692708333333333 0.8601851851851852
2 0.22916666666666666 0.4601851851851852 0.26614583333333336 0.4601851851851852 0.26614583333333336 0.5796296296296296 0.22916666666666666 0.5796296296296296
2 0.2869791666666667 0.3425925925925926 0.3104166666666667 0.3425925925925926 0.3104166666666667 0.44722222222222224 0.2869791666666667 0.44722222222222224
2 0.33958333333333335 0.34814814814814815 0.3651041666666667 0.34814814814814815 0.3651041666666667 0.44907407407407407 0.33958333333333335 0.44907407407407407
2 0.33125 0.42407407407407405 0.3567708333333333 0.42407407407407405 0.3567708333333333 0.5731481481481482 0.33125 0.5731481481481482
2 0.371875 0.2935185185185185 0.390625 0.2935185185185185 0.390625 0.3925925925925926 0.371875 0.3925925925925926
2 0.42135416666666664 0.3138888888888889 0.4401041666666667 0.3138888888888889 0.4401041666666667 0.41203703703703703 0.42135416666666664 0.41203703703703703
2 0.4348958333333333 0.2740740740740741 0.4578125 0.2740740740740741 0.4578125 0.36666666666666664 0.4348958333333333 0.36666666666666664
2 0.3536458333333333 0.22962962962962963 0.3692708333333333 0.22962962962962963 0.3692708333333333 0.30462962962962964 0.3536458333333333 0.30462962962962964
2 0.3875 0.225 0.3984375 0.225 0.3984375 0.2953703703703704 0.3875 0.2953703703703704
2 0.4015625 0.20092592592592592 0.41875 0.20092592592592592 0.41875 0.29074074074074074 0.4015625 0.29074074074074074
2 0.428125 0.20277777777777778 0.4395833333333333 0.20277777777777778 0.4395833333333333 0.26851851851851855 0.428125 0.26851851851851855
2 0.4140625 0.1824074074074074 0.42604166666666665 0.1824074074074074 0.42604166666666665 0.23333333333333334 0.4140625 0.23333333333333334
2 0.44947916666666665 0.21388888888888888 0.4666666666666667 0.21388888888888888 0.4666666666666667 0.287962962962963 0.44947916666666665 0.287962962962963
2 0.496875 0.13333333333333333 0.5067708333333333 0.13333333333333333 0.5067708333333333 0.18611111111111112 0.496875 0.18611111111111112
2 0.43333333333333335 0.16018518518518518 0.44479166666666664 0.16018518518518518 0.44479166666666664 0.20925925925925926 0.43333333333333335 0.20925925925925926
2 0.45625 0.13333333333333333 0.4630208333333333 0.13333333333333333 0.4630208333333333 0.18425925925925926 0.45625 0.18425925925925926
2 0.46770833333333334 0.1287037037037037 0.4791666666666667 0.1287037037037037 0.4791666666666667 0.17037037037037037 0.46770833333333334 0.17037037037037037
2 0.43125 0.12407407407407407 0.440625 0.12407407407407407 0.440625 0.15925925925925927 0.43125 0.15925925925925927
2 0.44583333333333336 0.11666666666666667 0.45416666666666666 0.11666666666666667 0.45416666666666666 0.1527777777777778 0.44583333333333336 0.1527777777777778
2 0.5901041666666667 0.14907407407407408 0.6026041666666667 0.14907407407407408 0.6026041666666667 0.19814814814814816 0.5901041666666667 0.19814814814814816
2 0.6130208333333333 0.13703703703703704 0.6244791666666667 0.13703703703703704 0.6244791666666667 0.17592592592592593 0.6130208333333333 0.17592592592592593
1 0.5765625 0.4222222222222222 0.8145833333333333 0.4222222222222222 0.8145833333333333 0.912962962962963 0.5765625 0.912962962962963
2 0.4609375 0.10648148148148148 0.46875 0.10648148148148148 0.46875 0.14629629629629629 0.4609375 0.14629629629629629
2 0.6229166666666667 0.14907407407407408 0.6401041666666667 0.14907407407407408 0.6401041666666667 0.2064814814814815 0.6229166666666667 0.2064814814814815