1 0.14375 0.30925925925925923 0.2703125 0.30925925925925923 0.2703125 0.49722222222222223 0.14375 0.49722222222222223
1 0.3171875 0.18055555555555555 0.3802083333333333 0.18055555555555555 0.3802083333333333 0.24722222222222223 0.3171875 0.24722222222222223
2 0.5291666666666667 0.17777777777777778 0.5651041666666666 0.17777777777777778 0.5651041666666666 0.22962962962962963 0.5291666666666667 0.22962962962962963
2 0.44583333333333336 0.22870370370370371 0.46979166666666666 0.22870370370370371 0.46979166666666666 0.30462962962962964 0.44583333333333336 0.30462962962962964
2 0.7494791666666667 0.4 0.7958333333333333 0.4 0.7958333333333333 0.5203703703703704 0.7494791666666667 0.5203703703703704
2 0.3729166666666667 0.2537037037037037 0.4010416666666667 0.2537037037037037 0.4010416666666667 0.33796296296296297 0.3729166666666667 0.33796296296296297
2 0.34427083333333336 0.4564814814814815 0.3921875 0.4564814814814815 0.3921875 0.6157407407407407 0.34427083333333336 0.6157407407407407
2 0.6322916666666667 0.2564814814814815 0.65625 0.2564814814814815 0.65625 0.3388888888888889 0.6322916666666667 0.3388888888888889
2 0.42083333333333334 0.4777777777777778 0.4630208333333333 0.4777777777777778 0.4630208333333333 0.6453703703703704 0.42083333333333334 0.6453703703703704
2 0.4817708333333333 0.1425925925925926 0.4973958333333333 0.1425925925925926 0.4973958333333333 0.1935185185185185 0.4817708333333333 0.1935185185185185
2 0.428125 0.14444444444444443 0.4432291666666667 0.14444444444444443 0.4432291666666667 0.18888888888888888 0.428125 0.18888888888888888
2 0.40260416666666665 0.2861111111111111 0.43802083333333336 0.2861111111111111 0.43802083333333336 0.3907407407407407 0.40260416666666665 0.3907407407407407
2 0.6296875 0.19907407407407407 0.6505208333333333 0.19907407407407407 0.6505208333333333 0.2537037037037037 0.6296875 0.2537037037037037
2 0.5864583333333333 0.1361111111111111 0.6052083333333333 0.1361111111111111 0.6052083333333333 0.18703703703703703 0.5864583333333333 0.18703703703703703
2 0.4557291666666667 0.1398148148148148 0.4703125 0.1398148148148148 0.4703125 0.17407407407407408 0.4557291666666667 0.17407407407407408
2 0.5760416666666667 0.17592592592592593 0.5927083333333333 0.17592592592592593 0.5927083333333333 0.21851851851851853 0.5760416666666667 0.21851851851851853
2 0.6630208333333333 0.2537037037037037 0.684375 0.2537037037037037 0.684375 0.33611111111111114 0.6630208333333333 0.33611111111111114
2 0.4010416666666667 0.1574074074074074 0.41354166666666664 0.1574074074074074 0.41354166666666664 0.21666666666666667 0.4010416666666667 0.21666666666666667
2 0.42083333333333334 0.2222222222222222 0.43697916666666664 0.2222222222222222 0.43697916666666664 0.30185185185185187 0.42083333333333334 0.30185185185185187
2 0.39375 0.2175925925925926 0.4125 0.2175925925925926 0.4125 0.2824074074074074 0.39375 0.2824074074074074