1 0.575 0.5944444444444444 0.6276041666666666 0.5944444444444444 0.6276041666666666 0.7046296296296296 0.575 0.7046296296296296
1 0.4859375 0 0.5854166666666667 0 0.5854166666666667 0.06481481481481481 0.4859375 0.06481481481481481
1 0.6322916666666667 0.18425925925925926 0.6682291666666667 0.18425925925925926 0.6682291666666667 0.2851851851851852 0.6322916666666667 0.2851851851851852
1 0.6416666666666667 0.39537037037037037 0.6755208333333333 0.39537037037037037 0.6755208333333333 0.462037037037037 0.6416666666666667 0.462037037037037
1 0.659375 0.5527777777777778 0.6885416666666667 0.5527777777777778 0.6885416666666667 0.6055555555555555 0.659375 0.6055555555555555
2 0.46510416666666665 0.19166666666666668 0.5442708333333334 0.19166666666666668 0.5442708333333334 0.24722222222222223 0.46510416666666665 0.24722222222222223
2 0.4661458333333333 0.8435185185185186 0.5260416666666666 0.8435185185185186 0.5260416666666666 0.924074074074074 0.4661458333333333 0.924074074074074
2 0.4427083333333333 0.37777777777777777 0.5166666666666667 0.37777777777777777 0.5166666666666667 0.41388888888888886 0.4427083333333333 0.41388888888888886
2 0.453125 0.27314814814814814 0.521875 0.27314814814814814 0.521875 0.3435185185185185 0.453125 0.3435185185185185
2 0.37135416666666665 0.026851851851851852 0.4817708333333333 0.026851851851851852 0.4817708333333333 0.12129629629629629 0.37135416666666665 0.12129629629629629
2 0.4890625 0.06944444444444445 0.5380208333333333 0.06944444444444445 0.5380208333333333 0.10277777777777777 0.4890625 0.10277777777777777
2 0.4953125 0.15092592592592594 0.5598958333333334 0.15092592592592594 0.5598958333333334 0.175 0.4953125 0.175
2 0.5182291666666666 0.24074074074074073 0.5697916666666667 0.24074074074074073 0.5697916666666667 0.2657407407407407 0.5182291666666666 0.2657407407407407
2 0.5583333333333333 0.1962962962962963 0.603125 0.1962962962962963 0.603125 0.22777777777777777 0.5583333333333333 0.22777777777777777
2 0.5609375 0.175 0.6177083333333333 0.175 0.6177083333333333 0.20092592592592592 0.5609375 0.20092592592592592
2 0.5572916666666666 0.28055555555555556 0.6005208333333333 0.28055555555555556 0.6005208333333333 0.3175925925925926 0.5572916666666666 0.3175925925925926
2 0.5833333333333334 0.2824074074074074 0.6260416666666667 0.2824074074074074 0.6260416666666667 0.32222222222222224 0.5833333333333334 0.32222222222222224
2 0.5854166666666667 0.34074074074074073 0.6333333333333333 0.34074074074074073 0.6333333333333333 0.3851851851851852 0.5854166666666667 0.3851851851851852
2 0.6505208333333333 0.31296296296296294 0.6791666666666667 0.31296296296296294 0.6791666666666667 0.33796296296296297 0.6505208333333333 0.33796296296296297
2 0.6276041666666666 0.30648148148148147 0.6578125 0.30648148148148147 0.6578125 0.337037037037037 0.6276041666666666 0.337037037037037
2 0.640625 0.3490740740740741 0.6708333333333333 0.3490740740740741 0.6708333333333333 0.37222222222222223 0.640625 0.37222222222222223
2 0.640625 0.49444444444444446 0.671875 0.49444444444444446 0.671875 0.5435185185185185 0.640625 0.5435185185185185
2 0.671875 0.34629629629629627 0.6963541666666667 0.34629629629629627 0.6963541666666667 0.362962962962963 0.671875 0.362962962962963
2 0.6614583333333334 0.3712962962962963 0.684375 0.3712962962962963 0.684375 0.38981481481481484 0.6614583333333334 0.38981481481481484
2 0.6776041666666667 0.387037037037037 0.6989583333333333 0.387037037037037 0.6989583333333333 0.4064814814814815 0.6776041666666667 0.4064814814814815
2 0.684375 0.41203703703703703 0.7 0.41203703703703703 0.7 0.4287037037037037 0.684375 0.4287037037037037
2 0.6828125 0.4388888888888889 0.7020833333333333 0.4388888888888889 0.7020833333333333 0.46111111111111114 0.6828125 0.46111111111111114
2 0.6473958333333333 0.6435185185185185 0.6755208333333333 0.6435185185185185 0.6755208333333333 0.6648148148148149 0.6473958333333333 0.6648148148148149
2 0.6489583333333333 0.6759259259259259 0.675 0.6759259259259259 0.675 0.7 0.6489583333333333 0.7
2 0.6713541666666667 0.6666666666666666 0.69375 0.6666666666666666 0.69375 0.6805555555555556 0.6713541666666667 0.6805555555555556
2 0.6786458333333333 0.6574074074074074 0.7 0.6574074074074074 0.7 0.6722222222222223 0.6786458333333333 0.6722222222222223