1 0.14375 0.3333333333333333 0.265625 0.3333333333333333 0.265625 0.5120370370370371 0.14375 0.5120370370370371
1 0.4046875 0.31203703703703706 0.4744791666666667 0.31203703703703706 0.4744791666666667 0.44722222222222224 0.4046875 0.44722222222222224
1 0.3296875 0.18703703703703703 0.38645833333333335 0.18703703703703703 0.38645833333333335 0.2490740740740741 0.3296875 0.2490740740740741
1 0.5505208333333333 0.14814814814814814 0.5854166666666667 0.14814814814814814 0.5854166666666667 0.20277777777777778 0.5505208333333333 0.20277777777777778
1 0.6614583333333334 0.1361111111111111 0.7046875 0.1361111111111111 0.7046875 0.175 0.6614583333333334 0.175
2 0.33645833333333336 0.28425925925925927 0.36666666666666664 0.28425925925925927 0.36666666666666664 0.3768518518518518 0.33645833333333336 0.3768518518518518
2 0.03958333333333333 0.6638888888888889 0.109375 0.6638888888888889 0.109375 0.850925925925926 0.03958333333333333 0.850925925925926
2 0 0.8111111111111111 0.0828125 0.8111111111111111 0.0828125 1 0 1
2 0.19010416666666666 0.5925925925925926 0.2557291666666667 0.5925925925925926 0.2557291666666667 0.8574074074074074 0.19010416666666666 0.8574074074074074
2 0.23541666666666666 0.7046296296296296 0.31614583333333335 0.7046296296296296 0.31614583333333335 0.9388888888888889 0.23541666666666666 0.9388888888888889
2 0.325 0.41388888888888886 0.3453125 0.41388888888888886 0.3453125 0.6064814814814815 0.325 0.6064814814814815
2 0.3828125 0.2064814814814815 0.39739583333333334 0.2064814814814815 0.39739583333333334 0.2777777777777778 0.3828125 0.2777777777777778
2 0.39427083333333335 0.2638888888888889 0.4078125 0.2638888888888889 0.4078125 0.3537037037037037 0.39427083333333335 0.3537037037037037
2 0.42135416666666664 0.18518518518518517 0.43333333333333335 0.18518518518518517 0.43333333333333335 0.262037037037037 0.42135416666666664 0.262037037037037
2 0.409375 0.16203703703703703 0.421875 0.16203703703703703 0.421875 0.2175925925925926 0.409375 0.2175925925925926
2 0.4046875 0.11481481481481481 0.4119791666666667 0.11481481481481481 0.4119791666666667 0.16111111111111112 0.4046875 0.16111111111111112
2 0.45208333333333334 0.2074074074074074 0.4671875 0.2074074074074074 0.4671875 0.26851851851851855 0.45208333333333334 0.26851851851851855
2 0.44114583333333335 0.18518518518518517 0.45729166666666665 0.18518518518518517 0.45729166666666665 0.24537037037037038 0.44114583333333335 0.24537037037037038
2 0.43333333333333335 0.14722222222222223 0.44427083333333334 0.14722222222222223 0.44427083333333334 0.18703703703703703 0.43333333333333335 0.18703703703703703
2 0.45416666666666666 0.13333333333333333 0.4703125 0.13333333333333333 0.4703125 0.1962962962962963 0.45416666666666666 0.1962962962962963
2 0.521875 0.18055555555555555 0.5619791666666667 0.18055555555555555 0.5619791666666667 0.24351851851851852 0.521875 0.24351851851851852
2 0.6838541666666667 0.2722222222222222 0.7026041666666667 0.2722222222222222 0.7026041666666667 0.36203703703703705 0.6838541666666667 0.36203703703703705
2 0.7421875 0.3712962962962963 0.7822916666666667 0.3712962962962963 0.7822916666666667 0.48055555555555557 0.7421875 0.48055555555555557
2 0.6104166666666667 0.16018518518518518 0.621875 0.16018518518518518 0.621875 0.22314814814814815 0.6104166666666667 0.22314814814814815
2 0.47239583333333335 0.125 0.4822916666666667 0.125 0.4822916666666667 0.17037037037037037 0.47239583333333335 0.17037037037037037
2 0.49166666666666664 0.12222222222222222 0.5026041666666666 0.12222222222222222 0.5026041666666666 0.1675925925925926 0.49166666666666664 0.1675925925925926
2 0.4395833333333333 0.12685185185185185 0.45260416666666664 0.12685185185185185 0.45260416666666664 0.1638888888888889 0.4395833333333333 0.1638888888888889
2 0.27447916666666666 0.3824074074074074 0.3109375 0.3824074074074074 0.3109375 0.5138888888888888 0.27447916666666666 0.5138888888888888