1 0.1453125 0.3296296296296296 0.2682291666666667 0.3296296296296296 0.2682291666666667 0.5046296296296297 0.1453125 0.5046296296296297
1 0.33177083333333335 0.17962962962962964 0.39010416666666664 0.17962962962962964 0.39010416666666664 0.24259259259259258 0.33177083333333335 0.24259259259259258
1 0.5442708333333334 0.10925925925925926 0.5697916666666667 0.10925925925925926 0.5697916666666667 0.15555555555555556 0.5442708333333334 0.15555555555555556
2 0.15885416666666666 0.7083333333333334 0.2328125 0.7083333333333334 0.2328125 0.975925925925926 0.15885416666666666 0.975925925925926
2 0.165625 0.5203703703703704 0.21979166666666666 0.5203703703703704 0.21979166666666666 0.7046296296296296 0.165625 0.7046296296296296
2 0.35572916666666665 0.4287037037037037 0.3958333333333333 0.4287037037037037 0.3958333333333333 0.587037037037037 0.35572916666666665 0.587037037037037
2 0.3 0.3574074074074074 0.32864583333333336 0.3574074074074074 0.32864583333333336 0.4777777777777778 0.3 0.4777777777777778
2 0.3640625 0.337037037037037 0.3854166666666667 0.337037037037037 0.3854166666666667 0.43425925925925923 0.3640625 0.43425925925925923
2 0.4036458333333333 0.31296296296296294 0.4348958333333333 0.31296296296296294 0.4348958333333333 0.4398148148148148 0.4036458333333333 0.4398148148148148
2 0.3541666666666667 0.2759259259259259 0.3770833333333333 0.2759259259259259 0.3770833333333333 0.3592592592592593 0.3541666666666667 0.3592592592592593
2 0.4015625 0.21203703703703702 0.415625 0.21203703703703702 0.415625 0.28055555555555556 0.4015625 0.28055555555555556
2 0.4203125 0.23148148148148148 0.4359375 0.23148148148148148 0.4359375 0.2953703703703704 0.4203125 0.2953703703703704
2 0.41822916666666665 0.17592592592592593 0.4276041666666667 0.17592592592592593 0.4276041666666667 0.21851851851851853 0.41822916666666665 0.21851851851851853
2 0.41302083333333334 0.15925925925925927 0.42083333333333334 0.15925925925925927 0.42083333333333334 0.20462962962962963 0.41302083333333334 0.20462962962962963
2 0.4046875 0.15648148148148147 0.415625 0.15648148148148147 0.415625 0.19444444444444445 0.4046875 0.19444444444444445
2 0.4348958333333333 0.14629629629629629 0.44375 0.14629629629629629 0.44375 0.18888888888888888 0.4348958333333333 0.18888888888888888
2 0.434375 0.1962962962962963 0.44427083333333334 0.1962962962962963 0.44427083333333334 0.26481481481481484 0.434375 0.26481481481481484
2 0.45677083333333335 0.19444444444444445 0.46822916666666664 0.19444444444444445 0.46822916666666664 0.2601851851851852 0.45677083333333335 0.2601851851851852
2 0.47604166666666664 0.20277777777777778 0.4875 0.20277777777777778 0.4875 0.2675925925925926 0.47604166666666664 0.2675925925925926
2 0.4817708333333333 0.15648148148148147 0.4921875 0.15648148148148147 0.4921875 0.1935185185185185 0.4817708333333333 0.1935185185185185
2 0.4515625 0.16574074074074074 0.459375 0.16574074074074074 0.459375 0.2037037037037037 0.4515625 0.2037037037037037
2 0.4473958333333333 0.15 0.453125 0.15 0.453125 0.1925925925925926 0.4473958333333333 0.1925925925925926
2 0.45677083333333335 0.14351851851851852 0.4625 0.14351851851851852 0.4625 0.17407407407407408 0.45677083333333335 0.17407407407407408
2 0.46197916666666666 0.1287037037037037 0.4703125 0.1287037037037037 0.4703125 0.16944444444444445 0.46197916666666666 0.16944444444444445
2 0.47604166666666664 0.13333333333333333 0.48489583333333336 0.13333333333333333 0.48489583333333336 0.16574074074074074 0.47604166666666664 0.16574074074074074
2 0.4671875 0.1175925925925926 0.475 0.1175925925925926 0.475 0.14537037037037037 0.4671875 0.14537037037037037
2 0.44635416666666666 0.125 0.45364583333333336 0.125 0.45364583333333336 0.15925925925925927 0.44635416666666666 0.15925925925925927
2 0.5645833333333333 0.16944444444444445 0.5885416666666666 0.16944444444444445 0.5885416666666666 0.22777777777777777 0.5645833333333333 0.22777777777777777
2 0.5880208333333333 0.17592592592592593 0.6119791666666666 0.17592592592592593 0.6119791666666666 0.23425925925925925 0.5880208333333333 0.23425925925925925
2 0.6536458333333334 0.27037037037037037 0.6682291666666667 0.27037037037037037 0.6682291666666667 0.3527777777777778 0.6536458333333334 0.3527777777777778
2 0.6494791666666667 0.21574074074074073 0.6682291666666667 0.21574074074074073 0.6682291666666667 0.27685185185185185 0.6494791666666667 0.27685185185185185
2 0.6192708333333333 0.16296296296296298 0.6354166666666666 0.16296296296296298 0.6354166666666666 0.22037037037037038 0.6192708333333333 0.22037037037037038
1 0.6489583333333333 0.125 0.70625 0.125 0.70625 0.1925925925925926 0.6489583333333333 0.1925925925925926