1 0.134375 0.3472222222222222 0.25729166666666664 0.3472222222222222 0.25729166666666664 0.525 0.134375 0.525
1 0.5541666666666667 0.25092592592592594 0.609375 0.25092592592592594 0.609375 0.3388888888888889 0.5541666666666667 0.3388888888888889
1 0.3223958333333333 0.1962962962962963 0.3807291666666667 0.1962962962962963 0.3807291666666667 0.25833333333333336 0.3223958333333333 0.25833333333333336
1 0.4375 0.1962962962962963 0.475 0.1962962962962963 0.475 0.2675925925925926 0.4375 0.2675925925925926
1 0.5296875 0.15555555555555556 0.559375 0.15555555555555556 0.559375 0.20277777777777778 0.5296875 0.20277777777777778
1 0.6479166666666667 0.14907407407407408 0.6958333333333333 0.14907407407407408 0.6958333333333333 0.19722222222222222 0.6479166666666667 0.19722222222222222
2 0.22239583333333332 0.5138888888888888 0.25729166666666664 0.5138888888888888 0.25729166666666664 0.6046296296296296 0.22239583333333332 0.6046296296296296
2 0.6776041666666667 0.38333333333333336 0.7020833333333333 0.38333333333333336 0.7020833333333333 0.4981481481481482 0.6776041666666667 0.4981481481481482
2 0.1921875 0.6314814814814815 0.2359375 0.6314814814814815 0.2359375 0.8546296296296296 0.1921875 0.8546296296296296
2 0.9166666666666666 0.7574074074074074 1 0.7574074074074074 1 0.975925925925926 0.9166666666666666 0.975925925925926
2 0.08229166666666667 0.6351851851851852 0.15260416666666668 0.6351851851851852 0.15260416666666668 0.8462962962962963 0.08229166666666667 0.8462962962962963
2 0.29322916666666665 0.5055555555555555 0.33489583333333334 0.5055555555555555 0.33489583333333334 0.6277777777777778 0.29322916666666665 0.6277777777777778
2 0.27760416666666665 0.44537037037037036 0.3203125 0.44537037037037036 0.3203125 0.5611111111111111 0.27760416666666665 0.5611111111111111
2 0.3515625 0.5166666666666667 0.38958333333333334 0.5166666666666667 0.38958333333333334 0.6833333333333333 0.3515625 0.6833333333333333
2 0.4005208333333333 0.5611111111111111 0.44479166666666664 0.5611111111111111 0.44479166666666664 0.7333333333333333 0.4005208333333333 0.7333333333333333
2 0.30416666666666664 0.32407407407407407 0.31979166666666664 0.32407407407407407 0.31979166666666664 0.39444444444444443 0.30416666666666664 0.39444444444444443
2 0.3098958333333333 0.3490740740740741 0.33645833333333336 0.3490740740740741 0.33645833333333336 0.4388888888888889 0.3098958333333333 0.4388888888888889
2 0.3307291666666667 0.3962962962962963 0.3671875 0.3962962962962963 0.3671875 0.5046296296296297 0.3307291666666667 0.5046296296296297
2 0.3640625 0.3509259259259259 0.38125 0.3509259259259259 0.38125 0.4398148148148148 0.3640625 0.4398148148148148
2 0.3697916666666667 0.29444444444444445 0.390625 0.29444444444444445 0.390625 0.3712962962962963 0.3697916666666667 0.3712962962962963
2 0.4088541666666667 0.2962962962962963 0.434375 0.2962962962962963 0.434375 0.37777777777777777 0.4088541666666667 0.37777777777777777
2 0.38645833333333335 0.2361111111111111 0.403125 0.2361111111111111 0.403125 0.29444444444444445 0.38645833333333335 0.29444444444444445
2 0.3848958333333333 0.1935185185185185 0.4036458333333333 0.1935185185185185 0.4036458333333333 0.2462962962962963 0.3848958333333333 0.2462962962962963
2 0.409375 0.2175925925925926 0.4234375 0.2175925925925926 0.4234375 0.2638888888888889 0.409375 0.2638888888888889
2 0.4973958333333333 0.19907407407407407 0.5203125 0.19907407407407407 0.5203125 0.25092592592592594 0.4973958333333333 0.25092592592592594
2 0.4119791666666667 0.16018518518518518 0.4239583333333333 0.16018518518518518 0.4239583333333333 0.20185185185185187 0.4119791666666667 0.20185185185185187
2 0.4265625 0.17777777777777778 0.4375 0.17777777777777778 0.4375 0.21944444444444444 0.4265625 0.21944444444444444
2 0.43333333333333335 0.1527777777777778 0.44635416666666666 0.1527777777777778 0.44635416666666666 0.19074074074074074 0.43333333333333335 0.19074074074074074
2 0.44635416666666666 0.14814814814814814 0.4578125 0.14814814814814814 0.4578125 0.17777777777777778 0.44635416666666666 0.17777777777777778
2 0.4635416666666667 0.14537037037037037 0.48072916666666665 0.14537037037037037 0.48072916666666665 0.18333333333333332 0.4635416666666667 0.18333333333333332
2 0.5755208333333334 0.1814814814814815 0.5916666666666667 0.1814814814814815 0.5916666666666667 0.22407407407407406 0.5755208333333334 0.22407407407407406
2 0.59375 0.17222222222222222 0.6125 0.17222222222222222 0.6125 0.2222222222222222 0.59375 0.2222222222222222