1 0.4921875 0 0.5927083333333333 0 0.5927083333333333 0.08148148148148149 0.4921875 0.08148148148148149
1 0.540625 0.33611111111111114 0.6135416666666667 0.33611111111111114 0.6135416666666667 0.45740740740740743 0.540625 0.45740740740740743
1 0.6411458333333333 0.19907407407407407 0.6760416666666667 0.19907407407407407 0.6760416666666667 0.30185185185185187 0.6411458333333333 0.30185185185185187
1 0.6614583333333334 0.5898148148148148 0.6947916666666667 0.5898148148148148 0.6947916666666667 0.6583333333333333 0.6614583333333334 0.6583333333333333
1 0.6822916666666666 0.7824074074074074 0.7041666666666667 0.7824074074074074 0.7041666666666667 0.862037037037037 0.6822916666666666 0.862037037037037
2 0.5744791666666667 0.22037037037037038 0.628125 0.22037037037037038 0.628125 0.2657407407407407 0.5744791666666667 0.2657407407407407
2 0.47708333333333336 0.2074074074074074 0.5348958333333333 0.2074074074074074 0.5348958333333333 0.26851851851851855 0.47708333333333336 0.26851851851851855
2 0.4973958333333333 0.962037037037037 0.5510416666666667 0.962037037037037 0.5510416666666667 1 0.4973958333333333 1
2 0.34010416666666665 0.016666666666666666 0.45729166666666665 0.016666666666666666 0.45729166666666665 0.10925925925925926 0.34010416666666665 0.10925925925925926
2 0.28489583333333335 0.08333333333333333 0.41822916666666665 0.08333333333333333 0.41822916666666665 0.1814814814814815 0.28489583333333335 0.1814814814814815
2 0.5036458333333333 0.13333333333333333 0.5744791666666667 0.13333333333333333 0.5744791666666667 0.17962962962962964 0.5036458333333333 0.17962962962962964
2 0.6302083333333334 0.29259259259259257 0.665625 0.29259259259259257 0.665625 0.325 0.6302083333333334 0.325
2 0.5901041666666667 0.32222222222222224 0.6411458333333333 0.32222222222222224 0.6411458333333333 0.35185185185185186 0.5901041666666667 0.35185185185185186
2 0.6411458333333333 0.36018518518518516 0.6744791666666666 0.36018518518518516 0.6744791666666666 0.39166666666666666 0.6411458333333333 0.39166666666666666
2 0.6609375 0.33796296296296297 0.6927083333333334 0.33796296296296297 0.6927083333333334 0.3675925925925926 0.6609375 0.3675925925925926
2 0.690625 0.32314814814814813 0.7130208333333333 0.32314814814814813 0.7130208333333333 0.3472222222222222 0.690625 0.3472222222222222
2 0.640625 0.41388888888888886 0.6723958333333333 0.41388888888888886 0.6723958333333333 0.44074074074074077 0.640625 0.44074074074074077
2 0.653125 0.3925925925925926 0.68125 0.3925925925925926 0.68125 0.425 0.653125 0.425
2 0.6739583333333333 0.3851851851851852 0.6963541666666667 0.3851851851851852 0.6963541666666667 0.40555555555555556 0.6739583333333333 0.40555555555555556
2 0.6786458333333333 0.42407407407407405 0.7072916666666667 0.42407407407407405 0.7072916666666667 0.44537037037037036 0.6786458333333333 0.44537037037037036
2 0.6869791666666667 0.44907407407407407 0.7114583333333333 0.44907407407407407 0.7114583333333333 0.4638888888888889 0.6869791666666667 0.4638888888888889
2 0.6880208333333333 0.48518518518518516 0.7109375 0.48518518518518516 0.7109375 0.5027777777777778 0.6880208333333333 0.5027777777777778
2 0.6427083333333333 0.5462962962962963 0.68125 0.5462962962962963 0.68125 0.587037037037037 0.6427083333333333 0.587037037037037
2 0.6536458333333334 0.7027777777777777 0.6822916666666666 0.7027777777777777 0.6822916666666666 0.7240740740740741 0.6536458333333334 0.7240740740740741
2 0.5645833333333333 0.8296296296296296 0.6192708333333333 0.8296296296296296 0.6192708333333333 0.8796296296296297 0.5645833333333333 0.8796296296296297
2 0.6885416666666667 0.3990740740740741 0.7098958333333333 0.3990740740740741 0.7098958333333333 0.41759259259259257 0.6885416666666667 0.41759259259259257