1 0.14375 0.33055555555555555 0.26666666666666666 0.33055555555555555 0.26666666666666666 0.5111111111111111 0.14375 0.5111111111111111
1 0.390625 0.35648148148148145 0.47239583333333335 0.35648148148148145 0.47239583333333335 0.5083333333333333 0.390625 0.5083333333333333
1 0.3307291666666667 0.1814814814814815 0.38645833333333335 0.1814814814814815 0.38645833333333335 0.24444444444444444 0.3307291666666667 0.24444444444444444
1 0.5494791666666666 0.13796296296296295 0.5838541666666667 0.13796296296296295 0.5838541666666667 0.18888888888888888 0.5494791666666666 0.18888888888888888
1 0.6578125 0.13240740740740742 0.7026041666666667 0.13240740740740742 0.7026041666666667 0.17592592592592593 0.6578125 0.17592592592592593
2 0.10677083333333333 0.7833333333333333 0.20572916666666666 0.7833333333333333 0.20572916666666666 0.9814814814814815 0.10677083333333333 0.9814814814814815
2 0.24791666666666667 0.4287037037037037 0.27760416666666665 0.4287037037037037 0.27760416666666665 0.5925925925925926 0.24791666666666667 0.5925925925925926
2 0.2828125 0.524074074074074 0.33229166666666665 0.524074074074074 0.33229166666666665 0.7148148148148148 0.2828125 0.7148148148148148
2 0.3234375 0.3111111111111111 0.3463541666666667 0.3111111111111111 0.3463541666666667 0.4046296296296296 0.3234375 0.4046296296296296
2 0.3723958333333333 0.2972222222222222 0.39010416666666664 0.2972222222222222 0.39010416666666664 0.3787037037037037 0.3723958333333333 0.3787037037037037
2 0.7921875 0.5305555555555556 0.8369791666666667 0.5305555555555556 0.8369791666666667 0.7222222222222222 0.7921875 0.7222222222222222
2 0.7161458333333334 0.32407407407407407 0.7494791666666667 0.32407407407407407 0.7494791666666667 0.4212962962962963 0.7161458333333334 0.4212962962962963
2 0.6630208333333333 0.23425925925925925 0.6911458333333333 0.23425925925925925 0.6911458333333333 0.31574074074074077 0.6630208333333333 0.31574074074074077
2 0.37604166666666666 0.22870370370370371 0.3932291666666667 0.22870370370370371 0.3932291666666667 0.2962962962962963 0.37604166666666666 0.2962962962962963
2 0.4161458333333333 0.20185185185185187 0.42604166666666665 0.20185185185185187 0.42604166666666665 0.275 0.4161458333333333 0.275
2 0.4427083333333333 0.19074074074074074 0.4546875 0.19074074074074074 0.4546875 0.2388888888888889 0.4427083333333333 0.2388888888888889
2 0.40729166666666666 0.17962962962962964 0.41822916666666665 0.17962962962962964 0.41822916666666665 0.2351851851851852 0.40729166666666666 0.2351851851851852
2 0.4421875 0.22592592592592592 0.46458333333333335 0.22592592592592592 0.46458333333333335 0.2962962962962963 0.4421875 0.2962962962962963
2 0.40520833333333334 0.125 0.4140625 0.125 0.4140625 0.1638888888888889 0.40520833333333334 0.1638888888888889
2 0.4078125 0.10925925925925926 0.4197916666666667 0.10925925925925926 0.4197916666666667 0.1425925925925926 0.4078125 0.1425925925925926
2 0.4296875 0.15092592592592594 0.4432291666666667 0.15092592592592594 0.4432291666666667 0.19814814814814816 0.4296875 0.19814814814814816
2 0.4390625 0.125 0.44947916666666665 0.125 0.44947916666666665 0.17037037037037037 0.4390625 0.17037037037037037
2 0.4583333333333333 0.15185185185185185 0.46927083333333336 0.15185185185185185 0.46927083333333336 0.20185185185185187 0.4583333333333333 0.20185185185185187
2 0.47239583333333335 0.13518518518518519 0.4817708333333333 0.13518518518518519 0.4817708333333333 0.17962962962962964 0.47239583333333335 0.17962962962962964
2 0.49166666666666664 0.13055555555555556 0.5010416666666667 0.13055555555555556 0.5010416666666667 0.17962962962962964 0.49166666666666664 0.17962962962962964
2 0.4473958333333333 0.11944444444444445 0.45416666666666666 0.11944444444444445 0.45416666666666666 0.15555555555555556 0.4473958333333333 0.15555555555555556
2 0.4583333333333333 0.1175925925925926 0.46875 0.1175925925925926 0.46875 0.15 0.4583333333333333 0.15
2 0.5270833333333333 0.17592592592592593 0.5697916666666667 0.17592592592592593 0.5697916666666667 0.24074074074074073 0.5270833333333333 0.24074074074074073
2 0.6020833333333333 0.1527777777777778 0.6130208333333333 0.1527777777777778 0.6130208333333333 0.2064814814814815 0.6020833333333333 0.2064814814814815