1 0.14635416666666667 0.3287037037037037 0.26927083333333335 0.3287037037037037 0.26927083333333335 0.5046296296296297 0.14635416666666667 0.5046296296296297
1 0.3359375 0.1814814814814815 0.39010416666666664 0.1814814814814815 0.39010416666666664 0.24351851851851852 0.3359375 0.24351851851851852
1 0.4765625 0.10648148148148148 0.5036458333333333 0.10648148148148148 0.5036458333333333 0.14537037037037037 0.4765625 0.14537037037037037
2 0.09583333333333334 0.6185185185185185 0.159375 0.6185185185185185 0.159375 0.8703703703703703 0.09583333333333334 0.8703703703703703
2 0.30364583333333334 0.5675925925925925 0.3416666666666667 0.5675925925925925 0.3416666666666667 0.7759259259259259 0.30364583333333334 0.7759259259259259
2 0.25677083333333334 0.4185185185185185 0.2994791666666667 0.4185185185185185 0.2994791666666667 0.5527777777777778 0.25677083333333334 0.5527777777777778
2 0.32760416666666664 0.3861111111111111 0.36354166666666665 0.3861111111111111 0.36354166666666665 0.525 0.32760416666666664 0.525
2 0.32395833333333335 0.3148148148148148 0.3567708333333333 0.3148148148148148 0.3567708333333333 0.4074074074074074 0.32395833333333335 0.4074074074074074
2 0.3802083333333333 0.375 0.4239583333333333 0.375 0.4239583333333333 0.5120370370370371 0.3802083333333333 0.5120370370370371
2 0.39375 0.22777777777777777 0.40729166666666666 0.22777777777777777 0.40729166666666666 0.28055555555555556 0.39375 0.28055555555555556
2 0.39947916666666666 0.25833333333333336 0.42135416666666664 0.25833333333333336 0.42135416666666664 0.33425925925925926 0.39947916666666666 0.33425925925925926
2 0.4244791666666667 0.21851851851851853 0.4395833333333333 0.21851851851851853 0.4395833333333333 0.29259259259259257 0.4244791666666667 0.29259259259259257
2 0.40625 0.18796296296296297 0.42083333333333334 0.18796296296296297 0.42083333333333334 0.2462962962962963 0.40625 0.2462962962962963
2 0.4015625 0.17314814814814813 0.41458333333333336 0.17314814814814813 0.41458333333333336 0.22870370370370371 0.4015625 0.22870370370370371
2 0.4609375 0.22777777777777777 0.47708333333333336 0.22777777777777777 0.47708333333333336 0.3 0.4609375 0.3
2 0.44895833333333335 0.21666666666666667 0.4640625 0.21666666666666667 0.4640625 0.28425925925925927 0.44895833333333335 0.28425925925925927
2 0.44635416666666666 0.17962962962962964 0.4557291666666667 0.17962962962962964 0.4557291666666667 0.23148148148148148 0.44635416666666666 0.23148148148148148
2 0.4822916666666667 0.1712962962962963 0.496875 0.1712962962962963 0.496875 0.22314814814814815 0.4822916666666667 0.22314814814814815
2 0.440625 0.1638888888888889 0.44947916666666665 0.1638888888888889 0.44947916666666665 0.20092592592592592 0.440625 0.20092592592592592
2 0.43385416666666665 0.15 0.44114583333333335 0.15 0.44114583333333335 0.1935185185185185 0.43385416666666665 0.1935185185185185
2 0.46041666666666664 0.14351851851851852 0.46979166666666666 0.14351851851851852 0.46979166666666666 0.19074074074074074 0.46041666666666664 0.19074074074074074
2 0.45 0.1537037037037037 0.45989583333333334 0.1537037037037037 0.45989583333333334 0.18981481481481483 0.45 0.18981481481481483
2 0.47760416666666666 0.14074074074074075 0.4875 0.14074074074074075 0.4875 0.17407407407407408 0.47760416666666666 0.17407407407407408
2 0.4661458333333333 0.12777777777777777 0.47708333333333336 0.12777777777777777 0.47708333333333336 0.16018518518518518 0.4661458333333333 0.16018518518518518
2 0.4432291666666667 0.12962962962962962 0.45364583333333336 0.12962962962962962 0.45364583333333336 0.15925925925925927 0.4432291666666667 0.15925925925925927
2 0.5744791666666667 0.16018518518518518 0.596875 0.16018518518518518 0.596875 0.21574074074074073 0.5744791666666667 0.21574074074074073
2 0.6135416666666667 0.14629629629629629 0.6244791666666667 0.14629629629629629 0.6244791666666667 0.19074074074074074 0.6135416666666667 0.19074074074074074
2 0.6020833333333333 0.16944444444444445 0.6161458333333333 0.16944444444444445 0.6161458333333333 0.22314814814814815 0.6020833333333333 0.22314814814814815
2 0.6453125 0.20092592592592592 0.6635416666666667 0.20092592592592592 0.6635416666666667 0.2537037037037037 0.6453125 0.2537037037037037
2 0.6364583333333333 0.24074074074074073 0.6557291666666667 0.24074074074074073 0.6557291666666667 0.31296296296296294 0.6364583333333333 0.31296296296296294
1 0.6411458333333333 0.13055555555555556 0.7015625 0.13055555555555556 0.7015625 0.17685185185185184 0.6411458333333333 0.17685185185185184