1 0.496875 0 0.5979166666666667 0 0.5979166666666667 0.08888888888888889 0.496875 0.08888888888888889
1 0.6453125 0.2111111111111111 0.6807291666666667 0.2111111111111111 0.6807291666666667 0.3074074074074074 0.6453125 0.3074074074074074
1 0.6973958333333333 0.45740740740740743 0.7192708333333333 0.45740740740740743 0.7192708333333333 0.5037037037037037 0.6973958333333333 0.5037037037037037
1 0.6848958333333334 0.7342592592592593 0.7197916666666667 0.7342592592592593 0.7197916666666667 0.8435185185185186 0.6848958333333334 0.8435185185185186
2 0.25677083333333334 0.03611111111111111 0.40260416666666665 0.03611111111111111 0.40260416666666665 0.15925925925925927 0.25677083333333334 0.15925925925925927
2 0.43802083333333336 0.032407407407407406 0.525 0.032407407407407406 0.525 0.09907407407407408 0.43802083333333336 0.09907407407407408
2 0.5302083333333333 0.15833333333333333 0.5885416666666666 0.15833333333333333 0.5885416666666666 0.21666666666666667 0.5302083333333333 0.21666666666666667
2 0.4557291666666667 0.1398148148148148 0.540625 0.1398148148148148 0.540625 0.23055555555555557 0.4557291666666667 0.23055555555555557
2 0.4635416666666667 0.275 0.5484375 0.275 0.5484375 0.33611111111111114 0.4635416666666667 0.33611111111111114
2 0.5760416666666667 0.2935185185185185 0.6260416666666667 0.2935185185185185 0.6260416666666667 0.32592592592592595 0.5760416666666667 0.32592592592592595
2 0.6072916666666667 0.35555555555555557 0.6473958333333333 0.35555555555555557 0.6473958333333333 0.3861111111111111 0.6072916666666667 0.3861111111111111
2 0.5921875 0.40925925925925927 0.6401041666666667 0.40925925925925927 0.6401041666666667 0.45092592592592595 0.5921875 0.45092592592592595
2 0.6364583333333333 0.3287037037037037 0.66875 0.3287037037037037 0.66875 0.3537037037037037 0.6364583333333333 0.3537037037037037
2 0.6546875 0.31574074074074077 0.6770833333333334 0.31574074074074077 0.6770833333333334 0.3351851851851852 0.6546875 0.3351851851851852
2 0.6453125 0.4 0.6729166666666667 0.4 0.6729166666666667 0.41203703703703703 0.6453125 0.41203703703703703
2 0.6494791666666667 0.4638888888888889 0.6791666666666667 0.4638888888888889 0.6791666666666667 0.4898148148148148 0.6494791666666667 0.4898148148148148
2 0.6619791666666667 0.6444444444444445 0.6895833333333333 0.6444444444444445 0.6895833333333333 0.6759259259259259 0.6619791666666667 0.6759259259259259
2 0.6614583333333334 0.6916666666666667 0.6880208333333333 0.6916666666666667 0.6880208333333333 0.7129629629629629 0.6614583333333334 0.7129629629629629
2 0.6442708333333333 0.7546296296296297 0.6734375 0.7546296296296297 0.6734375 0.7796296296296297 0.6442708333333333 0.7796296296296297
2 0.6859375 0.6907407407407408 0.7052083333333333 0.6907407407407408 0.7052083333333333 0.7101851851851851 0.6859375 0.7101851851851851
2 0.6130208333333333 0.7296296296296296 0.6604166666666667 0.7296296296296296 0.6604166666666667 0.7675925925925926 0.6130208333333333 0.7675925925925926
2 0.6635416666666667 0.387037037037037 0.6854166666666667 0.387037037037037 0.6854166666666667 0.40370370370370373 0.6635416666666667 0.40370370370370373
2 0.6708333333333333 0.4064814814814815 0.6916666666666667 0.4064814814814815 0.6916666666666667 0.42407407407407405 0.6708333333333333 0.42407407407407405
2 0.671875 0.42685185185185187 0.6994791666666667 0.42685185185185187 0.6994791666666667 0.45 0.671875 0.45
2 0.6796875 0.4601851851851852 0.7 0.4601851851851852 0.7 0.4787037037037037 0.6796875 0.4787037037037037
2 0.6697916666666667 0.375 0.6947916666666667 0.375 0.6947916666666667 0.3925925925925926 0.6697916666666667 0.3925925925925926
2 0.6890625 0.40185185185185185 0.7057291666666666 0.40185185185185185 0.7057291666666666 0.41759259259259257 0.6890625 0.41759259259259257