1 0.315625 0.6944444444444444 0.3515625 0.6944444444444444 0.3515625 0.8111111111111111 0.315625 0.8111111111111111
1 0.39375 0.9074074074074074 0.49270833333333336 0.9074074074074074 0.49270833333333336 1 0.39375 1
2 0.46927083333333336 0 0.5390625 0 0.5390625 0.025925925925925925 0.46927083333333336 0.025925925925925925
2 0.40989583333333335 0.12777777777777777 0.465625 0.12777777777777777 0.465625 0.18888888888888888 0.40989583333333335 0.18888888888888888
2 0.5307291666666667 0 0.6286458333333333 0 0.6286458333333333 0.06851851851851852 0.5307291666666667 0.06851851851851852
2 0.49322916666666666 0.7870370370370371 0.5786458333333333 0.7870370370370371 0.5786458333333333 0.8814814814814815 0.49322916666666666 0.8814814814814815
2 0.33697916666666666 0.30833333333333335 0.3765625 0.30833333333333335 0.3765625 0.34814814814814815 0.33697916666666666 0.34814814814814815
2 0.31875 0.6222222222222222 0.34791666666666665 0.6222222222222222 0.34791666666666665 0.6555555555555556 0.31875 0.6555555555555556
2 0.40677083333333336 0.6768518518518518 0.45677083333333335 0.6768518518518518 0.45677083333333335 0.7342592592592593 0.40677083333333336 0.7342592592592593
2 0.34010416666666665 0.5833333333333334 0.3802083333333333 0.5833333333333334 0.3802083333333333 0.6268518518518519 0.34010416666666665 0.6268518518518519
2 0.4348958333333333 0.6324074074074074 0.5078125 0.6324074074074074 0.5078125 0.6990740740740741 0.4348958333333333 0.6990740740740741
2 0.33177083333333335 0.5314814814814814 0.365625 0.5314814814814814 0.365625 0.5694444444444444 0.33177083333333335 0.5694444444444444
2 0.3078125 0.2574074074074074 0.33645833333333336 0.2574074074074074 0.33645833333333336 0.29444444444444445 0.3078125 0.29444444444444445
2 0.3171875 0.3675925925925926 0.353125 0.3675925925925926 0.353125 0.4074074074074074 0.3171875 0.4074074074074074
2 0.28489583333333335 0.3435185185185185 0.30572916666666666 0.3435185185185185 0.30572916666666666 0.3685185185185185 0.28489583333333335 0.3685185185185185