1 0.1359375 0.3416666666666667 0.259375 0.3416666666666667 0.259375 0.525 0.1359375 0.525
1 0.5526041666666667 0.21388888888888888 0.6020833333333333 0.21388888888888888 0.6020833333333333 0.29907407407407405 0.5526041666666667 0.29907407407407405
1 0.32708333333333334 0.19444444444444445 0.3859375 0.19444444444444445 0.3859375 0.25833333333333336 0.32708333333333334 0.25833333333333336
1 0.4322916666666667 0.21574074074074073 0.4791666666666667 0.21574074074074073 0.4791666666666667 0.2935185185185185 0.4322916666666667 0.2935185185185185
1 0.528125 0.14166666666666666 0.5572916666666666 0.14166666666666666 0.5572916666666666 0.18518518518518517 0.528125 0.18518518518518517
1 0.6489583333333333 0.14722222222222223 0.6994791666666667 0.14722222222222223 0.6994791666666667 0.1935185185185185 0.6489583333333333 0.1935185185185185
2 0.14322916666666666 0.5666666666666667 0.1921875 0.5666666666666667 0.1921875 0.7074074074074074 0.14322916666666666 0.7074074074074074
2 0.1703125 0.7296296296296296 0.23802083333333332 0.7296296296296296 0.23802083333333332 0.9666666666666667 0.1703125 0.9666666666666667
2 0.2828125 0.7574074074074074 0.33541666666666664 0.7574074074074074 0.33541666666666664 0.9805555555555555 0.2828125 0.9805555555555555
2 0.215625 0.5768518518518518 0.2640625 0.5768518518518518 0.2640625 0.7138888888888889 0.215625 0.7138888888888889
2 0.29270833333333335 0.4962962962962963 0.33697916666666666 0.4962962962962963 0.33697916666666666 0.6675925925925926 0.29270833333333335 0.6675925925925926
2 0.26510416666666664 0.37962962962962965 0.29375 0.37962962962962965 0.29375 0.5138888888888888 0.26510416666666664 0.5138888888888888
2 0.32864583333333336 0.4083333333333333 0.3572916666666667 0.4083333333333333 0.3572916666666667 0.5101851851851852 0.32864583333333336 0.5101851851851852
2 0.3494791666666667 0.3453703703703704 0.37447916666666664 0.3453703703703704 0.37447916666666664 0.4398148148148148 0.3494791666666667 0.4398148148148148
2 0.38697916666666665 0.3416666666666667 0.415625 0.3416666666666667 0.415625 0.45092592592592595 0.38697916666666665 0.45092592592592595
2 0.36666666666666664 0.25555555555555554 0.38333333333333336 0.25555555555555554 0.38333333333333336 0.3333333333333333 0.36666666666666664 0.3333333333333333
2 0.3802083333333333 0.21388888888888888 0.3932291666666667 0.21388888888888888 0.3932291666666667 0.2712962962962963 0.3802083333333333 0.2712962962962963
2 0.39791666666666664 0.24166666666666667 0.42135416666666664 0.24166666666666667 0.42135416666666664 0.31296296296296294 0.39791666666666664 0.31296296296296294
2 0.409375 0.1638888888888889 0.41875 0.1638888888888889 0.41875 0.21203703703703702 0.409375 0.21203703703703702
2 0.42239583333333336 0.18425925925925926 0.4317708333333333 0.18425925925925926 0.4317708333333333 0.24259259259259258 0.42239583333333336 0.24259259259259258
2 0.4322916666666667 0.15 0.44375 0.15 0.44375 0.2064814814814815 0.4322916666666667 0.2064814814814815
2 0.44635416666666666 0.15092592592592594 0.4552083333333333 0.15092592592592594 0.4552083333333333 0.20277777777777778 0.44635416666666666 0.20277777777777778
2 0.46458333333333335 0.15092592592592594 0.47604166666666664 0.15092592592592594 0.47604166666666664 0.19907407407407407 0.46458333333333335 0.19907407407407407
2 0.5052083333333334 0.18703703703703703 0.525 0.18703703703703703 0.525 0.2462962962962963 0.5052083333333334 0.2462962962962963
2 0.6427083333333333 0.2962962962962963 0.6682291666666667 0.2962962962962963 0.6682291666666667 0.3731481481481482 0.6427083333333333 0.3731481481481482
2 0.8182291666666667 0.524074074074074 0.8588541666666667 0.524074074074074 0.8588541666666667 0.6935185185185185 0.8182291666666667 0.6935185185185185
2 0.5682291666666667 0.1527777777777778 0.5807291666666666 0.1527777777777778 0.5807291666666666 0.19537037037037036 0.5682291666666667 0.19537037037037036
2 0.5895833333333333 0.15 0.5973958333333333 0.15 0.5973958333333333 0.19537037037037036 0.5895833333333333 0.19537037037037036
2 0.5817708333333333 0.1388888888888889 0.5901041666666667 0.1388888888888889 0.5901041666666667 0.1675925925925926 0.5817708333333333 0.1675925925925926
2 0.42239583333333336 0.13425925925925927 0.4348958333333333 0.13425925925925927 0.4348958333333333 0.17777777777777778 0.42239583333333336 0.17777777777777778
2 0.4010416666666667 0.12037037037037036 0.41302083333333334 0.12037037037037036 0.41302083333333334 0.1527777777777778 0.4010416666666667 0.1527777777777778
2 0.4473958333333333 0.13055555555555556 0.45416666666666666 0.13055555555555556 0.45416666666666666 0.15 0.4473958333333333 0.15