1 0.14479166666666668 0.31296296296296294 0.2708333333333333 0.31296296296296294 0.2708333333333333 0.487962962962963 0.14479166666666668 0.487962962962963
1 0.3234375 0.17222222222222222 0.390625 0.17222222222222222 0.390625 0.2351851851851852 0.3234375 0.2351851851851852
2 0.8151041666666666 0.7240740740740741 0.8989583333333333 0.7240740740740741 0.8989583333333333 0.9722222222222222 0.8151041666666666 0.9722222222222222
2 0.8130208333333333 0.5305555555555556 0.8703125 0.5305555555555556 0.8703125 0.6703703703703704 0.8130208333333333 0.6703703703703704
2 0.20677083333333332 0.5546296296296296 0.26510416666666664 0.5546296296296296 0.26510416666666664 0.7222222222222222 0.20677083333333332 0.7222222222222222
2 0.6963541666666667 0.4027777777777778 0.7354166666666667 0.4027777777777778 0.7354166666666667 0.5194444444444445 0.6963541666666667 0.5194444444444445
2 0.5859375 0.24444444444444444 0.6119791666666666 0.24444444444444444 0.6119791666666666 0.32314814814814813 0.5859375 0.32314814814814813
2 0.6255208333333333 0.3425925925925926 0.6609375 0.3425925925925926 0.6609375 0.44722222222222224 0.6255208333333333 0.44722222222222224
2 0.6036458333333333 0.1712962962962963 0.6276041666666666 0.1712962962962963 0.6276041666666666 0.2222222222222222 0.6036458333333333 0.2222222222222222
2 0.3302083333333333 0.387037037037037 0.37135416666666665 0.387037037037037 0.37135416666666665 0.5148148148148148 0.3302083333333333 0.5148148148148148
2 0.40260416666666665 0.31296296296296294 0.4395833333333333 0.31296296296296294 0.4395833333333333 0.42592592592592593 0.40260416666666665 0.42592592592592593
2 0.5020833333333333 0.16111111111111112 0.5317708333333333 0.16111111111111112 0.5317708333333333 0.22592592592592592 0.5020833333333333 0.22592592592592592
2 0.5536458333333333 0.1935185185185185 0.58125 0.1935185185185185 0.58125 0.25833333333333336 0.5536458333333333 0.25833333333333336
2 0.6473958333333333 0.18981481481481483 0.66875 0.18981481481481483 0.66875 0.24537037037037038 0.6473958333333333 0.24537037037037038
2 0.6354166666666666 0.2638888888888889 0.6572916666666667 0.2638888888888889 0.6572916666666667 0.3398148148148148 0.6354166666666666 0.3398148148148148
2 0.5854166666666667 0.13518518518518519 0.6 0.13518518518518519 0.6 0.17222222222222222 0.5854166666666667 0.17222222222222222
2 0.4359375 0.18425925925925926 0.4552083333333333 0.18425925925925926 0.4552083333333333 0.25092592592592594 0.4359375 0.25092592592592594
2 0.4635416666666667 0.16574074074074074 0.4822916666666667 0.16574074074074074 0.4822916666666667 0.2324074074074074 0.4635416666666667 0.2324074074074074
2 0.41510416666666666 0.14814814814814814 0.434375 0.14814814814814814 0.434375 0.21666666666666667 0.41510416666666666 0.21666666666666667
2 0.38229166666666664 0.27870370370370373 0.4083333333333333 0.27870370370370373 0.4083333333333333 0.38981481481481484 0.38229166666666664 0.38981481481481484