1 0.1390625 0.30648148148148147 0.2671875 0.30648148148148147 0.2671875 0.4888888888888889 0.1390625 0.4888888888888889
2 0.0375 0.8546296296296296 0.121875 0.8546296296296296 0.121875 1 0.0375 1
1 0.6317708333333333 0.29074074074074074 0.71875 0.29074074074074074 0.71875 0.41759259259259257 0.6317708333333333 0.41759259259259257
2 0.890625 0.5638888888888889 0.95625 0.5638888888888889 0.95625 0.7324074074074074 0.890625 0.7324074074074074
2 0.5463541666666667 0.12314814814814815 0.5619791666666667 0.12314814814814815 0.5619791666666667 0.16666666666666666 0.5463541666666667 0.16666666666666666
2 0.7 0.4703703703703704 0.7479166666666667 0.4703703703703704 0.7479166666666667 0.6055555555555555 0.7 0.6055555555555555
2 0.08489583333333334 0.6240740740740741 0.15208333333333332 0.6240740740740741 0.15208333333333332 0.8148148148148148 0.08489583333333334 0.8148148148148148
2 0.7890625 0.4703703703703704 0.8348958333333333 0.4703703703703704 0.8348958333333333 0.6074074074074074 0.7890625 0.6074074074074074
2 0.315625 0.49444444444444446 0.3640625 0.49444444444444446 0.3640625 0.6481481481481481 0.315625 0.6481481481481481
2 0.3463541666666667 0.3685185185185185 0.3875 0.3685185185185185 0.3875 0.4787037037037037 0.3463541666666667 0.4787037037037037
0 0.30520833333333336 0.1787037037037037 0.4161458333333333 0.1787037037037037 0.4161458333333333 0.3861111111111111 0.30520833333333336 0.3861111111111111
2 0.4234375 0.3333333333333333 0.4588541666666667 0.3333333333333333 0.4588541666666667 0.4425925925925926 0.4234375 0.4425925925925926
1 0.5296875 0.09074074074074075 0.5557291666666667 0.09074074074074075 0.5557291666666667 0.12685185185185185 0.5296875 0.12685185185185185
2 0.005208333333333333 0.5398148148148149 0.08958333333333333 0.5398148148148149 0.08958333333333333 0.6953703703703704 0.005208333333333333 0.6953703703703704
2 0.7453125 0.3592592592592593 0.7807291666666667 0.3592592592592593 0.7807291666666667 0.4601851851851852 0.7453125 0.4601851851851852
2 0.4432291666666667 0.2490740740740741 0.4739583333333333 0.2490740740740741 0.4739583333333333 0.3333333333333333 0.4432291666666667 0.3333333333333333
1 0.4552083333333333 0.13240740740740742 0.4947916666666667 0.13240740740740742 0.4947916666666667 0.19074074074074074 0.4552083333333333 0.19074074074074074
1 0.5619791666666667 0.10925925925925926 0.596875 0.10925925925925926 0.596875 0.15185185185185185 0.5619791666666667 0.15185185185185185
2 0.934375 0.8425925925925926 1 0.8425925925925926 1 1 0.934375 1
2 0.5859375 0.3398148148148148 0.6223958333333334 0.3398148148148148 0.6223958333333334 0.45185185185185184 0.5859375 0.45185185185185184
2 0.5015625 0.15925925925925927 0.5255208333333333 0.15925925925925927 0.5255208333333333 0.21851851851851853 0.5015625 0.21851851851851853
2 0.43645833333333334 0.11481481481481481 0.4510416666666667 0.11481481481481481 0.4510416666666667 0.15833333333333333 0.43645833333333334 0.15833333333333333
2 0.6104166666666667 0.1935185185185185 0.6328125 0.1935185185185185 0.6328125 0.28055555555555556 0.6104166666666667 0.28055555555555556