1 0.31666666666666665 0.6888888888888889 0.35052083333333334 0.6888888888888889 0.35052083333333334 0.8203703703703704 0.31666666666666665 0.8203703703703704
1 0.39947916666666666 0.9083333333333333 0.4984375 0.9083333333333333 0.4984375 1 0.39947916666666666 1
2 0.4109375 0.06481481481481481 0.4661458333333333 0.06481481481481481 0.4661458333333333 0.13240740740740742 0.4109375 0.13240740740740742
2 0.4171875 0.14074074074074075 0.4828125 0.14074074074074075 0.4828125 0.2111111111111111 0.4171875 0.2111111111111111
2 0.36666666666666664 0.1925925925925926 0.4078125 0.1925925925925926 0.4078125 0.23981481481481481 0.36666666666666664 0.23981481481481481
2 0.33489583333333334 0.6444444444444445 0.3692708333333333 0.6444444444444445 0.3692708333333333 0.6842592592592592 0.33489583333333334 0.6842592592592592
2 0.34479166666666666 0.29444444444444445 0.37604166666666666 0.29444444444444445 0.37604166666666666 0.33055555555555555 0.34479166666666666 0.33055555555555555
2 0.3223958333333333 0.6259259259259259 0.3489583333333333 0.6259259259259259 0.3489583333333333 0.6648148148148149 0.3223958333333333 0.6648148148148149
2 0.31979166666666664 0.549074074074074 0.35052083333333334 0.549074074074074 0.35052083333333334 0.5851851851851851 0.31979166666666664 0.5851851851851851
2 0.30364583333333334 0.3675925925925926 0.3328125 0.3675925925925926 0.3328125 0.40370370370370373 0.30364583333333334 0.40370370370370373
2 0.33958333333333335 0.5879629629629629 0.371875 0.5879629629629629 0.371875 0.6240740740740741 0.33958333333333335 0.6240740740740741
2 0.384375 0.6027777777777777 0.43645833333333334 0.6027777777777777 0.43645833333333334 0.662962962962963 0.384375 0.662962962962963
2 0.29635416666666664 0.5027777777777778 0.31979166666666664 0.5027777777777778 0.31979166666666664 0.5287037037037037 0.29635416666666664 0.5287037037037037
2 0.5041666666666667 0.7620370370370371 0.5859375 0.7620370370370371 0.5859375 0.850925925925926 0.5041666666666667 0.850925925925926
2 0.3234375 0.2814814814814815 0.3515625 0.2814814814814815 0.3515625 0.31666666666666665 0.3234375 0.31666666666666665
2 0.375 0.5314814814814814 0.4265625 0.5314814814814814 0.4265625 0.5805555555555556 0.375 0.5805555555555556
2 0.2911458333333333 0.5898148148148148 0.3104166666666667 0.5898148148148148 0.3104166666666667 0.6138888888888889 0.2911458333333333 0.6138888888888889
2 0.3078125 0.2462962962962963 0.33177083333333335 0.2462962962962963 0.33177083333333335 0.275 0.3078125 0.275
2 0.31145833333333334 0.3194444444444444 0.34010416666666665 0.3194444444444444 0.34010416666666665 0.3509259259259259 0.31145833333333334 0.3509259259259259
2 0.5708333333333333 0.7564814814814815 0.7182291666666667 0.7564814814814815 0.7182291666666667 0.8388888888888889 0.5708333333333333 0.8388888888888889