1 0.13958333333333334 0.3074074074074074 0.265625 0.3074074074074074 0.265625 0.4888888888888889 0.13958333333333334 0.4888888888888889
1 0.696875 0.5157407407407407 0.8645833333333334 0.5157407407407407 0.8645833333333334 0.7361111111111112 0.696875 0.7361111111111112
2 0 0.7722222222222223 0.07291666666666667 0.7722222222222223 0.07291666666666667 0.9981481481481481 0 0.9981481481481481
1 0.534375 0.12037037037037036 0.5671875 0.12037037037037036 0.5671875 0.16574074074074074 0.534375 0.16574074074074074
2 0.9463541666666667 0.7712962962962963 1 0.7712962962962963 1 0.9953703703703703 0.9463541666666667 0.9953703703703703
2 0.0036458333333333334 0.5388888888888889 0.08802083333333334 0.5388888888888889 0.08802083333333334 0.7287037037037037 0.0036458333333333334 0.7287037037037037
2 0.7458333333333333 0.7916666666666666 0.815625 0.7916666666666666 0.815625 0.9990740740740741 0.7458333333333333 0.9990740740740741
2 0.6453125 0.2537037037037037 0.6671875 0.2537037037037037 0.6671875 0.325 0.6453125 0.325
2 0.3885416666666667 0.537962962962963 0.4432291666666667 0.537962962962963 0.4432291666666667 0.7111111111111111 0.3885416666666667 0.7111111111111111
0 0.3458333333333333 0.12314814814814815 0.4239583333333333 0.12314814814814815 0.4239583333333333 0.2861111111111111 0.3458333333333333 0.2861111111111111
2 0.34322916666666664 0.41574074074074074 0.3807291666666667 0.41574074074074074 0.3807291666666667 0.5611111111111111 0.34322916666666664 0.5611111111111111
2 0.55625 0.17314814814814813 0.5765625 0.17314814814814813 0.5765625 0.2324074074074074 0.55625 0.2324074074074074
2 0.2630208333333333 0.4398148148148148 0.3067708333333333 0.4398148148148148 0.3067708333333333 0.5861111111111111 0.2630208333333333 0.5861111111111111
2 0.3958333333333333 0.2777777777777778 0.428125 0.2777777777777778 0.428125 0.375 0.3958333333333333 0.375
2 0.6494791666666667 0.19444444444444445 0.6723958333333333 0.19444444444444445 0.6723958333333333 0.2490740740740741 0.6494791666666667 0.2490740740740741
2 0.4557291666666667 0.18055555555555555 0.4744791666666667 0.18055555555555555 0.4744791666666667 0.23333333333333334 0.4557291666666667 0.23333333333333334
2 0.27239583333333334 0.3277777777777778 0.3026041666666667 0.3277777777777778 0.3026041666666667 0.42685185185185187 0.27239583333333334 0.42685185185185187
2 0.4203125 0.25092592592592594 0.4479166666666667 0.25092592592592594 0.4479166666666667 0.3175925925925926 0.4203125 0.3175925925925926
1 0.5760416666666667 0.1388888888888889 0.61875 0.1388888888888889 0.61875 0.19444444444444445 0.5760416666666667 0.19444444444444445
2 0.4453125 0.20925925925925926 0.46510416666666665 0.20925925925925926 0.46510416666666665 0.25925925925925924 0.4453125 0.25925925925925924
2 0.6421875 0.3296296296296296 0.6703125 0.3296296296296296 0.6703125 0.4564814814814815 0.6421875 0.4564814814814815