1 0.14635416666666667 0.31203703703703706 0.271875 0.31203703703703706 0.271875 0.487962962962963 0.14635416666666667 0.487962962962963
1 0.32447916666666665 0.17222222222222222 0.390625 0.17222222222222222 0.390625 0.2361111111111111 0.32447916666666665 0.2361111111111111
2 0.75625 0.5861111111111111 0.8197916666666667 0.5861111111111111 0.8197916666666667 0.7648148148148148 0.75625 0.7648148148148148
2 0.29791666666666666 0.46574074074074073 0.3463541666666667 0.46574074074074073 0.3463541666666667 0.5972222222222222 0.29791666666666666 0.5972222222222222
2 0.14010416666666667 0.6611111111111111 0.2078125 0.6611111111111111 0.2078125 0.8481481481481481 0.14010416666666667 0.8481481481481481
2 0.6802083333333333 0.3490740740740741 0.7145833333333333 0.3490740740740741 0.7145833333333333 0.45185185185185184 0.6802083333333333 0.45185185185185184
2 0.7760416666666666 0.4601851851851852 0.8208333333333333 0.4601851851851852 0.8208333333333333 0.5416666666666666 0.7760416666666666 0.5416666666666666
2 0.5854166666666667 0.21666666666666667 0.6067708333333334 0.21666666666666667 0.6067708333333334 0.28703703703703703 0.5854166666666667 0.28703703703703703
2 0.6166666666666667 0.2953703703703704 0.6479166666666667 0.2953703703703704 0.6479166666666667 0.3851851851851852 0.6166666666666667 0.3851851851851852
2 0.4140625 0.17685185185185184 0.4322916666666667 0.17685185185185184 0.4322916666666667 0.22592592592592592 0.4140625 0.22592592592592592
2 0.43125 0.2037037037037037 0.4552083333333333 0.2037037037037037 0.4552083333333333 0.2759259259259259 0.43125 0.2759259259259259
2 0.3859375 0.362962962962963 0.4276041666666667 0.362962962962963 0.4276041666666667 0.4935185185185185 0.3859375 0.4935185185185185
2 0.5765625 0.12129629629629629 0.5895833333333333 0.12129629629629629 0.5895833333333333 0.15648148148148147 0.5765625 0.15648148148148147
2 0.5526041666666667 0.18055555555555555 0.5760416666666667 0.18055555555555555 0.5760416666666667 0.24259259259259258 0.5526041666666667 0.24259259259259258
2 0.6239583333333333 0.22870370370370371 0.646875 0.22870370370370371 0.646875 0.30092592592592593 0.6239583333333333 0.30092592592592593
2 0.6552083333333333 0.18425925925925926 0.6776041666666667 0.18425925925925926 0.6776041666666667 0.24074074074074073 0.6552083333333333 0.24074074074074073
2 0.5625 0.17407407407407408 0.5833333333333334 0.17407407407407408 0.5833333333333334 0.22592592592592592 0.5625 0.22592592592592592
2 0.6145833333333334 0.16203703703703703 0.634375 0.16203703703703703 0.634375 0.2111111111111111 0.6145833333333334 0.2111111111111111