1 0.3177083333333333 0.6916666666666667 0.35260416666666666 0.6916666666666667 0.35260416666666666 0.8138888888888889 0.3177083333333333 0.8138888888888889
1 0.396875 0.9055555555555556 0.49583333333333335 0.9055555555555556 0.49583333333333335 1 0.396875 1
1 0.359375 0.5342592592592592 0.4119791666666667 0.5342592592592592 0.4119791666666667 0.6361111111111111 0.359375 0.6361111111111111
2 0.36875 0.18888888888888888 0.4125 0.18888888888888888 0.4125 0.2388888888888889 0.36875 0.2388888888888889
2 0.38697916666666665 0.7157407407407408 0.42604166666666665 0.7157407407407408 0.42604166666666665 0.7648148148148148 0.38697916666666665 0.7648148148148148
2 0.4666666666666667 0.8907407407407407 0.5442708333333334 0.8907407407407407 0.5442708333333334 0.9731481481481481 0.4666666666666667 0.9731481481481481
2 0.3729166666666667 0.10833333333333334 0.42135416666666664 0.10833333333333334 0.42135416666666664 0.15833333333333333 0.3729166666666667 0.15833333333333333
2 0.5041666666666667 0.6935185185185185 0.6026041666666667 0.6935185185185185 0.6026041666666667 0.787962962962963 0.5041666666666667 0.787962962962963
2 0.3828125 0.6342592592592593 0.434375 0.6342592592592593 0.434375 0.687962962962963 0.3828125 0.687962962962963
2 0.3078125 0.5472222222222223 0.3338541666666667 0.5472222222222223 0.3338541666666667 0.575925925925926 0.3078125 0.575925925925926
2 0.43333333333333335 0.6796296296296296 0.48802083333333335 0.6796296296296296 0.48802083333333335 0.7398148148148148 0.43333333333333335 0.7398148148148148
2 0.2984375 0.5138888888888888 0.321875 0.5138888888888888 0.321875 0.5388888888888889 0.2984375 0.5388888888888889
1 0.3020833333333333 0.31296296296296294 0.39010416666666664 0.31296296296296294 0.39010416666666664 0.42685185185185187 0.3020833333333333 0.42685185185185187
2 0.3145833333333333 0.46944444444444444 0.3484375 0.46944444444444444 0.3484375 0.5064814814814815 0.3145833333333333 0.5064814814814815
2 0.32708333333333334 0.25833333333333336 0.36666666666666664 0.25833333333333336 0.36666666666666664 0.29074074074074074 0.32708333333333334 0.29074074074074074
2 0.415625 0.7481481481481481 0.471875 0.7481481481481481 0.471875 0.8009259259259259 0.415625 0.8009259259259259
2 0.3421875 0.6175925925925926 0.3770833333333333 0.6175925925925926 0.3770833333333333 0.6555555555555556 0.3421875 0.6555555555555556
2 0.425 0.8462962962962963 0.4859375 0.8462962962962963 0.4859375 0.9037037037037037 0.425 0.9037037037037037
2 0.28229166666666666 0.3425925925925926 0.3 0.3425925925925926 0.3 0.37037037037037035 0.28229166666666666 0.37037037037037035
2 0.28802083333333334 0.2953703703703704 0.30885416666666665 0.2953703703703704 0.30885416666666665 0.32407407407407407 0.28802083333333334 0.32407407407407407
2 0.32135416666666666 0.22777777777777777 0.36302083333333335 0.22777777777777777 0.36302083333333335 0.2518518518518518 0.32135416666666666 0.2518518518518518