1 0.12864583333333332 0.3537037037037037 0.25416666666666665 0.3537037037037037 0.25416666666666665 0.5342592592592592 0.12864583333333332 0.5342592592592592
1 0.5619791666666667 0.35648148148148145 0.6427083333333333 0.35648148148148145 0.6427083333333333 0.487962962962963 0.5619791666666667 0.487962962962963
1 0.29375 0.5444444444444444 0.42083333333333334 0.5444444444444444 0.42083333333333334 0.7898148148148149 0.29375 0.7898148148148149
1 0.44427083333333334 0.17037037037037037 0.4786458333333333 0.17037037037037037 0.4786458333333333 0.22407407407407406 0.44427083333333334 0.22407407407407406
1 0.5296875 0.18981481481481483 0.5671875 0.18981481481481483 0.5671875 0.24722222222222223 0.5296875 0.24722222222222223
1 0.31927083333333334 0.20555555555555555 0.375 0.20555555555555555 0.375 0.26944444444444443 0.31927083333333334 0.26944444444444443
1 0.6421875 0.15833333333333333 0.6911458333333333 0.15833333333333333 0.6911458333333333 0.2 0.6421875 0.2
2 0.1734375 0.6222222222222222 0.2359375 0.6222222222222222 0.2359375 0.8314814814814815 0.1734375 0.8314814814814815
2 0.2911458333333333 0.48518518518518516 0.3260416666666667 0.48518518518518516 0.3260416666666667 0.5962962962962963 0.2911458333333333 0.5962962962962963
2 0.0109375 0.7925925925925926 0.1046875 0.7925925925925926 0.1046875 0.9925925925925926 0.0109375 0.9925925925925926
2 0.36354166666666665 0.7296296296296296 0.43697916666666664 0.7296296296296296 0.43697916666666664 0.9722222222222222 0.36354166666666665 0.9722222222222222
2 0.8661458333333333 0.8175925925925925 0.9484375 0.8175925925925925 0.9484375 1 0.8661458333333333 1
2 0.25416666666666665 0.40185185185185185 0.2890625 0.40185185185185185 0.2890625 0.5185185185185185 0.25416666666666665 0.5185185185185185
2 0.2947916666666667 0.3388888888888889 0.32864583333333336 0.3388888888888889 0.32864583333333336 0.4425925925925926 0.2947916666666667 0.4425925925925926
2 0.334375 0.375 0.3567708333333333 0.375 0.3567708333333333 0.49537037037037035 0.334375 0.49537037037037035
2 0.334375 0.32592592592592595 0.3546875 0.32592592592592595 0.3546875 0.3888888888888889 0.334375 0.3888888888888889
2 0.3848958333333333 0.2972222222222222 0.4114583333333333 0.2972222222222222 0.4114583333333333 0.4148148148148148 0.3848958333333333 0.4148148148148148
2 0.37135416666666665 0.2824074074074074 0.39114583333333336 0.2824074074074074 0.39114583333333336 0.38055555555555554 0.37135416666666665 0.38055555555555554
2 0.3411458333333333 0.2574074074074074 0.35572916666666665 0.2574074074074074 0.35572916666666665 0.32037037037037036 0.3411458333333333 0.32037037037037036
2 0.35104166666666664 0.25925925925925924 0.3692708333333333 0.25925925925925924 0.3692708333333333 0.3509259259259259 0.35104166666666664 0.3509259259259259
2 0.4192708333333333 0.3296296296296296 0.43802083333333336 0.3296296296296296 0.43802083333333336 0.44351851851851853 0.4192708333333333 0.44351851851851853
2 0.44895833333333335 0.28703703703703703 0.47239583333333335 0.28703703703703703 0.47239583333333335 0.4064814814814815 0.44895833333333335 0.4064814814814815
2 0.39166666666666666 0.2657407407407407 0.4140625 0.2657407407407407 0.4140625 0.32592592592592595 0.39166666666666666 0.32592592592592595
2 0.39114583333333336 0.22777777777777777 0.4119791666666667 0.22777777777777777 0.4119791666666667 0.2953703703703704 0.39114583333333336 0.2953703703703704
2 0.4244791666666667 0.23703703703703705 0.4401041666666667 0.23703703703703705 0.4401041666666667 0.30092592592592593 0.4244791666666667 0.30092592592592593
2 0.40989583333333335 0.19722222222222222 0.41875 0.19722222222222222 0.41875 0.23796296296296296 0.40989583333333335 0.23796296296296296
2 0.4 0.17777777777777778 0.4161458333333333 0.17777777777777778 0.4161458333333333 0.22685185185185186 0.4 0.22685185185185186
2 0.42291666666666666 0.17685185185185184 0.4354166666666667 0.17685185185185184 0.4354166666666667 0.2324074074074074 0.42291666666666666 0.2324074074074074
2 0.4869791666666667 0.2 0.5161458333333333 0.2 0.5161458333333333 0.24814814814814815 0.4869791666666667 0.24814814814814815
2 0.5895833333333333 0.25092592592592594 0.6078125 0.25092592592592594 0.6078125 0.30092592592592593 0.5895833333333333 0.30092592592592593
2 0.615625 0.19722222222222222 0.6369791666666667 0.19722222222222222 0.6369791666666667 0.2833333333333333 0.615625 0.2833333333333333
2 0.6046875 0.1935185185185185 0.6140625 0.1935185185185185 0.6140625 0.24074074074074073 0.6046875 0.24074074074074073
2 0.5666666666666667 0.1638888888888889 0.5848958333333333 0.1638888888888889 0.5848958333333333 0.21666666666666667 0.5666666666666667 0.21666666666666667