1 0.4947916666666667 0 0.5953125 0 0.5953125 0.08888888888888889 0.4947916666666667 0.08888888888888889
1 0.48489583333333336 0.30277777777777776 0.5744791666666667 0.30277777777777776 0.5744791666666667 0.45 0.48489583333333336 0.45
1 0.64375 0.19814814814814816 0.6791666666666667 0.19814814814814816 0.6791666666666667 0.29907407407407405 0.64375 0.29907407407407405
1 0.6744791666666666 0.5879629629629629 0.7046875 0.5879629629629629 0.7046875 0.6481481481481481 0.6744791666666666 0.6481481481481481
2 0.43333333333333335 0.025925925925925925 0.5229166666666667 0.025925925925925925 0.5229166666666667 0.08703703703703704 0.43333333333333335 0.08703703703703704
2 0.390625 0.9638888888888889 0.4901041666666667 0.9638888888888889 0.4901041666666667 1 0.390625 1
2 0.3671875 0.08518518518518518 0.4625 0.08518518518518518 0.4625 0.1648148148148148 0.3671875 0.1648148148148148
2 0.5395833333333333 0.18518518518518517 0.6088541666666667 0.18518518518518517 0.6088541666666667 0.2351851851851852 0.5395833333333333 0.2351851851851852
2 0.553125 0.28703703703703703 0.6041666666666666 0.28703703703703703 0.6041666666666666 0.30833333333333335 0.553125 0.30833333333333335
2 0.5489583333333333 0.8824074074074074 0.5963541666666666 0.8824074074074074 0.5963541666666666 0.9259259259259259 0.5489583333333333 0.9259259259259259
2 0.6067708333333334 0.2722222222222222 0.6484375 0.2722222222222222 0.6484375 0.3 0.6067708333333334 0.3
2 0.6244791666666667 0.3453703703703704 0.6640625 0.3453703703703704 0.6640625 0.3712962962962963 0.6244791666666667 0.3712962962962963
2 0.6177083333333333 0.3990740740740741 0.6484375 0.3990740740740741 0.6484375 0.412962962962963 0.6177083333333333 0.412962962962963
2 0.6395833333333333 0.39537037037037037 0.6671875 0.39537037037037037 0.6671875 0.4222222222222222 0.6395833333333333 0.4222222222222222
2 0.6411458333333333 0.5527777777777778 0.6796875 0.5527777777777778 0.6796875 0.6287037037037037 0.6411458333333333 0.6287037037037037
2 0.665625 0.6759259259259259 0.7026041666666667 0.6759259259259259 0.7026041666666667 0.7037037037037037 0.665625 0.7037037037037037
2 0.6057291666666667 0.7925925925925926 0.6520833333333333 0.7925925925925926 0.6520833333333333 0.825 0.6057291666666667 0.825
1 0.6791666666666667 0.7777777777777778 0.7114583333333333 0.7777777777777778 0.7114583333333333 0.8824074074074074 0.6791666666666667 0.8824074074074074
2 0.6479166666666667 0.3314814814814815 0.6760416666666667 0.3314814814814815 0.6760416666666667 0.35462962962962963 0.6479166666666667 0.35462962962962963
2 0.6869791666666667 0.3287037037037037 0.709375 0.3287037037037037 0.709375 0.34814814814814815 0.6869791666666667 0.34814814814814815
2 0.6661458333333333 0.375 0.6942708333333333 0.375 0.6942708333333333 0.3972222222222222 0.6661458333333333 0.3972222222222222
2 0.6697916666666667 0.4203703703703704 0.6953125 0.4203703703703704 0.6953125 0.44351851851851853 0.6697916666666667 0.44351851851851853
2 0.6802083333333333 0.4462962962962963 0.7052083333333333 0.4462962962962963 0.7052083333333333 0.4638888888888889 0.6802083333333333 0.4638888888888889
2 0.6822916666666666 0.4888888888888889 0.7057291666666666 0.4888888888888889 0.7057291666666666 0.5083333333333333 0.6822916666666666 0.5083333333333333
2 0.6833333333333333 0.39351851851851855 0.70625 0.39351851851851855 0.70625 0.4083333333333333 0.6833333333333333 0.4083333333333333
2 0.6953125 0.42777777777777776 0.7171875 0.42777777777777776 0.7171875 0.4425925925925926 0.6953125 0.4425925925925926
2 0.6984375 0.48148148148148145 0.7177083333333333 0.48148148148148145 0.7177083333333333 0.5 0.6984375 0.5