1 0.2864583333333333 0.14629629629629629 0.4703125 0.14629629629629629 0.4703125 0.4027777777777778 0.2864583333333333 0.4027777777777778
1 0.496875 0 0.5953125 0 0.5953125 0.08425925925925926 0.496875 0.08425925925925926
1 0.6442708333333333 0.2064814814814815 0.6786458333333333 0.2064814814814815 0.6786458333333333 0.30462962962962964 0.6442708333333333 0.30462962962962964
1 0.6817708333333333 0.774074074074074 0.7104166666666667 0.774074074074074 0.7104166666666667 0.8787037037037037 0.6817708333333333 0.8787037037037037
1 0.6890625 0.5777777777777777 0.7171875 0.5777777777777777 0.7171875 0.6398148148148148 0.6890625 0.6398148148148148
2 0.6348958333333333 0.7388888888888889 0.6770833333333334 0.7388888888888889 0.6770833333333334 0.7814814814814814 0.6348958333333333 0.7814814814814814
2 0.6020833333333333 0.8018518518518518 0.6411458333333333 0.8018518518518518 0.6411458333333333 0.8333333333333334 0.6020833333333333 0.8333333333333334
2 0.5302083333333333 0.8231481481481482 0.5880208333333333 0.8231481481481482 0.5880208333333333 0.8888888888888888 0.5302083333333333 0.8888888888888888
2 0.48125 0.06574074074074074 0.55 0.06574074074074074 0.55 0.12129629629629629 0.48125 0.12129629629629629
2 0.45364583333333336 0.14814814814814814 0.5328125 0.14814814814814814 0.5328125 0.20277777777777778 0.45364583333333336 0.20277777777777778
2 0.5625 0.21481481481481482 0.6192708333333333 0.21481481481481482 0.6192708333333333 0.26666666666666666 0.5625 0.26666666666666666
2 0.5848958333333333 0.3111111111111111 0.634375 0.3111111111111111 0.634375 0.337037037037037 0.5848958333333333 0.337037037037037
2 0.5484375 0.33796296296296297 0.6057291666666667 0.33796296296296297 0.6057291666666667 0.3925925925925926 0.5484375 0.3925925925925926
2 0.5963541666666666 0.3731481481481482 0.6380208333333334 0.3731481481481482 0.6380208333333334 0.41388888888888886 0.5963541666666666 0.41388888888888886
2 0.6213541666666667 0.28888888888888886 0.6557291666666667 0.28888888888888886 0.6557291666666667 0.3138888888888889 0.6213541666666667 0.3138888888888889
2 0.6760416666666667 0.3333333333333333 0.7010416666666667 0.3333333333333333 0.7010416666666667 0.34814814814814815 0.6760416666666667 0.34814814814814815
2 0.6484375 0.3592592592592593 0.6807291666666667 0.3592592592592593 0.6807291666666667 0.37222222222222223 0.6484375 0.37222222222222223
2 0.6473958333333333 0.612037037037037 0.6802083333333333 0.612037037037037 0.6802083333333333 0.6675925925925926 0.6473958333333333 0.6675925925925926
2 0.6447916666666667 0.3925925925925926 0.6760416666666667 0.3925925925925926 0.6760416666666667 0.4166666666666667 0.6447916666666667 0.4166666666666667
2 0.6630208333333333 0.4305555555555556 0.6911458333333333 0.4305555555555556 0.6911458333333333 0.45555555555555555 0.6630208333333333 0.45555555555555555
2 0.6598958333333333 0.4722222222222222 0.6916666666666667 0.4722222222222222 0.6916666666666667 0.4981481481481482 0.6598958333333333 0.4981481481481482
2 0.684375 0.4759259259259259 0.70625 0.4759259259259259 0.70625 0.4981481481481482 0.684375 0.4981481481481482
2 0.68125 0.4166666666666667 0.7088541666666667 0.4166666666666667 0.7088541666666667 0.42777777777777776 0.68125 0.42777777777777776
2 0.6859375 0.3972222222222222 0.7083333333333334 0.3972222222222222 0.7083333333333334 0.40925925925925927 0.6859375 0.40925925925925927
2 0.6713541666666667 0.37592592592592594 0.696875 0.37592592592592594 0.696875 0.3888888888888889 0.6713541666666667 0.3888888888888889
2 0.6822916666666666 0.3638888888888889 0.7015625 0.3638888888888889 0.7015625 0.3787037037037037 0.6822916666666666 0.3787037037037037
2 0.6895833333333333 0.43148148148148147 0.7109375 0.43148148148148147 0.7109375 0.44722222222222224 0.6895833333333333 0.44722222222222224
2 0.6963541666666667 0.45555555555555555 0.7151041666666667 0.45555555555555555 0.7151041666666667 0.47129629629629627 0.6963541666666667 0.47129629629629627
2 0.6916666666666667 0.649074074074074 0.715625 0.649074074074074 0.715625 0.6685185185185185 0.6916666666666667 0.6685185185185185