0 0.22552083333333334 0.29814814814814816 0.39010416666666664 0.29814814814814816 0.39010416666666664 0.5351851851851852 0.22552083333333334 0.5351851851851852
1 0.1359375 0.30833333333333335 0.246875 0.30833333333333335 0.246875 0.487962962962963 0.1359375 0.487962962962963
2 0.1421875 0.7379629629629629 0.22552083333333334 0.7379629629629629 0.22552083333333334 0.9953703703703703 0.1421875 0.9953703703703703
2 0.009375 0.5425925925925926 0.08802083333333334 0.5425925925925926 0.08802083333333334 0.7212962962962963 0.009375 0.7212962962962963
2 0.6588541666666666 0.34814814814814815 0.6942708333333333 0.34814814814814815 0.6942708333333333 0.45092592592592595 0.6588541666666666 0.45092592592592595
2 0.7760416666666666 0.37777777777777777 0.8171875 0.37777777777777777 0.8171875 0.487962962962963 0.7760416666666666 0.487962962962963
2 0.45260416666666664 0.25833333333333336 0.4796875 0.25833333333333336 0.4796875 0.33055555555555555 0.45260416666666664 0.33055555555555555
2 0.3125 0.7712962962962963 0.38645833333333335 0.7712962962962963 0.38645833333333335 0.9962962962962963 0.3125 0.9962962962962963
2 0.7822916666666667 0.575925925925926 0.84375 0.575925925925926 0.84375 0.7620370370370371 0.7822916666666667 0.7620370370370371
1 0.4375 0.17685185185185184 0.48385416666666664 0.17685185185185184 0.48385416666666664 0.2462962962962963 0.4375 0.2462962962962963
2 0.6890625 0.2777777777777778 0.7182291666666667 0.2777777777777778 0.7182291666666667 0.3648148148148148 0.6890625 0.3648148148148148
2 0.559375 0.2101851851851852 0.5822916666666667 0.2101851851851852 0.5822916666666667 0.2833333333333333 0.559375 0.2833333333333333
2 0.4197916666666667 0.40925925925925927 0.45625 0.40925925925925927 0.45625 0.5324074074074074 0.4197916666666667 0.5324074074074074
2 0.85625 0.4185185185185185 0.9036458333333334 0.4185185185185185 0.9036458333333334 0.55 0.85625 0.55
2 0.6734375 0.20833333333333334 0.6979166666666666 0.20833333333333334 0.6979166666666666 0.2796296296296296 0.6734375 0.2796296296296296
2 0.4473958333333333 0.3296296296296296 0.4817708333333333 0.3296296296296296 0.4817708333333333 0.43148148148148147 0.4473958333333333 0.43148148148148147
2 0.39375 0.1648148148148148 0.41354166666666664 0.1648148148148148 0.41354166666666664 0.21481481481481482 0.39375 0.21481481481481482
2 0.6270833333333333 0.4388888888888889 0.6697916666666667 0.4388888888888889 0.6697916666666667 0.5583333333333333 0.6270833333333333 0.5583333333333333
2 0.5885416666666666 0.13703703703703704 0.6067708333333334 0.13703703703703704 0.6067708333333334 0.18888888888888888 0.5885416666666666 0.18888888888888888
1 0.5994791666666667 0.20277777777777778 0.6567708333333333 0.20277777777777778 0.6567708333333333 0.287962962962963 0.5994791666666667 0.287962962962963
2 0.603125 0.5805555555555556 0.653125 0.5805555555555556 0.653125 0.7435185185185185 0.603125 0.7435185185185185
2 0.6317708333333333 0.2657407407407407 0.6546875 0.2657407407407407 0.6546875 0.3574074074074074 0.6317708333333333 0.3574074074074074