1 0.5541666666666667 0.27870370370370373 0.6171875 0.27870370370370373 0.6171875 0.37777777777777777 0.5541666666666667 0.37777777777777777
1 0.1328125 0.34074074074074073 0.25833333333333336 0.34074074074074073 0.25833333333333336 0.5268518518518519 0.1328125 0.5268518518518519
1 0.3203125 0.20185185185185187 0.3770833333333333 0.20185185185185187 0.3770833333333333 0.26481481481481484 0.3203125 0.26481481481481484
1 0.5291666666666667 0.1675925925925926 0.5598958333333334 0.1675925925925926 0.5598958333333334 0.2175925925925926 0.5291666666666667 0.2175925925925926
1 0.43854166666666666 0.18333333333333332 0.475 0.18333333333333332 0.475 0.25092592592592594 0.43854166666666666 0.25092592592592594
1 0.16822916666666668 0.8953703703703704 0.35 0.8953703703703704 0.35 1 0.16822916666666668 1
2 0.33125 0.4648148148148148 0.3692708333333333 0.4648148148148148 0.3692708333333333 0.5518518518518518 0.33125 0.5518518518518518
2 0.175 0.7898148148148149 0.23333333333333334 0.7898148148148149 0.23333333333333334 0.9157407407407407 0.175 0.9157407407407407
2 0.7036458333333333 0.43796296296296294 0.7401041666666667 0.43796296296296294 0.7401041666666667 0.5962962962962963 0.7036458333333333 0.5962962962962963
2 0.44166666666666665 0.4287037037037037 0.46822916666666664 0.4287037037037037 0.46822916666666664 0.5962962962962963 0.44166666666666665 0.5962962962962963
2 0.1578125 0.537962962962963 0.21197916666666666 0.537962962962963 0.21197916666666666 0.7018518518518518 0.1578125 0.7018518518518518
2 0.24479166666666666 0.537962962962963 0.29635416666666664 0.537962962962963 0.29635416666666664 0.6722222222222223 0.24479166666666666 0.6722222222222223
2 0.25 0.4287037037037037 0.2859375 0.4287037037037037 0.2859375 0.5333333333333333 0.25 0.5333333333333333
2 0.2984375 0.37962962962962965 0.3234375 0.37962962962962965 0.3234375 0.49907407407407406 0.2984375 0.49907407407407406
2 0.31302083333333336 0.2898148148148148 0.32916666666666666 0.2898148148148148 0.32916666666666666 0.362962962962963 0.31302083333333336 0.362962962962963
2 0.3307291666666667 0.30277777777777776 0.35208333333333336 0.30277777777777776 0.35208333333333336 0.4009259259259259 0.3307291666666667 0.4009259259259259
2 0.34427083333333336 0.3435185185185185 0.375 0.3435185185185185 0.375 0.4388888888888889 0.34427083333333336 0.4388888888888889
2 0.37395833333333334 0.32314814814814813 0.3927083333333333 0.32314814814814813 0.3927083333333333 0.40370370370370373 0.37395833333333334 0.40370370370370373
2 0.37604166666666666 0.2759259259259259 0.39947916666666666 0.2759259259259259 0.39947916666666666 0.337037037037037 0.37604166666666666 0.337037037037037
2 0.4171875 0.262037037037037 0.4401041666666667 0.262037037037037 0.4401041666666667 0.33611111111111114 0.4171875 0.33611111111111114
2 0.3932291666666667 0.18518518518518517 0.40520833333333334 0.18518518518518517 0.40520833333333334 0.23055555555555557 0.3932291666666667 0.23055555555555557
2 0.3932291666666667 0.21388888888888888 0.41041666666666665 0.21388888888888888 0.41041666666666665 0.2824074074074074 0.3932291666666667 0.2824074074074074
2 0.4125 0.20925925925925926 0.4244791666666667 0.20925925925925926 0.4244791666666667 0.25092592592592594 0.4125 0.25092592592592594
2 0.41302083333333334 0.16111111111111112 0.421875 0.16111111111111112 0.421875 0.20185185185185187 0.41302083333333334 0.20185185185185187
2 0.4276041666666667 0.17037037037037037 0.43645833333333334 0.17037037037037037 0.43645833333333334 0.20833333333333334 0.4276041666666667 0.20833333333333334
2 0.49583333333333335 0.1935185185185185 0.521875 0.1935185185185185 0.521875 0.24814814814814815 0.49583333333333335 0.24814814814814815
2 0.5755208333333334 0.19444444444444445 0.5885416666666666 0.19444444444444445 0.5885416666666666 0.23981481481481481 0.5755208333333334 0.23981481481481481
2 0.6015625 0.18888888888888888 0.6109375 0.18888888888888888 0.6109375 0.24537037037037038 0.6015625 0.24537037037037038
2 0.5942708333333333 0.16018518518518518 0.603125 0.16018518518518518 0.603125 0.1962962962962963 0.5942708333333333 0.1962962962962963
2 0.5890625 0.14444444444444443 0.5979166666666667 0.14444444444444443 0.5979166666666667 0.18425925925925926 0.5890625 0.18425925925925926
2 0.55625 0.14814814814814814 0.5703125 0.14814814814814814 0.5703125 0.18518518518518517 0.55625 0.18518518518518517
2 0.43645833333333334 0.14537037037037037 0.44895833333333335 0.14537037037037037 0.44895833333333335 0.18333333333333332 0.43645833333333334 0.18333333333333332
2 0.4630208333333333 0.1425925925925926 0.47552083333333334 0.1425925925925926 0.47552083333333334 0.17777777777777778 0.4630208333333333 0.17777777777777778