1 0.503125 0.13333333333333333 0.6276041666666666 0.13333333333333333 0.6276041666666666 0.36666666666666664 0.503125 0.36666666666666664
1 0.41875 0.9398148148148148 0.51875 0.9398148148148148 0.51875 1 0.41875 1
1 0.4296875 0.6092592592592593 0.5078125 0.6092592592592593 0.5078125 0.7379629629629629 0.4296875 0.7379629629629629
1 0.3458333333333333 0.36944444444444446 0.384375 0.36944444444444446 0.384375 0.44166666666666665 0.3458333333333333 0.44166666666666665
1 0.3385416666666667 0.7268518518518519 0.3734375 0.7268518518518519 0.3734375 0.825925925925926 0.3385416666666667 0.825925925925926
2 0.5192708333333333 0.975925925925926 0.5989583333333334 0.975925925925926 0.5989583333333334 1 0.5192708333333333 1
1 0.31197916666666664 0.17592592592592593 0.3359375 0.17592592592592593 0.3359375 0.2518518518518518 0.31197916666666664 0.2518518518518518
1 0.3072916666666667 0.5351851851851852 0.3359375 0.5351851851851852 0.3359375 0.5898148148148148 0.3072916666666667 0.5898148148148148
2 0.46145833333333336 0.8240740740740741 0.540625 0.8240740740740741 0.540625 0.8907407407407407 0.46145833333333336 0.8907407407407407
2 0.48072916666666665 0.5787037037037037 0.5770833333333333 0.5787037037037037 0.5770833333333333 0.6351851851851852 0.48072916666666665 0.6351851851851852
2 0.3776041666666667 0.7546296296296297 0.42083333333333334 0.7546296296296297 0.42083333333333334 0.7953703703703704 0.3776041666666667 0.7953703703703704
2 0.3953125 0.762962962962963 0.4546875 0.762962962962963 0.4546875 0.8101851851851852 0.3953125 0.8101851851851852
2 0.4078125 0.7037037037037037 0.45260416666666664 0.7037037037037037 0.45260416666666664 0.7453703703703703 0.4078125 0.7453703703703703
2 0.36875 0.7305555555555555 0.409375 0.7305555555555555 0.409375 0.7574074074074074 0.36875 0.7574074074074074
2 0.38125 0.6907407407407408 0.42552083333333335 0.6907407407407408 0.42552083333333335 0.7240740740740741 0.38125 0.7240740740740741
2 0.3463541666666667 0.725 0.3776041666666667 0.725 0.3776041666666667 0.7407407407407407 0.3463541666666667 0.7407407407407407
2 0.3458333333333333 0.7037037037037037 0.384375 0.7037037037037037 0.384375 0.7277777777777777 0.3458333333333333 0.7277777777777777
2 0.35625 0.6787037037037037 0.3984375 0.6787037037037037 0.3984375 0.7074074074074074 0.35625 0.7074074074074074
2 0.3671875 0.5916666666666667 0.4140625 0.5916666666666667 0.4140625 0.6157407407407407 0.3671875 0.6157407407407407
2 0.346875 0.5583333333333333 0.3927083333333333 0.5583333333333333 0.3927083333333333 0.5824074074074074 0.346875 0.5824074074074074
2 0.3572916666666667 0.6166666666666667 0.39739583333333334 0.6166666666666667 0.39739583333333334 0.6435185185185185 0.3572916666666667 0.6435185185185185
2 0.3484375 0.6425925925925926 0.3848958333333333 0.6425925925925926 0.3848958333333333 0.6638888888888889 0.3484375 0.6638888888888889
2 0.33489583333333334 0.6462962962962963 0.36354166666666665 0.6462962962962963 0.36354166666666665 0.6722222222222223 0.33489583333333334 0.6722222222222223
2 0.3296875 0.6064814814814815 0.3614583333333333 0.6064814814814815 0.3614583333333333 0.6342592592592593 0.3296875 0.6342592592592593
2 0.3125 0.6435185185185185 0.3390625 0.6435185185185185 0.3390625 0.6666666666666666 0.3125 0.6666666666666666
2 0.31875 0.6287037037037037 0.34375 0.6287037037037037 0.34375 0.6453703703703704 0.31875 0.6453703703703704
2 0.309375 0.6138888888888889 0.32760416666666664 0.6138888888888889 0.32760416666666664 0.6324074074074074 0.309375 0.6324074074074074
2 0.3026041666666667 0.5962962962962963 0.31979166666666664 0.5962962962962963 0.31979166666666664 0.612037037037037 0.3026041666666667 0.612037037037037
2 0.32864583333333336 0.5148148148148148 0.35520833333333335 0.5148148148148148 0.35520833333333335 0.5370370370370371 0.32864583333333336 0.5370370370370371
2 0.3328125 0.4777777777777778 0.3723958333333333 0.4777777777777778 0.3723958333333333 0.5185185185185185 0.3328125 0.5185185185185185
2 0.39114583333333336 0.26481481481481484 0.44166666666666665 0.26481481481481484 0.44166666666666665 0.29814814814814816 0.39114583333333336 0.29814814814814816
2 0.37083333333333335 0.22777777777777777 0.41822916666666665 0.22777777777777777 0.41822916666666665 0.25092592592592594 0.37083333333333335 0.25092592592592594
2 0.35052083333333334 0.262037037037037 0.38385416666666666 0.262037037037037 0.38385416666666666 0.2833333333333333 0.35052083333333334 0.2833333333333333
2 0.32864583333333336 0.33611111111111114 0.35989583333333336 0.33611111111111114 0.35989583333333336 0.35 0.32864583333333336 0.35
2 0.32447916666666665 0.31203703703703706 0.35520833333333335 0.31203703703703706 0.35520833333333335 0.3333333333333333 0.32447916666666665 0.3333333333333333
2 0.31875 0.3425925925925926 0.3375 0.3425925925925926 0.3375 0.362962962962963 0.31875 0.362962962962963
2 0.3072916666666667 0.3888888888888889 0.328125 0.3888888888888889 0.328125 0.4046296296296296 0.3072916666666667 0.4046296296296296
2 0.30520833333333336 0.4 0.3260416666666667 0.4 0.3260416666666667 0.41944444444444445 0.30520833333333336 0.41944444444444445
2 0.3020833333333333 0.375 0.32083333333333336 0.375 0.32083333333333336 0.39166666666666666 0.3020833333333333 0.39166666666666666
2 0.30416666666666664 0.3453703703703704 0.3260416666666667 0.3453703703703704 0.3260416666666667 0.3648148148148148 0.30416666666666664 0.3648148148148148
1 0.29635416666666664 0.44074074074074077 0.31979166666666664 0.44074074074074077 0.31979166666666664 0.4824074074074074 0.29635416666666664 0.4824074074074074