1 0.3932291666666667 0.3175925925925926 0.4708333333333333 0.3175925925925926 0.4708333333333333 0.44074074074074077 0.3932291666666667 0.44074074074074077
1 0.14739583333333334 0.3175925925925926 0.2713541666666667 0.3175925925925926 0.2713541666666667 0.487962962962963 0.14739583333333334 0.487962962962963
2 0.057291666666666664 0.7129629629629629 0.134375 0.7129629629629629 0.134375 0.9444444444444444 0.057291666666666664 0.9444444444444444
1 0.32083333333333336 0.17685185185185184 0.3885416666666667 0.17685185185185184 0.3885416666666667 0.23981481481481481 0.32083333333333336 0.23981481481481481
2 0.7286458333333333 0.33425925925925926 0.7692708333333333 0.33425925925925926 0.7692708333333333 0.43148148148148147 0.7286458333333333 0.43148148148148147
2 0.6744791666666666 0.45925925925925926 0.7234375 0.45925925925925926 0.7234375 0.6 0.6744791666666666 0.6
2 0.29375 0.38796296296296295 0.3265625 0.38796296296296295 0.3265625 0.4685185185185185 0.29375 0.4685185185185185
2 0.7682291666666666 0.6064814814814815 0.8328125 0.6064814814814815 0.8328125 0.7898148148148149 0.7682291666666666 0.7898148148148149
2 0.25833333333333336 0.600925925925926 0.31927083333333334 0.600925925925926 0.31927083333333334 0.7712962962962963 0.25833333333333336 0.7712962962962963
2 0.17864583333333334 0.47962962962962963 0.23125 0.47962962962962963 0.23125 0.6212962962962963 0.17864583333333334 0.6212962962962963
2 0.2755208333333333 0.4546296296296296 0.32083333333333336 0.4546296296296296 0.32083333333333336 0.5851851851851851 0.2755208333333333 0.5851851851851851
2 0.6484375 0.1962962962962963 0.6677083333333333 0.1962962962962963 0.6677083333333333 0.2537037037037037 0.6484375 0.2537037037037037
2 0.3463541666666667 0.4462962962962963 0.39166666666666666 0.4462962962962963 0.39166666666666666 0.5833333333333334 0.3463541666666667 0.5833333333333334
2 0.37447916666666664 0.2824074074074074 0.4015625 0.2824074074074074 0.4015625 0.35462962962962963 0.37447916666666664 0.35462962962962963
2 0.4921875 0.12962962962962962 0.5088541666666667 0.12962962962962962 0.5088541666666667 0.1685185185185185 0.4921875 0.1685185185185185
2 0.6088541666666667 0.18981481481481483 0.63125 0.18981481481481483 0.63125 0.25092592592592594 0.6088541666666667 0.25092592592592594
2 0.4505208333333333 0.19074074074074074 0.46979166666666666 0.19074074074074074 0.46979166666666666 0.24444444444444444 0.4505208333333333 0.24444444444444444
2 0.42552083333333335 0.24537037037037038 0.44895833333333335 0.24537037037037038 0.44895833333333335 0.3148148148148148 0.42552083333333335 0.3148148148148148
2 0.5963541666666666 0.14629629629629629 0.621875 0.14629629629629629 0.621875 0.19166666666666668 0.5963541666666666 0.19166666666666668
2 0.4713541666666667 0.1648148148148148 0.48854166666666665 0.1648148148148148 0.48854166666666665 0.21944444444444444 0.4713541666666667 0.21944444444444444