1 0.6411458333333333 0.17777777777777778 0.6796875 0.17777777777777778 0.6796875 0.2796296296296296 0.6411458333333333 0.2796296296296296
1 0.50625 0 0.6072916666666667 0 0.6072916666666667 0.09166666666666666 0.50625 0.09166666666666666
2 0.5098958333333333 0.9185185185185185 0.5734375 0.9185185185185185 0.5734375 0.9981481481481481 0.5098958333333333 0.9981481481481481
2 0.6536458333333334 0.5638888888888889 0.6822916666666666 0.5638888888888889 0.6822916666666666 0.6296296296296297 0.6536458333333334 0.6296296296296297
2 0.35885416666666664 0.1685185185185185 0.4739583333333333 0.1685185185185185 0.4739583333333333 0.2675925925925926 0.35885416666666664 0.2675925925925926
2 0.5958333333333333 0.4009259259259259 0.64375 0.4009259259259259 0.64375 0.44722222222222224 0.5958333333333333 0.44722222222222224
2 0.5802083333333333 0.25555555555555554 0.6296875 0.25555555555555554 0.6296875 0.3138888888888889 0.5802083333333333 0.3138888888888889
2 0.6494791666666667 0.40370370370370373 0.678125 0.40370370370370373 0.678125 0.43333333333333335 0.6494791666666667 0.43333333333333335
2 0.6041666666666666 0.7203703703703703 0.6473958333333333 0.7203703703703703 0.6473958333333333 0.7657407407407407 0.6041666666666666 0.7657407407407407
2 0.540625 0.3175925925925926 0.6015625 0.3175925925925926 0.6015625 0.3731481481481482 0.540625 0.3731481481481482
2 0.6541666666666667 0.3138888888888889 0.6802083333333333 0.3138888888888889 0.6802083333333333 0.34629629629629627 0.6541666666666667 0.34629629629629627
2 0.6729166666666667 0.6287037037037037 0.7 0.6287037037037037 0.7 0.6574074074074074 0.6729166666666667 0.6574074074074074
2 0.6697916666666667 0.37037037037037035 0.6953125 0.37037037037037035 0.6953125 0.3962962962962963 0.6697916666666667 0.3962962962962963
2 0.6041666666666666 0.7777777777777778 0.64375 0.7777777777777778 0.64375 0.8194444444444444 0.6041666666666666 0.8194444444444444
2 0.6682291666666667 0.4601851851851852 0.6953125 0.4601851851851852 0.6953125 0.4898148148148148 0.6682291666666667 0.4898148148148148
2 0.6828125 0.6546296296296297 0.7078125 0.6546296296296297 0.7078125 0.6833333333333333 0.6828125 0.6833333333333333
2 0.31197916666666664 0.3101851851851852 0.44114583333333335 0.3101851851851852 0.44114583333333335 0.4074074074074074 0.31197916666666664 0.4074074074074074
2 0.5947916666666667 0.3490740740740741 0.6416666666666667 0.3490740740740741 0.6416666666666667 0.3824074074074074 0.5947916666666667 0.3824074074074074
2 0.6125 0.30092592592592593 0.6520833333333333 0.30092592592592593 0.6520833333333333 0.33240740740740743 0.6125 0.33240740740740743
2 0.646875 0.7185185185185186 0.6817708333333333 0.7185185185185186 0.6817708333333333 0.75 0.646875 0.75
2 0.6697916666666667 0.7537037037037037 0.7083333333333334 0.7537037037037037 0.7083333333333334 0.7842592592592592 0.6697916666666667 0.7842592592592592