1 0.553125 0.2824074074074074 0.6182291666666667 0.2824074074074074 0.6182291666666667 0.37962962962962965 0.553125 0.37962962962962965
1 0.13229166666666667 0.3435185185185185 0.2578125 0.3435185185185185 0.2578125 0.524074074074074 0.13229166666666667 0.524074074074074
1 0.3203125 0.20185185185185187 0.3770833333333333 0.20185185185185187 0.3770833333333333 0.26481481481481484 0.3203125 0.26481481481481484
1 0.5291666666666667 0.1685185185185185 0.5609375 0.1685185185185185 0.5609375 0.21851851851851853 0.5291666666666667 0.21851851851851853
1 0.4395833333333333 0.1824074074074074 0.475 0.1824074074074074 0.475 0.2490740740740741 0.4395833333333333 0.2490740740740741
2 0.7036458333333333 0.4685185185185185 0.746875 0.4685185185185185 0.746875 0.6129629629629629 0.7036458333333333 0.6129629629629629
2 0.17239583333333333 0.5472222222222223 0.2171875 0.5472222222222223 0.2171875 0.6851851851851852 0.17239583333333333 0.6851851851851852
2 0.1828125 0.7277777777777777 0.23072916666666668 0.7277777777777777 0.23072916666666668 0.9166666666666666 0.1828125 0.9166666666666666
2 0.2515625 0.5101851851851852 0.2984375 0.5101851851851852 0.2984375 0.6574074074074074 0.2515625 0.6574074074074074
2 0.25833333333333336 0.41944444444444445 0.2869791666666667 0.41944444444444445 0.2869791666666667 0.5166666666666667 0.25833333333333336 0.5166666666666667
2 0.30364583333333334 0.4009259259259259 0.3255208333333333 0.4009259259259259 0.3255208333333333 0.49166666666666664 0.30364583333333334 0.49166666666666664
2 0.3390625 0.40555555555555556 0.37135416666666665 0.40555555555555556 0.37135416666666665 0.5481481481481482 0.3390625 0.5481481481481482
2 0.3859375 0.42685185185185187 0.415625 0.42685185185185187 0.415625 0.5555555555555556 0.3859375 0.5555555555555556
2 0.4348958333333333 0.4287037037037037 0.47291666666666665 0.4287037037037037 0.47291666666666665 0.5796296296296296 0.4348958333333333 0.5796296296296296
2 0.315625 0.287962962962963 0.3380208333333333 0.287962962962963 0.3380208333333333 0.37407407407407406 0.315625 0.37407407407407406
2 0.3255208333333333 0.29907407407407405 0.35052083333333334 0.29907407407407405 0.35052083333333334 0.3861111111111111 0.3255208333333333 0.3861111111111111
2 0.3515625 0.35 0.3807291666666667 0.35 0.3807291666666667 0.4287037037037037 0.3515625 0.4287037037037037
2 0.3765625 0.325 0.3963541666666667 0.325 0.3963541666666667 0.3962962962962963 0.3765625 0.3962962962962963
2 0.3765625 0.28055555555555556 0.4 0.28055555555555556 0.4 0.33425925925925926 0.3765625 0.33425925925925926
2 0.40989583333333335 0.26944444444444443 0.4432291666666667 0.26944444444444443 0.4432291666666667 0.35555555555555557 0.40989583333333335 0.35555555555555557
2 0.3958333333333333 0.18518518518518517 0.40260416666666665 0.18518518518518517 0.40260416666666665 0.23425925925925925 0.3958333333333333 0.23425925925925925
2 0.39479166666666665 0.2222222222222222 0.4109375 0.2222222222222222 0.4109375 0.27685185185185185 0.39479166666666665 0.27685185185185185
2 0.415625 0.20555555555555555 0.42864583333333334 0.20555555555555555 0.42864583333333334 0.25277777777777777 0.415625 0.25277777777777777
2 0.42552083333333335 0.16018518518518518 0.4375 0.16018518518518518 0.4375 0.2111111111111111 0.42552083333333335 0.2111111111111111
2 0.4109375 0.1527777777777778 0.42604166666666665 0.1527777777777778 0.42604166666666665 0.19537037037037036 0.4109375 0.19537037037037036
2 0.49322916666666666 0.19722222222222222 0.5197916666666667 0.19722222222222222 0.5197916666666667 0.24722222222222223 0.49322916666666666 0.24722222222222223
2 0.43645833333333334 0.1425925925925926 0.44479166666666664 0.1425925925925926 0.44479166666666664 0.17685185185185184 0.43645833333333334 0.17685185185185184
2 0.4484375 0.1425925925925926 0.459375 0.1425925925925926 0.459375 0.17685185185185184 0.4484375 0.17685185185185184
2 0.46458333333333335 0.1425925925925926 0.47552083333333334 0.1425925925925926 0.47552083333333334 0.17777777777777778 0.46458333333333335 0.17777777777777778
2 0.5744791666666667 0.18888888888888888 0.5947916666666667 0.18888888888888888 0.5947916666666667 0.2537037037037037 0.5744791666666667 0.2537037037037037
2 0.6005208333333333 0.18425925925925926 0.6171875 0.18425925925925926 0.6171875 0.23425925925925925 0.6005208333333333 0.23425925925925925
2 0.5953125 0.1638888888888889 0.6046875 0.1638888888888889 0.6046875 0.19907407407407407 0.5953125 0.19907407407407407
2 0.5604166666666667 0.15185185185185185 0.5713541666666667 0.15185185185185185 0.5713541666666667 0.18425925925925926 0.5604166666666667 0.18425925925925926