1 0.325 0.17222222222222222 0.390625 0.17222222222222222 0.390625 0.2361111111111111 0.325 0.2361111111111111
1 0.14635416666666667 0.31203703703703706 0.2708333333333333 0.31203703703703706 0.2708333333333333 0.48703703703703705 0.14635416666666667 0.48703703703703705
2 0.10572916666666667 0.6990740740740741 0.18229166666666666 0.6990740740740741 0.18229166666666666 0.9083333333333333 0.10572916666666667 0.9083333333333333
2 0.7661458333333333 0.44537037037037036 0.80625 0.44537037037037036 0.80625 0.5694444444444444 0.7661458333333333 0.5694444444444444
2 0.6755208333333333 0.3398148148148148 0.709375 0.3398148148148148 0.709375 0.4388888888888889 0.6755208333333333 0.4388888888888889
2 0.7427083333333333 0.5555555555555556 0.8010416666666667 0.5555555555555556 0.8010416666666667 0.7287037037037037 0.7427083333333333 0.7287037037037037
2 0.28541666666666665 0.487962962962963 0.3385416666666667 0.487962962962963 0.3385416666666667 0.6398148148148148 0.28541666666666665 0.6398148148148148
2 0.5859375 0.2101851851851852 0.6083333333333333 0.2101851851851852 0.6083333333333333 0.28055555555555556 0.5859375 0.28055555555555556
2 0.4125 0.17777777777777778 0.43125 0.17777777777777778 0.43125 0.22962962962962963 0.4125 0.22962962962962963
2 0.36822916666666666 0.33425925925925926 0.4005208333333333 0.33425925925925926 0.4005208333333333 0.42314814814814816 0.36822916666666666 0.42314814814814816
2 0.42864583333333334 0.21574074074074073 0.453125 0.21574074074074073 0.453125 0.28703703703703703 0.42864583333333334 0.28703703703703703
2 0.3880208333333333 0.38333333333333336 0.42552083333333335 0.38333333333333336 0.42552083333333335 0.512962962962963 0.3880208333333333 0.512962962962963
2 0.4609375 0.20092592592592592 0.4822916666666667 0.20092592592592592 0.4822916666666667 0.2611111111111111 0.4609375 0.2611111111111111
2 0.615625 0.1574074074074074 0.6364583333333333 0.1574074074074074 0.6364583333333333 0.20925925925925926 0.615625 0.20925925925925926
2 0.5526041666666667 0.17407407407407408 0.5744791666666667 0.17407407407407408 0.5744791666666667 0.23796296296296296 0.5526041666666667 0.23796296296296296
2 0.5739583333333333 0.1175925925925926 0.5880208333333333 0.1175925925925926 0.5880208333333333 0.15462962962962962 0.5739583333333333 0.15462962962962962
2 0.9661458333333334 0.8027777777777778 1 0.8027777777777778 1 0.9925925925925926 0.9661458333333334 0.9925925925925926