1 0.4895833333333333 0 0.5921875 0 0.5921875 0.07222222222222222 0.4895833333333333 0.07222222222222222
1 0.590625 0.3731481481481482 0.6458333333333334 0.3731481481481482 0.6458333333333334 0.46944444444444444 0.590625 0.46944444444444444
1 0.6385416666666667 0.18981481481481483 0.6744791666666666 0.18981481481481483 0.6744791666666666 0.28703703703703703 0.6385416666666667 0.28703703703703703
1 0.6333333333333333 0.5916666666666667 0.6776041666666667 0.5916666666666667 0.6776041666666667 0.6777777777777778 0.6333333333333333 0.6777777777777778
2 0.24479166666666666 0.010185185185185186 0.39427083333333335 0.010185185185185186 0.39427083333333335 0.1175925925925926 0.24479166666666666 0.1175925925925926
2 0.4375 0.000925925925925926 0.50625 0.000925925925925926 0.50625 0.04351851851851852 0.4375 0.04351851851851852
2 0.4046875 0.07685185185185185 0.4895833333333333 0.07685185185185185 0.4895833333333333 0.15833333333333333 0.4046875 0.15833333333333333
2 0.48489583333333336 0.1648148148148148 0.5598958333333334 0.1648148148148148 0.5598958333333334 0.23981481481481481 0.48489583333333336 0.23981481481481481
2 0.4713541666666667 0.2712962962962963 0.5572916666666666 0.2712962962962963 0.5572916666666666 0.3435185185185185 0.4713541666666667 0.3435185185185185
2 0.47708333333333336 0.9351851851851852 0.5505208333333333 0.9351851851851852 0.5505208333333333 1 0.47708333333333336 1
2 0.5703125 0.2222222222222222 0.6177083333333333 0.2222222222222222 0.6177083333333333 0.2638888888888889 0.5703125 0.2638888888888889
2 0.6072916666666667 0.2611111111111111 0.65 0.2611111111111111 0.65 0.2953703703703704 0.6072916666666667 0.2953703703703704
2 0.5791666666666667 0.3055555555555556 0.6223958333333334 0.3055555555555556 0.6223958333333334 0.3388888888888889 0.5791666666666667 0.3388888888888889
2 0.6416666666666667 0.3212962962962963 0.6786458333333333 0.3212962962962963 0.6786458333333333 0.3490740740740741 0.6416666666666667 0.3490740740740741
2 0.6255208333333333 0.34629629629629627 0.6614583333333334 0.34629629629629627 0.6614583333333334 0.37037037037037035 0.6255208333333333 0.37037037037037035
2 0.6557291666666667 0.3712962962962963 0.6864583333333333 0.3712962962962963 0.6864583333333333 0.39166666666666666 0.6557291666666667 0.39166666666666666
2 0.6640625 0.4111111111111111 0.6911458333333333 0.4111111111111111 0.6911458333333333 0.42685185185185187 0.6640625 0.42685185185185187
2 0.6536458333333334 0.42314814814814816 0.6890625 0.42314814814814816 0.6890625 0.45925925925925926 0.6536458333333334 0.45925925925925926
2 0.634375 0.5175925925925926 0.6729166666666667 0.5175925925925926 0.6729166666666667 0.562962962962963 0.634375 0.562962962962963
2 0.6098958333333333 0.7277777777777777 0.6515625 0.7277777777777777 0.6515625 0.762962962962963 0.6098958333333333 0.762962962962963
2 0.6932291666666667 0.32685185185185184 0.7145833333333333 0.32685185185185184 0.7145833333333333 0.34814814814814815 0.6932291666666667 0.34814814814814815
2 0.6770833333333334 0.3537037037037037 0.7010416666666667 0.3537037037037037 0.7010416666666667 0.37407407407407406 0.6770833333333334 0.37407407407407406
2 0.6828125 0.4 0.7052083333333333 0.4 0.7052083333333333 0.4101851851851852 0.6828125 0.4101851851851852
2 0.6864583333333333 0.41944444444444445 0.7104166666666667 0.41944444444444445 0.7104166666666667 0.4305555555555556 0.6864583333333333 0.4305555555555556
2 0.6942708333333333 0.43333333333333335 0.7098958333333333 0.43333333333333335 0.7098958333333333 0.44907407407407407 0.6942708333333333 0.44907407407407407
1 0.6864583333333333 0.5370370370370371 0.7109375 0.5370370370370371 0.7109375 0.5944444444444444 0.6864583333333333 0.5944444444444444
2 0.6838541666666667 0.6157407407407407 0.7041666666666667 0.6157407407407407 0.7041666666666667 0.6277777777777778 0.6838541666666667 0.6277777777777778
2 0.68125 0.6453703703703704 0.7057291666666666 0.6453703703703704 0.7057291666666666 0.6666666666666666 0.68125 0.6666666666666666