1 0.1390625 0.3074074074074074 0.26510416666666664 0.3074074074074074 0.26510416666666664 0.487962962962963 0.1390625 0.487962962962963
1 0.7203125 0.5361111111111111 0.8942708333333333 0.5361111111111111 0.8942708333333333 0.774074074074074 0.7203125 0.774074074074074
1 0.5354166666666667 0.12407407407407407 0.5682291666666667 0.12407407407407407 0.5682291666666667 0.1685185185185185 0.5354166666666667 0.1685185185185185
2 0.0140625 0.7407407407407407 0.10104166666666667 0.7407407407407407 0.10104166666666667 0.9796296296296296 0.0140625 0.9796296296296296
2 0.7661458333333333 0.8472222222222222 0.8453125 0.8472222222222222 0.8453125 0.9962962962962963 0.7661458333333333 0.9962962962962963
2 0.6494791666666667 0.2638888888888889 0.6729166666666667 0.2638888888888889 0.6729166666666667 0.34074074074074073 0.6494791666666667 0.34074074074074073
2 0.271875 0.42407407407407405 0.3151041666666667 0.42407407407407405 0.3151041666666667 0.5537037037037037 0.271875 0.5537037037037037
2 0.0020833333333333333 0.5453703703703704 0.0890625 0.5453703703703704 0.0890625 0.7185185185185186 0.0020833333333333333 0.7185185185185186
2 0.39375 0.5037037037037037 0.446875 0.5037037037037037 0.446875 0.6666666666666666 0.39375 0.6666666666666666
2 0.39791666666666664 0.2722222222222222 0.4317708333333333 0.2722222222222222 0.4317708333333333 0.36203703703703705 0.39791666666666664 0.36203703703703705
2 0.3494791666666667 0.3990740740740741 0.3885416666666667 0.3990740740740741 0.3885416666666667 0.5435185185185185 0.3494791666666667 0.5435185185185185
1 0.5786458333333333 0.14166666666666666 0.6223958333333334 0.14166666666666666 0.6223958333333334 0.19722222222222222 0.5786458333333333 0.19722222222222222
2 0.5578125 0.17407407407407408 0.5802083333333333 0.17407407407407408 0.5802083333333333 0.23796296296296296 0.5578125 0.23796296296296296
2 0.6536458333333334 0.19907407407407407 0.6765625 0.19907407407407407 0.6765625 0.25277777777777777 0.6536458333333334 0.25277777777777777
2 0.45729166666666665 0.17777777777777778 0.475 0.17777777777777778 0.475 0.22962962962962963 0.45729166666666665 0.22962962962962963
2 0.6411458333333333 0.3574074074074074 0.6802083333333333 0.3574074074074074 0.6802083333333333 0.47129629629629627 0.6411458333333333 0.47129629629629627
2 0.28125 0.30648148148148147 0.309375 0.30648148148148147 0.309375 0.40555555555555556 0.28125 0.40555555555555556
0 0.346875 0.12222222222222222 0.4239583333333333 0.12222222222222222 0.4239583333333333 0.2796296296296296 0.346875 0.2796296296296296
2 0.4239583333333333 0.23333333333333334 0.45416666666666666 0.23333333333333334 0.45416666666666666 0.3074074074074074 0.4239583333333333 0.3074074074074074
2 0.44583333333333336 0.2037037037037037 0.4640625 0.2037037037037037 0.4640625 0.25277777777777777 0.44583333333333336 0.25277777777777777