1 0.5067708333333333 0 0.6052083333333333 0 0.6052083333333333 0.09351851851851851 0.5067708333333333 0.09351851851851851
1 0.6484375 0.19074074074074074 0.6848958333333334 0.19074074074074074 0.6848958333333334 0.31203703703703706 0.6484375 0.31203703703703706
2 0.5114583333333333 0.8342592592592593 0.5713541666666667 0.8342592592592593 0.5713541666666667 0.8981481481481481 0.5114583333333333 0.8981481481481481
2 0.6578125 0.6962962962962963 0.6859375 0.6962962962962963 0.6859375 0.7351851851851852 0.6578125 0.7351851851851852
2 0.603125 0.7268518518518519 0.6427083333333333 0.7268518518518519 0.6427083333333333 0.7712962962962963 0.603125 0.7712962962962963
2 0.609375 0.6518518518518519 0.6520833333333333 0.6518518518518519 0.6520833333333333 0.6935185185185185 0.609375 0.6935185185185185
2 0.5208333333333334 0.31296296296296294 0.590625 0.31296296296296294 0.590625 0.38981481481481484 0.5208333333333334 0.38981481481481484
2 0.640625 0.5925925925925926 0.6786458333333333 0.5925925925925926 0.6786458333333333 0.6444444444444445 0.640625 0.6444444444444445
2 0.5604166666666667 0.2777777777777778 0.6098958333333333 0.2777777777777778 0.6098958333333333 0.3287037037037037 0.5604166666666667 0.3287037037037037
2 0.6291666666666667 0.37777777777777777 0.66875 0.37777777777777777 0.66875 0.42314814814814816 0.6291666666666667 0.42314814814814816
2 0.6453125 0.7685185185185185 0.6786458333333333 0.7685185185185185 0.6786458333333333 0.8101851851851852 0.6453125 0.8101851851851852
2 0.5526041666666667 0.7138888888888889 0.603125 0.7138888888888889 0.603125 0.7685185185185185 0.5526041666666667 0.7685185185185185
2 0.46458333333333335 0.17222222222222222 0.5322916666666667 0.17222222222222222 0.5322916666666667 0.25 0.46458333333333335 0.25
2 0.6885416666666667 0.6388888888888888 0.7098958333333333 0.6388888888888888 0.7098958333333333 0.6657407407407407 0.6885416666666667 0.6657407407407407
2 0.6541666666666667 0.5064814814814815 0.6890625 0.5064814814814815 0.6890625 0.5592592592592592 0.6541666666666667 0.5592592592592592