1 0.5067708333333333 0 0.6046875 0 0.6046875 0.09166666666666666 0.5067708333333333 0.09166666666666666
1 0.6484375 0.1824074074074074 0.6833333333333333 0.1824074074074074 0.6833333333333333 0.30648148148148147 0.6484375 0.30648148148148147
2 0.45989583333333334 0.7583333333333333 0.5359375 0.7583333333333333 0.5359375 0.8416666666666667 0.45989583333333334 0.8416666666666667
2 0.28854166666666664 0 0.4192708333333333 0 0.4192708333333333 0.1037037037037037 0.28854166666666664 0.1037037037037037
2 0.46145833333333336 0.12962962962962962 0.5307291666666667 0.12962962962962962 0.5307291666666667 0.2037037037037037 0.46145833333333336 0.2037037037037037
2 0.6375 0.7222222222222222 0.6697916666666667 0.7222222222222222 0.6697916666666667 0.7805555555555556 0.6375 0.7805555555555556
2 0.39427083333333335 0.9481481481481482 0.48072916666666665 0.9481481481481482 0.48072916666666665 1 0.39427083333333335 1
2 0.5567708333333333 0.7638888888888888 0.609375 0.7638888888888888 0.609375 0.812962962962963 0.5567708333333333 0.812962962962963
2 0.5619791666666667 0.6611111111111111 0.6140625 0.6611111111111111 0.6140625 0.7203703703703703 0.5619791666666667 0.7203703703703703
2 0.5817708333333333 0.3574074074074074 0.6333333333333333 0.3574074074074074 0.6333333333333333 0.41388888888888886 0.5817708333333333 0.41388888888888886
2 0.6088541666666667 0.3037037037037037 0.6442708333333333 0.3037037037037037 0.6442708333333333 0.34814814814814815 0.6088541666666667 0.34814814814814815
2 0.5432291666666667 0.27037037037037037 0.603125 0.27037037037037037 0.603125 0.33240740740740743 0.5432291666666667 0.33240740740740743
2 0.6536458333333334 0.49722222222222223 0.6911458333333333 0.49722222222222223 0.6911458333333333 0.5527777777777778 0.6536458333333334 0.5527777777777778
2 0.6875 0.5935185185185186 0.709375 0.5935185185185186 0.709375 0.6212962962962963 0.6875 0.6212962962962963
2 0.6197916666666666 0.6074074074074074 0.6630208333333333 0.6074074074074074 0.6630208333333333 0.6416666666666667 0.6197916666666666 0.6416666666666667
2 0.63125 0.6435185185185185 0.6708333333333333 0.6435185185185185 0.6708333333333333 0.6777777777777778 0.63125 0.6777777777777778
2 0.6520833333333333 0.40370370370370373 0.6901041666666666 0.40370370370370373 0.6901041666666666 0.43148148148148147 0.6520833333333333 0.43148148148148147
2 0.6703125 0.3611111111111111 0.7046875 0.3611111111111111 0.7046875 0.39166666666666666 0.6703125 0.39166666666666666
2 0.6682291666666667 0.44074074074074077 0.7052083333333333 0.44074074074074077 0.7052083333333333 0.4675925925925926 0.6682291666666667 0.4675925925925926