1 0.1453125 0.3138888888888889 0.2713541666666667 0.3138888888888889 0.2713541666666667 0.4888888888888889 0.1453125 0.4888888888888889
1 0.3234375 0.17407407407407408 0.39114583333333336 0.17407407407407408 0.39114583333333336 0.2351851851851852 0.3234375 0.2351851851851852
2 0.15677083333333333 0.7546296296296297 0.240625 0.7546296296296297 0.240625 0.9962962962962963 0.15677083333333333 0.9962962962962963
2 0.8557291666666667 0.6101851851851852 0.921875 0.6101851851851852 0.921875 0.7759259259259259 0.8557291666666667 0.7759259259259259
2 0.7270833333333333 0.47685185185185186 0.7723958333333333 0.47685185185185186 0.7723958333333333 0.6046296296296296 0.7270833333333333 0.6046296296296296
2 0.5875 0.26944444444444443 0.6182291666666667 0.26944444444444443 0.6182291666666667 0.3537037037037037 0.5875 0.3537037037037037
2 0.5911458333333334 0.17407407407407408 0.61875 0.17407407407407408 0.61875 0.22407407407407406 0.5911458333333334 0.22407407407407406
2 0.38645833333333335 0.262037037037037 0.4161458333333333 0.262037037037037 0.4161458333333333 0.34444444444444444 0.38645833333333335 0.34444444444444444
2 0.6395833333333333 0.28888888888888886 0.6671875 0.28888888888888886 0.6671875 0.37222222222222223 0.6395833333333333 0.37222222222222223
2 0.6354166666666666 0.39166666666666666 0.6765625 0.39166666666666666 0.6765625 0.5092592592592593 0.6354166666666666 0.5092592592592593
2 0.634375 0.19166666666666668 0.6625 0.19166666666666668 0.6625 0.2518518518518518 0.634375 0.2518518518518518
2 0.2630208333333333 0.48148148148148145 0.3098958333333333 0.48148148148148145 0.3098958333333333 0.6277777777777778 0.2630208333333333 0.6277777777777778
2 0.3546875 0.3435185185185185 0.390625 0.3435185185185185 0.390625 0.45555555555555555 0.3546875 0.45555555555555555
2 0.4166666666666667 0.27870370370370373 0.4473958333333333 0.27870370370370373 0.4473958333333333 0.38055555555555554 0.4166666666666667 0.38055555555555554
2 0.5005208333333333 0.15925925925925927 0.5317708333333333 0.15925925925925927 0.5317708333333333 0.22592592592592592 0.5005208333333333 0.22592592592592592
2 0.5572916666666666 0.20277777777777778 0.5880208333333333 0.20277777777777778 0.5880208333333333 0.2740740740740741 0.5572916666666666 0.2740740740740741