1 0.39739583333333334 0.9074074074074074 0.4953125 0.9074074074074074 0.4953125 1 0.39739583333333334 1
1 0.3177083333333333 0.6916666666666667 0.353125 0.6916666666666667 0.353125 0.8138888888888889 0.3177083333333333 0.8138888888888889
1 0.35572916666666665 0.5314814814814814 0.40625 0.5314814814814814 0.40625 0.6324074074074074 0.35572916666666665 0.6324074074074074
2 0.6692708333333334 0.8074074074074075 0.7796875 0.8074074074074075 0.7796875 0.9361111111111111 0.6692708333333334 0.9361111111111111
2 0.5364583333333334 0.9546296296296296 0.6375 0.9546296296296296 0.6375 1 0.5364583333333334 1
2 0.37916666666666665 0.17592592592592593 0.421875 0.17592592592592593 0.421875 0.22777777777777777 0.37916666666666665 0.22777777777777777
2 0.38125 0.09537037037037037 0.434375 0.09537037037037037 0.434375 0.15 0.38125 0.15
2 0.37552083333333336 0.7083333333333334 0.4125 0.7083333333333334 0.4125 0.7574074074074074 0.37552083333333336 0.7574074074074074
2 0.37604166666666666 0.6296296296296297 0.4244791666666667 0.6296296296296297 0.4244791666666667 0.6805555555555556 0.37604166666666666 0.6805555555555556
2 0.48541666666666666 0.6777777777777778 0.5666666666666667 0.6777777777777778 0.5666666666666667 0.7518518518518519 0.48541666666666666 0.7518518518518519
2 0.40989583333333335 0.7379629629629629 0.46145833333333336 0.7379629629629629 0.46145833333333336 0.7907407407407407 0.40989583333333335 0.7907407407407407
1 0.3072916666666667 0.30648148148148147 0.4041666666666667 0.30648148148148147 0.4041666666666667 0.42685185185185187 0.3072916666666667 0.42685185185185187
2 0.31614583333333335 0.47314814814814815 0.34791666666666665 0.47314814814814815 0.34791666666666665 0.5074074074074074 0.31614583333333335 0.5074074074074074
2 0.45 0.8592592592592593 0.5239583333333333 0.8592592592592593 0.5239583333333333 0.9333333333333333 0.45 0.9333333333333333
2 0.3333333333333333 0.1962962962962963 0.37447916666666664 0.1962962962962963 0.37447916666666664 0.24537037037037038 0.3333333333333333 0.24537037037037038
2 0.42135416666666664 0.6601851851851852 0.4744791666666667 0.6601851851851852 0.4744791666666667 0.7175925925925926 0.42135416666666664 0.7175925925925926
2 0.2984375 0.5148148148148148 0.32135416666666666 0.5148148148148148 0.32135416666666666 0.5388888888888889 0.2984375 0.5388888888888889
2 0.41458333333333336 0.8324074074074074 0.4630208333333333 0.8324074074074074 0.4630208333333333 0.8925925925925926 0.41458333333333336 0.8925925925925926
2 0.3072916666666667 0.5453703703703704 0.3307291666666667 0.5453703703703704 0.3307291666666667 0.575 0.3072916666666667 0.575
2 0.3380208333333333 0.612037037037037 0.36822916666666666 0.612037037037037 0.36822916666666666 0.6472222222222223 0.3380208333333333 0.6472222222222223
2 0.3026041666666667 0.5861111111111111 0.3229166666666667 0.5861111111111111 0.3229166666666667 0.6129629629629629 0.3026041666666667 0.6129629629629629
2 0.32083333333333336 0.6046296296296296 0.34479166666666666 0.6046296296296296 0.34479166666666666 0.6351851851851852 0.32083333333333336 0.6351851851851852
2 0.33177083333333335 0.2564814814814815 0.3729166666666667 0.2564814814814815 0.3729166666666667 0.2833333333333333 0.33177083333333335 0.2833333333333333