1 0.39791666666666664 0.912962962962963 0.49947916666666664 0.912962962962963 0.49947916666666664 1 0.39791666666666664 1
1 0.31302083333333336 0.5175925925925926 0.346875 0.5175925925925926 0.346875 0.5861111111111111 0.31302083333333336 0.5861111111111111
1 0.3177083333333333 0.6935185185185185 0.3541666666666667 0.6935185185185185 0.3541666666666667 0.8018518518518518 0.3177083333333333 0.8018518518518518
1 0.27708333333333335 0.2824074074074074 0.2989583333333333 0.2824074074074074 0.2989583333333333 0.3398148148148148 0.27708333333333335 0.3398148148148148
2 0.5609375 0.6694444444444444 0.6708333333333333 0.6694444444444444 0.6708333333333333 0.7481481481481481 0.5609375 0.7481481481481481
2 0.7026041666666667 0.8972222222222223 0.78125 0.8972222222222223 0.78125 1 0.7026041666666667 1
2 0.5067708333333333 0.9833333333333333 0.5942708333333333 0.9833333333333333 0.5942708333333333 1 0.5067708333333333 1
2 0.4973958333333333 0.8064814814814815 0.5838541666666667 0.8064814814814815 0.5838541666666667 0.8629629629629629 0.4973958333333333 0.8629629629629629
2 0.434375 0.8814814814814815 0.4901041666666667 0.8814814814814815 0.4901041666666667 0.9305555555555556 0.434375 0.9305555555555556
2 0.43385416666666665 0.7861111111111111 0.5026041666666666 0.7861111111111111 0.5026041666666666 0.8398148148148148 0.43385416666666665 0.8398148148148148
2 0.4234375 0.6240740740740741 0.4901041666666667 0.6240740740740741 0.4901041666666667 0.687037037037037 0.4234375 0.687037037037037
2 0.39739583333333334 0.7185185185185186 0.4546875 0.7185185185185186 0.4546875 0.7601851851851852 0.39739583333333334 0.7601851851851852
2 0.38697916666666665 0.5907407407407408 0.4348958333333333 0.5907407407407408 0.4348958333333333 0.6333333333333333 0.38697916666666665 0.6333333333333333
2 0.3765625 0.7148148148148148 0.4166666666666667 0.7148148148148148 0.4166666666666667 0.7481481481481481 0.3765625 0.7481481481481481
2 0.35625 0.7379629629629629 0.3921875 0.7379629629629629 0.3921875 0.7703703703703704 0.35625 0.7703703703703704
2 0.35572916666666665 0.6888888888888889 0.39739583333333334 0.6888888888888889 0.39739583333333334 0.7129629629629629 0.35572916666666665 0.7129629629629629
2 0.34479166666666666 0.6537037037037037 0.38229166666666664 0.6537037037037037 0.38229166666666664 0.6851851851851852 0.34479166666666666 0.6851851851851852
2 0.34010416666666665 0.6074074074074074 0.37604166666666666 0.6074074074074074 0.37604166666666666 0.6305555555555555 0.34010416666666665 0.6305555555555555
2 0.35052083333333334 0.5685185185185185 0.38958333333333334 0.5685185185185185 0.38958333333333334 0.5935185185185186 0.35052083333333334 0.5935185185185186
2 0.3260416666666667 0.6407407407407407 0.353125 0.6407407407407407 0.353125 0.6620370370370371 0.3260416666666667 0.6620370370370371
2 0.3104166666666667 0.6111111111111112 0.3416666666666667 0.6111111111111112 0.3416666666666667 0.6222222222222222 0.3104166666666667 0.6222222222222222
2 0.29322916666666665 0.48518518518518516 0.32447916666666665 0.48518518518518516 0.32447916666666665 0.5074074074074074 0.29322916666666665 0.5074074074074074
2 0.29322916666666665 0.5407407407407407 0.3151041666666667 0.5407407407407407 0.3151041666666667 0.5583333333333333 0.29322916666666665 0.5583333333333333
2 0.2994791666666667 0.5611111111111111 0.32395833333333335 0.5611111111111111 0.32395833333333335 0.5814814814814815 0.2994791666666667 0.5814814814814815
2 0.2989583333333333 0.5925925925925926 0.3229166666666667 0.5925925925925926 0.3229166666666667 0.6083333333333333 0.2989583333333333 0.6083333333333333
2 0.2864583333333333 0.587037037037037 0.30885416666666665 0.587037037037037 0.30885416666666665 0.5981481481481481 0.2864583333333333 0.5981481481481481
2 0.28177083333333336 0.5546296296296296 0.30520833333333336 0.5546296296296296 0.30520833333333336 0.5712962962962963 0.28177083333333336 0.5712962962962963
2 0.28958333333333336 0.6046296296296296 0.3098958333333333 0.6046296296296296 0.3098958333333333 0.6212962962962963 0.28958333333333336 0.6212962962962963
2 0.28489583333333335 0.6166666666666667 0.30520833333333336 0.6166666666666667 0.30520833333333336 0.6333333333333333 0.28489583333333335 0.6333333333333333
2 0.2994791666666667 0.3175925925925926 0.328125 0.3175925925925926 0.328125 0.3453703703703704 0.2994791666666667 0.3453703703703704
2 0.3015625 0.2601851851851852 0.3307291666666667 0.2601851851851852 0.3307291666666667 0.2814814814814815 0.3015625 0.2814814814814815
1 0.4203125 0.04537037037037037 0.6510416666666666 0.04537037037037037 0.6510416666666666 0.3861111111111111 0.4203125 0.3861111111111111