1 0.14791666666666667 0.3194444444444444 0.27760416666666665 0.3194444444444444 0.27760416666666665 0.49907407407407406 0.14791666666666667 0.49907407407407406
1 0.33645833333333336 0.17685185185185184 0.39166666666666666 0.17685185185185184 0.39166666666666666 0.24074074074074073 0.33645833333333336 0.24074074074074073
1 0.6255208333333333 0.12037037037037036 0.6822916666666666 0.12037037037037036 0.6822916666666666 0.16203703703703703 0.6255208333333333 0.16203703703703703
1 0.47552083333333334 0.11481481481481481 0.5020833333333333 0.11481481481481481 0.5020833333333333 0.1574074074074074 0.47552083333333334 0.1574074074074074
2 0.16927083333333334 0.5527777777777778 0.22864583333333333 0.5527777777777778 0.22864583333333333 0.7388888888888889 0.16927083333333334 0.7388888888888889
2 0.25625 0.5425925925925926 0.29739583333333336 0.5425925925925926 0.29739583333333336 0.7046296296296296 0.25625 0.7046296296296296
2 0.28020833333333334 0.40370370370370373 0.3171875 0.40370370370370373 0.3171875 0.5361111111111111 0.28020833333333334 0.5361111111111111
2 0.3375 0.5064814814814815 0.39114583333333336 0.5064814814814815 0.39114583333333336 0.687037037037037 0.3375 0.687037037037037
2 0.36354166666666665 0.3194444444444444 0.3890625 0.3194444444444444 0.3890625 0.4398148148148148 0.36354166666666665 0.4398148148148148
2 0.3765625 0.26666666666666666 0.3921875 0.26666666666666666 0.3921875 0.3296296296296296 0.3765625 0.3296296296296296
2 0.4078125 0.26851851851851855 0.42083333333333334 0.26851851851851855 0.42083333333333334 0.35462962962962963 0.4078125 0.35462962962962963
2 0.4375 0.2916666666666667 0.45989583333333334 0.2916666666666667 0.45989583333333334 0.39444444444444443 0.4375 0.39444444444444443
2 0.39114583333333336 0.2175925925925926 0.40729166666666666 0.2175925925925926 0.40729166666666666 0.2851851851851852 0.39114583333333336 0.2851851851851852
2 0.434375 0.21388888888888888 0.44947916666666665 0.21388888888888888 0.44947916666666665 0.27037037037037037 0.434375 0.27037037037037037
2 0.47552083333333334 0.21203703703703702 0.49375 0.21203703703703702 0.49375 0.27314814814814814 0.47552083333333334 0.27314814814814814
2 0.5890625 0.16111111111111112 0.603125 0.16111111111111112 0.603125 0.2074074074074074 0.5890625 0.2074074074074074
2 0.5994791666666667 0.12777777777777777 0.6109375 0.12777777777777777 0.6109375 0.16944444444444445 0.5994791666666667 0.16944444444444445
2 0.6135416666666667 0.15925925925925927 0.6260416666666667 0.15925925925925927 0.6260416666666667 0.2037037037037037 0.6135416666666667 0.2037037037037037
2 0.621875 0.2037037037037037 0.6375 0.2037037037037037 0.6375 0.2657407407407407 0.621875 0.2657407407407407
2 0.6421875 0.17962962962962964 0.6557291666666667 0.17962962962962964 0.6557291666666667 0.2388888888888889 0.6421875 0.2388888888888889
2 0.4 0.16944444444444445 0.40989583333333335 0.16944444444444445 0.40989583333333335 0.20925925925925926 0.4 0.20925925925925926
2 0.4125 0.15833333333333333 0.4192708333333333 0.15833333333333333 0.4192708333333333 0.2101851851851852 0.4125 0.2101851851851852
2 0.428125 0.1638888888888889 0.4348958333333333 0.1638888888888889 0.4348958333333333 0.1962962962962963 0.428125 0.1962962962962963
2 0.4432291666666667 0.16944444444444445 0.4546875 0.16944444444444445 0.4546875 0.21574074074074073 0.4432291666666667 0.21574074074074073
2 0.45989583333333334 0.1648148148148148 0.46979166666666666 0.1648148148148148 0.46979166666666666 0.21481481481481482 0.45989583333333334 0.21481481481481482
2 0.4765625 0.1648148148148148 0.490625 0.1648148148148148 0.490625 0.19907407407407407 0.4765625 0.19907407407407407
2 0.4666666666666667 0.1398148148148148 0.47604166666666664 0.1398148148148148 0.47604166666666664 0.1712962962962963 0.4666666666666667 0.1712962962962963
2 0.4453125 0.14166666666666666 0.45364583333333336 0.14166666666666666 0.45364583333333336 0.17222222222222222 0.4453125 0.17222222222222222
2 0.3875 0.1962962962962963 0.396875 0.1962962962962963 0.396875 0.24814814814814815 0.3875 0.24814814814814815