1 0.3953125 0.9092592592592592 0.49322916666666666 0.9092592592592592 0.49322916666666666 1 0.3953125 1
1 0.3171875 0.6953703703703704 0.3515625 0.6953703703703704 0.3515625 0.8148148148148148 0.3171875 0.8148148148148148
2 0.540625 0.8546296296296296 0.6473958333333333 0.8546296296296296 0.6473958333333333 0.9629629629629629 0.540625 0.9629629629629629
2 0.5010416666666667 0.12314814814814815 0.5838541666666667 0.12314814814814815 0.5838541666666667 0.21574074074074073 0.5010416666666667 0.21574074074074073
2 0.6598958333333333 0.9444444444444444 0.7786458333333334 0.9444444444444444 0.7786458333333334 1 0.6598958333333333 1
2 0.4015625 0.28055555555555556 0.4609375 0.28055555555555556 0.4609375 0.337037037037037 0.4015625 0.337037037037037
2 0.45 0.7657407407407407 0.5125 0.7657407407407407 0.5125 0.8277777777777777 0.45 0.8277777777777777
2 0.3333333333333333 0.23055555555555557 0.36302083333333335 0.23055555555555557 0.36302083333333335 0.29444444444444445 0.3333333333333333 0.29444444444444445
2 0.34739583333333335 0.649074074074074 0.3828125 0.649074074074074 0.3828125 0.6898148148148148 0.34739583333333335 0.6898148148148148
2 0.3182291666666667 0.3333333333333333 0.3463541666666667 0.3333333333333333 0.3463541666666667 0.3888888888888889 0.3182291666666667 0.3888888888888889
2 0.2921875 0.36944444444444446 0.31614583333333335 0.36944444444444446 0.31614583333333335 0.3990740740740741 0.2921875 0.3990740740740741
2 0.35885416666666664 0.5851851851851851 0.40572916666666664 0.5851851851851851 0.40572916666666664 0.6342592592592593 0.35885416666666664 0.6342592592592593
2 0.4083333333333333 0.16944444444444445 0.4630208333333333 0.16944444444444445 0.4630208333333333 0.22037037037037038 0.4083333333333333 0.22037037037037038
2 0.38645833333333335 0.6574074074074074 0.4395833333333333 0.6574074074074074 0.4395833333333333 0.7101851851851851 0.38645833333333335 0.7101851851851851