1 0.50625 0 0.6083333333333333 0 0.6083333333333333 0.08148148148148149 0.50625 0.08148148148148149
1 0.37447916666666664 0.8481481481481481 0.49583333333333335 0.8481481481481481 0.49583333333333335 1 0.37447916666666664 1
1 0.6895833333333333 0.5611111111111111 0.7140625 0.5611111111111111 0.7140625 0.6185185185185185 0.6895833333333333 0.6185185185185185
2 0.3734375 0.29444444444444445 0.47552083333333334 0.29444444444444445 0.47552083333333334 0.39444444444444443 0.3734375 0.39444444444444443
2 0.6526041666666667 0.5953703703703703 0.6854166666666667 0.5953703703703703 0.6854166666666667 0.6388888888888888 0.6526041666666667 0.6388888888888888
2 0.21979166666666666 0.9268518518518518 0.34739583333333335 0.9268518518518518 0.34739583333333335 1 0.21979166666666666 1
2 0.46510416666666665 0.21944444444444444 0.5463541666666667 0.21944444444444444 0.5463541666666667 0.2833333333333333 0.46510416666666665 0.2833333333333333
2 0.44895833333333335 0.07222222222222222 0.5317708333333333 0.07222222222222222 0.5317708333333333 0.15185185185185185 0.44895833333333335 0.15185185185185185
2 0.6005208333333333 0.7574074074074074 0.640625 0.7574074074074074 0.640625 0.7953703703703704 0.6005208333333333 0.7953703703703704
2 0.56875 0.3148148148148148 0.6213541666666667 0.3148148148148148 0.6213541666666667 0.37037037037037035 0.56875 0.37037037037037035
2 0.6427083333333333 0.7648148148148148 0.6723958333333333 0.7648148148148148 0.6723958333333333 0.8027777777777778 0.6427083333333333 0.8027777777777778
1 0.6723958333333333 0.6342592592592593 0.7036458333333333 0.6342592592592593 0.7036458333333333 0.7092592592592593 0.6723958333333333 0.7092592592592593
2 0.65 0.41944444444444445 0.6791666666666667 0.41944444444444445 0.6791666666666667 0.4546296296296296 0.65 0.4546296296296296
0 0.6203125 0.22407407407407406 0.7135416666666666 0.22407407407407406 0.7135416666666666 0.3638888888888889 0.6203125 0.3638888888888889
2 0.5427083333333333 0.10277777777777777 0.5994791666666667 0.10277777777777777 0.5994791666666667 0.15555555555555556 0.5427083333333333 0.15555555555555556
2 0.6333333333333333 0.4027777777777778 0.6635416666666667 0.4027777777777778 0.6635416666666667 0.4388888888888889 0.6333333333333333 0.4388888888888889
2 0.6010416666666667 0.35555555555555557 0.6421875 0.35555555555555557 0.6421875 0.4046296296296296 0.6010416666666667 0.4046296296296296
2 0.528125 0.7444444444444445 0.5953125 0.7444444444444445 0.5953125 0.8055555555555556 0.528125 0.8055555555555556