1 0.1453125 0.3138888888888889 0.26979166666666665 0.3138888888888889 0.26979166666666665 0.4898148148148148 0.1453125 0.4898148148148148
1 0.325 0.17314814814814813 0.3927083333333333 0.17314814814814813 0.3927083333333333 0.23703703703703705 0.325 0.23703703703703705
2 0.265625 0.5314814814814814 0.3223958333333333 0.5314814814814814 0.3223958333333333 0.6990740740740741 0.265625 0.6990740740740741
2 0.6755208333333333 0.5546296296296296 0.7286458333333333 0.5546296296296296 0.7286458333333333 0.7277777777777777 0.6755208333333333 0.7277777777777777
2 0.5536458333333333 0.17685185185185184 0.5885416666666666 0.17685185185185184 0.5885416666666666 0.22592592592592592 0.5536458333333333 0.22592592592592592
2 0.12864583333333332 0.637962962962963 0.19947916666666668 0.637962962962963 0.19947916666666668 0.8472222222222222 0.12864583333333332 0.8472222222222222
2 0.8145833333333333 0.6796296296296296 0.8739583333333333 0.6796296296296296 0.8739583333333333 0.8731481481481481 0.8145833333333333 0.8731481481481481
2 0.596875 0.3490740740740741 0.6322916666666667 0.3490740740740741 0.6322916666666667 0.46111111111111114 0.596875 0.46111111111111114
2 0.32916666666666666 0.3861111111111111 0.3671875 0.3861111111111111 0.3671875 0.49722222222222223 0.32916666666666666 0.49722222222222223
2 0.6645833333333333 0.35462962962962963 0.6947916666666667 0.35462962962962963 0.6947916666666667 0.4546296296296296 0.6645833333333333 0.4546296296296296
2 0.6109375 0.20185185185185187 0.6442708333333333 0.20185185185185187 0.6442708333333333 0.25555555555555554 0.6109375 0.25555555555555554
2 0.3921875 0.28425925925925927 0.42291666666666666 0.28425925925925927 0.42291666666666666 0.37592592592592594 0.3921875 0.37592592592592594
2 0.5635416666666667 0.24351851851851852 0.5859375 0.24351851851851852 0.5859375 0.3148148148148148 0.5635416666666667 0.3148148148148148
2 0.21354166666666666 0.700925925925926 0.2796875 0.700925925925926 0.2796875 0.9 0.21354166666666666 0.9
2 0.42552083333333335 0.23796296296296296 0.453125 0.23796296296296296 0.453125 0.32407407407407407 0.42552083333333335 0.32407407407407407
2 0.44635416666666666 0.14722222222222223 0.46510416666666665 0.14722222222222223 0.46510416666666665 0.20277777777777778 0.44635416666666666 0.20277777777777778
2 0.5911458333333334 0.22962962962962963 0.6109375 0.22962962962962963 0.6109375 0.29444444444444445 0.5911458333333334 0.29444444444444445