1 0.14427083333333332 0.32037037037037036 0.26927083333333335 0.32037037037037036 0.26927083333333335 0.49907407407407406 0.14427083333333332 0.49907407407407406
1 0.465625 0.13518518518518519 0.4979166666666667 0.13518518518518519 0.4979166666666667 0.1824074074074074 0.465625 0.1824074074074074
1 0.33177083333333335 0.17592592592592593 0.3854166666666667 0.17592592592592593 0.3854166666666667 0.23981481481481481 0.33177083333333335 0.23981481481481481
2 0.7703125 0.6212962962962963 0.8213541666666667 0.6212962962962963 0.8213541666666667 0.8314814814814815 0.7703125 0.8314814814814815
1 0.6020833333333333 0.10925925925925926 0.6432291666666666 0.10925925925925926 0.6432291666666666 0.15833333333333333 0.6020833333333333 0.15833333333333333
2 0.06822916666666666 0.7064814814814815 0.1390625 0.7064814814814815 0.1390625 1 0.06822916666666666 1
2 0.21875 0.5564814814814815 0.2682291666666667 0.5564814814814815 0.2682291666666667 0.7537037037037037 0.21875 0.7537037037037037
2 0.346875 0.5611111111111111 0.3776041666666667 0.5611111111111111 0.3776041666666667 0.7351851851851852 0.346875 0.7351851851851852
2 0.38697916666666665 0.4074074074074074 0.42135416666666664 0.4074074074074074 0.42135416666666664 0.5722222222222222 0.38697916666666665 0.5722222222222222
2 0.296875 0.37592592592592594 0.3302083333333333 0.37592592592592594 0.3302083333333333 0.5222222222222223 0.296875 0.5222222222222223
2 0.3328125 0.4101851851851852 0.3692708333333333 0.4101851851851852 0.3692708333333333 0.5435185185185185 0.3328125 0.5435185185185185
2 0.32447916666666665 0.32037037037037036 0.3541666666666667 0.32037037037037036 0.3541666666666667 0.4101851851851852 0.32447916666666665 0.4101851851851852
2 0.340625 0.25925925925925924 0.35885416666666664 0.25925925925925924 0.35885416666666664 0.32592592592592595 0.340625 0.32592592592592595
2 0.39166666666666666 0.2953703703703704 0.4078125 0.2953703703703704 0.4078125 0.39444444444444443 0.39166666666666666 0.39444444444444443
2 0.4510416666666667 0.32037037037037036 0.4703125 0.32037037037037036 0.4703125 0.4287037037037037 0.4510416666666667 0.4287037037037037
2 0.39479166666666665 0.2574074074074074 0.409375 0.2574074074074074 0.409375 0.32222222222222224 0.39479166666666665 0.32222222222222224
2 0.4088541666666667 0.22407407407407406 0.421875 0.22407407407407406 0.421875 0.29814814814814816 0.4088541666666667 0.29814814814814816
2 0.3776041666666667 0.19907407407407407 0.39114583333333336 0.19907407407407407 0.39114583333333336 0.27314814814814814 0.3776041666666667 0.27314814814814814
2 0.41822916666666665 0.175 0.4276041666666667 0.175 0.4276041666666667 0.22777777777777777 0.41822916666666665 0.22777777777777777
2 0.43854166666666666 0.1648148148148148 0.44947916666666665 0.1648148148148148 0.44947916666666665 0.22407407407407406 0.43854166666666666 0.22407407407407406
2 0.43020833333333336 0.1574074074074074 0.43802083333333336 0.1574074074074074 0.43802083333333336 0.20092592592592592 0.43020833333333336 0.20092592592592592
2 0.45989583333333334 0.17037037037037037 0.47239583333333335 0.17037037037037037 0.47239583333333335 0.22037037037037038 0.45989583333333334 0.22037037037037038
2 0.4588541666666667 0.21296296296296297 0.47604166666666664 0.21296296296296297 0.47604166666666664 0.2712962962962963 0.4588541666666667 0.2712962962962963
2 0.440625 0.21944444444444444 0.46145833333333336 0.21944444444444444 0.46145833333333336 0.30185185185185187 0.440625 0.30185185185185187
2 0.43854166666666666 0.12314814814814815 0.44947916666666665 0.12314814814814815 0.44947916666666665 0.16111111111111112 0.43854166666666666 0.16111111111111112
2 0.45 0.13518518518518519 0.4578125 0.13518518518518519 0.4578125 0.18055555555555555 0.45 0.18055555555555555
2 0.4583333333333333 0.12037037037037036 0.46510416666666665 0.12037037037037036 0.46510416666666665 0.15925925925925927 0.4583333333333333 0.15925925925925927
2 0.4973958333333333 0.11574074074074074 0.5083333333333333 0.11574074074074074 0.5083333333333333 0.1648148148148148 0.4973958333333333 0.1648148148148148
2 0.46822916666666664 0.11851851851851852 0.478125 0.11851851851851852 0.478125 0.14722222222222223 0.46822916666666664 0.14722222222222223
2 0.4317708333333333 0.10833333333333334 0.440625 0.10833333333333334 0.440625 0.14629629629629629 0.4317708333333333 0.14629629629629629
2 0.446875 0.10833333333333334 0.4546875 0.10833333333333334 0.4546875 0.1361111111111111 0.446875 0.1361111111111111
2 0.58125 0.10648148148148148 0.5895833333333333 0.10648148148148148 0.5895833333333333 0.14537037037037037 0.58125 0.14537037037037037
2 0.5958333333333333 0.15 0.6114583333333333 0.15 0.6114583333333333 0.19074074074074074 0.5958333333333333 0.19074074074074074
2 0.6010416666666667 0.1675925925925926 0.6145833333333334 0.1675925925925926 0.6145833333333334 0.22407407407407406 0.6010416666666667 0.22407407407407406
2 0.6229166666666667 0.15 0.6333333333333333 0.15 0.6333333333333333 0.1935185185185185 0.6229166666666667 0.1935185185185185
2 0.6338541666666667 0.1638888888888889 0.6463541666666667 0.1638888888888889 0.6463541666666667 0.21388888888888888 0.6338541666666667 0.21388888888888888