1 0.3958333333333333 0.30833333333333335 0.4703125 0.30833333333333335 0.4703125 0.4287037037037037 0.3958333333333333 0.4287037037037037
1 0.146875 0.3175925925925926 0.2708333333333333 0.3175925925925926 0.2708333333333333 0.48703703703703705 0.146875 0.48703703703703705
1 0.32083333333333336 0.17685185185185184 0.3885416666666667 0.17685185185185184 0.3885416666666667 0.23981481481481481 0.32083333333333336 0.23981481481481481
2 0.7901041666666667 0.6509259259259259 0.8557291666666667 0.6509259259259259 0.8557291666666667 0.8398148148148148 0.7901041666666667 0.8398148148148148
2 0.7354166666666667 0.34444444444444444 0.7776041666666667 0.34444444444444444 0.7776041666666667 0.44166666666666665 0.7354166666666667 0.44166666666666665
2 0.07291666666666667 0.6648148148148149 0.1546875 0.6648148148148149 0.1546875 0.9 0.07291666666666667 0.9
2 0.6786458333333333 0.49074074074074076 0.728125 0.49074074074074076 0.728125 0.6398148148148148 0.6786458333333333 0.6398148148148148
2 0.2989583333333333 0.3712962962962963 0.33229166666666665 0.3712962962962963 0.33229166666666665 0.4537037037037037 0.2989583333333333 0.4537037037037037
2 0.18645833333333334 0.45925925925925926 0.2390625 0.45925925925925926 0.2390625 0.5972222222222222 0.18645833333333334 0.5972222222222222
2 0.27239583333333334 0.562962962962963 0.3338541666666667 0.562962962962963 0.3338541666666667 0.725925925925926 0.27239583333333334 0.725925925925926
2 0.3515625 0.4287037037037037 0.3963541666666667 0.4287037037037037 0.3963541666666667 0.5546296296296296 0.3515625 0.5546296296296296
2 0.27760416666666665 0.44351851851851853 0.3182291666666667 0.44351851851851853 0.3182291666666667 0.5638888888888889 0.27760416666666665 0.5638888888888889
2 0.3770833333333333 0.27685185185185185 0.403125 0.27685185185185185 0.403125 0.3453703703703704 0.3770833333333333 0.3453703703703704
2 0.4453125 0.10925925925925926 0.4578125 0.10925925925925926 0.4578125 0.1425925925925926 0.4453125 0.1425925925925926
2 0.5953125 0.1527777777777778 0.6229166666666667 0.1527777777777778 0.6229166666666667 0.20277777777777778 0.5953125 0.20277777777777778
2 0.6109375 0.20092592592592592 0.6338541666666667 0.20092592592592592 0.6338541666666667 0.25833333333333336 0.6109375 0.25833333333333336
2 0.6510416666666666 0.2 0.6734375 0.2 0.6734375 0.2611111111111111 0.6510416666666666 0.2611111111111111
2 0.4515625 0.18888888888888888 0.4708333333333333 0.18888888888888888 0.4708333333333333 0.24259259259259258 0.4515625 0.24259259259259258
2 0.4921875 0.12685185185185185 0.5088541666666667 0.12685185185185185 0.5088541666666667 0.1675925925925926 0.4921875 0.1675925925925926
2 0.4713541666666667 0.16111111111111112 0.4890625 0.16111111111111112 0.4890625 0.21666666666666667 0.4713541666666667 0.21666666666666667
2 0.42916666666666664 0.22777777777777777 0.4484375 0.22777777777777777 0.4484375 0.3055555555555556 0.42916666666666664 0.3055555555555556
2 0.39791666666666664 0.21666666666666667 0.41510416666666666 0.21666666666666667 0.41510416666666666 0.29074074074074074 0.39791666666666664 0.29074074074074074
2 0.4197916666666667 0.1935185185185185 0.4328125 0.1935185185185185 0.4328125 0.25277777777777777 0.4197916666666667 0.25277777777777777
2 0.503125 0.175 0.5177083333333333 0.175 0.5177083333333333 0.24166666666666667 0.503125 0.24166666666666667