1 0.4078125 0.924074074074074 0.5104166666666666 0.924074074074074 0.5104166666666666 1 0.4078125 1
1 0.36041666666666666 0.5407407407407407 0.42083333333333334 0.5407407407407407 0.42083333333333334 0.6351851851851852 0.36041666666666666 0.6351851851851852
1 0.3171875 0.3296296296296296 0.36041666666666666 0.3296296296296296 0.36041666666666666 0.4083333333333333 0.3171875 0.4083333333333333
1 0.325 0.7092592592592593 0.3619791666666667 0.7092592592592593 0.3619791666666667 0.8074074074074075 0.325 0.8074074074074075
1 0.2890625 0.4064814814814815 0.3098958333333333 0.4064814814814815 0.3098958333333333 0.45185185185185184 0.2890625 0.45185185185185184
2 0.6578125 0.9546296296296296 0.78125 0.9546296296296296 0.78125 1 0.6578125 1
2 0.5432291666666667 0.8935185185185185 0.6416666666666667 0.8935185185185185 0.6416666666666667 0.9925925925925926 0.5432291666666667 0.9925925925925926
2 0.4640625 0.7833333333333333 0.5510416666666667 0.7833333333333333 0.5510416666666667 0.8564814814814815 0.4640625 0.8564814814814815
2 0.478125 0.7240740740740741 0.5739583333333333 0.7240740740740741 0.5739583333333333 0.7638888888888888 0.478125 0.7638888888888888
2 0.3958333333333333 0.7453703703703703 0.45260416666666664 0.7453703703703703 0.45260416666666664 0.8018518518518518 0.3958333333333333 0.8018518518518518
2 0.3963541666666667 0.674074074074074 0.44583333333333336 0.674074074074074 0.44583333333333336 0.7194444444444444 0.3963541666666667 0.7194444444444444
2 0.35208333333333336 0.7064814814814815 0.3953125 0.7064814814814815 0.3953125 0.7583333333333333 0.35208333333333336 0.7583333333333333
2 0.3385416666666667 0.6351851851851852 0.37552083333333336 0.6351851851851852 0.37552083333333336 0.6583333333333333 0.3385416666666667 0.6583333333333333
2 0.3260416666666667 0.6564814814814814 0.35260416666666666 0.6564814814814814 0.35260416666666666 0.6777777777777778 0.3260416666666667 0.6777777777777778
2 0.2869791666666667 0.6527777777777778 0.3109375 0.6527777777777778 0.3109375 0.6722222222222223 0.2869791666666667 0.6722222222222223
2 0.3026041666666667 0.6324074074074074 0.33177083333333335 0.6324074074074074 0.33177083333333335 0.65 0.3026041666666667 0.65
2 0.315625 0.6027777777777777 0.3458333333333333 0.6027777777777777 0.3458333333333333 0.6277777777777778 0.315625 0.6277777777777778
2 0.3098958333333333 0.5814814814814815 0.3380208333333333 0.5814814814814815 0.3380208333333333 0.5990740740740741 0.3098958333333333 0.5990740740740741
2 0.3140625 0.5444444444444444 0.3494791666666667 0.5444444444444444 0.3494791666666667 0.5685185185185185 0.3140625 0.5685185185185185
2 0.29375 0.5879629629629629 0.3171875 0.5879629629629629 0.3171875 0.6037037037037037 0.29375 0.6037037037037037
2 0.28958333333333336 0.5685185185185185 0.31197916666666664 0.5685185185185185 0.31197916666666664 0.5814814814814815 0.28958333333333336 0.5814814814814815
2 0.321875 0.4324074074074074 0.3578125 0.4324074074074074 0.3578125 0.48055555555555557 0.321875 0.48055555555555557
2 0.340625 0.25555555555555554 0.375 0.25555555555555554 0.375 0.2796296296296296 0.340625 0.2796296296296296
2 0.4244791666666667 0.03333333333333333 0.4859375 0.03333333333333333 0.4859375 0.09907407407407408 0.4244791666666667 0.09907407407407408
2 0.290625 0.37037037037037035 0.31354166666666666 0.37037037037037035 0.31354166666666666 0.39166666666666666 0.290625 0.39166666666666666
2 0.28958333333333336 0.34074074074074073 0.3125 0.34074074074074073 0.3125 0.3527777777777778 0.28958333333333336 0.3527777777777778
2 0.290625 0.549074074074074 0.3098958333333333 0.549074074074074 0.3098958333333333 0.5703703703703704 0.290625 0.5703703703703704
2 0.2864583333333333 0.5259259259259259 0.3046875 0.5259259259259259 0.3046875 0.5444444444444444 0.2864583333333333 0.5444444444444444