1 0.1375 0.33796296296296297 0.2604166666666667 0.33796296296296297 0.2604166666666667 0.5194444444444445 0.1375 0.5194444444444445
1 0.42864583333333334 0.2351851851851852 0.4822916666666667 0.2351851851851852 0.4822916666666667 0.33240740740740743 0.42864583333333334 0.33240740740740743
1 0.5515625 0.18981481481481483 0.5989583333333334 0.18981481481481483 0.5989583333333334 0.26851851851851855 0.5515625 0.26851851851851855
1 0.32447916666666665 0.18981481481481483 0.3802083333333333 0.18981481481481483 0.3802083333333333 0.2537037037037037 0.32447916666666665 0.2537037037037037
2 0.034375 0.7111111111111111 0.10260416666666666 0.7111111111111111 0.10260416666666666 0.9851851851851852 0.034375 0.9851851851851852
2 0.10833333333333334 0.7342592592592593 0.18802083333333333 0.7342592592592593 0.18802083333333333 0.9648148148148148 0.10833333333333334 0.9648148148148148
2 0.21510416666666668 0.6324074074074074 0.28072916666666664 0.6324074074074074 0.28072916666666664 0.8537037037037037 0.21510416666666668 0.8537037037037037
2 0.21770833333333334 0.46111111111111114 0.2640625 0.46111111111111114 0.2640625 0.6203703703703703 0.21770833333333334 0.6203703703703703
2 0.2755208333333333 0.48703703703703705 0.3140625 0.48703703703703705 0.3140625 0.6814814814814815 0.2755208333333333 0.6814814814814815
2 0.31927083333333334 0.3824074074074074 0.35260416666666666 0.3824074074074074 0.35260416666666666 0.5444444444444444 0.31927083333333334 0.5444444444444444
2 0.36614583333333334 0.40555555555555556 0.40260416666666665 0.40555555555555556 0.40260416666666665 0.5537037037037037 0.36614583333333334 0.5537037037037037
2 0.7557291666666667 0.40370370370370373 0.7973958333333333 0.40370370370370373 0.7973958333333333 0.5518518518518518 0.7557291666666667 0.5518518518518518
2 0.8989583333333333 0.5796296296296296 0.9703125 0.5796296296296296 0.9703125 0.7685185185185185 0.8989583333333333 0.7685185185185185
2 0.6265625 0.23703703703703705 0.6432291666666666 0.23703703703703705 0.6432291666666666 0.31203703703703706 0.6265625 0.31203703703703706
2 0.3489583333333333 0.2833333333333333 0.37083333333333335 0.2833333333333333 0.37083333333333335 0.3648148148148148 0.3489583333333333 0.3648148148148148
2 0.38958333333333334 0.27870370370370373 0.41041666666666665 0.27870370370370373 0.41041666666666665 0.3638888888888889 0.38958333333333334 0.3638888888888889
2 0.365625 0.23425925925925925 0.38697916666666665 0.23425925925925925 0.38697916666666665 0.3138888888888889 0.365625 0.3138888888888889
2 0.4010416666666667 0.18425925925925926 0.41822916666666665 0.18425925925925926 0.41822916666666665 0.24351851851851852 0.4010416666666667 0.24351851851851852
2 0.4041666666666667 0.1175925925925926 0.4109375 0.1175925925925926 0.4109375 0.1537037037037037 0.4041666666666667 0.1537037037037037
2 0.4171875 0.20092592592592592 0.42916666666666664 0.20092592592592592 0.42916666666666664 0.26851851851851855 0.4171875 0.26851851851851855
2 0.43020833333333336 0.1648148148148148 0.4395833333333333 0.1648148148148148 0.4395833333333333 0.21296296296296297 0.43020833333333336 0.21296296296296297
2 0.4192708333333333 0.13796296296296295 0.43333333333333335 0.13796296296296295 0.43333333333333335 0.20185185185185187 0.4192708333333333 0.20185185185185187
2 0.46041666666666664 0.16574074074074074 0.47760416666666666 0.16574074074074074 0.47760416666666666 0.2175925925925926 0.46041666666666664 0.2175925925925926
2 0.4473958333333333 0.16018518518518518 0.45677083333333335 0.16018518518518518 0.45677083333333335 0.19907407407407407 0.4473958333333333 0.19907407407407407
2 0.4432291666666667 0.13518518518518519 0.4515625 0.13518518518518519 0.4515625 0.16574074074074074 0.4432291666666667 0.16574074074074074
2 0.4505208333333333 0.125 0.4609375 0.125 0.4609375 0.1648148148148148 0.4505208333333333 0.1648148148148148
2 0.5078125 0.18888888888888888 0.5307291666666667 0.18888888888888888 0.5307291666666667 0.24444444444444444 0.5078125 0.24444444444444444
2 0.5651041666666666 0.13703703703703704 0.5744791666666667 0.13703703703703704 0.5744791666666667 0.175 0.5651041666666666 0.175
2 0.5838541666666667 0.13518518518518519 0.5963541666666666 0.13518518518518519 0.5963541666666666 0.175 0.5838541666666667 0.175
1 0.5291666666666667 0.12962962962962962 0.5520833333333334 0.12962962962962962 0.5520833333333334 0.17037037037037037 0.5291666666666667 0.17037037037037037
2 0.4625 0.12037037037037036 0.4708333333333333 0.12037037037037036 0.4708333333333333 0.16018518518518518 0.4625 0.16018518518518518