1 0.14375 0.31574074074074077 0.2713541666666667 0.31574074074074077 0.2713541666666667 0.48703703703703705 0.14375 0.48703703703703705
1 0.31666666666666665 0.17962962962962964 0.38385416666666666 0.17962962962962964 0.38385416666666666 0.2388888888888889 0.31666666666666665 0.2388888888888889
2 0.7854166666666667 0.4527777777777778 0.8385416666666666 0.4527777777777778 0.8385416666666666 0.5981481481481481 0.7854166666666667 0.5981481481481481
2 0.42083333333333334 0.26296296296296295 0.4453125 0.26296296296296295 0.4453125 0.3333333333333333 0.42083333333333334 0.3333333333333333
2 0.6807291666666667 0.29259259259259257 0.7119791666666667 0.29259259259259257 0.7119791666666667 0.3768518518518518 0.6807291666666667 0.3768518518518518
2 0.4479166666666667 0.2 0.471875 0.2 0.471875 0.2675925925925926 0.4479166666666667 0.2675925925925926
2 0.3854166666666667 0.2351851851851852 0.41041666666666665 0.2351851851851852 0.41041666666666665 0.30462962962962964 0.3854166666666667 0.30462962962962964
2 0.6385416666666667 0.23055555555555557 0.6619791666666667 0.23055555555555557 0.6619791666666667 0.2898148148148148 0.6385416666666667 0.2898148148148148
2 0.6421875 0.29444444444444445 0.6708333333333333 0.29444444444444445 0.6708333333333333 0.3814814814814815 0.6421875 0.3814814814814815
2 0.5859375 0.18703703703703703 0.6046875 0.18703703703703703 0.6046875 0.23425925925925925 0.5859375 0.23425925925925925
2 0.37864583333333335 0.3675925925925926 0.4192708333333333 0.3675925925925926 0.4192708333333333 0.5018518518518519 0.37864583333333335 0.5018518518518519
2 0.5552083333333333 0.13425925925925927 0.5770833333333333 0.13425925925925927 0.5770833333333333 0.18055555555555555 0.5552083333333333 0.18055555555555555
2 0.48333333333333334 0.14537037037037037 0.4984375 0.14537037037037037 0.4984375 0.18703703703703703 0.48333333333333334 0.18703703703703703
2 0.4390625 0.3537037037037037 0.4739583333333333 0.3537037037037037 0.4739583333333333 0.49444444444444446 0.4390625 0.49444444444444446
2 0.4234375 0.2064814814814815 0.446875 0.2064814814814815 0.446875 0.262037037037037 0.4234375 0.262037037037037
2 0.4317708333333333 0.1388888888888889 0.44635416666666666 0.1388888888888889 0.44635416666666666 0.17777777777777778 0.4317708333333333 0.17777777777777778
2 0.5958333333333333 0.15833333333333333 0.6140625 0.15833333333333333 0.6140625 0.20277777777777778 0.5958333333333333 0.20277777777777778
2 0.18958333333333333 0.7314814814814815 0.27395833333333336 0.7314814814814815 0.27395833333333336 0.9490740740740741 0.18958333333333333 0.9490740740740741