1 0.3848958333333333 0.3731481481481482 0.46979166666666666 0.3731481481481482 0.46979166666666666 0.5425925925925926 0.3848958333333333 0.5425925925925926
1 0.1390625 0.32314814814814813 0.26979166666666665 0.32314814814814813 0.26979166666666665 0.5027777777777778 0.1390625 0.5027777777777778
1 0.3302083333333333 0.1814814814814815 0.3880208333333333 0.1814814814814815 0.3880208333333333 0.24444444444444444 0.3302083333333333 0.24444444444444444
1 0.5494791666666666 0.13240740740740742 0.5828125 0.13240740740740742 0.5828125 0.1824074074074074 0.5494791666666666 0.1824074074074074
1 0.6604166666666667 0.12962962962962962 0.7098958333333333 0.12962962962962962 0.7098958333333333 0.18055555555555555 0.6604166666666667 0.18055555555555555
2 0.7567708333333333 0.49537037037037035 0.8161458333333333 0.49537037037037035 0.8161458333333333 0.6611111111111111 0.7567708333333333 0.6611111111111111
2 0.2515625 0.5879629629629629 0.29635416666666664 0.5879629629629629 0.29635416666666664 0.7777777777777778 0.2515625 0.7777777777777778
2 0.23333333333333334 0.475 0.2578125 0.475 0.2578125 0.6277777777777778 0.23333333333333334 0.6277777777777778
2 0.31302083333333336 0.3314814814814815 0.3411458333333333 0.3314814814814815 0.3411458333333333 0.42685185185185187 0.31302083333333336 0.42685185185185187
2 0.6979166666666666 0.3101851851851852 0.7427083333333333 0.3101851851851852 0.7427083333333333 0.4009259259259259 0.6979166666666666 0.4009259259259259
2 0.36614583333333334 0.32407407407407407 0.3932291666666667 0.32407407407407407 0.3932291666666667 0.4222222222222222 0.36614583333333334 0.4222222222222222
2 0.36666666666666664 0.2324074074074074 0.3958333333333333 0.2324074074074074 0.3958333333333333 0.3074074074074074 0.36666666666666664 0.3074074074074074
2 0.41510416666666666 0.20833333333333334 0.43072916666666666 0.20833333333333334 0.43072916666666666 0.2833333333333333 0.41510416666666666 0.2833333333333333
2 0.44427083333333334 0.23981481481481481 0.45729166666666665 0.23981481481481481 0.45729166666666665 0.3074074074074074 0.44427083333333334 0.3074074074074074
2 0.44375 0.2074074074074074 0.45416666666666666 0.2074074074074074 0.45416666666666666 0.25833333333333336 0.44375 0.25833333333333336
2 0.39791666666666664 0.17962962962962964 0.42239583333333336 0.17962962962962964 0.42239583333333336 0.2462962962962963 0.39791666666666664 0.2462962962962963
2 0.6604166666666667 0.2324074074074074 0.6822916666666666 0.2324074074074074 0.6822916666666666 0.30462962962962964 0.6604166666666667 0.30462962962962964
2 0.5333333333333333 0.1787037037037037 0.578125 0.1787037037037037 0.578125 0.24166666666666667 0.5333333333333333 0.24166666666666667
2 0.5994791666666667 0.14166666666666666 0.6135416666666667 0.14166666666666666 0.6135416666666667 0.19537037037037036 0.5994791666666667 0.19537037037037036
2 0.49114583333333334 0.13055555555555556 0.5041666666666667 0.13055555555555556 0.5041666666666667 0.17222222222222222 0.49114583333333334 0.17222222222222222
2 0.4901041666666667 0.11388888888888889 0.5010416666666667 0.11388888888888889 0.5010416666666667 0.14351851851851852 0.4901041666666667 0.14351851851851852
2 0.4703125 0.1388888888888889 0.48385416666666664 0.1388888888888889 0.48385416666666664 0.18611111111111112 0.4703125 0.18611111111111112
2 0.453125 0.1574074074074074 0.4703125 0.1574074074074074 0.4703125 0.20185185185185187 0.453125 0.20185185185185187
2 0.43125 0.15925925925925927 0.4432291666666667 0.15925925925925927 0.4432291666666667 0.19907407407407407 0.43125 0.19907407407407407
2 0.4375 0.13425925925925927 0.44947916666666665 0.13425925925925927 0.44947916666666665 0.16944444444444445 0.4375 0.16944444444444445
2 0.4041666666666667 0.13148148148148148 0.415625 0.13148148148148148 0.415625 0.16111111111111112 0.4041666666666667 0.16111111111111112
2 0.4588541666666667 0.1175925925925926 0.465625 0.1175925925925926 0.465625 0.15092592592592594 0.4588541666666667 0.15092592592592594