1 0.13958333333333334 0.30648148148148147 0.2671875 0.30648148148148147 0.2671875 0.4861111111111111 0.13958333333333334 0.4861111111111111
1 0.6276041666666666 0.3296296296296296 0.7411458333333333 0.3296296296296296 0.7411458333333333 0.46574074074074073 0.6276041666666666 0.46574074074074073
2 0.7385416666666667 0.5574074074074075 0.7916666666666666 0.5574074074074075 0.7916666666666666 0.7277777777777777 0.7385416666666667 0.7277777777777777
2 0.16041666666666668 0.5222222222222223 0.2109375 0.5222222222222223 0.2109375 0.6712962962962963 0.16041666666666668 0.6712962962962963
0 0.31666666666666665 0.16111111111111112 0.4192708333333333 0.16111111111111112 0.4192708333333333 0.36018518518518516 0.31666666666666665 0.36018518518518516
2 0.10729166666666666 0.712037037037037 0.178125 0.712037037037037 0.178125 0.9537037037037037 0.10729166666666666 0.9537037037037037
2 0.8364583333333333 0.5611111111111111 0.8984375 0.5611111111111111 0.8984375 0.7194444444444444 0.8364583333333333 0.7194444444444444
2 0.009375 0.5416666666666666 0.08645833333333333 0.5416666666666666 0.08645833333333333 0.7175925925925926 0.009375 0.7175925925925926
2 0.9427083333333334 0.6425925925925926 1 0.6425925925925926 1 0.8240740740740741 0.9427083333333334 0.8240740740740741
1 0.5661458333333333 0.11666666666666667 0.6041666666666666 0.11666666666666667 0.6041666666666666 0.16111111111111112 0.5661458333333333 0.16111111111111112
2 0.5463541666666667 0.13703703703703704 0.5635416666666667 0.13703703703703704 0.5635416666666667 0.1814814814814815 0.5463541666666667 0.1814814814814815
2 0.34479166666666666 0.4222222222222222 0.38229166666666664 0.4222222222222222 0.38229166666666664 0.5537037037037037 0.34479166666666666 0.5537037037037037
1 0.4588541666666667 0.1259259259259259 0.4942708333333333 0.1259259259259259 0.4942708333333333 0.17777777777777778 0.4588541666666667 0.17777777777777778
2 0.771875 0.41388888888888886 0.8109375 0.41388888888888886 0.8109375 0.5185185185185185 0.771875 0.5185185185185185
2 0.3671875 0.33055555555555555 0.39895833333333336 0.33055555555555555 0.39895833333333336 0.4222222222222222 0.3671875 0.4222222222222222
2 0.6135416666666667 0.22962962962962963 0.6380208333333334 0.22962962962962963 0.6380208333333334 0.3 0.6135416666666667 0.3
2 0.171875 0.8092592592592592 0.253125 0.8092592592592592 0.253125 0.9953703703703703 0.171875 0.9953703703703703
2 0.4322916666666667 0.2972222222222222 0.4625 0.2972222222222222 0.4625 0.3925925925925926 0.4322916666666667 0.3925925925925926
1 0.5307291666666667 0.09722222222222222 0.5578125 0.09722222222222222 0.5578125 0.13425925925925927 0.5307291666666667 0.13425925925925927
2 0.44635416666666666 0.2222222222222222 0.4708333333333333 0.2222222222222222 0.4708333333333333 0.29444444444444445 0.44635416666666666 0.29444444444444445
2 0.49895833333333334 0.16018518518518518 0.5244791666666667 0.16018518518518518 0.5244791666666667 0.21388888888888888 0.49895833333333334 0.21388888888888888
2 0.6255208333333333 0.14629629629629629 0.6458333333333334 0.14629629629629629 0.6458333333333334 0.18425925925925926 0.6255208333333333 0.18425925925925926
2 0.45208333333333334 0.19907407407407407 0.47291666666666665 0.19907407407407407 0.47291666666666665 0.2388888888888889 0.45208333333333334 0.2388888888888889
2 0.6098958333333333 0.3861111111111111 0.6458333333333334 0.3861111111111111 0.6458333333333334 0.525 0.6098958333333333 0.525