1 0.14791666666666667 0.3175925925925926 0.2703125 0.3175925925925926 0.2703125 0.4935185185185185 0.14791666666666667 0.4935185185185185
1 0.40989583333333335 0.2814814814814815 0.4744791666666667 0.2814814814814815 0.4744791666666667 0.3888888888888889 0.40989583333333335 0.3888888888888889
1 0.321875 0.17777777777777778 0.38958333333333334 0.17777777777777778 0.38958333333333334 0.24074074074074073 0.321875 0.24074074074074073
2 0.2677083333333333 0.712037037037037 0.33177083333333335 0.712037037037037 0.33177083333333335 0.9629629629629629 0.2677083333333333 0.9629629629629629
2 0.16354166666666667 0.5527777777777778 0.2203125 0.5527777777777778 0.2203125 0.7185185185185186 0.16354166666666667 0.7185185185185186
2 0.0046875 0.837037037037037 0.10052083333333334 0.837037037037037 0.10052083333333334 1 0.0046875 1
2 0.7734375 0.3888888888888889 0.8171875 0.3888888888888889 0.8171875 0.49907407407407406 0.7734375 0.49907407407407406
2 0.3723958333333333 0.35648148148148145 0.409375 0.35648148148148145 0.409375 0.462037037037037 0.3723958333333333 0.462037037037037
2 0.8692708333333333 0.8953703703703704 0.9604166666666667 0.8953703703703704 0.9604166666666667 1 0.8692708333333333 1
2 0.32395833333333335 0.47314814814814815 0.3697916666666667 0.47314814814814815 0.3697916666666667 0.6157407407407407 0.32395833333333335 0.6157407407407407
2 0.4979166666666667 0.175 0.5192708333333333 0.175 0.5192708333333333 0.2361111111111111 0.4979166666666667 0.2361111111111111
2 0.3229166666666667 0.3333333333333333 0.3536458333333333 0.3333333333333333 0.3536458333333333 0.4212962962962963 0.3229166666666667 0.4212962962962963
2 0.6109375 0.17685185185185184 0.6317708333333333 0.17685185185185184 0.6317708333333333 0.2361111111111111 0.6109375 0.2361111111111111
2 0.628125 0.2222222222222222 0.6526041666666667 0.2222222222222222 0.6526041666666667 0.29074074074074074 0.628125 0.29074074074074074
2 0.2234375 0.43148148148148147 0.26979166666666665 0.43148148148148147 0.26979166666666665 0.5481481481481482 0.2234375 0.5481481481481482
2 0.45416666666666666 0.17222222222222222 0.471875 0.17222222222222222 0.471875 0.22314814814814815 0.45416666666666666 0.22314814814814815
2 0.3932291666666667 0.2518518518518518 0.41458333333333336 0.2518518518518518 0.41458333333333336 0.31296296296296294 0.3932291666666667 0.31296296296296294
2 0.6661458333333333 0.225 0.6885416666666667 0.225 0.6885416666666667 0.2953703703703704 0.6661458333333333 0.2953703703703704
2 0.30885416666666665 0.4009259259259259 0.33958333333333335 0.4009259259259259 0.33958333333333335 0.4759259259259259 0.30885416666666665 0.4759259259259259
2 0.47604166666666664 0.1527777777777778 0.49166666666666664 0.1527777777777778 0.49166666666666664 0.20092592592592592 0.47604166666666664 0.20092592592592592
2 0.43854166666666666 0.2064814814814815 0.4557291666666667 0.2064814814814815 0.4557291666666667 0.28055555555555556 0.43854166666666666 0.28055555555555556