1 0.4 0.9083333333333333 0.4984375 0.9083333333333333 0.4984375 1 0.4 1
1 0.31666666666666665 0.6898148148148148 0.35052083333333334 0.6898148148148148 0.35052083333333334 0.8185185185185185 0.31666666666666665 0.8185185185185185
2 0.31979166666666664 0.625 0.346875 0.625 0.346875 0.662962962962963 0.31979166666666664 0.662962962962963
2 0.4140625 0.05740740740740741 0.4708333333333333 0.05740740740740741 0.4708333333333333 0.12407407407407407 0.4140625 0.12407407407407407
2 0.3171875 0.549074074074074 0.346875 0.549074074074074 0.346875 0.5851851851851851 0.3171875 0.5851851851851851
2 0.34791666666666665 0.29074074074074074 0.37916666666666665 0.29074074074074074 0.37916666666666665 0.32592592592592595 0.34791666666666665 0.32592592592592595
2 0.3380208333333333 0.5842592592592593 0.3697916666666667 0.5842592592592593 0.3697916666666667 0.6203703703703703 0.3380208333333333 0.6203703703703703
2 0.4270833333333333 0.12685185185185185 0.4921875 0.12685185185185185 0.4921875 0.20277777777777778 0.4270833333333333 0.20277777777777778
2 0.30416666666666664 0.3648148148148148 0.334375 0.3648148148148148 0.334375 0.40370370370370373 0.30416666666666664 0.40370370370370373
2 0.290625 0.5888888888888889 0.309375 0.5888888888888889 0.309375 0.612037037037037 0.290625 0.612037037037037
2 0.3328125 0.6425925925925926 0.365625 0.6425925925925926 0.365625 0.6824074074074075 0.3328125 0.6824074074074075
2 0.2953125 0.5027777777777778 0.3182291666666667 0.5027777777777778 0.3182291666666667 0.5277777777777778 0.2953125 0.5277777777777778
2 0.3776041666666667 0.600925925925926 0.42916666666666664 0.600925925925926 0.42916666666666664 0.6601851851851852 0.3776041666666667 0.6601851851851852
2 0.3703125 0.18703703703703703 0.4119791666666667 0.18703703703703703 0.4119791666666667 0.23703703703703705 0.3703125 0.23703703703703705
2 0.31614583333333335 0.31666666666666665 0.3458333333333333 0.31666666666666665 0.3458333333333333 0.35 0.31614583333333335 0.35
2 0.3265625 0.27870370370370373 0.35520833333333335 0.27870370370370373 0.35520833333333335 0.3138888888888889 0.3265625 0.3138888888888889
2 0.36666666666666664 0.5296296296296297 0.4161458333333333 0.5296296296296297 0.4161458333333333 0.5768518518518518 0.36666666666666664 0.5768518518518518
2 0.55 0.7305555555555555 0.6729166666666667 0.7305555555555555 0.6729166666666667 0.8083333333333333 0.55 0.8083333333333333
2 0.48541666666666666 0.7592592592592593 0.5604166666666667 0.7592592592592593 0.5604166666666667 0.8212962962962963 0.48541666666666666 0.8212962962962963