1 0.14270833333333333 0.32037037037037036 0.2713541666666667 0.32037037037037036 0.2713541666666667 0.4981481481481482 0.14270833333333333 0.4981481481481482
1 0.3177083333333333 0.1787037037037037 0.3854166666666667 0.1787037037037037 0.3854166666666667 0.2388888888888889 0.3177083333333333 0.2388888888888889
2 0.790625 0.46574074074074073 0.8442708333333333 0.46574074074074073 0.8442708333333333 0.6101851851851852 0.790625 0.6101851851851852
2 0.21041666666666667 0.7055555555555556 0.2911458333333333 0.7055555555555556 0.2911458333333333 0.9138888888888889 0.21041666666666667 0.9138888888888889
2 0.6822916666666666 0.29907407407407405 0.715625 0.29907407407407405 0.715625 0.3861111111111111 0.6822916666666666 0.3861111111111111
2 0.5953125 0.16111111111111112 0.615625 0.16111111111111112 0.615625 0.20833333333333334 0.5953125 0.20833333333333334
2 0.42291666666666666 0.25833333333333336 0.4453125 0.25833333333333336 0.4453125 0.32222222222222224 0.42291666666666666 0.32222222222222224
2 0.4479166666666667 0.19814814814814816 0.47239583333333335 0.19814814814814816 0.47239583333333335 0.26481481481481484 0.4479166666666667 0.26481481481481484
2 0.6432291666666666 0.29814814814814816 0.6729166666666667 0.29814814814814816 0.6729166666666667 0.3907407407407407 0.6432291666666666 0.3907407407407407
2 0.5546875 0.1425925925925926 0.5729166666666666 0.1425925925925926 0.5729166666666666 0.18425925925925926 0.5546875 0.18425925925925926
2 0.6401041666666667 0.22777777777777777 0.6645833333333333 0.22777777777777777 0.6645833333333333 0.29074074074074074 0.6401041666666667 0.29074074074074074
2 0.5864583333333333 0.19166666666666668 0.6057291666666667 0.19166666666666668 0.6057291666666667 0.23796296296296296 0.5864583333333333 0.23796296296296296
2 0.38697916666666665 0.23148148148148148 0.4114583333333333 0.23148148148148148 0.4114583333333333 0.29907407407407405 0.38697916666666665 0.29907407407407405
2 0.38177083333333334 0.35185185185185186 0.42135416666666664 0.35185185185185186 0.42135416666666664 0.4824074074074074 0.38177083333333334 0.4824074074074074
2 0.4239583333333333 0.20277777777777778 0.4473958333333333 0.20277777777777778 0.4473958333333333 0.2601851851851852 0.4239583333333333 0.2601851851851852
2 0.44427083333333334 0.3425925925925926 0.47760416666666666 0.3425925925925926 0.47760416666666666 0.46944444444444444 0.44427083333333334 0.46944444444444444