1 0.14791666666666667 0.32592592592592595 0.2713541666666667 0.32592592592592595 0.2713541666666667 0.5027777777777778 0.14791666666666667 0.5027777777777778
1 0.334375 0.17685185185185184 0.3921875 0.17685185185185184 0.3921875 0.24074074074074073 0.334375 0.24074074074074073
1 0.47760416666666666 0.11018518518518519 0.5046875 0.11018518518518519 0.5046875 0.15185185185185185 0.47760416666666666 0.15185185185185185
1 0.6369791666666667 0.12222222222222222 0.6911458333333333 0.12222222222222222 0.6911458333333333 0.1675925925925926 0.6369791666666667 0.1675925925925926
2 0 0.7268518518518519 0.0921875 0.7268518518518519 0.0921875 0.9842592592592593 0 0.9842592592592593
2 0.20364583333333333 0.7712962962962963 0.2734375 0.7712962962962963 0.2734375 1 0.20364583333333333 1
2 0.20520833333333333 0.48148148148148145 0.25364583333333335 0.48148148148148145 0.25364583333333335 0.6564814814814814 0.20520833333333333 0.6564814814814814
2 0.29583333333333334 0.47685185185185186 0.3307291666666667 0.47685185185185186 0.3307291666666667 0.6148148148148148 0.29583333333333334 0.6148148148148148
2 0.2984375 0.35833333333333334 0.3375 0.35833333333333334 0.3375 0.4824074074074074 0.2984375 0.4824074074074074
2 0.3614583333333333 0.4388888888888889 0.396875 0.4388888888888889 0.396875 0.612037037037037 0.3614583333333333 0.612037037037037
2 0.3729166666666667 0.3 0.4046875 0.3 0.4046875 0.39166666666666666 0.3729166666666667 0.39166666666666666
2 0.3848958333333333 0.2564814814814815 0.4005208333333333 0.2564814814814815 0.4005208333333333 0.3148148148148148 0.3848958333333333 0.3148148148148148
2 0.4125 0.2462962962962963 0.43125 0.2462962962962963 0.43125 0.325 0.4125 0.325
2 0.4479166666666667 0.2675925925925926 0.4666666666666667 0.2675925925925926 0.4666666666666667 0.34444444444444444 0.4479166666666667 0.34444444444444444
2 0.44427083333333334 0.2361111111111111 0.4609375 0.2361111111111111 0.4609375 0.2898148148148148 0.44427083333333334 0.2898148148148148
2 0.4005208333333333 0.2074074074074074 0.41302083333333334 0.2074074074074074 0.41302083333333334 0.2574074074074074 0.4005208333333333 0.2574074074074074
2 0.39427083333333335 0.18518518518518517 0.4046875 0.18518518518518517 0.4046875 0.22870370370370371 0.39427083333333335 0.22870370370370371
2 0.4015625 0.16296296296296298 0.4114583333333333 0.16296296296296298 0.4114583333333333 0.20277777777777778 0.4015625 0.20277777777777778
2 0.44166666666666665 0.1962962962962963 0.4510416666666667 0.1962962962962963 0.4510416666666667 0.25092592592592594 0.44166666666666665 0.25092592592592594
2 0.48125 0.19166666666666668 0.49166666666666664 0.19166666666666668 0.49166666666666664 0.24537037037037038 0.48125 0.24537037037037038
2 0.47708333333333336 0.1537037037037037 0.4875 0.1537037037037037 0.4875 0.1925925925925926 0.47708333333333336 0.1925925925925926
2 0.46197916666666666 0.15555555555555556 0.4703125 0.15555555555555556 0.4703125 0.20185185185185187 0.46197916666666666 0.20185185185185187
2 0.4473958333333333 0.1648148148148148 0.4557291666666667 0.1648148148148148 0.4557291666666667 0.20833333333333334 0.4473958333333333 0.20833333333333334
2 0.42916666666666664 0.15925925925925927 0.4375 0.15925925925925927 0.4375 0.1925925925925926 0.42916666666666664 0.1925925925925926
2 0.41302083333333334 0.15648148148148147 0.4239583333333333 0.15648148148148147 0.4239583333333333 0.20185185185185187 0.41302083333333334 0.20185185185185187
2 0.44479166666666664 0.13333333333333333 0.4557291666666667 0.13333333333333333 0.4557291666666667 0.1685185185185185 0.44479166666666664 0.1685185185185185
2 0.5828125 0.1574074074074074 0.6 0.1574074074074074 0.6 0.2101851851851852 0.5828125 0.2101851851851852
2 0.6052083333333333 0.13703703703703704 0.6177083333333333 0.13703703703703704 0.6177083333333333 0.17777777777777778 0.6052083333333333 0.17777777777777778
2 0.6072916666666667 0.16574074074074074 0.6239583333333333 0.16574074074074074 0.6239583333333333 0.21666666666666667 0.6072916666666667 0.21666666666666667
2 0.625 0.21203703703703702 0.6432291666666666 0.21203703703703702 0.6432291666666666 0.287962962962963 0.625 0.287962962962963
2 0.46458333333333335 0.13055555555555556 0.4744791666666667 0.13055555555555556 0.4744791666666667 0.1675925925925926 0.46458333333333335 0.1675925925925926