1 0.14479166666666668 0.3138888888888889 0.2708333333333333 0.3138888888888889 0.2708333333333333 0.487962962962963 0.14479166666666668 0.487962962962963
1 0.3260416666666667 0.17222222222222222 0.39375 0.17222222222222222 0.39375 0.2361111111111111 0.3260416666666667 0.2361111111111111
2 0.8317708333333333 0.7712962962962963 0.9192708333333334 0.7712962962962963 0.9192708333333334 0.9972222222222222 0.8317708333333333 0.9972222222222222
2 0.7020833333333333 0.4111111111111111 0.7416666666666667 0.4111111111111111 0.7416666666666667 0.5287037037037037 0.7020833333333333 0.5287037037037037
2 0.4046875 0.3101851851851852 0.440625 0.3101851851851852 0.440625 0.4166666666666667 0.4046875 0.4166666666666667
2 0.8192708333333333 0.5444444444444444 0.8791666666666667 0.5444444444444444 0.8791666666666667 0.6944444444444444 0.8192708333333333 0.6944444444444444
2 0.33645833333333336 0.3768518518518518 0.37447916666666664 0.3768518518518518 0.37447916666666664 0.49907407407407406 0.33645833333333336 0.49907407407407406
2 0.5859375 0.2490740740740741 0.6119791666666666 0.2490740740740741 0.6119791666666666 0.3296296296296296 0.5859375 0.3296296296296296
2 0.2265625 0.5416666666666666 0.275 0.5416666666666666 0.275 0.6944444444444444 0.2265625 0.6944444444444444
2 0.109375 0.9037037037037037 0.18072916666666666 0.9037037037037037 0.18072916666666666 1 0.109375 1
2 0.6442708333333333 0.18425925925925926 0.6671875 0.18425925925925926 0.6671875 0.24722222222222223 0.6442708333333333 0.24722222222222223
2 0.6020833333333333 0.17222222222222222 0.6260416666666667 0.17222222222222222 0.6260416666666667 0.22314814814814815 0.6020833333333333 0.22314814814814815
2 0.5015625 0.16203703703703703 0.5296875 0.16203703703703703 0.5296875 0.22685185185185186 0.5015625 0.22685185185185186
2 0.6348958333333333 0.26481481481481484 0.659375 0.26481481481481484 0.659375 0.34444444444444444 0.6348958333333333 0.34444444444444444
2 0.6265625 0.35555555555555557 0.6625 0.35555555555555557 0.6625 0.4564814814814815 0.6265625 0.4564814814814815
2 0.5552083333333333 0.19166666666666668 0.5833333333333334 0.19166666666666668 0.5833333333333334 0.2611111111111111 0.5552083333333333 0.2611111111111111
2 0.5875 0.1361111111111111 0.6015625 0.1361111111111111 0.6015625 0.17407407407407408 0.5875 0.17407407407407408
2 0.3859375 0.27685185185185185 0.409375 0.27685185185185185 0.409375 0.3787037037037037 0.3859375 0.3787037037037037
2 0.4395833333333333 0.17314814814814813 0.4546875 0.17314814814814813 0.4546875 0.25092592592592594 0.4395833333333333 0.25092592592592594
2 0.46510416666666665 0.1574074074074074 0.4822916666666667 0.1574074074074074 0.4822916666666667 0.22314814814814815 0.46510416666666665 0.22314814814814815
2 0.42135416666666664 0.14814814814814814 0.4354166666666667 0.14814814814814814 0.4354166666666667 0.21388888888888888 0.42135416666666664 0.21388888888888888