1 0.40260416666666665 0.912962962962963 0.5015625 0.912962962962963 0.5015625 1 0.40260416666666665 1
1 0.29791666666666666 0.5083333333333333 0.3265625 0.5083333333333333 0.3265625 0.5638888888888889 0.29791666666666666 0.5638888888888889
1 0.3182291666666667 0.7055555555555556 0.35260416666666666 0.7055555555555556 0.35260416666666666 0.7925925925925926 0.3182291666666667 0.7925925925925926
2 0.5697916666666667 0.9657407407407408 0.7234375 0.9657407407407408 0.7234375 1 0.5697916666666667 1
2 0.5885416666666666 0.712037037037037 0.7421875 0.712037037037037 0.7421875 0.8296296296296296 0.5885416666666666 0.8296296296296296
2 0.4510416666666667 0.8398148148148148 0.5369791666666667 0.8398148148148148 0.5369791666666667 0.9092592592592592 0.4510416666666667 0.9092592592592592
2 0.4739583333333333 0.762962962962963 0.5682291666666667 0.762962962962963 0.5682291666666667 0.837037037037037 0.4739583333333333 0.837037037037037
2 0.48489583333333336 0.6703703703703704 0.571875 0.6703703703703704 0.571875 0.7333333333333333 0.48489583333333336 0.7333333333333333
2 0.521875 0 0.6276041666666666 0 0.6276041666666666 0.08888888888888889 0.521875 0.08888888888888889
2 0.41354166666666664 0.7842592592592592 0.4703125 0.7842592592592592 0.4703125 0.8416666666666667 0.41354166666666664 0.8416666666666667
2 0.3765625 0.7666666666666667 0.42864583333333334 0.7666666666666667 0.42864583333333334 0.8 0.3765625 0.8
2 0.40260416666666665 0.675 0.4630208333333333 0.675 0.4630208333333333 0.7148148148148148 0.40260416666666665 0.7148148148148148
2 0.4197916666666667 0.5703703703703704 0.4875 0.5703703703703704 0.4875 0.6101851851851852 0.4197916666666667 0.6101851851851852
2 0.3546875 0.575925925925926 0.4010416666666667 0.575925925925926 0.4010416666666667 0.6055555555555555 0.3546875 0.6055555555555555
2 0.34427083333333336 0.5555555555555556 0.38333333333333336 0.5555555555555556 0.38333333333333336 0.5787037037037037 0.34427083333333336 0.5787037037037037
2 0.35520833333333335 0.6518518518518519 0.3963541666666667 0.6518518518518519 0.3963541666666667 0.6824074074074075 0.35520833333333335 0.6824074074074075
2 0.33177083333333335 0.7 0.371875 0.7 0.371875 0.7231481481481481 0.33177083333333335 0.7231481481481481
2 0.3255208333333333 0.6351851851851852 0.3614583333333333 0.6351851851851852 0.3614583333333333 0.6546296296296297 0.3255208333333333 0.6546296296296297
2 0.3182291666666667 0.5944444444444444 0.346875 0.5944444444444444 0.346875 0.6185185185185185 0.3182291666666667 0.6185185185185185
2 0.32135416666666666 0.549074074074074 0.35104166666666664 0.549074074074074 0.35104166666666664 0.5712962962962963 0.32135416666666666 0.5712962962962963
2 0.30625 0.6175925925925926 0.34010416666666665 0.6175925925925926 0.34010416666666665 0.6370370370370371 0.30625 0.6370370370370371
2 0.296875 0.5805555555555556 0.3260416666666667 0.5805555555555556 0.3260416666666667 0.5953703703703703 0.296875 0.5953703703703703
2 0.28854166666666664 0.562037037037037 0.31354166666666666 0.562037037037037 0.31354166666666666 0.5740740740740741 0.28854166666666664 0.5740740740740741
2 0.2833333333333333 0.5407407407407407 0.3020833333333333 0.5407407407407407 0.3020833333333333 0.5537037037037037 0.2833333333333333 0.5537037037037037
2 0.28802083333333334 0.487962962962963 0.3140625 0.487962962962963 0.3140625 0.5046296296296297 0.28802083333333334 0.5046296296296297
2 0.28125 0.6111111111111112 0.303125 0.6111111111111112 0.303125 0.6222222222222222 0.28125 0.6222222222222222
2 0.28125 0.5861111111111111 0.2989583333333333 0.5861111111111111 0.2989583333333333 0.5935185185185186 0.28125 0.5935185185185186
2 0.28802083333333334 0.5953703703703703 0.31354166666666666 0.5953703703703703 0.31354166666666666 0.6092592592592593 0.28802083333333334 0.6092592592592593
2 0.31302083333333336 0.30185185185185187 0.34427083333333336 0.30185185185185187 0.34427083333333336 0.32685185185185184 0.31302083333333336 0.32685185185185184
2 0.2994791666666667 0.30185185185185187 0.31979166666666664 0.30185185185185187 0.31979166666666664 0.32222222222222224 0.2994791666666667 0.32222222222222224
2 0.30052083333333335 0.25462962962962965 0.321875 0.25462962962962965 0.321875 0.2759259259259259 0.30052083333333335 0.2759259259259259
2 0.3072916666666667 0.24351851851851852 0.33645833333333336 0.24351851851851852 0.33645833333333336 0.26481481481481484 0.3072916666666667 0.26481481481481484
1 0.28229166666666666 0.25277777777777777 0.3046875 0.25277777777777777 0.3046875 0.3296296296296296 0.28229166666666666 0.3296296296296296