1 0.4817708333333333 0 0.58125 0 0.58125 0.06296296296296296 0.4817708333333333 0.06296296296296296
1 0.4375 0.6175925925925926 0.5359375 0.6175925925925926 0.5359375 0.812037037037037 0.4375 0.812037037037037
1 0.45260416666666664 0.23055555555555557 0.5427083333333333 0.23055555555555557 0.5427083333333333 0.39166666666666666 0.45260416666666664 0.39166666666666666
1 0.6260416666666667 0.5592592592592592 0.6609375 0.5592592592592592 0.6609375 0.6231481481481481 0.6260416666666667 0.6231481481481481
1 0.6276041666666666 0.17407407407407408 0.6640625 0.17407407407407408 0.6640625 0.2611111111111111 0.6276041666666666 0.2611111111111111
1 0.6677083333333333 0.7462962962962963 0.6895833333333333 0.7462962962962963 0.6895833333333333 0.8361111111111111 0.6677083333333333 0.8361111111111111
1 0.6609375 0.4009259259259259 0.6911458333333333 0.4009259259259259 0.6911458333333333 0.4583333333333333 0.6609375 0.4583333333333333
2 0.42239583333333336 0.05462962962962963 0.484375 0.05462962962962963 0.484375 0.13425925925925927 0.42239583333333336 0.13425925925925927
2 0.36770833333333336 0.3388888888888889 0.4765625 0.3388888888888889 0.4765625 0.4111111111111111 0.36770833333333336 0.4111111111111111
2 0.5671875 0.675 0.6260416666666667 0.675 0.6260416666666667 0.7157407407407408 0.5671875 0.7157407407407408
2 0.5984375 0.7305555555555555 0.6442708333333333 0.7305555555555555 0.6442708333333333 0.7518518518518519 0.5984375 0.7518518518518519
2 0.625 0.7046296296296296 0.6625 0.7046296296296296 0.6625 0.7314814814814815 0.625 0.7314814814814815
2 0.6458333333333334 0.6296296296296297 0.678125 0.6296296296296297 0.678125 0.662962962962963 0.6458333333333334 0.662962962962963
2 0.6515625 0.649074074074074 0.6822916666666666 0.649074074074074 0.6822916666666666 0.6805555555555556 0.6515625 0.6805555555555556
2 0.6421875 0.4638888888888889 0.6677083333333333 0.4638888888888889 0.6677083333333333 0.48518518518518516 0.6421875 0.48518518518518516
2 0.6317708333333333 0.48333333333333334 0.6640625 0.48333333333333334 0.6640625 0.5212962962962963 0.6317708333333333 0.5212962962962963
2 0.5744791666666667 0.36944444444444446 0.6239583333333333 0.36944444444444446 0.6239583333333333 0.40185185185185185 0.5744791666666667 0.40185185185185185
2 0.5927083333333333 0.41944444444444445 0.6432291666666666 0.41944444444444445 0.6432291666666666 0.45555555555555555 0.5927083333333333 0.45555555555555555
2 0.553125 0.2611111111111111 0.6036458333333333 0.2611111111111111 0.6036458333333333 0.28703703703703703 0.553125 0.28703703703703703
2 0.5114583333333333 0.2212962962962963 0.5765625 0.2212962962962963 0.5765625 0.25462962962962965 0.5114583333333333 0.25462962962962965
2 0.5375 0.1574074074074074 0.5953125 0.1574074074074074 0.5953125 0.2037037037037037 0.5375 0.2037037037037037
2 0.5635416666666667 0.17222222222222222 0.6145833333333334 0.17222222222222222 0.6145833333333334 0.22037037037037038 0.5635416666666667 0.22037037037037038
2 0.6192708333333333 0.24444444444444444 0.6515625 0.24444444444444444 0.6515625 0.26944444444444443 0.6192708333333333 0.26944444444444443
2 0.5828125 0.225 0.6213541666666667 0.225 0.6213541666666667 0.262037037037037 0.5828125 0.262037037037037
2 0.5875 0.2833333333333333 0.6354166666666666 0.2833333333333333 0.6354166666666666 0.3212962962962963 0.5875 0.3212962962962963
2 0.6046875 0.2537037037037037 0.6458333333333334 0.2537037037037037 0.6458333333333334 0.2898148148148148 0.6046875 0.2898148148148148
2 0.5875 0.33611111111111114 0.6307291666666667 0.33611111111111114 0.6307291666666667 0.3611111111111111 0.5875 0.3611111111111111
2 0.6125 0.3194444444444444 0.6463541666666667 0.3194444444444444 0.6463541666666667 0.35555555555555557 0.6125 0.35555555555555557
2 0.6338541666666667 0.36666666666666664 0.6630208333333333 0.36666666666666664 0.6630208333333333 0.3990740740740741 0.6338541666666667 0.3990740740740741
2 0.63125 0.32222222222222224 0.6619791666666667 0.32222222222222224 0.6619791666666667 0.35462962962962963 0.63125 0.35462962962962963
2 0.6484375 0.35185185185185186 0.6744791666666666 0.35185185185185186 0.6744791666666666 0.3712962962962963 0.6484375 0.3712962962962963