1 0.13541666666666666 0.34444444444444444 0.25885416666666666 0.34444444444444444 0.25885416666666666 0.5231481481481481 0.13541666666666666 0.5231481481481481
1 0.5526041666666667 0.2324074074074074 0.6052083333333333 0.2324074074074074 0.6052083333333333 0.31851851851851853 0.5526041666666667 0.31851851851851853
1 0.4359375 0.2064814814814815 0.47760416666666666 0.2064814814814815 0.47760416666666666 0.2796296296296296 0.4359375 0.2796296296296296
1 0.32447916666666665 0.19814814814814816 0.38177083333333334 0.19814814814814816 0.38177083333333334 0.2611111111111111 0.32447916666666665 0.2611111111111111
1 0.5286458333333334 0.14722222222222223 0.5583333333333333 0.14722222222222223 0.5583333333333333 0.19537037037037036 0.5286458333333334 0.19537037037037036
2 0.8692708333333333 0.6925925925925925 0.9270833333333334 0.6925925925925925 0.9270833333333334 0.8157407407407408 0.8692708333333333 0.8157407407407408
1 0.6458333333333334 0.14629629629629629 0.6973958333333333 0.14629629629629629 0.6973958333333333 0.19722222222222222 0.6458333333333334 0.19722222222222222
2 0.18333333333333332 0.5111111111111111 0.23020833333333332 0.5111111111111111 0.23020833333333332 0.6694444444444444 0.18333333333333332 0.6694444444444444
2 0.2484375 0.5824074074074074 0.3 0.5824074074074074 0.3 0.775 0.2484375 0.775
2 0.0036458333333333334 0.7703703703703704 0.0953125 0.7703703703703704 0.0953125 1 0.0036458333333333334 1
2 0.10885416666666667 0.7666666666666667 0.18072916666666666 0.7666666666666667 0.18072916666666666 1 0.10885416666666667 1
2 0.3578125 0.7194444444444444 0.38958333333333334 0.7194444444444444 0.38958333333333334 0.9555555555555556 0.3578125 0.9555555555555556
2 0.31875 0.6074074074074074 0.3776041666666667 0.6074074074074074 0.3776041666666667 0.8009259259259259 0.31875 0.8009259259259259
2 0.653125 0.3388888888888889 0.6911458333333333 0.3388888888888889 0.6911458333333333 0.43796296296296294 0.653125 0.43796296296296294
2 0.25364583333333335 0.4842592592592593 0.29270833333333335 0.4842592592592593 0.29270833333333335 0.5972222222222222 0.25364583333333335 0.5972222222222222
2 0.31302083333333336 0.44166666666666665 0.3494791666666667 0.44166666666666665 0.3494791666666667 0.5787037037037037 0.31302083333333336 0.5787037037037037
2 0.2916666666666667 0.3425925925925926 0.3072916666666667 0.3425925925925926 0.3072916666666667 0.40925925925925927 0.2916666666666667 0.40925925925925927
2 0.29322916666666665 0.3592592592592593 0.321875 0.3592592592592593 0.321875 0.462037037037037 0.29322916666666665 0.462037037037037
2 0.346875 0.3712962962962963 0.3651041666666667 0.3712962962962963 0.3651041666666667 0.46111111111111114 0.346875 0.46111111111111114
2 0.3609375 0.32407407407407407 0.3796875 0.32407407407407407 0.3796875 0.4027777777777778 0.3609375 0.4027777777777778
2 0.4005208333333333 0.32407407407407407 0.421875 0.32407407407407407 0.421875 0.41203703703703703 0.4005208333333333 0.41203703703703703
2 0.378125 0.24444444444444444 0.39114583333333336 0.24444444444444444 0.39114583333333336 0.31203703703703706 0.378125 0.31203703703703706
2 0.37916666666666665 0.20277777777777778 0.39791666666666664 0.20277777777777778 0.39791666666666664 0.262037037037037 0.37916666666666665 0.262037037037037
2 0.40729166666666666 0.22037037037037038 0.42291666666666666 0.22037037037037038 0.42291666666666666 0.28703703703703703 0.40729166666666666 0.28703703703703703
2 0.5010416666666667 0.19907407407407407 0.5192708333333333 0.19907407407407407 0.5192708333333333 0.25092592592592594 0.5010416666666667 0.25092592592592594
2 0.4041666666666667 0.1685185185185185 0.42291666666666666 0.1685185185185185 0.42291666666666666 0.21481481481481482 0.4041666666666667 0.21481481481481482
2 0.421875 0.1787037037037037 0.4375 0.1787037037037037 0.4375 0.22314814814814815 0.421875 0.22314814814814815
2 0.4359375 0.15462962962962962 0.4432291666666667 0.15462962962962962 0.4432291666666667 0.1962962962962963 0.4359375 0.1962962962962963
2 0.44479166666666664 0.14907407407407408 0.4583333333333333 0.14907407407407408 0.4583333333333333 0.18518518518518517 0.44479166666666664 0.18518518518518517
2 0.4635416666666667 0.14444444444444443 0.4744791666666667 0.14444444444444443 0.4744791666666667 0.1824074074074074 0.4635416666666667 0.1824074074074074
2 0.5729166666666666 0.1638888888888889 0.5822916666666667 0.1638888888888889 0.5822916666666667 0.2111111111111111 0.5729166666666666 0.2111111111111111
2 0.59375 0.15833333333333333 0.6057291666666667 0.15833333333333333 0.6057291666666667 0.20092592592592592 0.59375 0.20092592592592592
2 0.5848958333333333 0.13518518518518519 0.5963541666666666 0.13518518518518519 0.5963541666666666 0.17592592592592593 0.5848958333333333 0.17592592592592593