1 0.4 0.8962962962962963 0.49895833333333334 0.8962962962962963 0.49895833333333334 1 0.4 1
1 0.31666666666666665 0.6898148148148148 0.35 0.6898148148148148 0.35 0.8074074074074075 0.31666666666666665 0.8074074074074075
2 0.43385416666666665 0.8194444444444444 0.5067708333333333 0.8194444444444444 0.5067708333333333 0.912962962962963 0.43385416666666665 0.912962962962963
2 0.5703125 0.8944444444444445 0.68125 0.8944444444444445 0.68125 1 0.5703125 1
2 0.271875 0.40925925925925927 0.28854166666666664 0.40925925925925927 0.28854166666666664 0.43148148148148147 0.271875 0.43148148148148147
2 0.3265625 0.6296296296296297 0.35833333333333334 0.6296296296296297 0.35833333333333334 0.6648148148148149 0.3265625 0.6648148148148149
2 0.30833333333333335 0.5509259259259259 0.3338541666666667 0.5509259259259259 0.3338541666666667 0.5824074074074074 0.30833333333333335 0.5824074074074074
2 0.3260416666666667 0.31203703703703706 0.359375 0.31203703703703706 0.359375 0.34814814814814815 0.3260416666666667 0.34814814814814815
2 0.3609375 0.5935185185185186 0.40260416666666665 0.5935185185185186 0.40260416666666665 0.6453703703703704 0.3609375 0.6453703703703704
2 0.3854166666666667 0.1675925925925926 0.4348958333333333 0.1675925925925926 0.4348958333333333 0.2212962962962963 0.3854166666666667 0.2212962962962963
2 0.3260416666666667 0.5805555555555556 0.3546875 0.5805555555555556 0.3546875 0.6129629629629629 0.3260416666666667 0.6129629629629629
2 0.3104166666666667 0.36574074074074076 0.3421875 0.36574074074074076 0.3421875 0.4064814814814815 0.3104166666666667 0.4064814814814815
2 0.4427083333333333 0.7018518518518518 0.5067708333333333 0.7018518518518518 0.5067708333333333 0.7712962962962963 0.4427083333333333 0.7712962962962963
2 0.36354166666666665 0.2759259259259259 0.4 0.2759259259259259 0.4 0.31574074074074077 0.36354166666666665 0.31574074074074077
2 0.3234375 0.18425925925925926 0.34739583333333335 0.18425925925925926 0.34739583333333335 0.21481481481481482 0.3234375 0.21481481481481482
2 0.3484375 0.5277777777777778 0.39114583333333336 0.5277777777777778 0.39114583333333336 0.5731481481481482 0.3484375 0.5731481481481482
2 0.33645833333333336 0.26296296296296295 0.3697916666666667 0.26296296296296295 0.3697916666666667 0.3037037037037037 0.33645833333333336 0.3037037037037037
2 0.29375 0.5027777777777778 0.3151041666666667 0.5027777777777778 0.3151041666666667 0.5277777777777778 0.29375 0.5277777777777778
2 0.48489583333333336 0.6759259259259259 0.5828125 0.6759259259259259 0.5828125 0.7472222222222222 0.48489583333333336 0.7472222222222222
2 0.4395833333333333 0.007407407407407408 0.5010416666666667 0.007407407407407408 0.5010416666666667 0.08611111111111111 0.4395833333333333 0.08611111111111111
2 0.309375 0.24814814814814815 0.334375 0.24814814814814815 0.334375 0.28425925925925927 0.309375 0.28425925925925927
2 0.2760416666666667 0.3194444444444444 0.29322916666666665 0.3194444444444444 0.29322916666666665 0.3435185185185185 0.2760416666666667 0.3435185185185185
2 0.4666666666666667 0.062037037037037036 0.546875 0.062037037037037036 0.546875 0.14814814814814814 0.4666666666666667 0.14814814814814814