1 0.14583333333333334 0.32685185185185184 0.26875 0.32685185185185184 0.26875 0.5027777777777778 0.14583333333333334 0.5027777777777778
1 0.33125 0.17592592592592593 0.3890625 0.17592592592592593 0.3890625 0.24166666666666667 0.33125 0.24166666666666667
1 0.45989583333333334 0.15185185185185185 0.4947916666666667 0.15185185185185185 0.4947916666666667 0.2074074074074074 0.45989583333333334 0.2074074074074074
1 0.5958333333333333 0.11018518518518519 0.6333333333333333 0.11018518518518519 0.6333333333333333 0.14814814814814814 0.5958333333333333 0.14814814814814814
2 0.078125 0.812962962962963 0.1578125 0.812962962962963 0.1578125 1 0.078125 1
2 0.22760416666666666 0.48148148148148145 0.2682291666666667 0.48148148148148145 0.2682291666666667 0.6527777777777778 0.22760416666666666 0.6527777777777778
2 0.2604166666666667 0.5324074074074074 0.3109375 0.5324074074074074 0.3109375 0.7648148148148148 0.2604166666666667 0.7648148148148148
2 0.3260416666666667 0.5777777777777777 0.37083333333333335 0.5777777777777777 0.37083333333333335 0.7731481481481481 0.3260416666666667 0.7731481481481481
2 0.415625 0.4222222222222222 0.4390625 0.4222222222222222 0.4390625 0.5703703703703704 0.415625 0.5703703703703704
2 0.2671875 0.3925925925925926 0.30364583333333334 0.3925925925925926 0.30364583333333334 0.5157407407407407 0.2671875 0.5157407407407407
2 0.30833333333333335 0.3101851851851852 0.33229166666666665 0.3101851851851852 0.33229166666666665 0.4148148148148148 0.30833333333333335 0.4148148148148148
2 0.3536458333333333 0.38425925925925924 0.38229166666666664 0.38425925925925924 0.38229166666666664 0.5 0.3536458333333333 0.5
2 0.43020833333333336 0.2833333333333333 0.4510416666666667 0.2833333333333333 0.4510416666666667 0.3712962962962963 0.43020833333333336 0.3712962962962963
2 0.44375 0.25462962962962965 0.45989583333333334 0.25462962962962965 0.45989583333333334 0.32037037037037036 0.44375 0.32037037037037036
2 0.3859375 0.27314814814814814 0.4041666666666667 0.27314814814814814 0.4041666666666667 0.362962962962963 0.3859375 0.362962962962963
2 0.3619791666666667 0.21851851851851853 0.3828125 0.21851851851851853 0.3828125 0.2898148148148148 0.3619791666666667 0.2898148148148148
2 0.39375 0.2111111111111111 0.40625 0.2111111111111111 0.40625 0.26851851851851855 0.39375 0.26851851851851855
2 0.40572916666666664 0.20185185185185187 0.41822916666666665 0.20185185185185187 0.41822916666666665 0.26481481481481484 0.40572916666666664 0.26481481481481484
2 0.4322916666666667 0.18981481481481483 0.44375 0.18981481481481483 0.44375 0.2518518518518518 0.4322916666666667 0.2518518518518518
2 0.4557291666666667 0.1962962962962963 0.46770833333333334 0.1962962962962963 0.46770833333333334 0.26296296296296295 0.4557291666666667 0.26296296296296295
2 0.4192708333333333 0.17777777777777778 0.4296875 0.17777777777777778 0.4296875 0.225 0.4192708333333333 0.225
2 0.4390625 0.1527777777777778 0.45 0.1527777777777778 0.45 0.19814814814814816 0.4390625 0.19814814814814816
2 0.45416666666666666 0.13148148148148148 0.465625 0.13148148148148148 0.465625 0.17222222222222222 0.45416666666666666 0.17222222222222222
2 0.4703125 0.11944444444444445 0.48072916666666665 0.11944444444444445 0.48072916666666665 0.1648148148148148 0.4703125 0.1648148148148148
2 0.4953125 0.13148148148148148 0.5083333333333333 0.13148148148148148 0.5083333333333333 0.17777777777777778 0.4953125 0.17777777777777778
2 0.43072916666666666 0.12222222222222222 0.43802083333333336 0.12222222222222222 0.43802083333333336 0.15925925925925927 0.43072916666666666 0.15925925925925927
2 0.446875 0.11574074074074074 0.45260416666666664 0.11574074074074074 0.45260416666666664 0.14444444444444443 0.446875 0.14444444444444443
2 0.4588541666666667 0.10462962962962963 0.46875 0.10462962962962963 0.46875 0.14074074074074075 0.4588541666666667 0.14074074074074075
2 0.5927083333333333 0.15833333333333333 0.6057291666666667 0.15833333333333333 0.6057291666666667 0.20833333333333334 0.5927083333333333 0.20833333333333334
2 0.60625 0.1398148148148148 0.6197916666666666 0.1398148148148148 0.6197916666666666 0.18703703703703703 0.60625 0.18703703703703703
2 0.6265625 0.1527777777777778 0.6395833333333333 0.1527777777777778 0.6395833333333333 0.2064814814814815 0.6265625 0.2064814814814815
2 0.6911458333333333 0.43703703703703706 0.7348958333333333 0.43703703703703706 0.7348958333333333 0.5268518518518519 0.6911458333333333 0.5268518518518519
1 0.5947916666666667 0.5268518518518519 0.9 0.5268518518518519 0.9 1 0.5947916666666667 1