1 0.1453125 0.32037037037037036 0.26927083333333335 0.32037037037037036 0.26927083333333335 0.4981481481481482 0.1453125 0.4981481481481482
1 0.4671875 0.13333333333333333 0.49895833333333334 0.13333333333333333 0.49895833333333334 0.18055555555555555 0.4671875 0.18055555555555555
1 0.334375 0.17592592592592593 0.39114583333333336 0.17592592592592593 0.39114583333333336 0.24351851851851852 0.334375 0.24351851851851852
2 0.7765625 0.6675925925925926 0.8463541666666666 0.6675925925925926 0.8463541666666666 0.8851851851851852 0.7765625 0.8851851851851852
2 0.0953125 0.6768518518518518 0.16614583333333333 0.6768518518518518 0.16614583333333333 0.9444444444444444 0.0953125 0.9444444444444444
2 0.2296875 0.5259259259259259 0.29010416666666666 0.5259259259259259 0.29010416666666666 0.7092592592592593 0.2296875 0.7092592592592593
2 0.3494791666666667 0.5277777777777778 0.4010416666666667 0.5277777777777778 0.4010416666666667 0.7074074074074074 0.3494791666666667 0.7074074074074074
2 0.3026041666666667 0.37407407407407406 0.33645833333333336 0.37407407407407406 0.33645833333333336 0.49074074074074076 0.3026041666666667 0.49074074074074076
2 0.3390625 0.3972222222222222 0.371875 0.3972222222222222 0.371875 0.5120370370370371 0.3390625 0.5120370370370371
2 0.3958333333333333 0.4074074074074074 0.42083333333333334 0.4074074074074074 0.42083333333333334 0.5166666666666667 0.3958333333333333 0.5166666666666667
2 0.33177083333333335 0.30277777777777776 0.3625 0.30277777777777776 0.3625 0.4027777777777778 0.33177083333333335 0.4027777777777778
2 0.3385416666666667 0.2518518518518518 0.36666666666666664 0.2518518518518518 0.36666666666666664 0.3333333333333333 0.3385416666666667 0.3333333333333333
2 0.3875 0.29074074074074074 0.41354166666666664 0.29074074074074074 0.41354166666666664 0.38425925925925924 0.3875 0.38425925925925924
2 0.4484375 0.3074074074074074 0.47291666666666665 0.3074074074074074 0.47291666666666665 0.4111111111111111 0.4484375 0.4111111111111111
2 0.3953125 0.24537037037037038 0.41302083333333334 0.24537037037037038 0.41302083333333334 0.31296296296296294 0.3953125 0.31296296296296294
2 0.41302083333333334 0.22314814814814815 0.4244791666666667 0.22314814814814815 0.4244791666666667 0.2953703703703704 0.41302083333333334 0.2953703703703704
2 0.446875 0.2222222222222222 0.46041666666666664 0.2222222222222222 0.46041666666666664 0.2796296296296296 0.446875 0.2796296296296296
2 0.4630208333333333 0.20555555555555555 0.4765625 0.20555555555555555 0.4765625 0.2675925925925926 0.4630208333333333 0.2675925925925926
2 0.43854166666666666 0.16666666666666666 0.4515625 0.16666666666666666 0.4515625 0.21296296296296297 0.43854166666666666 0.21296296296296297
2 0.4609375 0.1712962962962963 0.4734375 0.1712962962962963 0.4734375 0.21666666666666667 0.4609375 0.21666666666666667
2 0.41770833333333335 0.1814814814814815 0.4276041666666667 0.1814814814814815 0.4276041666666667 0.22407407407407406 0.41770833333333335 0.22407407407407406
2 0.428125 0.15555555555555556 0.4395833333333333 0.15555555555555556 0.4395833333333333 0.2037037037037037 0.428125 0.2037037037037037
2 0.44947916666666665 0.13518518518518519 0.459375 0.13518518518518519 0.459375 0.17777777777777778 0.44947916666666665 0.17777777777777778
2 0.4588541666666667 0.11944444444444445 0.465625 0.11944444444444445 0.465625 0.16018518518518518 0.4588541666666667 0.16018518518518518
2 0.44166666666666665 0.12037037037037036 0.4479166666666667 0.12037037037037036 0.4479166666666667 0.16018518518518518 0.44166666666666665 0.16018518518518518
2 0.43125 0.11018518518518519 0.44166666666666665 0.11018518518518519 0.44166666666666665 0.14444444444444443 0.43125 0.14444444444444443
2 0.4473958333333333 0.10648148148148148 0.45416666666666666 0.10648148148148148 0.45416666666666666 0.13425925925925927 0.4473958333333333 0.13425925925925927
2 0.471875 0.11018518518518519 0.4796875 0.11018518518518519 0.4796875 0.14351851851851852 0.471875 0.14351851851851852
2 0.496875 0.11574074074074074 0.5072916666666667 0.11574074074074074 0.5072916666666667 0.16111111111111112 0.496875 0.16111111111111112
2 0.578125 0.10740740740740741 0.5890625 0.10740740740740741 0.5890625 0.14907407407407408 0.578125 0.14907407407407408
2 0.5947916666666667 0.14814814814814814 0.6057291666666667 0.14814814814814814 0.6057291666666667 0.1935185185185185 0.5947916666666667 0.1935185185185185
2 0.6041666666666666 0.1648148148148148 0.6140625 0.1648148148148148 0.6140625 0.23055555555555557 0.6041666666666666 0.23055555555555557
2 0.6203125 0.14814814814814814 0.6317708333333333 0.14814814814814814 0.6317708333333333 0.1935185185185185 0.6203125 0.1935185185185185
2 0.6328125 0.16203703703703703 0.6473958333333333 0.16203703703703703 0.6473958333333333 0.21574074074074073 0.6328125 0.21574074074074073
1 0.6026041666666667 0.11944444444444445 0.6458333333333334 0.11944444444444445 0.6458333333333334 0.15462962962962962 0.6026041666666667 0.15462962962962962