1 0.3880208333333333 0.3277777777777778 0.46927083333333336 0.3277777777777778 0.46927083333333336 0.45740740740740743 0.3880208333333333 0.45740740740740743
1 0.1484375 0.3175925925925926 0.271875 0.3175925925925926 0.271875 0.49074074074074076 0.1484375 0.49074074074074076
2 0.03125 0.7509259259259259 0.10833333333333334 0.7509259259259259 0.10833333333333334 1 0.03125 1
2 0.75625 0.575 0.8151041666666666 0.575 0.8151041666666666 0.7462962962962963 0.75625 0.7462962962962963
1 0.3203125 0.17685185185185184 0.3875 0.17685185185185184 0.3875 0.23981481481481481 0.3203125 0.23981481481481481
2 0.23385416666666667 0.6333333333333333 0.3 0.6333333333333333 0.3 0.8296296296296296 0.23385416666666667 0.8296296296296296
2 0.16927083333333334 0.4888888888888889 0.22447916666666667 0.4888888888888889 0.22447916666666667 0.6296296296296297 0.16927083333333334 0.6296296296296297
2 0.7182291666666667 0.32037037037037036 0.7583333333333333 0.32037037037037036 0.7583333333333333 0.4148148148148148 0.7182291666666667 0.4148148148148148
2 0.26875 0.4777777777777778 0.31302083333333336 0.4777777777777778 0.31302083333333336 0.612037037037037 0.26875 0.612037037037037
2 0.6682291666666667 0.44537037037037036 0.7130208333333333 0.44537037037037036 0.7130208333333333 0.5703703703703704 0.6682291666666667 0.5703703703703704
2 0.33697916666666666 0.46944444444444444 0.38125 0.46944444444444444 0.38125 0.6037037037037037 0.33697916666666666 0.6037037037037037
2 0.28072916666666664 0.39537037037037037 0.31927083333333334 0.39537037037037037 0.31927083333333334 0.49537037037037035 0.28072916666666664 0.49537037037037035
2 0.3697916666666667 0.2833333333333333 0.39791666666666664 0.2833333333333333 0.39791666666666664 0.35833333333333334 0.3697916666666667 0.35833333333333334
2 0.6453125 0.18981481481481483 0.6635416666666667 0.18981481481481483 0.6635416666666667 0.24814814814814815 0.6453125 0.24814814814814815
2 0.6072916666666667 0.18981481481481483 0.6276041666666666 0.18981481481481483 0.6276041666666666 0.24537037037037038 0.6072916666666667 0.24537037037037038
2 0.4921875 0.12962962962962962 0.5088541666666667 0.12962962962962962 0.5088541666666667 0.16944444444444445 0.4921875 0.16944444444444445
2 0.4479166666666667 0.18888888888888888 0.46927083333333336 0.18888888888888888 0.46927083333333336 0.2490740740740741 0.4479166666666667 0.2490740740740741
2 0.4708333333333333 0.16944444444444445 0.4875 0.16944444444444445 0.4875 0.22407407407407406 0.4708333333333333 0.22407407407407406
2 0.42239583333333336 0.25092592592592594 0.44635416666666666 0.25092592592592594 0.44635416666666666 0.3212962962962963 0.42239583333333336 0.3212962962962963
2 0.38645833333333335 0.24444444444444444 0.41041666666666665 0.24444444444444444 0.41041666666666665 0.3074074074074074 0.38645833333333335 0.3074074074074074
2 0.478125 0.11666666666666667 0.49166666666666664 0.11666666666666667 0.49166666666666664 0.14722222222222223 0.478125 0.14722222222222223