1 0.5026041666666666 0 0.6010416666666667 0 0.6010416666666667 0.09074074074074075 0.5026041666666666 0.09074074074074075
1 0.6484375 0.18333333333333332 0.6833333333333333 0.18333333333333332 0.6833333333333333 0.30648148148148147 0.6484375 0.30648148148148147
2 0.29635416666666664 0 0.4239583333333333 0 0.4239583333333333 0.11018518518518519 0.29635416666666664 0.11018518518518519
2 0.38697916666666665 0.9564814814814815 0.47604166666666664 0.9564814814814815 0.47604166666666664 1 0.38697916666666665 1
2 0.45260416666666664 0.7638888888888888 0.5270833333333333 0.7638888888888888 0.5270833333333333 0.8453703703703703 0.45260416666666664 0.8453703703703703
2 0.46510416666666665 0.13148148148148148 0.5338541666666666 0.13148148148148148 0.5338541666666666 0.2101851851851852 0.46510416666666665 0.2101851851851852
2 0.553125 0.7675925925925926 0.6046875 0.7675925925925926 0.6046875 0.8138888888888889 0.553125 0.8138888888888889
2 0.559375 0.662962962962963 0.6109375 0.662962962962963 0.6109375 0.7212962962962963 0.559375 0.7212962962962963
2 0.5848958333333333 0.3592592592592593 0.6348958333333333 0.3592592592592593 0.6348958333333333 0.4148148148148148 0.5848958333333333 0.4148148148148148
2 0.6369791666666667 0.7194444444444444 0.6692708333333334 0.7194444444444444 0.6692708333333334 0.7787037037037037 0.6369791666666667 0.7787037037037037
2 0.6098958333333333 0.30462962962962964 0.6453125 0.30462962962962964 0.6453125 0.34814814814814815 0.6098958333333333 0.34814814814814815
2 0.5463541666666667 0.26666666666666666 0.60625 0.26666666666666666 0.60625 0.32685185185185184 0.5463541666666667 0.32685185185185184
2 0.6541666666666667 0.4962962962962963 0.6911458333333333 0.4962962962962963 0.6911458333333333 0.5518518518518518 0.6541666666666667 0.5518518518518518
2 0.6171875 0.6037037037037037 0.65625 0.6037037037037037 0.65625 0.6453703703703704 0.6171875 0.6453703703703704
2 0.6890625 0.5944444444444444 0.7109375 0.5944444444444444 0.7109375 0.6231481481481481 0.6890625 0.6231481481481481
2 0.6322916666666667 0.6416666666666667 0.6666666666666666 0.6416666666666667 0.6666666666666666 0.6787037037037037 0.6322916666666667 0.6787037037037037