1 0.31875 0.17962962962962964 0.3770833333333333 0.17962962962962964 0.3770833333333333 0.24722222222222223 0.31875 0.24722222222222223
1 0.1453125 0.3148148148148148 0.26979166666666665 0.3148148148148148 0.26979166666666665 0.5018518518518519 0.1453125 0.5018518518518519
2 0.53125 0.1787037037037037 0.56875 0.1787037037037037 0.56875 0.22777777777777777 0.53125 0.22777777777777777
2 0.32083333333333336 0.5092592592592593 0.3776041666666667 0.5092592592592593 0.3776041666666667 0.6888888888888889 0.32083333333333336 0.6888888888888889
2 0.7432291666666667 0.38796296296296295 0.7864583333333334 0.38796296296296295 0.7864583333333334 0.49722222222222223 0.7432291666666667 0.49722222222222223
2 0.3671875 0.2611111111111111 0.4015625 0.2611111111111111 0.4015625 0.34814814814814815 0.3671875 0.34814814814814815
2 0.40520833333333334 0.5444444444444444 0.459375 0.5444444444444444 0.459375 0.7379629629629629 0.40520833333333334 0.7379629629629629
2 0.44375 0.23796296296296296 0.46979166666666666 0.23796296296296296 0.46979166666666666 0.32037037037037036 0.44375 0.32037037037037036
2 0.4276041666666667 0.1527777777777778 0.44166666666666665 0.1527777777777778 0.44166666666666665 0.19537037037037036 0.4276041666666667 0.19537037037037036
2 0.5739583333333333 0.1527777777777778 0.5895833333333333 0.1527777777777778 0.5895833333333333 0.19722222222222222 0.5739583333333333 0.19722222222222222
2 0.39947916666666666 0.3037037037037037 0.4328125 0.3037037037037037 0.4328125 0.4101851851851852 0.39947916666666666 0.4101851851851852
2 0.47760416666666666 0.15 0.4942708333333333 0.15 0.4942708333333333 0.2 0.47760416666666666 0.2
2 0.5875 0.13333333333333333 0.603125 0.13333333333333333 0.603125 0.1787037037037037 0.5875 0.1787037037037037
2 0.3953125 0.17407407407407408 0.41354166666666664 0.17407407407407408 0.41354166666666664 0.22037037037037038 0.3953125 0.22037037037037038
2 0.45625 0.14537037037037037 0.46979166666666666 0.14537037037037037 0.46979166666666666 0.1824074074074074 0.45625 0.1824074074074074
2 0.6265625 0.2490740740740741 0.6505208333333333 0.2490740740740741 0.6505208333333333 0.32592592592592595 0.6265625 0.32592592592592595
2 0.6609375 0.24444444444444444 0.6786458333333333 0.24444444444444444 0.6786458333333333 0.32314814814814813 0.6609375 0.32314814814814813
2 0.6255208333333333 0.1814814814814815 0.6442708333333333 0.1814814814814815 0.6442708333333333 0.23796296296296296 0.6255208333333333 0.23796296296296296
2 0.41510416666666666 0.23981481481481481 0.4359375 0.23981481481481481 0.4359375 0.3212962962962963 0.41510416666666666 0.3212962962962963
2 0.390625 0.22314814814814815 0.4078125 0.22314814814814815 0.4078125 0.2935185185185185 0.390625 0.2935185185185185
2 0.6463541666666667 0.14166666666666666 0.6614583333333334 0.14166666666666666 0.6614583333333334 0.19166666666666668 0.6463541666666667 0.19166666666666668
2 0.4484375 0.16666666666666666 0.46510416666666665 0.16666666666666666 0.46510416666666665 0.23425925925925925 0.4484375 0.23425925925925925