1 0.14635416666666667 0.3296296296296296 0.26875 0.3296296296296296 0.26875 0.5046296296296297 0.14635416666666667 0.5046296296296297
1 0.33229166666666665 0.1787037037037037 0.39010416666666664 0.1787037037037037 0.39010416666666664 0.24351851851851852 0.33229166666666665 0.24351851851851852
1 0.54375 0.09814814814814815 0.5692708333333333 0.09814814814814815 0.5692708333333333 0.14537037037037037 0.54375 0.14537037037037037
2 0.11666666666666667 0.5935185185185186 0.18385416666666668 0.5935185185185186 0.18385416666666668 0.8138888888888889 0.11666666666666667 0.8138888888888889
2 0.321875 0.5268518518518519 0.3567708333333333 0.5268518518518519 0.3567708333333333 0.7129629629629629 0.321875 0.7129629629629629
2 0.2755208333333333 0.3972222222222222 0.3026041666666667 0.3972222222222222 0.3026041666666667 0.5453703703703704 0.2755208333333333 0.5453703703703704
2 0.33645833333333336 0.2953703703703704 0.36614583333333334 0.2953703703703704 0.36614583333333334 0.40370370370370373 0.33645833333333336 0.40370370370370373
2 0.34270833333333334 0.3712962962962963 0.37395833333333334 0.3712962962962963 0.37395833333333334 0.49444444444444446 0.34270833333333334 0.49444444444444446
2 0.3921875 0.36203703703703705 0.428125 0.36203703703703705 0.428125 0.4824074074074074 0.3921875 0.4824074074074074
2 0.39791666666666664 0.22592592592592592 0.40989583333333335 0.22592592592592592 0.40989583333333335 0.2814814814814815 0.39791666666666664 0.2814814814814815
2 0.4036458333333333 0.24814814814814815 0.428125 0.24814814814814815 0.428125 0.3527777777777778 0.4036458333333333 0.3527777777777778
2 0.42864583333333334 0.21481481481481482 0.44583333333333336 0.21481481481481482 0.44583333333333336 0.28703703703703703 0.42864583333333334 0.28703703703703703
2 0.453125 0.20833333333333334 0.46041666666666664 0.20833333333333334 0.46041666666666664 0.26944444444444443 0.453125 0.26944444444444443
2 0.46458333333333335 0.2175925925925926 0.484375 0.2175925925925926 0.484375 0.287962962962963 0.46458333333333335 0.287962962962963
2 0.6421875 0.25555555555555554 0.6557291666666667 0.25555555555555554 0.6557291666666667 0.33240740740740743 0.6421875 0.33240740740740743
2 0.6505208333333333 0.2074074074074074 0.6645833333333333 0.2074074074074074 0.6645833333333333 0.25833333333333336 0.6505208333333333 0.25833333333333336
2 0.5729166666666666 0.16111111111111112 0.5921875 0.16111111111111112 0.5921875 0.225 0.5729166666666666 0.225
2 0.5984375 0.1648148148148148 0.6130208333333333 0.1648148148148148 0.6130208333333333 0.22685185185185186 0.5984375 0.22685185185185186
2 0.6151041666666667 0.14629629629629629 0.6270833333333333 0.14629629629629629 0.6270833333333333 0.19814814814814816 0.6151041666666667 0.19814814814814816
2 0.48125 0.1685185185185185 0.49270833333333336 0.1685185185185185 0.49270833333333336 0.21481481481481482 0.48125 0.21481481481481482
2 0.4114583333333333 0.18981481481481483 0.421875 0.18981481481481483 0.421875 0.2361111111111111 0.4114583333333333 0.2361111111111111
2 0.4041666666666667 0.1675925925925926 0.41458333333333336 0.1675925925925926 0.41458333333333336 0.21388888888888888 0.4041666666666667 0.21388888888888888
2 0.43333333333333335 0.15 0.4432291666666667 0.15 0.4432291666666667 0.1935185185185185 0.43333333333333335 0.1935185185185185
2 0.4432291666666667 0.15925925925925927 0.4505208333333333 0.15925925925925927 0.4505208333333333 0.2037037037037037 0.4432291666666667 0.2037037037037037
2 0.446875 0.17777777777777778 0.4583333333333333 0.17777777777777778 0.4583333333333333 0.225 0.446875 0.225
2 0.46197916666666666 0.1398148148148148 0.46979166666666666 0.1398148148148148 0.46979166666666666 0.18703703703703703 0.46197916666666666 0.18703703703703703
2 0.4786458333333333 0.14074074074074075 0.48489583333333336 0.14074074074074075 0.48489583333333336 0.1712962962962963 0.4786458333333333 0.1712962962962963
2 0.44427083333333334 0.12685185185185185 0.4515625 0.12685185185185185 0.4515625 0.16018518518518518 0.44427083333333334 0.16018518518518518
1 0.6453125 0.12222222222222222 0.7072916666666667 0.12222222222222222 0.7072916666666667 0.17592592592592593 0.6453125 0.17592592592592593