1 0.39479166666666665 0.9064814814814814 0.49270833333333336 0.9064814814814814 0.49270833333333336 1 0.39479166666666665 1
1 0.31614583333333335 0.6935185185185185 0.35052083333333334 0.6935185185185185 0.35052083333333334 0.812962962962963 0.31614583333333335 0.812962962962963
2 0.4239583333333333 0.20555555555555555 0.4859375 0.20555555555555555 0.4859375 0.26851851851851855 0.4239583333333333 0.26851851851851855
2 0.3625 0.2953703703703704 0.4083333333333333 0.2953703703703704 0.4083333333333333 0.34814814814814815 0.3625 0.34814814814814815
2 0.46510416666666665 0.05092592592592592 0.5338541666666666 0.05092592592592592 0.5338541666666666 0.12685185185185185 0.46510416666666665 0.12685185185185185
2 0.3145833333333333 0.2814814814814815 0.34375 0.2814814814814815 0.34375 0.325 0.3145833333333333 0.325
2 0.5135416666666667 0.8824074074074074 0.6005208333333333 0.8824074074074074 0.6005208333333333 0.9787037037037037 0.5135416666666667 0.9787037037037037
2 0.42291666666666666 0.7074074074074074 0.49166666666666664 0.7074074074074074 0.49166666666666664 0.7805555555555556 0.42291666666666666 0.7805555555555556
2 0.38645833333333335 0.5972222222222222 0.446875 0.5972222222222222 0.446875 0.6583333333333333 0.38645833333333335 0.6583333333333333
2 0.32708333333333334 0.2064814814814815 0.35885416666666664 0.2064814814814815 0.35885416666666664 0.25 0.32708333333333334 0.25
2 0.3723958333333333 0.21203703703703702 0.41822916666666665 0.21203703703703702 0.41822916666666665 0.25555555555555554 0.3723958333333333 0.25555555555555554
2 0.30885416666666665 0.4444444444444444 0.3463541666666667 0.4444444444444444 0.3463541666666667 0.49722222222222223 0.30885416666666665 0.49722222222222223
2 0.3223958333333333 0.5740740740740741 0.35625 0.5740740740740741 0.35625 0.6111111111111112 0.3223958333333333 0.6111111111111112
2 0.32760416666666664 0.34814814814814815 0.3692708333333333 0.34814814814814815 0.3692708333333333 0.4 0.32760416666666664 0.4
2 0.30416666666666664 0.5324074074074074 0.3421875 0.5324074074074074 0.3421875 0.5601851851851852 0.30416666666666664 0.5601851851851852