1 0.48072916666666665 0 0.5817708333333333 0 0.5817708333333333 0.062037037037037036 0.48072916666666665 0.062037037037037036
1 0.49635416666666665 0.6055555555555555 0.5744791666666667 0.6055555555555555 0.5744791666666667 0.7657407407407407 0.49635416666666665 0.7657407407407407
1 0.3692708333333333 0.15925925925925927 0.49375 0.15925925925925927 0.49375 0.37037037037037035 0.3692708333333333 0.37037037037037035
1 0.6567708333333333 0.4027777777777778 0.6875 0.4027777777777778 0.6875 0.4638888888888889 0.6567708333333333 0.4638888888888889
1 0.6291666666666667 0.17777777777777778 0.665625 0.17777777777777778 0.665625 0.28055555555555556 0.6291666666666667 0.28055555555555556
1 0.6395833333333333 0.5537037037037037 0.6739583333333333 0.5537037037037037 0.6739583333333333 0.6166666666666667 0.6395833333333333 0.6166666666666667
2 0.340625 0 0.4166666666666667 0 0.4166666666666667 0.05092592592592592 0.340625 0.05092592592592592
1 0.6671875 0.7555555555555555 0.6916666666666667 0.7555555555555555 0.6916666666666667 0.8379629629629629 0.6671875 0.8379629629629629
2 0.4640625 0.14722222222222223 0.5223958333333333 0.14722222222222223 0.5223958333333333 0.20833333333333334 0.4640625 0.20833333333333334
2 0.24947916666666667 0.2851851851851852 0.4046875 0.2851851851851852 0.4046875 0.38981481481481484 0.24947916666666667 0.38981481481481484
2 0.48489583333333336 0.08888888888888889 0.5619791666666667 0.08888888888888889 0.5619791666666667 0.14814814814814814 0.48489583333333336 0.14814814814814814
2 0.5302083333333333 0.1574074074074074 0.5958333333333333 0.1574074074074074 0.5958333333333333 0.20462962962962963 0.5302083333333333 0.20462962962962963
2 0.5213541666666667 0.2111111111111111 0.5817708333333333 0.2111111111111111 0.5817708333333333 0.25555555555555554 0.5213541666666667 0.25555555555555554
2 0.5609375 0.29814814814814816 0.6166666666666667 0.29814814814814816 0.6166666666666667 0.35 0.5609375 0.35
2 0.5395833333333333 0.3574074074074074 0.6088541666666667 0.3574074074074074 0.6088541666666667 0.4009259259259259 0.5395833333333333 0.4009259259259259
2 0.5536458333333333 0.41388888888888886 0.6229166666666667 0.41388888888888886 0.6229166666666667 0.4638888888888889 0.5536458333333333 0.4638888888888889
2 0.6057291666666667 0.22314814814814815 0.6411458333333333 0.22314814814814815 0.6411458333333333 0.25 0.6057291666666667 0.25
2 0.590625 0.24444444444444444 0.6385416666666667 0.24444444444444444 0.6385416666666667 0.26944444444444443 0.590625 0.26944444444444443
2 0.5760416666666667 0.26666666666666666 0.6302083333333334 0.26666666666666666 0.6302083333333334 0.3074074074074074 0.5760416666666667 0.3074074074074074
2 0.5692708333333333 0.21296296296296297 0.6067708333333334 0.21296296296296297 0.6067708333333334 0.24814814814814815 0.5692708333333333 0.24814814814814815
2 0.6166666666666667 0.36018518518518516 0.6572916666666667 0.36018518518518516 0.6572916666666667 0.3907407407407407 0.6166666666666667 0.3907407407407407
2 0.621875 0.30462962962962964 0.6536458333333334 0.30462962962962964 0.6536458333333334 0.3453703703703704 0.621875 0.3453703703703704
2 0.63125 0.4787037037037037 0.6744791666666666 0.4787037037037037 0.6744791666666666 0.5277777777777778 0.63125 0.5277777777777778
2 0.6114583333333333 0.6574074074074074 0.646875 0.6574074074074074 0.646875 0.6898148148148148 0.6114583333333333 0.6898148148148148
2 0.6171875 0.7074074074074074 0.6598958333333333 0.7074074074074074 0.6598958333333333 0.7342592592592593 0.6171875 0.7342592592592593
2 0.6489583333333333 0.6851851851851852 0.6739583333333333 0.6851851851851852 0.6739583333333333 0.7018518518518518 0.6489583333333333 0.7018518518518518
2 0.6401041666666667 0.3388888888888889 0.6697916666666667 0.3388888888888889 0.6697916666666667 0.3675925925925926 0.6401041666666667 0.3675925925925926
2 0.6609375 0.3296296296296296 0.6791666666666667 0.3296296296296296 0.6791666666666667 0.35 0.6609375 0.35
2 0.6572916666666667 0.37037037037037035 0.678125 0.37037037037037035 0.678125 0.39166666666666666 0.6572916666666667 0.39166666666666666