1 0.1390625 0.30648148148148147 0.26666666666666666 0.30648148148148147 0.26666666666666666 0.4888888888888889 0.1390625 0.4888888888888889
2 0.027083333333333334 0.8675925925925926 0.11666666666666667 0.8675925925925926 0.11666666666666667 0.9962962962962963 0.027083333333333334 0.9962962962962963
2 0.9213541666666667 0.8351851851851851 1 0.8351851851851851 1 0.9972222222222222 0.9213541666666667 0.9972222222222222
1 0.628125 0.287962962962963 0.7177083333333333 0.287962962962963 0.7177083333333333 0.412962962962963 0.628125 0.412962962962963
2 0.8880208333333334 0.5583333333333333 0.9520833333333333 0.5583333333333333 0.9520833333333333 0.725 0.8880208333333334 0.725
2 0.696875 0.46111111111111114 0.74375 0.46111111111111114 0.74375 0.5981481481481481 0.696875 0.5981481481481481
2 0.5463541666666667 0.12129629629629629 0.5619791666666667 0.12129629629629629 0.5619791666666667 0.1648148148148148 0.5463541666666667 0.1648148148148148
2 0.7848958333333333 0.462037037037037 0.8307291666666666 0.462037037037037 0.8307291666666666 0.5981481481481481 0.7848958333333333 0.5981481481481481
2 0.3140625 0.4981481481481482 0.3625 0.4981481481481482 0.3625 0.6555555555555556 0.3140625 0.6555555555555556
1 0.5291666666666667 0.09074074074074075 0.5557291666666667 0.09074074074074075 0.5557291666666667 0.1259259259259259 0.5291666666666667 0.1259259259259259
2 0.33958333333333335 0.36944444444444446 0.3807291666666667 0.36944444444444446 0.3807291666666667 0.4861111111111111 0.33958333333333335 0.4861111111111111
2 0.4427083333333333 0.24814814814814815 0.4739583333333333 0.24814814814814815 0.4739583333333333 0.33240740740740743 0.4427083333333333 0.33240740740740743
1 0.4546875 0.13333333333333333 0.4947916666666667 0.13333333333333333 0.4947916666666667 0.19074074074074074 0.4546875 0.19074074074074074
2 0.42135416666666664 0.3416666666666667 0.45625 0.3416666666666667 0.45625 0.45185185185185184 0.42135416666666664 0.45185185185185184
2 0.0765625 0.6240740740740741 0.146875 0.6240740740740741 0.146875 0.8268518518518518 0.0765625 0.8268518518518518
0 0.3015625 0.18333333333333332 0.4125 0.18333333333333332 0.4125 0.3861111111111111 0.3015625 0.3861111111111111
2 0.0046875 0.5416666666666666 0.0875 0.5416666666666666 0.0875 0.6768518518518518 0.0046875 0.6768518518518518
2 0.6072916666666667 0.20462962962962963 0.6291666666666667 0.20462962962962963 0.6291666666666667 0.2675925925925926 0.6072916666666667 0.2675925925925926
2 0.584375 0.33611111111111114 0.6203125 0.33611111111111114 0.6203125 0.44722222222222224 0.584375 0.44722222222222224
1 0.5609375 0.10833333333333334 0.5958333333333333 0.10833333333333334 0.5958333333333333 0.15185185185185185 0.5609375 0.15185185185185185
2 0.5015625 0.15833333333333333 0.5260416666666666 0.15833333333333333 0.5260416666666666 0.21851851851851853 0.5015625 0.21851851851851853