1 0.3072916666666667 0.5027777777777778 0.4270833333333333 0.5027777777777778 0.4270833333333333 0.7231481481481481 0.3072916666666667 0.7231481481481481
1 0.12708333333333333 0.35462962962962963 0.25416666666666665 0.35462962962962963 0.25416666666666665 0.5324074074074074 0.12708333333333333 0.5324074074074074
1 0.5598958333333334 0.3712962962962963 0.65 0.3712962962962963 0.65 0.5138888888888888 0.5598958333333334 0.5138888888888888
1 0.44635416666666666 0.16666666666666666 0.4796875 0.16666666666666666 0.4796875 0.2212962962962963 0.44635416666666666 0.2212962962962963
1 0.8817708333333333 0.23981481481481481 0.9619791666666667 0.23981481481481481 0.9619791666666667 0.325 0.8817708333333333 0.325
1 0.3177083333333333 0.2064814814814815 0.3765625 0.2064814814814815 0.3765625 0.2712962962962963 0.3177083333333333 0.2712962962962963
1 0.5302083333333333 0.1925925925925926 0.565625 0.1925925925925926 0.565625 0.25277777777777777 0.5302083333333333 0.25277777777777777
1 0.64375 0.15925925925925927 0.6895833333333333 0.15925925925925927 0.6895833333333333 0.20185185185185187 0.64375 0.20185185185185187
2 0.3703125 0.6675925925925926 0.4390625 0.6675925925925926 0.4390625 0.9425925925925925 0.3703125 0.9425925925925925
2 0.20364583333333333 0.5611111111111111 0.26614583333333336 0.5611111111111111 0.26614583333333336 0.774074074074074 0.20364583333333333 0.774074074074074
2 0.059895833333333336 0.7138888888888889 0.13177083333333334 0.7138888888888889 0.13177083333333334 0.9777777777777777 0.059895833333333336 0.9777777777777777
2 0.0067708333333333336 0.6972222222222222 0.0515625 0.6972222222222222 0.0515625 0.9462962962962963 0.0067708333333333336 0.9462962962962963
2 0.3140625 0.43333333333333335 0.3338541666666667 0.43333333333333335 0.3338541666666667 0.5481481481481482 0.3140625 0.5481481481481482
2 0.2786458333333333 0.3731481481481482 0.3026041666666667 0.3731481481481482 0.3026041666666667 0.5074074074074074 0.2786458333333333 0.5074074074074074
2 0.2984375 0.32407407407407407 0.3255208333333333 0.32407407407407407 0.3255208333333333 0.42314814814814816 0.2984375 0.42314814814814816
2 0.3463541666666667 0.35462962962962963 0.36875 0.35462962962962963 0.36875 0.4564814814814815 0.3463541666666667 0.4564814814814815
2 0.45208333333333334 0.28055555555555556 0.47552083333333334 0.28055555555555556 0.47552083333333334 0.38981481481481484 0.45208333333333334 0.38981481481481484
2 0.42552083333333335 0.31296296296296294 0.4484375 0.31296296296296294 0.4484375 0.4148148148148148 0.42552083333333335 0.4148148148148148
2 0.39375 0.2935185185185185 0.4140625 0.2935185185185185 0.4140625 0.38981481481481484 0.39375 0.38981481481481484
2 0.37083333333333335 0.27870370370370373 0.39114583333333336 0.27870370370370373 0.39114583333333336 0.36574074074074076 0.37083333333333335 0.36574074074074076
2 0.34270833333333334 0.24537037037037038 0.35625 0.24537037037037038 0.35625 0.30277777777777776 0.34270833333333334 0.30277777777777776
2 0.3572916666666667 0.24814814814814815 0.3765625 0.24814814814814815 0.3765625 0.337037037037037 0.3572916666666667 0.337037037037037
2 0.3359375 0.30925925925925923 0.35572916666666665 0.30925925925925923 0.35572916666666665 0.37407407407407406 0.3359375 0.37407407407407406
2 0.42239583333333336 0.2212962962962963 0.434375 0.2212962962962963 0.434375 0.29907407407407405 0.42239583333333336 0.29907407407407405
2 0.3958333333333333 0.22407407407407406 0.4109375 0.22407407407407406 0.4109375 0.28888888888888886 0.3958333333333333 0.28888888888888886
2 0.3890625 0.2537037037037037 0.415625 0.2537037037037037 0.415625 0.32407407407407407 0.3890625 0.32407407407407407
2 0.4942708333333333 0.20092592592592592 0.5171875 0.20092592592592592 0.5171875 0.2657407407407407 0.4942708333333333 0.2657407407407407
2 0.40520833333333334 0.19166666666666668 0.421875 0.19166666666666668 0.421875 0.2351851851851852 0.40520833333333334 0.2351851851851852
2 0.40260416666666665 0.17222222222222222 0.4161458333333333 0.17222222222222222 0.4161458333333333 0.22314814814814815 0.40260416666666665 0.22314814814814815
2 0.425 0.17037037037037037 0.440625 0.17037037037037037 0.440625 0.2212962962962963 0.425 0.2212962962962963
2 0.5859375 0.24351851851851852 0.603125 0.24351851851851852 0.603125 0.31296296296296294 0.5859375 0.31296296296296294
2 0.6177083333333333 0.22592592592592592 0.6442708333333333 0.22592592592592592 0.6442708333333333 0.29814814814814816 0.6177083333333333 0.29814814814814816
2 0.6072916666666667 0.18796296296296297 0.6229166666666667 0.18796296296296297 0.6229166666666667 0.25277777777777777 0.6072916666666667 0.25277777777777777
2 0.5901041666666667 0.16574074074074074 0.6026041666666667 0.16574074074074074 0.6026041666666667 0.22407407407407406 0.5901041666666667 0.22407407407407406
2 0.5651041666666666 0.16944444444444445 0.578125 0.16944444444444445 0.578125 0.2222222222222222 0.5651041666666666 0.2222222222222222