1 0.14583333333333334 0.3277777777777778 0.2677083333333333 0.3277777777777778 0.2677083333333333 0.5027777777777778 0.14583333333333334 0.5027777777777778
1 0.4640625 0.14074074074074075 0.49583333333333335 0.14074074074074075 0.49583333333333335 0.1925925925925926 0.4640625 0.1925925925925926
1 0.33541666666666664 0.17592592592592593 0.3848958333333333 0.17592592592592593 0.3848958333333333 0.23796296296296296 0.33541666666666664 0.23796296296296296
2 0.16875 0.6472222222222223 0.22708333333333333 0.6472222222222223 0.22708333333333333 0.8833333333333333 0.16875 0.8833333333333333
1 0.5979166666666667 0.10833333333333334 0.6375 0.10833333333333334 0.6375 0.15462962962962962 0.5979166666666667 0.15462962962962962
2 0.2953125 0.6833333333333333 0.36614583333333334 0.6833333333333333 0.36614583333333334 0.9490740740740741 0.2953125 0.9490740740740741
2 0.3671875 0.4777777777777778 0.4036458333333333 0.4777777777777778 0.4036458333333333 0.6305555555555555 0.3671875 0.6305555555555555
2 0.3104166666666667 0.46111111111111114 0.3411458333333333 0.46111111111111114 0.3411458333333333 0.6157407407407407 0.3104166666666667 0.6157407407407407
2 0.2677083333333333 0.41944444444444445 0.30572916666666666 0.41944444444444445 0.30572916666666666 0.5657407407407408 0.2677083333333333 0.5657407407407408
2 0.7270833333333333 0.5203703703703704 0.775 0.5203703703703704 0.775 0.7296296296296296 0.7270833333333333 0.7296296296296296
2 0.434375 0.3611111111111111 0.45989583333333334 0.3611111111111111 0.45989583333333334 0.475 0.434375 0.475
2 0.30416666666666664 0.34444444444444444 0.33541666666666664 0.34444444444444444 0.33541666666666664 0.45925925925925926 0.30416666666666664 0.45925925925925926
2 0.32760416666666664 0.27870370370370373 0.353125 0.27870370370370373 0.353125 0.37037037037037035 0.32760416666666664 0.37037037037037035
2 0.378125 0.33611111111111114 0.39947916666666666 0.33611111111111114 0.39947916666666666 0.42685185185185187 0.378125 0.42685185185185187
2 0.3953125 0.25092592592592594 0.4161458333333333 0.25092592592592594 0.4161458333333333 0.3212962962962963 0.3953125 0.3212962962962963
2 0.4390625 0.25092592592592594 0.45625 0.25092592592592594 0.45625 0.32222222222222224 0.4390625 0.32222222222222224
2 0.45208333333333334 0.21944444444444444 0.4703125 0.21944444444444444 0.4703125 0.2962962962962963 0.45208333333333334 0.2962962962962963
2 0.3723958333333333 0.20833333333333334 0.3890625 0.20833333333333334 0.3890625 0.26944444444444443 0.3723958333333333 0.26944444444444443
2 0.4125 0.18981481481481483 0.4234375 0.18981481481481483 0.4234375 0.24444444444444444 0.4125 0.24444444444444444
2 0.43385416666666665 0.17407407407407408 0.44427083333333334 0.17407407407407408 0.44427083333333334 0.23703703703703705 0.43385416666666665 0.23703703703703705
2 0.42239583333333336 0.16203703703703703 0.43333333333333335 0.16203703703703703 0.43333333333333335 0.2074074074074074 0.42239583333333336 0.2074074074074074
2 0.4583333333333333 0.18611111111111112 0.4713541666666667 0.18611111111111112 0.4713541666666667 0.23796296296296296 0.4583333333333333 0.23796296296296296
2 0.5979166666666667 0.16018518518518518 0.6098958333333333 0.16018518518518518 0.6098958333333333 0.21388888888888888 0.5979166666666667 0.21388888888888888
2 0.6328125 0.16296296296296298 0.6421875 0.16296296296296298 0.6421875 0.22037037037037038 0.6328125 0.22037037037037038
2 0.49583333333333335 0.12222222222222222 0.5088541666666667 0.12222222222222222 0.5088541666666667 0.1712962962962963 0.49583333333333335 0.1712962962962963
2 0.44479166666666664 0.14629629629629629 0.45677083333333335 0.14629629629629629 0.45677083333333335 0.18888888888888888 0.44479166666666664 0.18888888888888888
2 0.4588541666666667 0.12685185185185185 0.46458333333333335 0.12685185185185185 0.46458333333333335 0.1574074074074074 0.4588541666666667 0.1574074074074074
2 0.43802083333333336 0.125 0.4484375 0.125 0.4484375 0.16296296296296298 0.43802083333333336 0.16296296296296298
2 0.43072916666666666 0.11574074074074074 0.4395833333333333 0.11574074074074074 0.4395833333333333 0.1537037037037037 0.43072916666666666 0.1537037037037037
2 0.44583333333333336 0.10925925925925926 0.4546875 0.10925925925925926 0.4546875 0.1398148148148148 0.44583333333333336 0.1398148148148148
2 0.46770833333333334 0.11666666666666667 0.47604166666666664 0.11666666666666667 0.47604166666666664 0.14537037037037037 0.46770833333333334 0.14537037037037037