1 0.4921875 0 0.5921875 0 0.5921875 0.07407407407407407 0.4921875 0.07407407407407407
1 0.5880208333333333 0.37222222222222223 0.6421875 0.37222222222222223 0.6421875 0.46574074074074073 0.5880208333333333 0.46574074074074073
1 0.6380208333333334 0.5916666666666667 0.6796875 0.5916666666666667 0.6796875 0.674074074074074 0.6380208333333334 0.674074074074074
1 0.6385416666666667 0.1962962962962963 0.6755208333333333 0.1962962962962963 0.6755208333333333 0.2935185185185185 0.6385416666666667 0.2935185185185185
1 0.6890625 0.55 0.709375 0.55 0.709375 0.5925925925925926 0.6890625 0.5925925925925926
2 0.234375 0 0.3729166666666667 0 0.3729166666666667 0.06851851851851852 0.234375 0.06851851851851852
2 0.41510416666666666 0 0.496875 0 0.496875 0.03148148148148148 0.41510416666666666 0.03148148148148148
2 0.475 0 0.5354166666666667 0 0.5354166666666667 0.06018518518518518 0.475 0.06018518518518518
2 0.38177083333333334 0.05925925925925926 0.484375 0.05925925925925926 0.484375 0.12962962962962962 0.38177083333333334 0.12962962962962962
2 0.4609375 0.16203703703703703 0.5494791666666666 0.16203703703703703 0.5494791666666666 0.22314814814814815 0.4609375 0.22314814814814815
2 0.459375 0.24814814814814815 0.5401041666666667 0.24814814814814815 0.5401041666666667 0.3101851851851852 0.459375 0.3101851851851852
2 0.5609375 0.21851851851851853 0.6140625 0.21851851851851853 0.6140625 0.2574074074074074 0.5609375 0.2574074074074074
2 0.6041666666666666 0.2611111111111111 0.6510416666666666 0.2611111111111111 0.6510416666666666 0.2972222222222222 0.6041666666666666 0.2972222222222222
2 0.5635416666666667 0.30185185185185187 0.6177083333333333 0.30185185185185187 0.6177083333333333 0.33611111111111114 0.5635416666666667 0.33611111111111114
2 0.6442708333333333 0.31666666666666665 0.678125 0.31666666666666665 0.678125 0.3416666666666667 0.6442708333333333 0.3416666666666667
2 0.6921875 0.3287037037037037 0.7161458333333334 0.3287037037037037 0.7161458333333334 0.3453703703703704 0.6921875 0.3453703703703704
2 0.6276041666666666 0.3490740740740741 0.6682291666666667 0.3490740740740741 0.6682291666666667 0.37222222222222223 0.6276041666666666 0.37222222222222223
2 0.6703125 0.3490740740740741 0.6984375 0.3490740740740741 0.6984375 0.37037037037037035 0.6703125 0.37037037037037035
2 0.6578125 0.37407407407407406 0.6854166666666667 0.37407407407407406 0.6854166666666667 0.39537037037037037 0.6578125 0.39537037037037037
2 0.6625 0.4046296296296296 0.6921875 0.4046296296296296 0.6921875 0.42592592592592593 0.6625 0.42592592592592593
2 0.6822916666666666 0.39537037037037037 0.7067708333333333 0.39537037037037037 0.7067708333333333 0.412962962962963 0.6822916666666666 0.412962962962963
2 0.6875 0.41759259259259257 0.7109375 0.41759259259259257 0.7109375 0.43333333333333335 0.6875 0.43333333333333335
2 0.6578125 0.4324074074074074 0.6880208333333333 0.4324074074074074 0.6880208333333333 0.45092592592592595 0.6578125 0.45092592592592595
2 0.6911458333333333 0.4324074074074074 0.7130208333333333 0.4324074074074074 0.7130208333333333 0.4462962962962963 0.6911458333333333 0.4462962962962963
2 0.6442708333333333 0.5166666666666667 0.6796875 0.5166666666666667 0.6796875 0.5574074074074075 0.6442708333333333 0.5574074074074075
2 0.6875 0.6138888888888889 0.709375 0.6138888888888889 0.709375 0.6333333333333333 0.6875 0.6333333333333333
2 0.6880208333333333 0.6425925925925926 0.709375 0.6425925925925926 0.709375 0.662962962962963 0.6880208333333333 0.662962962962963
2 0.6135416666666667 0.7203703703703703 0.6546875 0.7203703703703703 0.6546875 0.7564814814814815 0.6135416666666667 0.7564814814814815
2 0.496875 0.9287037037037037 0.5661458333333333 0.9287037037037037 0.5661458333333333 0.9796296296296296 0.496875 0.9796296296296296