1 0.134375 0.3472222222222222 0.25625 0.3472222222222222 0.25625 0.5259259259259259 0.134375 0.5259259259259259
1 0.5536458333333333 0.25555555555555554 0.6114583333333333 0.25555555555555554 0.6114583333333333 0.3472222222222222 0.5536458333333333 0.3472222222222222
1 0.321875 0.2 0.3796875 0.2 0.3796875 0.2638888888888889 0.321875 0.2638888888888889
1 0.43697916666666664 0.19166666666666668 0.475 0.19166666666666668 0.475 0.2611111111111111 0.43697916666666664 0.2611111111111111
1 0.5291666666666667 0.1574074074074074 0.559375 0.1574074074074074 0.559375 0.20833333333333334 0.5291666666666667 0.20833333333333334
2 0.11927083333333334 0.6055555555555555 0.17083333333333334 0.6055555555555555 0.17083333333333334 0.8305555555555556 0.11927083333333334 0.8305555555555556
2 0.30104166666666665 0.4537037037037037 0.3453125 0.4537037037037037 0.3453125 0.6222222222222222 0.30104166666666665 0.6222222222222222
1 0.6380208333333334 0.15092592592592594 0.6921875 0.15092592592592594 0.6921875 0.20555555555555555 0.6380208333333334 0.20555555555555555
2 0.3645833333333333 0.4787037037037037 0.4 0.4787037037037037 0.4 0.6388888888888888 0.3645833333333333 0.6388888888888888
2 0.20572916666666666 0.5888888888888889 0.2604166666666667 0.5888888888888889 0.2604166666666667 0.8 0.20572916666666666 0.8
2 0.4114583333333333 0.5138888888888888 0.4510416666666667 0.5138888888888888 0.4510416666666667 0.6648148148148149 0.4114583333333333 0.6648148148148149
2 0.09114583333333333 0.8805555555555555 0.18020833333333333 0.8805555555555555 0.18020833333333333 1 0.09114583333333333 1
2 0.6802083333333333 0.39444444444444443 0.7213541666666666 0.39444444444444443 0.7213541666666666 0.5212962962962963 0.6802083333333333 0.5212962962962963
2 0.23020833333333332 0.44814814814814813 0.2609375 0.44814814814814813 0.2609375 0.5555555555555556 0.23020833333333332 0.5555555555555556
2 0.284375 0.4212962962962963 0.31145833333333334 0.4212962962962963 0.31145833333333334 0.5138888888888888 0.284375 0.5138888888888888
2 0.3255208333333333 0.3675925925925926 0.36770833333333336 0.3675925925925926 0.36770833333333336 0.47962962962962963 0.3255208333333333 0.47962962962962963
2 0.30572916666666666 0.30925925925925923 0.3260416666666667 0.30925925925925923 0.3260416666666667 0.39351851851851855 0.30572916666666666 0.39351851851851855
2 0.3151041666666667 0.32314814814814813 0.3380208333333333 0.32314814814814813 0.3380208333333333 0.412962962962963 0.3151041666666667 0.412962962962963
2 0.3619791666666667 0.32685185185185184 0.38229166666666664 0.32685185185185184 0.38229166666666664 0.4212962962962963 0.3619791666666667 0.4212962962962963
2 0.3723958333333333 0.2898148148148148 0.3927083333333333 0.2898148148148148 0.3927083333333333 0.3592592592592593 0.3723958333333333 0.3592592592592593
2 0.4114583333333333 0.27870370370370373 0.4270833333333333 0.27870370370370373 0.4270833333333333 0.3731481481481482 0.4114583333333333 0.3731481481481482
2 0.38697916666666665 0.23148148148148148 0.40572916666666664 0.23148148148148148 0.40572916666666664 0.2796296296296296 0.38697916666666665 0.2796296296296296
2 0.38958333333333334 0.1962962962962963 0.40208333333333335 0.1962962962962963 0.40208333333333335 0.24259259259259258 0.38958333333333334 0.24259259259259258
2 0.4114583333333333 0.20925925925925926 0.42604166666666665 0.20925925925925926 0.42604166666666665 0.2611111111111111 0.4114583333333333 0.2611111111111111
2 0.4114583333333333 0.15925925925925927 0.425 0.15925925925925927 0.425 0.19907407407407407 0.4114583333333333 0.19907407407407407
2 0.4244791666666667 0.16944444444444445 0.43697916666666664 0.16944444444444445 0.43697916666666664 0.22314814814814815 0.4244791666666667 0.22314814814814815
2 0.43802083333333336 0.14629629629629629 0.44427083333333334 0.14629629629629629 0.44427083333333334 0.18425925925925926 0.43802083333333336 0.18425925925925926
2 0.4484375 0.1388888888888889 0.4552083333333333 0.1388888888888889 0.4552083333333333 0.17962962962962964 0.4484375 0.17962962962962964
2 0.46510416666666665 0.14444444444444443 0.47708333333333336 0.14444444444444443 0.47708333333333336 0.18425925925925926 0.46510416666666665 0.18425925925925926
2 0.49114583333333334 0.19537037037037036 0.5255208333333333 0.19537037037037036 0.5255208333333333 0.2490740740740741 0.49114583333333334 0.2490740740740741
2 0.5729166666666666 0.18055555555555555 0.5854166666666667 0.18055555555555555 0.5854166666666667 0.23055555555555557 0.5729166666666666 0.23055555555555557
2 0.596875 0.1675925925925926 0.6109375 0.1675925925925926 0.6109375 0.2212962962962963 0.596875 0.2212962962962963
2 0.5875 0.1537037037037037 0.5984375 0.1537037037037037 0.5984375 0.19537037037037036 0.5875 0.19537037037037036
2 0.5588541666666667 0.1425925925925926 0.5734375 0.1425925925925926 0.5734375 0.17592592592592593 0.5588541666666667 0.17592592592592593
2 0.5885416666666666 0.13703703703703704 0.5953125 0.13703703703703704 0.5953125 0.1648148148148148 0.5885416666666666 0.1648148148148148