1 0.490625 0 0.5932291666666667 0 0.5932291666666667 0.07962962962962963 0.490625 0.07962962962962963
1 0.553125 0.35 0.6213541666666667 0.35 0.6213541666666667 0.4601851851851852 0.553125 0.4601851851851852
1 0.6416666666666667 0.19907407407407407 0.6765625 0.19907407407407407 0.6765625 0.2962962962962963 0.6416666666666667 0.2962962962962963
1 0.6578125 0.5916666666666667 0.690625 0.5916666666666667 0.690625 0.6601851851851852 0.6578125 0.6601851851851852
1 0.6802083333333333 0.7805555555555556 0.7041666666666667 0.7805555555555556 0.7041666666666667 0.8546296296296296 0.6802083333333333 0.8546296296296296
1 0.6958333333333333 0.549074074074074 0.715625 0.549074074074074 0.715625 0.5935185185185186 0.6958333333333333 0.5935185185185186
2 0.5854166666666667 0.23055555555555557 0.6203125 0.23055555555555557 0.6203125 0.2740740740740741 0.5854166666666667 0.2740740740740741
2 0.3880208333333333 0.06111111111111111 0.4859375 0.06111111111111111 0.4859375 0.13518518518518519 0.3880208333333333 0.13518518518518519
2 0.3494791666666667 0.12962962962962962 0.46041666666666664 0.12962962962962962 0.46041666666666664 0.24166666666666667 0.3494791666666667 0.24166666666666667
2 0.5234375 0.17037037037037037 0.5932291666666667 0.17037037037037037 0.5932291666666667 0.2 0.5234375 0.2
2 0.5057291666666667 0.23796296296296296 0.5713541666666667 0.23796296296296296 0.5713541666666667 0.2935185185185185 0.5057291666666667 0.2935185185185185
2 0.6333333333333333 0.3055555555555556 0.6708333333333333 0.3055555555555556 0.6708333333333333 0.3296296296296296 0.6333333333333333 0.3296296296296296
2 0.690625 0.3296296296296296 0.7135416666666666 0.3296296296296296 0.7135416666666666 0.34814814814814815 0.690625 0.34814814814814815
2 0.6677083333333333 0.3472222222222222 0.6932291666666667 0.3472222222222222 0.6932291666666667 0.36666666666666664 0.6677083333333333 0.36666666666666664
2 0.6489583333333333 0.3648148148148148 0.6796875 0.3648148148148148 0.6796875 0.38796296296296295 0.6489583333333333 0.38796296296296295
2 0.6072916666666667 0.3333333333333333 0.6442708333333333 0.3333333333333333 0.6442708333333333 0.3574074074074074 0.6072916666666667 0.3574074074074074
2 0.6520833333333333 0.40185185185185185 0.6848958333333334 0.40185185185185185 0.6848958333333334 0.425 0.6520833333333333 0.425
2 0.6442708333333333 0.4203703703703704 0.6791666666666667 0.4203703703703704 0.6791666666666667 0.4527777777777778 0.6442708333333333 0.4527777777777778
2 0.6791666666666667 0.39166666666666666 0.703125 0.39166666666666666 0.703125 0.40370370370370373 0.6791666666666667 0.40370370370370373
2 0.6828125 0.42685185185185187 0.70625 0.42685185185185187 0.70625 0.44537037037037036 0.6828125 0.44537037037037036
2 0.6932291666666667 0.3972222222222222 0.7109375 0.3972222222222222 0.7109375 0.41388888888888886 0.6932291666666667 0.41388888888888886
2 0.6901041666666666 0.4527777777777778 0.7114583333333333 0.4527777777777778 0.7114583333333333 0.4685185185185185 0.6901041666666666 0.4685185185185185
2 0.6927083333333334 0.48518518518518516 0.7151041666666667 0.48518518518518516 0.7151041666666667 0.5037037037037037 0.6927083333333334 0.5037037037037037
2 0.6453125 0.5259259259259259 0.6791666666666667 0.5259259259259259 0.6791666666666667 0.5842592592592593 0.6453125 0.5842592592592593
2 0.5614583333333333 0.8546296296296296 0.6026041666666667 0.8546296296296296 0.6026041666666667 0.8953703703703704 0.5614583333333333 0.8953703703703704
2 0.6453125 0.7092592592592593 0.6765625 0.7092592592592593 0.6765625 0.7351851851851852 0.6453125 0.7351851851851852
2 0.6963541666666667 0.6064814814814815 0.7182291666666667 0.6064814814814815 0.7182291666666667 0.625 0.6963541666666667 0.625
2 0.696875 0.6444444444444445 0.7203125 0.6444444444444445 0.7203125 0.6555555555555556 0.696875 0.6555555555555556