1 0.14479166666666668 0.3175925925925926 0.27239583333333334 0.3175925925925926 0.27239583333333334 0.49074074074074076 0.14479166666666668 0.49074074074074076
1 0.3567708333333333 0.40370370370370373 0.45677083333333335 0.40370370370370373 0.45677083333333335 0.5731481481481482 0.3567708333333333 0.5731481481481482
2 0.084375 0.6185185185185185 0.1546875 0.6185185185185185 0.1546875 0.7916666666666666 0.084375 0.7916666666666666
2 0.6348958333333333 0.3148148148148148 0.6635416666666667 0.3148148148148148 0.6635416666666667 0.40185185185185185 0.6348958333333333 0.40185185185185185
2 0.6859375 0.39444444444444443 0.7270833333333333 0.39444444444444443 0.7270833333333333 0.5101851851851852 0.6859375 0.5101851851851852
2 0.6369791666666667 0.47962962962962963 0.6890625 0.47962962962962963 0.6890625 0.6203703703703703 0.6369791666666667 0.6203703703703703
2 0.3614583333333333 0.2722222222222222 0.390625 0.2722222222222222 0.390625 0.3537037037037037 0.3614583333333333 0.3537037037037037
2 0.18854166666666666 0.6157407407407407 0.24895833333333334 0.6157407407407407 0.24895833333333334 0.7407407407407407 0.18854166666666666 0.7407407407407407
2 0.2265625 0.487962962962963 0.2734375 0.487962962962963 0.2734375 0.6 0.2265625 0.6
1 0.31979166666666664 0.17685185185185184 0.38333333333333336 0.17685185185185184 0.38333333333333336 0.24074074074074073 0.31979166666666664 0.24074074074074073
2 0.6848958333333334 0.26666666666666666 0.7135416666666666 0.26666666666666666 0.7135416666666666 0.34444444444444444 0.6848958333333334 0.34444444444444444
2 0.33229166666666665 0.3398148148148148 0.3640625 0.3398148148148148 0.3640625 0.4361111111111111 0.33229166666666665 0.4361111111111111
2 0.39947916666666666 0.2972222222222222 0.428125 0.2972222222222222 0.428125 0.3768518518518518 0.39947916666666666 0.3768518518518518
2 0.46145833333333336 0.19722222222222222 0.4786458333333333 0.19722222222222222 0.4786458333333333 0.2564814814814815 0.46145833333333336 0.2564814814814815
2 0.459375 0.11018518518518519 0.47291666666666665 0.11018518518518519 0.47291666666666665 0.14351851851851852 0.459375 0.14351851851851852
2 0.43020833333333336 0.18425925925925926 0.4473958333333333 0.18425925925925926 0.4473958333333333 0.22685185185185186 0.43020833333333336 0.22685185185185186
2 0.4901041666666667 0.13796296296296295 0.5046875 0.13796296296296295 0.5046875 0.1814814814814815 0.4901041666666667 0.1814814814814815