1 0.1375 0.33611111111111114 0.2604166666666667 0.33611111111111114 0.2604166666666667 0.5194444444444445 0.1375 0.5194444444444445
1 0.42864583333333334 0.2361111111111111 0.4822916666666667 0.2361111111111111 0.4822916666666667 0.3388888888888889 0.42864583333333334 0.3388888888888889
1 0.5505208333333333 0.18888888888888888 0.5984375 0.18888888888888888 0.5984375 0.2675925925925926 0.5505208333333333 0.2675925925925926
1 0.325 0.18981481481481483 0.38125 0.18981481481481483 0.38125 0.2537037037037037 0.325 0.2537037037037037
2 0.21302083333333333 0.4648148148148148 0.25833333333333336 0.4648148148148148 0.25833333333333336 0.6277777777777778 0.21302083333333333 0.6277777777777778
2 0.030208333333333334 0.7388888888888889 0.10208333333333333 0.7388888888888889 0.10208333333333333 0.9861111111111112 0.030208333333333334 0.9861111111111112
2 0.10989583333333333 0.7564814814814815 0.18854166666666666 0.7564814814814815 0.18854166666666666 0.9888888888888889 0.10989583333333333 0.9888888888888889
2 0.21510416666666668 0.6648148148148149 0.28541666666666665 0.6648148148148149 0.28541666666666665 0.9222222222222223 0.21510416666666668 0.9222222222222223
2 0.2635416666666667 0.49444444444444446 0.31145833333333334 0.49444444444444446 0.31145833333333334 0.6805555555555556 0.2635416666666667 0.6805555555555556
2 0.309375 0.38981481481481484 0.3484375 0.38981481481481484 0.3484375 0.5027777777777778 0.309375 0.5027777777777778
2 0.36822916666666666 0.3962962962962963 0.40625 0.3962962962962963 0.40625 0.5305555555555556 0.36822916666666666 0.5305555555555556
2 0.3421875 0.27685185185185185 0.3729166666666667 0.27685185185185185 0.3729166666666667 0.37222222222222223 0.3421875 0.37222222222222223
2 0.37083333333333335 0.2361111111111111 0.38697916666666665 0.2361111111111111 0.38697916666666665 0.3074074074074074 0.37083333333333335 0.3074074074074074
2 0.39010416666666664 0.2722222222222222 0.4119791666666667 0.2722222222222222 0.4119791666666667 0.3712962962962963 0.39010416666666664 0.3712962962962963
2 0.75 0.4185185185185185 0.7895833333333333 0.4185185185185185 0.7895833333333333 0.524074074074074 0.75 0.524074074074074
2 0.9005208333333333 0.5712962962962963 0.9598958333333333 0.5712962962962963 0.9598958333333333 0.7398148148148148 0.9005208333333333 0.7398148148148148
2 0.628125 0.23333333333333334 0.65625 0.23333333333333334 0.65625 0.3296296296296296 0.628125 0.3296296296296296
2 0.39739583333333334 0.17962962962962964 0.4161458333333333 0.17962962962962964 0.4161458333333333 0.2388888888888889 0.39739583333333334 0.2388888888888889
2 0.41458333333333336 0.20185185185185187 0.4270833333333333 0.20185185185185187 0.4270833333333333 0.2712962962962963 0.41458333333333336 0.2712962962962963
2 0.4197916666666667 0.14444444444444443 0.4276041666666667 0.14444444444444443 0.4276041666666667 0.18796296296296297 0.4197916666666667 0.18796296296296297
2 0.4010416666666667 0.11944444444444445 0.415625 0.11944444444444445 0.415625 0.16018518518518518 0.4010416666666667 0.16018518518518518
2 0.43020833333333336 0.16111111111111112 0.44166666666666665 0.16111111111111112 0.44166666666666665 0.21851851851851853 0.43020833333333336 0.21851851851851853
2 0.44479166666666664 0.1527777777777778 0.4557291666666667 0.1527777777777778 0.4557291666666667 0.2111111111111111 0.44479166666666664 0.2111111111111111
2 0.46197916666666666 0.1638888888888889 0.4739583333333333 0.1638888888888889 0.4739583333333333 0.20833333333333334 0.46197916666666666 0.20833333333333334
2 0.4427083333333333 0.1361111111111111 0.45 0.1361111111111111 0.45 0.1685185185185185 0.4427083333333333 0.1685185185185185
2 0.45416666666666666 0.125 0.4609375 0.125 0.4609375 0.1638888888888889 0.45416666666666666 0.1638888888888889
2 0.5625 0.13333333333333333 0.5734375 0.13333333333333333 0.5734375 0.175 0.5625 0.175
2 0.5822916666666667 0.13055555555555556 0.5953125 0.13055555555555556 0.5953125 0.17314814814814813 0.5822916666666667 0.17314814814814813
1 0.528125 0.1259259259259259 0.55625 0.1259259259259259 0.55625 0.1685185185185185 0.528125 0.1685185185185185
2 0.5015625 0.18888888888888888 0.5322916666666667 0.18888888888888888 0.5322916666666667 0.2462962962962963 0.5015625 0.2462962962962963