1 0.14479166666666668 0.3296296296296296 0.2682291666666667 0.3296296296296296 0.2682291666666667 0.5083333333333333 0.14479166666666668 0.5083333333333333
1 0.334375 0.18333333333333332 0.390625 0.18333333333333332 0.390625 0.24351851851851852 0.334375 0.24351851851851852
2 0.6817708333333333 0.32222222222222224 0.709375 0.32222222222222224 0.709375 0.4324074074074074 0.6817708333333333 0.4324074074074074
2 0.28854166666666664 0.47685185185185186 0.321875 0.47685185185185186 0.321875 0.6527777777777778 0.28854166666666664 0.6527777777777778
2 0.240625 0.4324074074074074 0.2796875 0.4324074074074074 0.2796875 0.5694444444444444 0.240625 0.5694444444444444
2 0.3333333333333333 0.29074074074074074 0.35572916666666665 0.29074074074074074 0.35572916666666665 0.4 0.3333333333333333 0.4
2 0.4083333333333333 0.3277777777777778 0.42864583333333334 0.3277777777777778 0.42864583333333334 0.44814814814814813 0.4083333333333333 0.44814814814814813
2 0.390625 0.2759259259259259 0.4078125 0.2759259259259259 0.4078125 0.36203703703703705 0.390625 0.36203703703703705
2 0.4296875 0.26481481481481484 0.44583333333333336 0.26481481481481484 0.44583333333333336 0.35 0.4296875 0.35
2 0.6630208333333333 0.24722222222222223 0.6833333333333333 0.24722222222222223 0.6833333333333333 0.3138888888888889 0.6630208333333333 0.3138888888888889
2 0.565625 0.18055555555555555 0.6020833333333333 0.18055555555555555 0.6020833333333333 0.2361111111111111 0.565625 0.2361111111111111
2 0.6359375 0.18611111111111112 0.65 0.18611111111111112 0.65 0.23703703703703705 0.6359375 0.23703703703703705
2 0.37864583333333335 0.23148148148148148 0.39114583333333336 0.23148148148148148 0.39114583333333336 0.2972222222222222 0.37864583333333335 0.2972222222222222
2 0.415625 0.18333333333333332 0.43125 0.18333333333333332 0.43125 0.24814814814814815 0.415625 0.24814814814814815
2 0.4401041666666667 0.18333333333333332 0.44947916666666665 0.18333333333333332 0.44947916666666665 0.2537037037037037 0.4401041666666667 0.2537037037037037
2 0.46041666666666664 0.16666666666666666 0.471875 0.16666666666666666 0.471875 0.21666666666666667 0.46041666666666664 0.21666666666666667
2 0.48385416666666664 0.1638888888888889 0.49375 0.1638888888888889 0.49375 0.22407407407407406 0.48385416666666664 0.22407407407407406
2 0.4041666666666667 0.1425925925925926 0.41510416666666666 0.1425925925925926 0.41510416666666666 0.18518518518518517 0.4041666666666667 0.18518518518518517
2 0.421875 0.14722222222222223 0.42864583333333334 0.14722222222222223 0.42864583333333334 0.1814814814814815 0.421875 0.1814814814814815
2 0.42916666666666664 0.15185185185185185 0.4375 0.15185185185185185 0.4375 0.19444444444444445 0.42916666666666664 0.19444444444444445
2 0.43802083333333336 0.13148148148148148 0.4473958333333333 0.13148148148148148 0.4473958333333333 0.17037037037037037 0.43802083333333336 0.17037037037037037
2 0.45416666666666666 0.13240740740740742 0.46041666666666664 0.13240740740740742 0.46041666666666664 0.17314814814814813 0.45416666666666666 0.17314814814814813
2 0.48802083333333335 0.13425925925925927 0.4973958333333333 0.13425925925925927 0.4973958333333333 0.17314814814814813 0.48802083333333335 0.17314814814814813
2 0.4744791666666667 0.11666666666666667 0.4822916666666667 0.11666666666666667 0.4822916666666667 0.15092592592592594 0.4744791666666667 0.15092592592592594
2 0.4640625 0.12962962962962962 0.46979166666666666 0.12962962962962962 0.46979166666666666 0.1527777777777778 0.4640625 0.1527777777777778
2 0.5833333333333334 0.11388888888888889 0.5953125 0.11388888888888889 0.5953125 0.1574074074074074 0.5833333333333334 0.1574074074074074
1 0.5453125 0.12037037037037036 0.5770833333333333 0.12037037037037036 0.5770833333333333 0.1675925925925926 0.5453125 0.1675925925925926
1 0.6557291666666667 0.13518518518518519 0.7098958333333333 0.13518518518518519 0.7098958333333333 0.17592592592592593 0.6557291666666667 0.17592592592592593
1 0.309375 0.5907407407407408 0.43072916666666666 0.5907407407407408 0.43072916666666666 0.9740740740740741 0.309375 0.9740740740740741