1 0.5041666666666667 0 0.603125 0 0.603125 0.09444444444444444 0.5041666666666667 0.09444444444444444
1 0.6510416666666666 0.18703703703703703 0.6864583333333333 0.18703703703703703 0.6864583333333333 0.30925925925925923 0.6510416666666666 0.30925925925925923
2 0.6473958333333333 0.3388888888888889 0.6770833333333334 0.3388888888888889 0.6770833333333334 0.3731481481481482 0.6473958333333333 0.3731481481481482
2 0.37395833333333334 0.05740740740740741 0.46458333333333335 0.05740740740740741 0.46458333333333335 0.1537037037037037 0.37395833333333334 0.1537037037037037
2 0.65 0.7805555555555556 0.6739583333333333 0.7805555555555556 0.6739583333333333 0.8111111111111111 0.65 0.8111111111111111
2 0.6078125 0.3638888888888889 0.6479166666666667 0.3638888888888889 0.6479166666666667 0.412962962962963 0.6078125 0.412962962962963
2 0.5520833333333334 0.787962962962963 0.6057291666666667 0.787962962962963 0.6057291666666667 0.8444444444444444 0.5520833333333334 0.8444444444444444
2 0.6328125 0.6527777777777778 0.6682291666666667 0.6527777777777778 0.6682291666666667 0.6907407407407408 0.6328125 0.6907407407407408
2 0.7088541666666667 0.5703703703703704 0.7265625 0.5703703703703704 0.7265625 0.5935185185185186 0.7088541666666667 0.5935185185185186
2 0.7041666666666667 0.6583333333333333 0.7229166666666667 0.6583333333333333 0.7229166666666667 0.6833333333333333 0.7041666666666667 0.6833333333333333
2 0.5848958333333333 0.687962962962963 0.6286458333333333 0.687962962962963 0.6286458333333333 0.7351851851851852 0.5848958333333333 0.7351851851851852
2 0.6515625 0.3907407407407407 0.678125 0.3907407407407407 0.678125 0.42407407407407405 0.6515625 0.42407407407407405
2 0.6520833333333333 0.5925925925925926 0.6854166666666667 0.5925925925925926 0.6854166666666667 0.6342592592592593 0.6520833333333333 0.6342592592592593
2 0.42239583333333336 0.8907407407407407 0.49947916666666664 0.8907407407407407 0.49947916666666664 0.9777777777777777 0.42239583333333336 0.9777777777777777
2 0.6208333333333333 0.7037037037037037 0.65625 0.7037037037037037 0.65625 0.7472222222222222 0.6208333333333333 0.7472222222222222
2 0.6578125 0.6018518518518519 0.6901041666666666 0.6018518518518519 0.6901041666666666 0.649074074074074 0.6578125 0.649074074074074
2 0.6229166666666667 0.43796296296296294 0.6697916666666667 0.43796296296296294 0.6697916666666667 0.4685185185185185 0.6229166666666667 0.4685185185185185
2 0.48541666666666666 0.9425925925925925 0.5510416666666667 0.9425925925925925 0.5510416666666667 1 0.48541666666666666 1
2 0.4578125 0.2777777777777778 0.5447916666666667 0.2777777777777778 0.5447916666666667 0.3416666666666667 0.4578125 0.3416666666666667
2 0.51875 0.24722222222222223 0.58125 0.24722222222222223 0.58125 0.30277777777777776 0.51875 0.30277777777777776