1 0.3927083333333333 0.9083333333333333 0.4984375 0.9083333333333333 0.4984375 1 0.3927083333333333 1
1 0.3203125 0.7138888888888889 0.3578125 0.7138888888888889 0.3578125 0.825925925925926 0.3203125 0.825925925925926
2 0.31875 0.38425925925925924 0.34791666666666665 0.38425925925925924 0.34791666666666665 0.44814814814814813 0.31875 0.44814814814814813
2 0.34739583333333335 0.5546296296296296 0.39010416666666664 0.5546296296296296 0.39010416666666664 0.5972222222222222 0.34739583333333335 0.5972222222222222
2 0.4432291666666667 0 0.5109375 0 0.5109375 0.05648148148148148 0.4432291666666667 0.05648148148148148
2 0.3614583333333333 0.6759259259259259 0.4088541666666667 0.6759259259259259 0.4088541666666667 0.725925925925926 0.3614583333333333 0.725925925925926
2 0.47552083333333334 0.6925925925925925 0.5651041666666666 0.6925925925925925 0.5651041666666666 0.7777777777777778 0.47552083333333334 0.7777777777777778
2 0.36302083333333335 0.22314814814814815 0.409375 0.22314814814814815 0.409375 0.2657407407407407 0.36302083333333335 0.2657407407407407
2 0.4875 0.5666666666666667 0.5817708333333333 0.5666666666666667 0.5817708333333333 0.6416666666666667 0.4875 0.6416666666666667
2 0.2989583333333333 0.5055555555555555 0.32760416666666664 0.5055555555555555 0.32760416666666664 0.5333333333333333 0.2989583333333333 0.5333333333333333
2 0.3 0.600925925925926 0.325 0.600925925925926 0.325 0.6277777777777778 0.3 0.6277777777777778
2 0.3796875 0.6111111111111112 0.43854166666666666 0.6111111111111112 0.43854166666666666 0.674074074074074 0.3796875 0.674074074074074
2 0.3307291666666667 0.2324074074074074 0.3614583333333333 0.2324074074074074 0.3614583333333333 0.26944444444444443 0.3307291666666667 0.26944444444444443
2 0.2953125 0.3138888888888889 0.32395833333333335 0.3138888888888889 0.32395833333333335 0.3472222222222222 0.2953125 0.3472222222222222
2 0.29739583333333336 0.5537037037037037 0.31666666666666665 0.5537037037037037 0.31666666666666665 0.5796296296296296 0.29739583333333336 0.5796296296296296
2 0.3177083333333333 0.33611111111111114 0.3416666666666667 0.33611111111111114 0.3416666666666667 0.36574074074074076 0.3177083333333333 0.36574074074074076
2 0.3614583333333333 0.17222222222222222 0.4078125 0.17222222222222222 0.4078125 0.2101851851851852 0.3614583333333333 0.2101851851851852
2 0.3072916666666667 0.6537037037037037 0.340625 0.6537037037037037 0.340625 0.6759259259259259 0.3072916666666667 0.6759259259259259
2 0.34375 0.6129629629629629 0.3885416666666667 0.6129629629629629 0.3885416666666667 0.6416666666666667 0.34375 0.6416666666666667
2 0.3411458333333333 0.6564814814814814 0.3776041666666667 0.6564814814814814 0.3776041666666667 0.6898148148148148 0.3411458333333333 0.6898148148148148