1 0.5067708333333333 0 0.6046875 0 0.6046875 0.09259259259259259 0.5067708333333333 0.09259259259259259
1 0.6494791666666667 0.18703703703703703 0.6838541666666667 0.18703703703703703 0.6838541666666667 0.30648148148148147 0.6494791666666667 0.30648148148148147
2 0.5145833333333333 0.7324074074074074 0.5765625 0.7324074074074074 0.5765625 0.7953703703703704 0.5145833333333333 0.7953703703703704
2 0.5921875 0.6527777777777778 0.6380208333333334 0.6527777777777778 0.6380208333333334 0.7055555555555556 0.5921875 0.7055555555555556
2 0.4666666666666667 0.8731481481481481 0.5354166666666667 0.8731481481481481 0.5354166666666667 0.9490740740740741 0.4666666666666667 0.9490740740740741
2 0.65625 0.6759259259259259 0.6854166666666667 0.6759259259259259 0.6854166666666667 0.7194444444444444 0.65625 0.7194444444444444
2 0.4 0.022222222222222223 0.4869791666666667 0.022222222222222223 0.4869791666666667 0.11851851851851852 0.4 0.11851851851851852
2 0.5083333333333333 0.22037037037037038 0.5770833333333333 0.22037037037037038 0.5770833333333333 0.2935185185185185 0.5083333333333333 0.2935185185185185
2 0.553125 0.3416666666666667 0.6135416666666667 0.3416666666666667 0.6135416666666667 0.4027777777777778 0.553125 0.4027777777777778
2 0.6411458333333333 0.7509259259259259 0.6729166666666667 0.7509259259259259 0.6729166666666667 0.7944444444444444 0.6411458333333333 0.7944444444444444
2 0.5822916666666667 0.7444444444444445 0.628125 0.7444444444444445 0.628125 0.787962962962963 0.5822916666666667 0.787962962962963
2 0.6536458333333334 0.5027777777777778 0.6911458333333333 0.5027777777777778 0.6911458333333333 0.5555555555555556 0.6536458333333334 0.5555555555555556
2 0.64375 0.3888888888888889 0.6776041666666667 0.3888888888888889 0.6776041666666667 0.42592592592592593 0.64375 0.42592592592592593
2 0.63125 0.600925925925926 0.6729166666666667 0.600925925925926 0.6729166666666667 0.6527777777777778 0.63125 0.6527777777777778
2 0.6578125 0.44074074074074077 0.6958333333333333 0.44074074074074077 0.6958333333333333 0.4685185185185185 0.6578125 0.4685185185185185