1 0.4973958333333333 0 0.5958333333333333 0 0.5958333333333333 0.08796296296296297 0.4973958333333333 0.08796296296296297
1 0.6453125 0.20092592592592592 0.6807291666666667 0.20092592592592592 0.6807291666666667 0.30462962962962964 0.6453125 0.30462962962962964
1 0.69375 0.5787037037037037 0.7197916666666667 0.5787037037037037 0.7197916666666667 0.6240740740740741 0.69375 0.6240740740740741
2 0.4510416666666667 0.24351851851851852 0.5401041666666667 0.24351851851851852 0.5401041666666667 0.3148148148148148 0.4510416666666667 0.3148148148148148
2 0.5130208333333334 0.14444444444444443 0.5807291666666666 0.14444444444444443 0.5807291666666666 0.19537037037037036 0.5130208333333334 0.19537037037037036
2 0.5375 0.25833333333333336 0.5921875 0.25833333333333336 0.5921875 0.2962962962962963 0.5375 0.2962962962962963
2 0.534375 0.3287037037037037 0.6057291666666667 0.3287037037037037 0.6057291666666667 0.38425925925925924 0.534375 0.38425925925925924
2 0.5796875 0.24074074074074073 0.6265625 0.24074074074074073 0.6265625 0.2814814814814815 0.5796875 0.2814814814814815
2 0.6239583333333333 0.325 0.6625 0.325 0.6625 0.35 0.6239583333333333 0.35
2 0.615625 0.35833333333333334 0.6515625 0.35833333333333334 0.6515625 0.3861111111111111 0.615625 0.3861111111111111
2 0.6583333333333333 0.35462962962962963 0.6822916666666666 0.35462962962962963 0.6822916666666666 0.3712962962962963 0.6583333333333333 0.3712962962962963
2 0.6666666666666666 0.3453703703703704 0.6921875 0.3453703703703704 0.6921875 0.3592592592592593 0.6666666666666666 0.3592592592592593
2 0.671875 0.33055555555555555 0.6932291666666667 0.33055555555555555 0.6932291666666667 0.35 0.671875 0.35
2 0.6755208333333333 0.38425925925925924 0.6994791666666667 0.38425925925925924 0.6994791666666667 0.4 0.6755208333333333 0.4
2 0.6322916666666667 0.38333333333333336 0.6708333333333333 0.38333333333333336 0.6708333333333333 0.4009259259259259 0.6322916666666667 0.4009259259259259
2 0.6348958333333333 0.42314814814814816 0.671875 0.42314814814814816 0.671875 0.44351851851851853 0.6348958333333333 0.44351851851851853
2 0.6307291666666667 0.45740740740740743 0.6671875 0.45740740740740743 0.6671875 0.4777777777777778 0.6307291666666667 0.4777777777777778
2 0.6723958333333333 0.4675925925925926 0.6932291666666667 0.4675925925925926 0.6932291666666667 0.4861111111111111 0.6723958333333333 0.4861111111111111
2 0.6666666666666666 0.41388888888888886 0.6880208333333333 0.41388888888888886 0.6880208333333333 0.42777777777777776 0.6666666666666666 0.42777777777777776
2 0.6734375 0.4064814814814815 0.6973958333333333 0.4064814814814815 0.6973958333333333 0.4166666666666667 0.6734375 0.4166666666666667
2 0.6838541666666667 0.42314814814814816 0.7010416666666667 0.42314814814814816 0.7010416666666667 0.43333333333333335 0.6838541666666667 0.43333333333333335
2 0.6864583333333333 0.4324074074074074 0.709375 0.4324074074074074 0.709375 0.44722222222222224 0.6864583333333333 0.44722222222222224
2 0.6885416666666667 0.45740740740740743 0.7067708333333333 0.45740740740740743 0.7067708333333333 0.47314814814814815 0.6885416666666667 0.47314814814814815
2 0.7 0.44166666666666665 0.715625 0.44166666666666665 0.715625 0.45555555555555555 0.7 0.45555555555555555
2 0.6921875 0.4046296296296296 0.7114583333333333 0.4046296296296296 0.7114583333333333 0.41759259259259257 0.6921875 0.41759259259259257
2 0.653125 0.6148148148148148 0.6859375 0.6148148148148148 0.6859375 0.6574074074074074 0.653125 0.6574074074074074
2 0.6494791666666667 0.6564814814814814 0.6822916666666666 0.6564814814814814 0.6822916666666666 0.6990740740740741 0.6494791666666667 0.6990740740740741
2 0.5828125 0.7731481481481481 0.6291666666666667 0.7731481481481481 0.6291666666666667 0.799074074074074 0.5828125 0.799074074074074
2 0.6255208333333333 0.7657407407407407 0.6598958333333333 0.7657407407407407 0.6598958333333333 0.799074074074074 0.6255208333333333 0.799074074074074
2 0.6572916666666667 0.712037037037037 0.6895833333333333 0.712037037037037 0.6895833333333333 0.7407407407407407 0.6572916666666667 0.7407407407407407
1 0.6729166666666667 0.7648148148148148 0.7109375 0.7648148148148148 0.7109375 0.8666666666666667 0.6729166666666667 0.8666666666666667