1 0.6489583333333333 0.18888888888888888 0.6848958333333334 0.18888888888888888 0.6848958333333334 0.3055555555555556 0.6489583333333333 0.3055555555555556
1 0.5067708333333333 0 0.6057291666666667 0 0.6057291666666667 0.09259259259259259 0.5067708333333333 0.09259259259259259
2 0.4609375 0.9731481481481481 0.5307291666666667 0.9731481481481481 0.5307291666666667 1 0.4609375 1
2 0.534375 0.812037037037037 0.5901041666666667 0.812037037037037 0.5901041666666667 0.8731481481481481 0.534375 0.8731481481481481
2 0.37083333333333335 0.9314814814814815 0.46875 0.9314814814814815 0.46875 1 0.37083333333333335 1
2 0.42135416666666664 0.11851851851851852 0.5067708333333333 0.11851851851851852 0.5067708333333333 0.21296296296296297 0.42135416666666664 0.21296296296296297
2 0.6234375 0.6527777777777778 0.6630208333333333 0.6527777777777778 0.6630208333333333 0.6925925925925925 0.6234375 0.6925925925925925
2 0.6520833333333333 0.34444444444444444 0.68125 0.34444444444444444 0.68125 0.37777777777777777 0.6520833333333333 0.37777777777777777
2 0.5432291666666667 0.2657407407407407 0.5932291666666667 0.2657407407407407 0.5932291666666667 0.32314814814814813 0.5432291666666667 0.32314814814814813
2 0.6197916666666666 0.3731481481481482 0.6598958333333333 0.3731481481481482 0.6598958333333333 0.4166666666666667 0.6197916666666666 0.4166666666666667
2 0.49270833333333336 0.30092592592592593 0.565625 0.30092592592592593 0.565625 0.3675925925925926 0.49270833333333336 0.3675925925925926
2 0.634375 0.4305555555555556 0.6682291666666667 0.4305555555555556 0.6682291666666667 0.4685185185185185 0.634375 0.4685185185185185
2 0.6640625 0.7055555555555556 0.6927083333333334 0.7055555555555556 0.6927083333333334 0.7425925925925926 0.6640625 0.7425925925925926
2 0.6473958333333333 0.5935185185185186 0.6833333333333333 0.5935185185185186 0.6833333333333333 0.6333333333333333 0.6473958333333333 0.6333333333333333
2 0.6942708333333333 0.6324074074074074 0.7151041666666667 0.6324074074074074 0.7151041666666667 0.6574074074074074 0.6942708333333333 0.6574074074074074