1 0.1390625 0.3074074074074074 0.26510416666666664 0.3074074074074074 0.26510416666666664 0.4888888888888889 0.1390625 0.4888888888888889
1 0.6958333333333333 0.5064814814814815 0.8604166666666667 0.5064814814814815 0.8604166666666667 0.7222222222222222 0.6958333333333333 0.7222222222222222
1 0.534375 0.11944444444444445 0.5666666666666667 0.11944444444444445 0.5666666666666667 0.16296296296296298 0.534375 0.16296296296296298
2 0.9354166666666667 0.7592592592592593 1 0.7592592592592593 1 0.9953703703703703 0.9354166666666667 0.9953703703703703
2 0.0026041666666666665 0.5388888888888889 0.0875 0.5388888888888889 0.0875 0.7287037037037037 0.0026041666666666665 0.7287037037037037
2 0 0.7824074074074074 0.06666666666666667 0.7824074074074074 0.06666666666666667 0.9981481481481481 0 0.9981481481481481
2 0.384375 0.5435185185185185 0.440625 0.5435185185185185 0.440625 0.725 0.384375 0.725
2 0.553125 0.1712962962962963 0.5776041666666667 0.1712962962962963 0.5776041666666667 0.22962962962962963 0.553125 0.22962962962962963
2 0.7401041666666667 0.7712962962962963 0.8140625 0.7712962962962963 0.8140625 0.9981481481481481 0.7401041666666667 0.9981481481481481
2 0.3421875 0.4185185185185185 0.378125 0.4185185185185185 0.378125 0.562962962962963 0.3421875 0.562962962962963
2 0.259375 0.44351851851851853 0.30416666666666664 0.44351851851851853 0.30416666666666664 0.5907407407407408 0.259375 0.5907407407407408
2 0.6447916666666667 0.25 0.6661458333333333 0.25 0.6661458333333333 0.3212962962962963 0.6447916666666667 0.3212962962962963
2 0.3958333333333333 0.28425925925925927 0.4270833333333333 0.28425925925925927 0.4270833333333333 0.37777777777777777 0.3958333333333333 0.37777777777777777
2 0.6489583333333333 0.19444444444444445 0.6703125 0.19444444444444445 0.6703125 0.2462962962962963 0.6489583333333333 0.2462962962962963
1 0.5755208333333334 0.13796296296296295 0.6177083333333333 0.13796296296296295 0.6177083333333333 0.1935185185185185 0.5755208333333334 0.1935185185185185
2 0.4546875 0.1824074074074074 0.4744791666666667 0.1824074074074074 0.4744791666666667 0.23425925925925925 0.4546875 0.23425925925925925
0 0.34479166666666666 0.12129629629629629 0.42291666666666666 0.12129629629629629 0.42291666666666666 0.28703703703703703 0.34479166666666666 0.28703703703703703
2 0.2765625 0.32314814814814813 0.30625 0.32314814814814813 0.30625 0.42407407407407405 0.2765625 0.42407407407407405
2 0.4453125 0.2101851851851852 0.465625 0.2101851851851852 0.465625 0.2638888888888889 0.4453125 0.2638888888888889
2 0.41822916666666665 0.24722222222222223 0.44635416666666666 0.24722222222222223 0.44635416666666666 0.32037037037037036 0.41822916666666665 0.32037037037037036
2 0.6375 0.33055555555555555 0.671875 0.33055555555555555 0.671875 0.45 0.6375 0.45