1 0.5015625 0 0.6020833333333333 0 0.6020833333333333 0.09722222222222222 0.5015625 0.09722222222222222
1 0.6453125 0.20555555555555555 0.6807291666666667 0.20555555555555555 0.6807291666666667 0.30185185185185187 0.6453125 0.30185185185185187
1 0.6921875 0.45555555555555555 0.7166666666666667 0.45555555555555555 0.7166666666666667 0.5037037037037037 0.6921875 0.5037037037037037
1 0.6880208333333333 0.7175925925925926 0.7140625 0.7175925925925926 0.7140625 0.812037037037037 0.6880208333333333 0.812037037037037
2 0.3380208333333333 0.021296296296296296 0.4557291666666667 0.021296296296296296 0.4557291666666667 0.10833333333333334 0.3380208333333333 0.10833333333333334
2 0.4640625 0.08148148148148149 0.5447916666666667 0.08148148148148149 0.5447916666666667 0.1398148148148148 0.4640625 0.1398148148148148
2 0.35260416666666666 0.18055555555555555 0.47239583333333335 0.18055555555555555 0.47239583333333335 0.2935185185185185 0.35260416666666666 0.2935185185185185
2 0.5192708333333333 0.2222222222222222 0.5895833333333333 0.2222222222222222 0.5895833333333333 0.29074074074074074 0.5192708333333333 0.29074074074074074
2 0.5802083333333333 0.2712962962962963 0.6265625 0.2712962962962963 0.6265625 0.3055555555555556 0.5802083333333333 0.3055555555555556
2 0.6182291666666667 0.30277777777777776 0.6552083333333333 0.30277777777777776 0.6552083333333333 0.32314814814814813 0.6182291666666667 0.32314814814814813
2 0.5682291666666667 0.32037037037037036 0.6234375 0.32037037037037036 0.6234375 0.3648148148148148 0.5682291666666667 0.3648148148148148
2 0.5489583333333333 0.3787037037037037 0.603125 0.3787037037037037 0.603125 0.4083333333333333 0.5489583333333333 0.4083333333333333
2 0.621875 0.38055555555555554 0.6578125 0.38055555555555554 0.6578125 0.4064814814814815 0.621875 0.4064814814814815
2 0.6192708333333333 0.4583333333333333 0.6630208333333333 0.4583333333333333 0.6630208333333333 0.4898148148148148 0.6192708333333333 0.4898148148148148
2 0.6348958333333333 0.7064814814814815 0.6677083333333333 0.7064814814814815 0.6677083333333333 0.7388888888888889 0.6348958333333333 0.7388888888888889
2 0.6526041666666667 0.7518518518518519 0.6796875 0.7518518518518519 0.6796875 0.7712962962962963 0.6526041666666667 0.7712962962962963
2 0.665625 0.7027777777777777 0.6911458333333333 0.7027777777777777 0.6911458333333333 0.7296296296296296 0.665625 0.7296296296296296
2 0.6640625 0.6564814814814814 0.6979166666666666 0.6564814814814814 0.6979166666666666 0.6796296296296296 0.6640625 0.6796296296296296
2 0.6885416666666667 0.6768518518518518 0.7125 0.6768518518518518 0.7125 0.6935185185185185 0.6885416666666667 0.6935185185185185
2 0.5885416666666666 0.3962962962962963 0.6291666666666667 0.3962962962962963 0.6291666666666667 0.42314814814814816 0.5885416666666666 0.42314814814814816
2 0.6609375 0.45740740740740743 0.6911458333333333 0.45740740740740743 0.6911458333333333 0.4740740740740741 0.6609375 0.4740740740740741
2 0.6578125 0.42685185185185187 0.6895833333333333 0.42685185185185187 0.6895833333333333 0.45092592592592595 0.6578125 0.45092592592592595
2 0.6546875 0.3907407407407407 0.6848958333333334 0.3907407407407407 0.6848958333333334 0.4111111111111111 0.6546875 0.4111111111111111
2 0.6421875 0.362962962962963 0.6734375 0.362962962962963 0.6734375 0.38981481481481484 0.6421875 0.38981481481481484
2 0.6671875 0.37037037037037035 0.6875 0.37037037037037035 0.6875 0.3824074074074074 0.6671875 0.3824074074074074
2 0.6609375 0.3435185185185185 0.6916666666666667 0.3435185185185185 0.6916666666666667 0.362962962962963 0.6609375 0.362962962962963
2 0.6536458333333334 0.31666666666666665 0.6864583333333333 0.31666666666666665 0.6864583333333333 0.3398148148148148 0.6536458333333334 0.3398148148148148
2 0.6395833333333333 0.2916666666666667 0.671875 0.2916666666666667 0.671875 0.31203703703703706 0.6395833333333333 0.31203703703703706
2 0.6786458333333333 0.40370370370370373 0.7010416666666667 0.40370370370370373 0.7010416666666667 0.41388888888888886 0.6786458333333333 0.41388888888888886
2 0.6822916666666666 0.4398148148148148 0.7052083333333333 0.4398148148148148 0.7052083333333333 0.45740740740740743 0.6822916666666666 0.45740740740740743
2 0.7010416666666667 0.49907407407407406 0.725 0.49907407407407406 0.725 0.5185185185185185 0.7010416666666667 0.5185185185185185
2 0.7 0.42962962962962964 0.7192708333333333 0.42962962962962964 0.7192708333333333 0.44537037037037036 0.7 0.44537037037037036