1 0.1421875 0.3194444444444444 0.2677083333333333 0.3194444444444444 0.2677083333333333 0.49907407407407406 0.1421875 0.49907407407407406
1 0.4515625 0.1675925925925926 0.4901041666666667 0.1675925925925926 0.4901041666666667 0.22777777777777777 0.4515625 0.22777777777777777
1 0.3302083333333333 0.175 0.39114583333333336 0.175 0.39114583333333336 0.24074074074074073 0.3302083333333333 0.24074074074074073
1 0.5901041666666667 0.1037037037037037 0.6229166666666667 0.1037037037037037 0.6229166666666667 0.1425925925925926 0.5901041666666667 0.1425925925925926
2 0.8151041666666666 0.5212962962962963 0.8536458333333333 0.5212962962962963 0.8536458333333333 0.6972222222222222 0.8151041666666666 0.6972222222222222
2 0.36041666666666666 0.6083333333333333 0.4046875 0.6083333333333333 0.4046875 0.8037037037037037 0.36041666666666666 0.8037037037037037
2 0.21197916666666666 0.8601851851851852 0.2765625 0.8601851851851852 0.2765625 1 0.21197916666666666 1
2 0.15052083333333333 0.825925925925926 0.20260416666666667 0.825925925925926 0.20260416666666667 1 0.15052083333333333 1
2 0.1296875 0.6388888888888888 0.16822916666666668 0.6388888888888888 0.16822916666666668 0.8574074074074074 0.1296875 0.8574074074074074
2 0.18489583333333334 0.512962962962963 0.22760416666666666 0.512962962962963 0.22760416666666666 0.6675925925925926 0.18489583333333334 0.6675925925925926
2 0.29583333333333334 0.49537037037037035 0.32760416666666664 0.49537037037037035 0.32760416666666664 0.649074074074074 0.29583333333333334 0.649074074074074
2 0.2578125 0.3824074074074074 0.28541666666666665 0.3824074074074074 0.28541666666666665 0.4824074074074074 0.2578125 0.4824074074074074
2 0.309375 0.3824074074074074 0.3390625 0.3824074074074074 0.3390625 0.5046296296296297 0.309375 0.5046296296296297
2 0.39479166666666665 0.362962962962963 0.43020833333333336 0.362962962962963 0.43020833333333336 0.4824074074074074 0.39479166666666665 0.4824074074074074
2 0.3536458333333333 0.31666666666666665 0.3770833333333333 0.31666666666666665 0.3770833333333333 0.41944444444444445 0.3536458333333333 0.41944444444444445
2 0.42552083333333335 0.29907407407407405 0.44947916666666665 0.29907407407407405 0.44947916666666665 0.38425925925925924 0.42552083333333335 0.38425925925925924
2 0.36041666666666666 0.28055555555555556 0.37916666666666665 0.28055555555555556 0.37916666666666665 0.35185185185185186 0.36041666666666666 0.35185185185185186
2 0.34791666666666665 0.24351851851851852 0.36614583333333334 0.24351851851851852 0.36614583333333334 0.3074074074074074 0.34791666666666665 0.3074074074074074
2 0.3802083333333333 0.24351851851851852 0.39375 0.24351851851851852 0.39375 0.3175925925925926 0.3802083333333333 0.3175925925925926
2 0.3958333333333333 0.22407407407407406 0.41354166666666664 0.22407407407407406 0.41354166666666664 0.29074074074074074 0.3958333333333333 0.29074074074074074
2 0.4265625 0.21574074074074073 0.4395833333333333 0.21574074074074073 0.4395833333333333 0.2796296296296296 0.4265625 0.2796296296296296
2 0.4473958333333333 0.23425925925925925 0.46145833333333336 0.23425925925925925 0.46145833333333336 0.3037037037037037 0.4473958333333333 0.3037037037037037
2 0.409375 0.19074074074074074 0.42135416666666664 0.19074074074074074 0.42135416666666664 0.2388888888888889 0.409375 0.2388888888888889
2 0.43125 0.16203703703703703 0.4375 0.16203703703703703 0.4375 0.2175925925925926 0.43125 0.2175925925925926
2 0.49583333333333335 0.13240740740740742 0.5083333333333333 0.13240740740740742 0.5083333333333333 0.18703703703703703 0.49583333333333335 0.18703703703703703
2 0.4671875 0.13240740740740742 0.47708333333333336 0.13240740740740742 0.47708333333333336 0.1712962962962963 0.4671875 0.1712962962962963
2 0.45416666666666666 0.14351851851851852 0.465625 0.14351851851851852 0.465625 0.18703703703703703 0.45416666666666666 0.18703703703703703
2 0.4390625 0.1425925925925926 0.4484375 0.1425925925925926 0.4484375 0.18518518518518517 0.4390625 0.18518518518518517
2 0.44479166666666664 0.11944444444444445 0.4510416666666667 0.11944444444444445 0.4510416666666667 0.16018518518518518 0.44479166666666664 0.16018518518518518
2 0.45989583333333334 0.11203703703703703 0.46927083333333336 0.11203703703703703 0.46927083333333336 0.1537037037037037 0.45989583333333334 0.1537037037037037
2 0.4317708333333333 0.1259259259259259 0.44114583333333335 0.1259259259259259 0.44114583333333335 0.16203703703703703 0.4317708333333333 0.16203703703703703
2 0.425 0.1175925925925926 0.434375 0.1175925925925926 0.434375 0.1537037037037037 0.425 0.1537037037037037
2 0.5875 0.14351851851851852 0.603125 0.14351851851851852 0.603125 0.1935185185185185 0.5875 0.1935185185185185
2 0.6234375 0.14722222222222223 0.6354166666666666 0.14722222222222223 0.6354166666666666 0.19907407407407407 0.6234375 0.19907407407407407
1 0.5640625 0.3574074074074074 0.7557291666666667 0.3574074074074074 0.7557291666666667 0.7685185185185185 0.5640625 0.7685185185185185