1 0.41770833333333335 0.937037037037037 0.51875 0.937037037037037 0.51875 1 0.41770833333333335 1
1 0.4192708333333333 0.2462962962962963 0.49322916666666666 0.2462962962962963 0.49322916666666666 0.38981481481481484 0.4192708333333333 0.38981481481481484
1 0.5255208333333333 0.6407407407407407 0.6635416666666667 0.6407407407407407 0.6635416666666667 0.8666666666666667 0.5255208333333333 0.8666666666666667
1 0.3145833333333333 0.537962962962963 0.34479166666666666 0.537962962962963 0.34479166666666666 0.5990740740740741 0.3145833333333333 0.5990740740740741
1 0.3255208333333333 0.38055555555555554 0.35833333333333334 0.38055555555555554 0.35833333333333334 0.44722222222222224 0.3255208333333333 0.44722222222222224
1 0.334375 0.7231481481481481 0.3703125 0.7231481481481481 0.3703125 0.8222222222222222 0.334375 0.8222222222222222
1 0.3078125 0.16018518518518518 0.33177083333333335 0.16018518518518518 0.33177083333333335 0.24722222222222223 0.3078125 0.24722222222222223
2 0.5682291666666667 0.9694444444444444 0.6864583333333333 0.9694444444444444 0.6864583333333333 1 0.5682291666666667 1
2 0.4921875 0.8092592592592592 0.5546875 0.8092592592592592 0.5546875 0.8712962962962963 0.4921875 0.8712962962962963
2 0.6291666666666667 0.612037037037037 0.765625 0.612037037037037 0.765625 0.7425925925925926 0.6291666666666667 0.7425925925925926
2 0.44479166666666664 0.875 0.5104166666666666 0.875 0.5104166666666666 0.937037037037037 0.44479166666666664 0.937037037037037
2 0.409375 0.8046296296296296 0.46770833333333334 0.8046296296296296 0.46770833333333334 0.8648148148148148 0.409375 0.8648148148148148
2 0.4296875 0.7546296296296297 0.4973958333333333 0.7546296296296297 0.4973958333333333 0.7944444444444444 0.4296875 0.7944444444444444
2 0.40208333333333335 0.7583333333333333 0.4375 0.7583333333333333 0.4375 0.7944444444444444 0.40208333333333335 0.7944444444444444
2 0.3859375 0.6583333333333333 0.45208333333333334 0.6583333333333333 0.45208333333333334 0.7046296296296296 0.3859375 0.7046296296296296
2 0.3776041666666667 0.6944444444444444 0.43333333333333335 0.6944444444444444 0.43333333333333335 0.7296296296296296 0.3776041666666667 0.7296296296296296
2 0.36354166666666665 0.7564814814814815 0.39895833333333336 0.7564814814814815 0.39895833333333336 0.7824074074074074 0.36354166666666665 0.7824074074074074
2 0.3651041666666667 0.7324074074074074 0.4161458333333333 0.7324074074074074 0.4161458333333333 0.7648148148148148 0.3651041666666667 0.7648148148148148
2 0.4041666666666667 0.6101851851851852 0.46822916666666664 0.6101851851851852 0.46822916666666664 0.6435185185185185 0.4041666666666667 0.6435185185185185
2 0.3802083333333333 0.549074074074074 0.4473958333333333 0.549074074074074 0.4473958333333333 0.5907407407407408 0.3802083333333333 0.5907407407407408
2 0.36822916666666666 0.6537037037037037 0.40208333333333335 0.6537037037037037 0.40208333333333335 0.6925925925925925 0.36822916666666666 0.6925925925925925
2 0.346875 0.6574074074074074 0.3848958333333333 0.6574074074074074 0.3848958333333333 0.6935185185185185 0.346875 0.6935185185185185
2 0.35208333333333336 0.6074074074074074 0.3880208333333333 0.6074074074074074 0.3880208333333333 0.6342592592592593 0.35208333333333336 0.6342592592592593
2 0.3296875 0.6444444444444445 0.35260416666666666 0.6444444444444445 0.35260416666666666 0.6601851851851852 0.3296875 0.6601851851851852
2 0.31927083333333334 0.65 0.3463541666666667 0.65 0.3463541666666667 0.6787037037037037 0.31927083333333334 0.6787037037037037
2 0.3182291666666667 0.6148148148148148 0.3494791666666667 0.6148148148148148 0.3494791666666667 0.6370370370370371 0.3182291666666667 0.6370370370370371
2 0.33177083333333335 0.4722222222222222 0.35885416666666664 0.4722222222222222 0.35885416666666664 0.5231481481481481 0.33177083333333335 0.5231481481481481
2 0.35989583333333336 0.30833333333333335 0.3880208333333333 0.30833333333333335 0.3880208333333333 0.34074074074074073 0.35989583333333336 0.34074074074074073
2 0.3296875 0.2564814814814815 0.378125 0.2564814814814815 0.378125 0.29444444444444445 0.3296875 0.29444444444444445
2 0.32760416666666664 0.29814814814814816 0.3541666666666667 0.29814814814814816 0.3541666666666667 0.3148148148148148 0.32760416666666664 0.3148148148148148
2 0.3109375 0.35 0.3411458333333333 0.35 0.3411458333333333 0.3824074074074074 0.3109375 0.3824074074074074