1 0.3255208333333333 0.17222222222222222 0.39114583333333336 0.17222222222222222 0.39114583333333336 0.2361111111111111 0.3255208333333333 0.2361111111111111
1 0.14635416666666667 0.31203703703703706 0.2713541666666667 0.31203703703703706 0.2713541666666667 0.487962962962963 0.14635416666666667 0.487962962962963
2 0.11614583333333334 0.6907407407407408 0.19166666666666668 0.6907407407407408 0.19166666666666668 0.9074074074074074 0.11614583333333334 0.9074074074074074
2 0.7666666666666667 0.4537037037037037 0.8088541666666667 0.4537037037037037 0.8088541666666667 0.5675925925925925 0.7666666666666667 0.5675925925925925
2 0.6770833333333334 0.34074074074074073 0.7114583333333333 0.34074074074074073 0.7114583333333333 0.4388888888888889 0.6770833333333334 0.4388888888888889
2 0.7447916666666666 0.5657407407407408 0.8072916666666666 0.5657407407407408 0.8072916666666666 0.7407407407407407 0.7447916666666666 0.7407407407407407
2 0.29010416666666666 0.47685185185185186 0.34322916666666664 0.47685185185185186 0.34322916666666664 0.625 0.29010416666666666 0.625
2 0.5854166666666667 0.2111111111111111 0.6078125 0.2111111111111111 0.6078125 0.2824074074074074 0.5854166666666667 0.2824074074074074
2 0.3885416666666667 0.38055555555555554 0.42604166666666665 0.38055555555555554 0.42604166666666665 0.5074074074074074 0.3885416666666667 0.5074074074074074
2 0.3692708333333333 0.3314814814814815 0.4010416666666667 0.3314814814814815 0.4010416666666667 0.4166666666666667 0.3692708333333333 0.4166666666666667
2 0.4125 0.17777777777777778 0.4317708333333333 0.17777777777777778 0.4317708333333333 0.22962962962962963 0.4125 0.22962962962962963
2 0.43072916666666666 0.20925925925925926 0.4546875 0.20925925925925926 0.4546875 0.27870370370370373 0.43072916666666666 0.27870370370370373
2 0.5526041666666667 0.17407407407407408 0.5770833333333333 0.17407407407407408 0.5770833333333333 0.2388888888888889 0.5526041666666667 0.2388888888888889
2 0.5739583333333333 0.11666666666666667 0.5885416666666666 0.11666666666666667 0.5885416666666666 0.15462962962962962 0.5739583333333333 0.15462962962962962
2 0.46197916666666666 0.20092592592592592 0.4828125 0.20092592592592592 0.4828125 0.25925925925925924 0.46197916666666666 0.25925925925925924
2 0.65625 0.18611111111111112 0.6786458333333333 0.18611111111111112 0.6786458333333333 0.2388888888888889 0.65625 0.2388888888888889
2 0.5583333333333333 0.1712962962962963 0.5833333333333334 0.1712962962962963 0.5833333333333334 0.22777777777777777 0.5583333333333333 0.22777777777777777
2 0.6145833333333334 0.28703703703703703 0.6369791666666667 0.28703703703703703 0.6369791666666667 0.37962962962962965 0.6145833333333334 0.37962962962962965
2 0.6229166666666667 0.21666666666666667 0.6432291666666666 0.21666666666666667 0.6432291666666666 0.30277777777777776 0.6229166666666667 0.30277777777777776