1 0.496875 0 0.5953125 0 0.5953125 0.08888888888888889 0.496875 0.08888888888888889
1 0.6447916666666667 0.20092592592592592 0.6807291666666667 0.20092592592592592 0.6807291666666667 0.30277777777777776 0.6447916666666667 0.30277777777777776
1 0.7 0.5787037037037037 0.7260416666666667 0.5787037037037037 0.7260416666666667 0.6231481481481481 0.7 0.6231481481481481
1 0.6796875 0.7527777777777778 0.7145833333333333 0.7527777777777778 0.7145833333333333 0.8583333333333333 0.6796875 0.8583333333333333
2 0.39895833333333336 0.1824074074074074 0.49375 0.1824074074074074 0.49375 0.25 0.39895833333333336 0.25
2 0.4765625 0.10277777777777777 0.5578125 0.10277777777777777 0.5578125 0.1638888888888889 0.4765625 0.1638888888888889
2 0.496875 0.21296296296296297 0.5734375 0.21296296296296297 0.5734375 0.2740740740740741 0.496875 0.2740740740740741
2 0.6473958333333333 0.3435185185185185 0.6755208333333333 0.3435185185185185 0.6755208333333333 0.36574074074074076 0.6473958333333333 0.36574074074074076
2 0.621875 0.31296296296296294 0.6546875 0.31296296296296294 0.6546875 0.3425925925925926 0.621875 0.3425925925925926
2 0.5979166666666667 0.3398148148148148 0.6442708333333333 0.3398148148148148 0.6442708333333333 0.36574074074074076 0.5979166666666667 0.36574074074074076
2 0.6130208333333333 0.37407407407407406 0.6625 0.37407407407407406 0.6625 0.3972222222222222 0.6130208333333333 0.3972222222222222
2 0.6286458333333333 0.412962962962963 0.6651041666666667 0.412962962962963 0.6651041666666667 0.43796296296296294 0.6286458333333333 0.43796296296296294
2 0.6177083333333333 0.4398148148148148 0.6572916666666667 0.4398148148148148 0.6572916666666667 0.4740740740740741 0.6177083333333333 0.4740740740740741
2 0.6578125 0.4638888888888889 0.6869791666666667 0.4638888888888889 0.6869791666666667 0.4888888888888889 0.6578125 0.4888888888888889
2 0.6552083333333333 0.4074074074074074 0.6828125 0.4074074074074074 0.6828125 0.425 0.6552083333333333 0.425
2 0.6734375 0.387037037037037 0.6979166666666666 0.387037037037037 0.6979166666666666 0.3962962962962963 0.6734375 0.3962962962962963
2 0.6770833333333334 0.4148148148148148 0.6979166666666666 0.4148148148148148 0.6979166666666666 0.42777777777777776 0.6770833333333334 0.42777777777777776
2 0.68125 0.43333333333333335 0.7036458333333333 0.43333333333333335 0.7036458333333333 0.44537037037037036 0.68125 0.44537037037037036
2 0.6875 0.46111111111111114 0.7041666666666667 0.46111111111111114 0.7041666666666667 0.4759259259259259 0.6875 0.4759259259259259
2 0.69375 0.44166666666666665 0.7135416666666666 0.44166666666666665 0.7135416666666666 0.4527777777777778 0.69375 0.4527777777777778
2 0.6916666666666667 0.4046296296296296 0.7109375 0.4046296296296296 0.7109375 0.41574074074074074 0.6916666666666667 0.41574074074074074
2 0.6005208333333333 0.7509259259259259 0.6416666666666667 0.7509259259259259 0.6416666666666667 0.7814814814814814 0.6005208333333333 0.7814814814814814
2 0.634375 0.762962962962963 0.6666666666666666 0.762962962962963 0.6666666666666666 0.7898148148148149 0.634375 0.7898148148148149
2 0.653125 0.6703703703703704 0.6859375 0.6703703703703704 0.6859375 0.7074074074074074 0.653125 0.7074074074074074
2 0.6583333333333333 0.6259259259259259 0.690625 0.6259259259259259 0.690625 0.6638888888888889 0.6583333333333333 0.6638888888888889
2 0.6697916666666667 0.7037037037037037 0.6979166666666666 0.7037037037037037 0.6979166666666666 0.725925925925926 0.6697916666666667 0.725925925925926
2 0.6604166666666667 0.32685185185185184 0.6864583333333333 0.32685185185185184 0.6864583333333333 0.35185185185185186 0.6604166666666667 0.35185185185185186
2 0.5578125 0.21296296296296297 0.6119791666666666 0.21296296296296297 0.6119791666666666 0.2518518518518518 0.5578125 0.2518518518518518