1 0.38697916666666665 0.33240740740740743 0.4703125 0.33240740740740743 0.4703125 0.4675925925925926 0.38697916666666665 0.4675925925925926
1 0.1484375 0.3175925925925926 0.271875 0.3175925925925926 0.271875 0.4925925925925926 0.1484375 0.4925925925925926
2 0.0015625 0.7842592592592592 0.08541666666666667 0.7842592592592592 0.08541666666666667 0.9981481481481481 0.0015625 0.9981481481481481
2 0.2755208333333333 0.4064814814814815 0.3125 0.4064814814814815 0.3125 0.5027777777777778 0.2755208333333333 0.5027777777777778
2 0.7119791666666667 0.31574074074074077 0.7510416666666667 0.31574074074074077 0.7510416666666667 0.40370370370370373 0.7119791666666667 0.40370370370370373
2 0.7453125 0.5425925925925926 0.7973958333333333 0.5425925925925926 0.7973958333333333 0.6972222222222222 0.7453125 0.6972222222222222
2 0.159375 0.5074074074074074 0.215625 0.5074074074074074 0.215625 0.6537037037037037 0.159375 0.6537037037037037
2 0.21666666666666667 0.6648148148148149 0.2796875 0.6648148148148149 0.2796875 0.8666666666666667 0.21666666666666667 0.8666666666666667
2 0.3255208333333333 0.5018518518518519 0.37447916666666664 0.5018518518518519 0.37447916666666664 0.6453703703703704 0.3255208333333333 0.6453703703703704
1 0.3203125 0.17685185185185184 0.3848958333333333 0.17685185185185184 0.3848958333333333 0.23981481481481481 0.3203125 0.23981481481481481
2 0.2609375 0.49074074074074076 0.30520833333333336 0.49074074074074076 0.30520833333333336 0.6333333333333333 0.2609375 0.6333333333333333
2 0.3651041666666667 0.2935185185185185 0.39375 0.2935185185185185 0.39375 0.37222222222222223 0.3651041666666667 0.37222222222222223
2 0.6041666666666666 0.18518518518518517 0.6244791666666667 0.18518518518518517 0.6244791666666667 0.24074074074074073 0.6041666666666666 0.24074074074074073
2 0.3828125 0.24166666666666667 0.40729166666666666 0.24166666666666667 0.40729166666666666 0.3138888888888889 0.3828125 0.3138888888888889
2 0.44635416666666666 0.19074074074074074 0.46770833333333334 0.19074074074074074 0.46770833333333334 0.2537037037037037 0.44635416666666666 0.2537037037037037
2 0.6416666666666667 0.18703703703703703 0.6604166666666667 0.18703703703703703 0.6604166666666667 0.24351851851851852 0.6416666666666667 0.24351851851851852
2 0.41822916666666665 0.25 0.44375 0.25 0.44375 0.3212962962962963 0.41822916666666665 0.3212962962962963
2 0.4703125 0.17777777777777778 0.4859375 0.17777777777777778 0.4859375 0.23333333333333334 0.4703125 0.23333333333333334