1 0.325 0.17222222222222222 0.390625 0.17222222222222222 0.390625 0.2351851851851852 0.325 0.2351851851851852
1 0.14583333333333334 0.31203703703703706 0.2708333333333333 0.31203703703703706 0.2708333333333333 0.48703703703703705 0.14583333333333334 0.48703703703703705
2 0.09114583333333333 0.7194444444444444 0.17447916666666666 0.7194444444444444 0.17447916666666666 0.9342592592592592 0.09114583333333333 0.9342592592592592
2 0.7630208333333334 0.43703703703703706 0.803125 0.43703703703703706 0.803125 0.5601851851851852 0.7630208333333334 0.5601851851851852
2 0.6744791666666666 0.33611111111111114 0.7078125 0.33611111111111114 0.7078125 0.43333333333333335 0.6744791666666666 0.43333333333333335
2 0.7395833333333334 0.5472222222222223 0.7963541666666667 0.5472222222222223 0.7963541666666667 0.7212962962962963 0.7395833333333334 0.7212962962962963
2 0.2786458333333333 0.4888888888888889 0.3411458333333333 0.4888888888888889 0.3411458333333333 0.6425925925925926 0.2786458333333333 0.6425925925925926
2 0.428125 0.21944444444444444 0.45260416666666664 0.21944444444444444 0.45260416666666664 0.28888888888888886 0.428125 0.28888888888888886
2 0.5859375 0.20833333333333334 0.6083333333333333 0.20833333333333334 0.6083333333333333 0.2777777777777778 0.5859375 0.2777777777777778
2 0.4609375 0.20092592592592592 0.4828125 0.20092592592592592 0.4828125 0.26296296296296295 0.4609375 0.26296296296296295
2 0.4119791666666667 0.17592592592592593 0.43125 0.17592592592592593 0.43125 0.23055555555555557 0.4119791666666667 0.23055555555555557
2 0.6171875 0.15925925925925927 0.6369791666666667 0.15925925925925927 0.6369791666666667 0.20925925925925926 0.6171875 0.20925925925925926
2 0.3848958333333333 0.38796296296296295 0.4239583333333333 0.38796296296296295 0.4239583333333333 0.5203703703703704 0.3848958333333333 0.5203703703703704
2 0.5729166666666666 0.11666666666666667 0.5869791666666667 0.11666666666666667 0.5869791666666667 0.15462962962962962 0.5729166666666666 0.15462962962962962
2 0.9645833333333333 0.7842592592592592 1 0.7842592592592592 1 0.9898148148148148 0.9645833333333333 0.9898148148148148
2 0.36354166666666665 0.33425925925925926 0.39791666666666664 0.33425925925925926 0.39791666666666664 0.41203703703703703 0.36354166666666665 0.41203703703703703
2 0.5635416666666667 0.16203703703703703 0.5838541666666667 0.16203703703703703 0.5838541666666667 0.21944444444444444 0.5635416666666667 0.21944444444444444
2 0.553125 0.17314814814814813 0.575 0.17314814814814813 0.575 0.23703703703703705 0.553125 0.23703703703703705
2 0.6140625 0.27314814814814814 0.6385416666666667 0.27314814814814814 0.6385416666666667 0.37222222222222223 0.6140625 0.37222222222222223
2 0.6270833333333333 0.21851851851851853 0.6390625 0.21851851851851853 0.6390625 0.2962962962962963 0.6270833333333333 0.2962962962962963