1 0.4125 0.9305555555555556 0.5135416666666667 0.9305555555555556 0.5135416666666667 1 0.4125 1
1 0.3541666666666667 0.30277777777777776 0.40572916666666664 0.30277777777777776 0.40572916666666664 0.40185185185185185 0.3541666666666667 0.40185185185185185
1 0.3307291666666667 0.7138888888888889 0.36666666666666664 0.7138888888888889 0.36666666666666664 0.8138888888888889 0.3307291666666667 0.8138888888888889
1 0.3333333333333333 0.5425925925925926 0.3729166666666667 0.5425925925925926 0.3729166666666667 0.6129629629629629 0.3333333333333333 0.6129629629629629
1 0.3046875 0.3962962962962963 0.3302083333333333 0.3962962962962963 0.3302083333333333 0.44814814814814813 0.3046875 0.44814814814814813
1 0.3020833333333333 0.15 0.32916666666666666 0.15 0.32916666666666666 0.2361111111111111 0.3020833333333333 0.2361111111111111
2 0.4901041666666667 0.9611111111111111 0.5776041666666667 0.9611111111111111 0.5776041666666667 1 0.4901041666666667 1
2 0.5213541666666667 0.8574074074074074 0.63125 0.8574074074074074 0.63125 0.9074074074074074 0.5213541666666667 0.9074074074074074
2 0.5328125 0.6944444444444444 0.6416666666666667 0.6944444444444444 0.6416666666666667 0.7981481481481482 0.5328125 0.7981481481481482
2 0.5682291666666667 0.65 0.6927083333333334 0.65 0.6927083333333334 0.7435185185185185 0.5682291666666667 0.7435185185185185
2 0.4828125 0.8592592592592593 0.5354166666666667 0.8592592592592593 0.5354166666666667 0.9324074074074075 0.4828125 0.9324074074074075
2 0.45729166666666665 0.7481481481481481 0.5307291666666667 0.7481481481481481 0.5307291666666667 0.8222222222222222 0.45729166666666665 0.8222222222222222
2 0.40260416666666665 0.8296296296296296 0.45208333333333334 0.8296296296296296 0.45208333333333334 0.8694444444444445 0.40260416666666665 0.8694444444444445
2 0.40989583333333335 0.812037037037037 0.4640625 0.812037037037037 0.4640625 0.85 0.40989583333333335 0.85
2 0.4166666666666667 0.7277777777777777 0.4744791666666667 0.7277777777777777 0.4744791666666667 0.7657407407407407 0.4166666666666667 0.7657407407407407
2 0.3932291666666667 0.7027777777777777 0.4328125 0.7027777777777777 0.4328125 0.7537037037037037 0.3932291666666667 0.7537037037037037
2 0.3927083333333333 0.625 0.4395833333333333 0.625 0.4395833333333333 0.6768518518518518 0.3927083333333333 0.6768518518518518
2 0.35208333333333336 0.6722222222222223 0.38333333333333336 0.6722222222222223 0.38333333333333336 0.7148148148148148 0.35208333333333336 0.7148148148148148
2 0.33489583333333334 0.6731481481481482 0.3625 0.6731481481481482 0.3625 0.7064814814814815 0.33489583333333334 0.7064814814814815
2 0.34270833333333334 0.6296296296296297 0.375 0.6296296296296297 0.375 0.674074074074074 0.34270833333333334 0.674074074074074
2 0.31145833333333334 0.6398148148148148 0.340625 0.6398148148148148 0.340625 0.6564814814814814 0.31145833333333334 0.6564814814814814
2 0.32083333333333336 0.612037037037037 0.3453125 0.612037037037037 0.3453125 0.6361111111111111 0.32083333333333336 0.6361111111111111
2 0.33177083333333335 0.45925925925925926 0.35989583333333336 0.45925925925925926 0.35989583333333336 0.49907407407407406 0.33177083333333335 0.49907407407407406
2 0.409375 0.1537037037037037 0.4817708333333333 0.1537037037037037 0.4817708333333333 0.22870370370370371 0.409375 0.22870370370370371
2 0.30416666666666664 0.5944444444444444 0.32760416666666664 0.5944444444444444 0.32760416666666664 0.6138888888888889 0.30416666666666664 0.6138888888888889
2 0.30052083333333335 0.575 0.3260416666666667 0.575 0.3260416666666667 0.5953703703703703 0.30052083333333335 0.5953703703703703
2 0.3020833333333333 0.5416666666666666 0.321875 0.5416666666666666 0.321875 0.5675925925925925 0.3020833333333333 0.5675925925925925
2 0.29322916666666665 0.6129629629629629 0.31302083333333336 0.6129629629629629 0.31302083333333336 0.6324074074074074 0.29322916666666665 0.6324074074074074
2 0.31354166666666666 0.34629629629629627 0.3380208333333333 0.34629629629629627 0.3380208333333333 0.3731481481481482 0.31354166666666666 0.3731481481481482
2 0.30885416666666665 0.31851851851851853 0.3380208333333333 0.31851851851851853 0.3380208333333333 0.337037037037037 0.30885416666666665 0.337037037037037
2 0.30364583333333334 0.3287037037037037 0.32083333333333336 0.3287037037037037 0.32083333333333336 0.3527777777777778 0.30364583333333334 0.3527777777777778