1 0.42083333333333334 0.2574074074074074 0.48020833333333335 0.2574074074074074 0.48020833333333335 0.3537037037037037 0.42083333333333334 0.3537037037037037
1 0.3229166666666667 0.17592592592592593 0.39166666666666666 0.17592592592592593 0.39166666666666666 0.23796296296296296 0.3229166666666667 0.23796296296296296
1 0.15 0.3175925925925926 0.27239583333333334 0.3175925925925926 0.27239583333333334 0.4935185185185185 0.15 0.4935185185185185
2 0.11458333333333333 0.6509259259259259 0.1953125 0.6509259259259259 0.1953125 0.8712962962962963 0.11458333333333333 0.8712962962962963
2 0.8203125 0.45185185185185184 0.8734375 0.45185185185185184 0.8734375 0.587037037037037 0.8203125 0.587037037037037
2 0.6848958333333334 0.2601851851851852 0.7130208333333333 0.2601851851851852 0.7130208333333333 0.3398148148148148 0.6848958333333334 0.3398148148148148
2 0.4083333333333333 0.22962962962962963 0.43072916666666666 0.22962962962962963 0.43072916666666666 0.28888888888888886 0.4083333333333333 0.28888888888888886
2 0.22604166666666667 0.462037037037037 0.2682291666666667 0.462037037037037 0.2682291666666667 0.6018518518518519 0.22604166666666667 0.6018518518518519
2 0.6421875 0.2564814814814815 0.6703125 0.2564814814814815 0.6703125 0.33055555555555555 0.6421875 0.33055555555555555
2 0.32760416666666664 0.5435185185185185 0.3807291666666667 0.5435185185185185 0.3807291666666667 0.7268518518518519 0.32760416666666664 0.7268518518518519
2 0.3411458333333333 0.3055555555555556 0.3692708333333333 0.3055555555555556 0.3692708333333333 0.3787037037037037 0.3411458333333333 0.3787037037037037
1 0.5369791666666667 0.14629629629629629 0.5989583333333334 0.14629629629629629 0.5989583333333334 0.2953703703703704 0.5369791666666667 0.2953703703703704
2 0.38697916666666665 0.3074074074074074 0.41875 0.3074074074074074 0.41875 0.39814814814814814 0.38697916666666665 0.39814814814814814
2 0.4578125 0.16111111111111112 0.4734375 0.16111111111111112 0.4734375 0.20833333333333334 0.4578125 0.20833333333333334
2 0.32760416666666664 0.3648148148148148 0.3567708333333333 0.3648148148148148 0.3567708333333333 0.4666666666666667 0.32760416666666664 0.4666666666666667
2 0.6197916666666666 0.1814814814814815 0.6333333333333333 0.1814814814814815 0.6333333333333333 0.25555555555555554 0.6197916666666666 0.25555555555555554
2 0.478125 0.14444444444444443 0.4921875 0.14444444444444443 0.4921875 0.18796296296296297 0.478125 0.18796296296296297
2 0.49583333333333335 0.1712962962962963 0.5171875 0.1712962962962963 0.5171875 0.2324074074074074 0.49583333333333335 0.2324074074074074
2 0.2630208333333333 0.3768518518518518 0.3 0.3768518518518518 0.3 0.4888888888888889 0.2630208333333333 0.4888888888888889
2 0.571875 0.11203703703703703 0.5880208333333333 0.11203703703703703 0.5880208333333333 0.14444444444444443 0.571875 0.14444444444444443
2 0.3619791666666667 0.3962962962962963 0.3984375 0.3962962962962963 0.3984375 0.5064814814814815 0.3619791666666667 0.5064814814814815
2 0.44947916666666665 0.09907407407407408 0.46197916666666666 0.09907407407407408 0.46197916666666666 0.1287037037037037 0.44947916666666665 0.1287037037037037
2 0.63125 0.18518518518518517 0.6526041666666667 0.18518518518518517 0.6526041666666667 0.2462962962962963 0.63125 0.2462962962962963