1 0.4010416666666667 0.9055555555555556 0.5005208333333333 0.9055555555555556 0.5005208333333333 1 0.4010416666666667 1
2 0.7036458333333333 0.8768518518518519 0.78125 0.8768518518518519 0.78125 1 0.7036458333333333 1
1 0.3182291666666667 0.6944444444444444 0.3536458333333333 0.6944444444444444 0.3536458333333333 0.8157407407407408 0.3182291666666667 0.8157407407407408
1 0.3416666666666667 0.5287037037037037 0.38645833333333335 0.5287037037037037 0.38645833333333335 0.6166666666666667 0.3416666666666667 0.6166666666666667
2 0.5625 0.9564814814814815 0.6713541666666667 0.9564814814814815 0.6713541666666667 1 0.5625 1
2 0.4171875 0.11388888888888889 0.46822916666666664 0.11388888888888889 0.46822916666666664 0.17777777777777778 0.4171875 0.17777777777777778
2 0.4744791666666667 0.8462962962962963 0.553125 0.8462962962962963 0.553125 0.9416666666666667 0.4744791666666667 0.9416666666666667
2 0.5390625 0.7037037037037037 0.6291666666666667 0.7037037037037037 0.6291666666666667 0.8037037037037037 0.5390625 0.8037037037037037
2 0.2942708333333333 0.5194444444444445 0.3140625 0.5194444444444445 0.3140625 0.5416666666666666 0.2942708333333333 0.5416666666666666
2 0.3572916666666667 0.14907407407407408 0.4041666666666667 0.14907407407407408 0.4041666666666667 0.20462962962962963 0.3572916666666667 0.20462962962962963
2 0.4328125 0.013888888888888888 0.4979166666666667 0.013888888888888888 0.4979166666666667 0.08055555555555556 0.4328125 0.08055555555555556
2 0.43072916666666666 0.6064814814814815 0.4979166666666667 0.6064814814814815 0.4979166666666667 0.6777777777777778 0.43072916666666666 0.6777777777777778
2 0.390625 0.7027777777777777 0.43645833333333334 0.7027777777777777 0.43645833333333334 0.7509259259259259 0.390625 0.7509259259259259
2 0.35520833333333335 0.6268518518518519 0.3927083333333333 0.6268518518518519 0.3927083333333333 0.6620370370370371 0.35520833333333335 0.6620370370370371
2 0.3645833333333333 0.6851851851851852 0.39791666666666664 0.6851851851851852 0.39791666666666664 0.725 0.3645833333333333 0.725
2 0.31666666666666665 0.5546296296296296 0.3385416666666667 0.5546296296296296 0.3385416666666667 0.5787037037037037 0.31666666666666665 0.5787037037037037
2 0.31666666666666665 0.48148148148148145 0.3411458333333333 0.48148148148148145 0.3411458333333333 0.5074074074074074 0.31666666666666665 0.5074074074074074
2 0.41875 0.7907407407407407 0.4791666666666667 0.7907407407407407 0.4791666666666667 0.8490740740740741 0.41875 0.8490740740740741
2 0.3296875 0.5972222222222222 0.3541666666666667 0.5972222222222222 0.3541666666666667 0.625 0.3296875 0.625
2 0.3 0.6222222222222222 0.31979166666666664 0.6222222222222222 0.31979166666666664 0.6462962962962963 0.3 0.6462962962962963
2 0.2890625 0.33425925925925926 0.309375 0.33425925925925926 0.309375 0.3648148148148148 0.2890625 0.3648148148148148
2 0.29791666666666666 0.5462962962962963 0.31875 0.5462962962962963 0.31875 0.5712962962962963 0.29791666666666666 0.5712962962962963
2 0.2953125 0.2777777777777778 0.3177083333333333 0.2777777777777778 0.3177083333333333 0.30462962962962964 0.2953125 0.30462962962962964
2 0.39010416666666664 0.6342592592592593 0.41875 0.6342592592592593 0.41875 0.6777777777777778 0.39010416666666664 0.6777777777777778
2 0.34375 0.24074074074074073 0.39114583333333336 0.24074074074074073 0.39114583333333336 0.26851851851851855 0.34375 0.26851851851851855