1 0.13697916666666668 0.337037037037037 0.259375 0.337037037037037 0.259375 0.5231481481481481 0.13697916666666668 0.5231481481481481
1 0.42916666666666664 0.22962962962962963 0.4786458333333333 0.22962962962962963 0.4786458333333333 0.31203703703703706 0.42916666666666664 0.31203703703703706
1 0.553125 0.19907407407407407 0.6010416666666667 0.19907407407407407 0.6010416666666667 0.27314814814814814 0.553125 0.27314814814814814
1 0.32447916666666665 0.19166666666666668 0.38125 0.19166666666666668 0.38125 0.2537037037037037 0.32447916666666665 0.2537037037037037
2 0.16666666666666666 0.6592592592592592 0.21927083333333333 0.6592592592592592 0.21927083333333333 0.8666666666666667 0.16666666666666666 0.8666666666666667
2 0.0875 0.6685185185185185 0.1484375 0.6685185185185185 0.1484375 0.8759259259259259 0.0875 0.8759259259259259
1 0.6515625 0.14537037037037037 0.696875 0.14537037037037037 0.696875 0.18611111111111112 0.6515625 0.18611111111111112
2 0.2609375 0.575 0.31302083333333336 0.575 0.31302083333333336 0.7916666666666666 0.2609375 0.7916666666666666
1 0.528125 0.13148148148148148 0.5588541666666667 0.13148148148148148 0.5588541666666667 0.175 0.528125 0.175
2 0.24166666666666667 0.4305555555555556 0.2796875 0.4305555555555556 0.2796875 0.5777777777777777 0.24166666666666667 0.5777777777777777
2 0.2942708333333333 0.45092592592592595 0.3328125 0.45092592592592595 0.3328125 0.5879629629629629 0.2942708333333333 0.5879629629629629
2 0.33697916666666666 0.3648148148148148 0.36041666666666666 0.3648148148148148 0.36041666666666666 0.4722222222222222 0.33697916666666666 0.4722222222222222
2 0.38229166666666664 0.37962962962962965 0.4010416666666667 0.37962962962962965 0.4010416666666667 0.49074074074074076 0.38229166666666664 0.49074074074074076
2 0.35208333333333336 0.2740740740740741 0.375 0.2740740740740741 0.375 0.35 0.35208333333333336 0.35
2 0.3697916666666667 0.21851851851851853 0.3890625 0.21851851851851853 0.3890625 0.2935185185185185 0.3697916666666667 0.2935185185185185
2 0.4036458333333333 0.1712962962962963 0.41510416666666666 0.1712962962962963 0.41510416666666666 0.22592592592592592 0.4036458333333333 0.22592592592592592
2 0.4036458333333333 0.12037037037037036 0.40989583333333335 0.12037037037037036 0.40989583333333335 0.15092592592592594 0.4036458333333333 0.15092592592592594
2 0.4197916666666667 0.1398148148148148 0.428125 0.1398148148148148 0.428125 0.1814814814814815 0.4197916666666667 0.1814814814814815
2 0.4322916666666667 0.15925925925925927 0.4421875 0.15925925925925927 0.4421875 0.21203703703703702 0.4322916666666667 0.21203703703703702
2 0.44635416666666666 0.1527777777777778 0.45677083333333335 0.1527777777777778 0.45677083333333335 0.2 0.44635416666666666 0.2
2 0.46458333333333335 0.16296296296296298 0.4739583333333333 0.16296296296296298 0.4739583333333333 0.20462962962962963 0.46458333333333335 0.20462962962962963
2 0.4432291666666667 0.13333333333333333 0.45260416666666664 0.13333333333333333 0.45260416666666664 0.1648148148148148 0.4432291666666667 0.1648148148148148
2 0.44947916666666665 0.1259259259259259 0.46041666666666664 0.1259259259259259 0.46041666666666664 0.15648148148148147 0.44947916666666665 0.15648148148148147
2 0.4609375 0.11944444444444445 0.47239583333333335 0.11944444444444445 0.47239583333333335 0.15185185185185185 0.4609375 0.15185185185185185
2 0.7739583333333333 0.4425925925925926 0.8171875 0.4425925925925926 0.8171875 0.5944444444444444 0.7739583333333333 0.5944444444444444
2 0.5005208333333333 0.18796296296296297 0.5291666666666667 0.18796296296296297 0.5291666666666667 0.2462962962962963 0.5005208333333333 0.2462962962962963
2 0.6333333333333333 0.2537037037037037 0.6520833333333333 0.2537037037037037 0.6520833333333333 0.3296296296296296 0.6333333333333333 0.3296296296296296
2 0.5645833333333333 0.14444444444444443 0.5760416666666667 0.14444444444444443 0.5760416666666667 0.18055555555555555 0.5645833333333333 0.18055555555555555
2 0.5833333333333334 0.14074074074074075 0.5984375 0.14074074074074075 0.5984375 0.17777777777777778 0.5833333333333334 0.17777777777777778
2 0.5765625 0.125 0.5838541666666667 0.125 0.5838541666666667 0.16111111111111112 0.5765625 0.16111111111111112