1 0.14375 0.33425925925925926 0.265625 0.33425925925925926 0.265625 0.5101851851851852 0.14375 0.5101851851851852
1 0.3307291666666667 0.1824074074074074 0.3885416666666667 0.1824074074074074 0.3885416666666667 0.24537037037037038 0.3307291666666667 0.24537037037037038
1 0.5286458333333334 0.10185185185185185 0.5510416666666667 0.10185185185185185 0.5510416666666667 0.13425925925925927 0.5286458333333334 0.13425925925925927
1 0.5489583333333333 0.1398148148148148 0.5859375 0.1398148148148148 0.5859375 0.19444444444444445 0.5489583333333333 0.19444444444444445
2 0.13854166666666667 0.737037037037037 0.21197916666666666 0.737037037037037 0.21197916666666666 0.975925925925926 0.13854166666666667 0.975925925925926
2 0.8036458333333333 0.5842592592592593 0.8598958333333333 0.5842592592592593 0.8598958333333333 0.7777777777777778 0.8036458333333333 0.7777777777777778
2 0.25104166666666666 0.4351851851851852 0.2796875 0.4351851851851852 0.2796875 0.5592592592592592 0.25104166666666666 0.5592592592592592
2 0.2947916666666667 0.4962962962962963 0.32916666666666666 0.4962962962962963 0.32916666666666666 0.6888888888888889 0.2947916666666667 0.6888888888888889
1 0.403125 0.3472222222222222 0.46770833333333334 0.3472222222222222 0.46770833333333334 0.49537037037037035 0.403125 0.49537037037037035
2 0.7182291666666667 0.337037037037037 0.75625 0.337037037037037 0.75625 0.43796296296296294 0.7182291666666667 0.43796296296296294
2 0.328125 0.30648148148148147 0.3578125 0.30648148148148147 0.3578125 0.4064814814814815 0.328125 0.4064814814814815
2 0.3807291666666667 0.29814814814814816 0.4015625 0.29814814814814816 0.4015625 0.38425925925925924 0.3807291666666667 0.38425925925925924
2 0.37552083333333336 0.21574074074074073 0.39375 0.21574074074074073 0.39375 0.2972222222222222 0.37552083333333336 0.2972222222222222
2 0.415625 0.1962962962962963 0.4244791666666667 0.1962962962962963 0.4244791666666667 0.26666666666666666 0.415625 0.26666666666666666
2 0.40520833333333334 0.17777777777777778 0.421875 0.17777777777777778 0.421875 0.22870370370370371 0.40520833333333334 0.22870370370370371
2 0.4427083333333333 0.18981481481481483 0.4510416666666667 0.18981481481481483 0.4510416666666667 0.24814814814814815 0.4427083333333333 0.24814814814814815
2 0.4453125 0.21666666666666667 0.45989583333333334 0.21666666666666667 0.45989583333333334 0.2962962962962963 0.4453125 0.2962962962962963
2 0.53125 0.18518518518518517 0.5630208333333333 0.18518518518518517 0.5630208333333333 0.2351851851851852 0.53125 0.2351851851851852
2 0.6026041666666667 0.15462962962962962 0.6171875 0.15462962962962962 0.6171875 0.20555555555555555 0.6026041666666667 0.20555555555555555
2 0.6744791666666666 0.25277777777777777 0.690625 0.25277777777777777 0.690625 0.3287037037037037 0.6744791666666666 0.3287037037037037
2 0.4322916666666667 0.1537037037037037 0.4421875 0.1537037037037037 0.4421875 0.19722222222222222 0.4322916666666667 0.19722222222222222
2 0.40520833333333334 0.1287037037037037 0.415625 0.1287037037037037 0.415625 0.16203703703703703 0.40520833333333334 0.16203703703703703
2 0.440625 0.12962962962962962 0.45 0.12962962962962962 0.45 0.16944444444444445 0.440625 0.16944444444444445
2 0.4583333333333333 0.14351851851851852 0.46822916666666664 0.14351851851851852 0.46822916666666664 0.19722222222222222 0.4583333333333333 0.19722222222222222
2 0.4708333333333333 0.13333333333333333 0.4817708333333333 0.13333333333333333 0.4817708333333333 0.1787037037037037 0.4708333333333333 0.1787037037037037
2 0.49375 0.1287037037037037 0.5046875 0.1287037037037037 0.5046875 0.17685185185185184 0.49375 0.17685185185185184
2 0.44635416666666666 0.11574074074074074 0.45416666666666666 0.11574074074074074 0.45416666666666666 0.1527777777777778 0.44635416666666666 0.1527777777777778
2 0.41041666666666665 0.11018518518518519 0.41770833333333335 0.11018518518518519 0.41770833333333335 0.1425925925925926 0.41041666666666665 0.1425925925925926