1 0.38645833333333335 0.36944444444444446 0.4708333333333333 0.36944444444444446 0.4708333333333333 0.537962962962963 0.38645833333333335 0.537962962962963
1 0.13958333333333334 0.32407407407407407 0.26979166666666665 0.32407407407407407 0.26979166666666665 0.5027777777777778 0.13958333333333334 0.5027777777777778
1 0.3302083333333333 0.1814814814814815 0.3880208333333333 0.1814814814814815 0.3880208333333333 0.24444444444444444 0.3302083333333333 0.24444444444444444
2 0.08229166666666667 0.8407407407407408 0.18385416666666668 0.8407407407407408 0.18385416666666668 1 0.08229166666666667 1
2 0.2604166666666667 0.5814814814814815 0.2994791666666667 0.5814814814814815 0.2994791666666667 0.7703703703703704 0.2604166666666667 0.7703703703703704
2 0.2359375 0.4777777777777778 0.26197916666666665 0.4777777777777778 0.26197916666666665 0.6240740740740741 0.2359375 0.6240740740740741
2 0.31302083333333336 0.30833333333333335 0.3453125 0.30833333333333335 0.3453125 0.41759259259259257 0.31302083333333336 0.41759259259259257
2 0.7661458333333333 0.5027777777777778 0.8171875 0.5027777777777778 0.8171875 0.6574074074074074 0.7661458333333333 0.6574074074074074
2 0.709375 0.31851851851851853 0.7338541666666667 0.31851851851851853 0.7338541666666667 0.41203703703703703 0.709375 0.41203703703703703
2 0.665625 0.2361111111111111 0.6796875 0.2361111111111111 0.6796875 0.30277777777777776 0.665625 0.30277777777777776
1 0.55 0.1361111111111111 0.5791666666666667 0.1361111111111111 0.5791666666666667 0.18981481481481483 0.55 0.18981481481481483
2 0.6020833333333333 0.1398148148148148 0.6130208333333333 0.1398148148148148 0.6130208333333333 0.19444444444444445 0.6020833333333333 0.19444444444444445
2 0.3651041666666667 0.3101851851851852 0.3958333333333333 0.3101851851851852 0.3958333333333333 0.41203703703703703 0.3651041666666667 0.41203703703703703
2 0.36666666666666664 0.23055555555555557 0.3921875 0.23055555555555557 0.3921875 0.30833333333333335 0.36666666666666664 0.30833333333333335
2 0.4125 0.2074074074074074 0.42604166666666665 0.2074074074074074 0.42604166666666665 0.27314814814814814 0.4125 0.27314814814814814
2 0.440625 0.2324074074074074 0.4552083333333333 0.2324074074074074 0.4552083333333333 0.2861111111111111 0.440625 0.2861111111111111
2 0.440625 0.20277777777777778 0.4578125 0.20277777777777778 0.4578125 0.26481481481481484 0.440625 0.26481481481481484
2 0.40572916666666664 0.175 0.41770833333333335 0.175 0.41770833333333335 0.22870370370370371 0.40572916666666664 0.22870370370370371
2 0.40625 0.13148148148148148 0.4166666666666667 0.13148148148148148 0.4166666666666667 0.17222222222222222 0.40625 0.17222222222222222
2 0.4296875 0.15092592592592594 0.4427083333333333 0.15092592592592594 0.4427083333333333 0.20277777777777778 0.4296875 0.20277777777777778
2 0.45625 0.15092592592592594 0.46770833333333334 0.15092592592592594 0.46770833333333334 0.20277777777777778 0.45625 0.20277777777777778
2 0.471875 0.1361111111111111 0.4786458333333333 0.1361111111111111 0.4786458333333333 0.1787037037037037 0.471875 0.1787037037037037
2 0.4901041666666667 0.13518518518518519 0.5041666666666667 0.13518518518518519 0.5041666666666667 0.17685185185185184 0.4901041666666667 0.17685185185185184
2 0.4895833333333333 0.10833333333333334 0.49895833333333334 0.10833333333333334 0.49895833333333334 0.14537037037037037 0.4895833333333333 0.14537037037037037
2 0.4583333333333333 0.12037037037037036 0.4671875 0.12037037037037036 0.4671875 0.1537037037037037 0.4583333333333333 0.1537037037037037
2 0.4473958333333333 0.1175925925925926 0.45416666666666666 0.1175925925925926 0.45416666666666666 0.15462962962962962 0.4473958333333333 0.15462962962962962
2 0.4390625 0.13518518518518519 0.44947916666666665 0.13518518518518519 0.44947916666666665 0.1685185185185185 0.4390625 0.1685185185185185
2 0.534375 0.17962962962962964 0.5739583333333333 0.17962962962962964 0.5739583333333333 0.24166666666666667 0.534375 0.24166666666666667
1 0.65625 0.125 0.7119791666666667 0.125 0.7119791666666667 0.175 0.65625 0.175