1 0.48125 0 0.5822916666666667 0 0.5822916666666667 0.06296296296296296 0.48125 0.06296296296296296
1 0.3046875 0.09074074074074075 0.45729166666666665 0.09074074074074075 0.45729166666666665 0.3509259259259259 0.3046875 0.3509259259259259
1 0.5192708333333333 0.6111111111111112 0.5885416666666666 0.6111111111111112 0.5885416666666666 0.7435185185185185 0.5192708333333333 0.7435185185185185
1 0.6296875 0.17962962962962964 0.665625 0.17962962962962964 0.665625 0.2824074074074074 0.6296875 0.2824074074074074
1 0.6479166666666667 0.5527777777777778 0.6770833333333334 0.5527777777777778 0.6770833333333334 0.6157407407407407 0.6479166666666667 0.6157407407407407
1 0.6526041666666667 0.3925925925925926 0.6854166666666667 0.3925925925925926 0.6854166666666667 0.4546296296296296 0.6526041666666667 0.4546296296296296
1 0.6692708333333334 0.7555555555555555 0.6911458333333333 0.7555555555555555 0.6911458333333333 0.8314814814814815 0.6692708333333334 0.8314814814814815
2 0.540625 0.42777777777777776 0.5984375 0.42777777777777776 0.5984375 0.4740740740740741 0.540625 0.4740740740740741
2 0.5328125 0.337037037037037 0.5895833333333333 0.337037037037037 0.5895833333333333 0.37777777777777777 0.5328125 0.37777777777777777
2 0.21875 0.2222222222222222 0.325 0.2222222222222222 0.325 0.3398148148148148 0.21875 0.3398148148148148
2 0.4671875 0.04722222222222222 0.5473958333333333 0.04722222222222222 0.5473958333333333 0.10833333333333334 0.4671875 0.10833333333333334
2 0.4317708333333333 0.10648148148148148 0.5078125 0.10648148148148148 0.5078125 0.1712962962962963 0.4317708333333333 0.1712962962962963
2 0.5010416666666667 0.1824074074074074 0.5677083333333334 0.1824074074074074 0.5677083333333334 0.225 0.5010416666666667 0.225
2 0.5296875 0.1175925925925926 0.5875 0.1175925925925926 0.5875 0.17037037037037037 0.5296875 0.17037037037037037
2 0.5614583333333333 0.2 0.6026041666666667 0.2 0.6026041666666667 0.2361111111111111 0.5614583333333333 0.2361111111111111
2 0.6046875 0.2101851851851852 0.6427083333333333 0.2101851851851852 0.6427083333333333 0.24444444444444444 0.6046875 0.24444444444444444
2 0.5880208333333333 0.23425925925925925 0.6328125 0.23425925925925925 0.6328125 0.275 0.5880208333333333 0.275
2 0.5708333333333333 0.25277777777777777 0.6255208333333333 0.25277777777777777 0.6255208333333333 0.2962962962962963 0.5708333333333333 0.2962962962962963
2 0.5453125 0.28055555555555556 0.6010416666666667 0.28055555555555556 0.6010416666666667 0.32222222222222224 0.5453125 0.32222222222222224
2 0.5901041666666667 0.3055555555555556 0.6270833333333333 0.3055555555555556 0.6270833333333333 0.34444444444444444 0.5901041666666667 0.34444444444444444
2 0.6151041666666667 0.30925925925925923 0.646875 0.30925925925925923 0.646875 0.34074074074074073 0.6151041666666667 0.34074074074074073
2 0.6078125 0.3592592592592593 0.6541666666666667 0.3592592592592593 0.6541666666666667 0.38333333333333336 0.6078125 0.38333333333333336
2 0.6604166666666667 0.31851851851851853 0.6859375 0.31851851851851853 0.6859375 0.3472222222222222 0.6604166666666667 0.3472222222222222
2 0.6385416666666667 0.33796296296296297 0.6692708333333334 0.33796296296296297 0.6692708333333334 0.36018518518518516 0.6385416666666667 0.36018518518518516
2 0.6536458333333334 0.3675925925925926 0.6796875 0.3675925925925926 0.6796875 0.3861111111111111 0.6536458333333334 0.3861111111111111
2 0.6395833333333333 0.48703703703703705 0.66875 0.48703703703703705 0.66875 0.5314814814814814 0.6395833333333333 0.5314814814814814
2 0.61875 0.6574074074074074 0.6536458333333334 0.6574074074074074 0.6536458333333334 0.6944444444444444 0.61875 0.6944444444444444
2 0.6291666666666667 0.7 0.665625 0.7 0.665625 0.725925925925926 0.6291666666666667 0.725925925925926
2 0.65 0.6814814814814815 0.6791666666666667 0.6814814814814815 0.6791666666666667 0.7018518518518518 0.65 0.7018518518518518
2 0.6630208333333333 0.649074074074074 0.6880208333333333 0.649074074074074 0.6880208333333333 0.6685185185185185 0.6630208333333333 0.6685185185185185
2 0.6625 0.6129629629629629 0.6817708333333333 0.6129629629629629 0.6817708333333333 0.6351851851851852 0.6625 0.6351851851851852
2 0.6765625 0.35 0.7005208333333334 0.35 0.7005208333333334 0.37222222222222223 0.6765625 0.37222222222222223
2 0.6645833333333333 0.37592592592592594 0.6932291666666667 0.37592592592592594 0.6932291666666667 0.3925925925925926 0.6645833333333333 0.3925925925925926