1 0.14583333333333334 0.3296296296296296 0.2682291666666667 0.3296296296296296 0.2682291666666667 0.5074074074074074 0.14583333333333334 0.5074074074074074
1 0.33229166666666665 0.17962962962962964 0.38958333333333334 0.17962962962962964 0.38958333333333334 0.24259259259259258 0.33229166666666665 0.24259259259259258
1 0.5447916666666667 0.10092592592592593 0.5692708333333333 0.10092592592592593 0.5692708333333333 0.14444444444444443 0.5447916666666667 0.14444444444444443
2 0.13697916666666668 0.5675925925925925 0.19114583333333332 0.5675925925925925 0.19114583333333332 0.7870370370370371 0.13697916666666668 0.7870370370370371
2 0.3307291666666667 0.4925925925925926 0.3828125 0.4925925925925926 0.3828125 0.6583333333333333 0.3307291666666667 0.6583333333333333
2 0.28125 0.38333333333333336 0.31302083333333336 0.38333333333333336 0.31302083333333336 0.5157407407407407 0.28125 0.5157407407407407
2 0.34791666666666665 0.362962962962963 0.378125 0.362962962962963 0.378125 0.4675925925925926 0.34791666666666665 0.4675925925925926
2 0.3385416666666667 0.2796296296296296 0.3619791666666667 0.2796296296296296 0.3619791666666667 0.3787037037037037 0.3385416666666667 0.3787037037037037
2 0.40625 0.34444444444444444 0.428125 0.34444444444444444 0.428125 0.45925925925925926 0.40625 0.45925925925925926
2 0.3958333333333333 0.2101851851851852 0.4171875 0.2101851851851852 0.4171875 0.2861111111111111 0.3958333333333333 0.2861111111111111
2 0.41302083333333334 0.23981481481481481 0.42552083333333335 0.23981481481481481 0.42552083333333335 0.3138888888888889 0.41302083333333334 0.3138888888888889
2 0.4317708333333333 0.20925925925925926 0.440625 0.20925925925925926 0.440625 0.2657407407407407 0.4317708333333333 0.2657407407407407
2 0.4140625 0.18333333333333332 0.42083333333333334 0.18333333333333332 0.42083333333333334 0.22592592592592592 0.4140625 0.22592592592592592
2 0.40729166666666666 0.1638888888888889 0.415625 0.1638888888888889 0.415625 0.21574074074074073 0.40729166666666666 0.21574074074074073
2 0.64375 0.25925925925925924 0.6598958333333333 0.25925925925925924 0.6598958333333333 0.3388888888888889 0.64375 0.3388888888888889
2 0.6484375 0.2064814814814815 0.6625 0.2064814814814815 0.6625 0.26851851851851855 0.6484375 0.26851851851851855
2 0.571875 0.16203703703703703 0.5864583333333333 0.16203703703703703 0.5864583333333333 0.22407407407407406 0.571875 0.22407407407407406
2 0.5932291666666667 0.16666666666666666 0.6125 0.16666666666666666 0.6125 0.23703703703703705 0.5932291666666667 0.23703703703703705
2 0.615625 0.15 0.6239583333333333 0.15 0.6239583333333333 0.20462962962962963 0.615625 0.20462962962962963
2 0.4817708333333333 0.15833333333333333 0.4942708333333333 0.15833333333333333 0.4942708333333333 0.22777777777777777 0.4817708333333333 0.22777777777777777
2 0.46822916666666664 0.20925925925925926 0.47708333333333336 0.20925925925925926 0.47708333333333336 0.2814814814814815 0.46822916666666664 0.2814814814814815
2 0.4515625 0.20555555555555555 0.4630208333333333 0.20555555555555555 0.4630208333333333 0.2657407407407407 0.4515625 0.2657407407407407
2 0.44947916666666665 0.17222222222222222 0.45729166666666665 0.17222222222222222 0.45729166666666665 0.21481481481481482 0.44947916666666665 0.21481481481481482
2 0.44375 0.1574074074074074 0.4505208333333333 0.1574074074074074 0.4505208333333333 0.20092592592592592 0.44375 0.20092592592592592
2 0.43333333333333335 0.14814814814814814 0.44114583333333335 0.14814814814814814 0.44114583333333335 0.1824074074074074 0.43333333333333335 0.1824074074074074
2 0.4557291666666667 0.14351851851851852 0.459375 0.14351851851851852 0.459375 0.175 0.4557291666666667 0.175
2 0.4635416666666667 0.1388888888888889 0.46770833333333334 0.1388888888888889 0.46770833333333334 0.17685185185185184 0.4635416666666667 0.17685185185185184
2 0.46510416666666665 0.11944444444444445 0.4739583333333333 0.11944444444444445 0.4739583333333333 0.15185185185185185 0.46510416666666665 0.15185185185185185
2 0.4453125 0.1259259259259259 0.4515625 0.1259259259259259 0.4515625 0.15185185185185185 0.4453125 0.15185185185185185
1 0.6442708333333333 0.13055555555555556 0.70625 0.13055555555555556 0.70625 0.17407407407407408 0.6442708333333333 0.17407407407407408