1 0.39791666666666664 0.9037037037037037 0.49583333333333335 0.9037037037037037 0.49583333333333335 1 0.39791666666666664 1
1 0.31354166666666666 0.6907407407407408 0.3489583333333333 0.6907407407407408 0.3489583333333333 0.8101851851851852 0.31354166666666666 0.8101851851851852
2 0.5109375 0.8138888888888889 0.5979166666666667 0.8138888888888889 0.5979166666666667 0.9138888888888889 0.5109375 0.9138888888888889
2 0.31979166666666664 0.6240740740740741 0.3484375 0.6240740740740741 0.3484375 0.6583333333333333 0.31979166666666664 0.6583333333333333
2 0.3255208333333333 0.19074074074074074 0.3515625 0.19074074074074074 0.3515625 0.22314814814814815 0.3255208333333333 0.22314814814814815
2 0.31197916666666664 0.25462962962962965 0.33697916666666666 0.25462962962962965 0.33697916666666666 0.2898148148148148 0.31197916666666664 0.2898148148148148
2 0.2755208333333333 0.40555555555555556 0.29322916666666665 0.40555555555555556 0.29322916666666665 0.4287037037037037 0.2755208333333333 0.4287037037037037
2 0.3380208333333333 0.30925925925925923 0.37447916666666664 0.30925925925925923 0.37447916666666664 0.34814814814814815 0.3380208333333333 0.34814814814814815
2 0.378125 0.2564814814814815 0.42135416666666664 0.2564814814814815 0.42135416666666664 0.30462962962962964 0.378125 0.30462962962962964
2 0.40625 0.1425925925925926 0.459375 0.1425925925925926 0.459375 0.20092592592592592 0.40625 0.20092592592592592
2 0.3463541666666667 0.5861111111111111 0.3854166666666667 0.5861111111111111 0.3854166666666667 0.6314814814814815 0.3463541666666667 0.6314814814814815
2 0.3494791666666667 0.24814814814814815 0.38385416666666666 0.24814814814814815 0.38385416666666666 0.29259259259259257 0.3494791666666667 0.29259259259259257
2 0.5119791666666667 0 0.6088541666666667 0 0.6088541666666667 0.08518518518518518 0.5119791666666667 0.08518518518518518
2 0.2786458333333333 0.3138888888888889 0.29791666666666666 0.3138888888888889 0.29791666666666666 0.3388888888888889 0.2786458333333333 0.3388888888888889
2 0.3046875 0.5537037037037037 0.325 0.5537037037037037 0.325 0.5805555555555556 0.3046875 0.5805555555555556
2 0.3125 0.3509259259259259 0.34479166666666666 0.3509259259259259 0.34479166666666666 0.4 0.3125 0.4
2 0.334375 0.5324074074074074 0.3692708333333333 0.5324074074074074 0.3692708333333333 0.5685185185185185 0.334375 0.5685185185185185
2 0.28541666666666665 0.3453703703703704 0.30625 0.3453703703703704 0.30625 0.3712962962962963 0.28541666666666665 0.3712962962962963
2 0.4432291666666667 0.649074074074074 0.5229166666666667 0.649074074074074 0.5229166666666667 0.7240740740740741 0.4432291666666667 0.7240740740740741
2 0.46145833333333336 0 0.5276041666666667 0 0.5276041666666667 0.037037037037037035 0.46145833333333336 0.037037037037037035
2 0.4109375 0.6907407407407408 0.47552083333333334 0.6907407407407408 0.47552083333333334 0.7277777777777777 0.4109375 0.7277777777777777