1 0.14479166666666668 0.3194444444444444 0.26979166666666665 0.3194444444444444 0.26979166666666665 0.49907407407407406 0.14479166666666668 0.49907407407407406
1 0.33645833333333336 0.17777777777777778 0.39010416666666664 0.17777777777777778 0.39010416666666664 0.23981481481481481 0.33645833333333336 0.23981481481481481
1 0.471875 0.12407407407407407 0.5 0.12407407407407407 0.5 0.16944444444444445 0.471875 0.16944444444444445
1 0.6098958333333333 0.12037037037037036 0.6583333333333333 0.12037037037037036 0.6583333333333333 0.1574074074074074 0.6098958333333333 0.1574074074074074
2 0 0.8074074074074075 0.08697916666666666 0.8074074074074075 0.08697916666666666 1 0 1
2 0.1 0.825925925925926 0.190625 0.825925925925926 0.190625 1 0.1 1
2 0.24166666666666667 0.799074074074074 0.33541666666666664 0.799074074074074 0.33541666666666664 1 0.24166666666666667 1
2 0.1890625 0.5435185185185185 0.2421875 0.5435185185185185 0.2421875 0.7296296296296296 0.1890625 0.7296296296296296
2 0.2921875 0.4324074074074074 0.33125 0.4324074074074074 0.33125 0.5768518518518518 0.2921875 0.5768518518518518
2 0.33541666666666664 0.32407407407407407 0.36770833333333336 0.32407407407407407 0.36770833333333336 0.41574074074074074 0.33541666666666664 0.41574074074074074
2 0.37083333333333335 0.33611111111111114 0.396875 0.33611111111111114 0.396875 0.4361111111111111 0.37083333333333335 0.4361111111111111
2 0.390625 0.3990740740740741 0.428125 0.3990740740740741 0.428125 0.5268518518518519 0.390625 0.5268518518518519
2 0.42239583333333336 0.3333333333333333 0.44166666666666665 0.3333333333333333 0.44166666666666665 0.42777777777777776 0.42239583333333336 0.42777777777777776
2 0.46875 0.2574074074074074 0.4828125 0.2574074074074074 0.4828125 0.3453703703703704 0.46875 0.3453703703703704
2 0.41354166666666664 0.2518518518518518 0.4317708333333333 0.2518518518518518 0.4317708333333333 0.32685185185185184 0.41354166666666664 0.32685185185185184
2 0.35833333333333334 0.26481481481481484 0.38229166666666664 0.26481481481481484 0.38229166666666664 0.337037037037037 0.35833333333333334 0.337037037037037
2 0.3651041666666667 0.2324074074074074 0.3776041666666667 0.2324074074074074 0.3776041666666667 0.28703703703703703 0.3651041666666667 0.28703703703703703
2 0.38645833333333335 0.18888888888888888 0.4010416666666667 0.18888888888888888 0.4010416666666667 0.2388888888888889 0.38645833333333335 0.2388888888888889
2 0.40625 0.175 0.4161458333333333 0.175 0.4161458333333333 0.225 0.40625 0.225
2 0.4161458333333333 0.18611111111111112 0.425 0.18611111111111112 0.425 0.225 0.4161458333333333 0.225
2 0.4265625 0.19907407407407407 0.4375 0.19907407407407407 0.4375 0.25462962962962965 0.4265625 0.25462962962962965
2 0.4083333333333333 0.21851851851851853 0.4234375 0.21851851851851853 0.4234375 0.2777777777777778 0.4083333333333333 0.2777777777777778
2 0.45416666666666666 0.1935185185185185 0.46875 0.1935185185185185 0.46875 0.25277777777777777 0.45416666666666666 0.25277777777777777
2 0.46927083333333336 0.19166666666666668 0.4828125 0.19166666666666668 0.4828125 0.24259259259259258 0.46927083333333336 0.24259259259259258
2 0.4427083333333333 0.15833333333333333 0.4515625 0.15833333333333333 0.4515625 0.20185185185185187 0.4427083333333333 0.20185185185185187
2 0.4354166666666667 0.14814814814814814 0.44479166666666664 0.14814814814814814 0.44479166666666664 0.19444444444444445 0.4354166666666667 0.19444444444444445
2 0.46145833333333336 0.15648148148148147 0.47291666666666665 0.15648148148148147 0.47291666666666665 0.19166666666666668 0.46145833333333336 0.19166666666666668
2 0.45416666666666666 0.12407407407407407 0.46458333333333335 0.12407407407407407 0.46458333333333335 0.16666666666666666 0.45416666666666666 0.16666666666666666
2 0.4421875 0.11574074074074074 0.4515625 0.11574074074074074 0.4515625 0.15 0.4421875 0.15
2 0.49947916666666664 0.11203703703703703 0.5088541666666667 0.11203703703703703 0.5088541666666667 0.15462962962962962 0.49947916666666664 0.15462962962962962
2 0.43125 0.10462962962962963 0.44166666666666665 0.10462962962962963 0.44166666666666665 0.1388888888888889 0.43125 0.1388888888888889
2 0.5875 0.11944444444444445 0.5963541666666666 0.11944444444444445 0.5963541666666666 0.14722222222222223 0.5875 0.14722222222222223
2 0.5875 0.1527777777777778 0.6020833333333333 0.1527777777777778 0.6020833333333333 0.20555555555555555 0.5875 0.20555555555555555
2 0.6072916666666667 0.175 0.6197916666666666 0.175 0.6197916666666666 0.23981481481481481 0.6072916666666667 0.23981481481481481
2 0.6182291666666667 0.15092592592592594 0.6317708333333333 0.15092592592592594 0.6317708333333333 0.19722222222222222 0.6182291666666667 0.19722222222222222
2 0.6369791666666667 0.17407407407407408 0.653125 0.17407407407407408 0.653125 0.225 0.6369791666666667 0.225