1 0.40677083333333336 0.9157407407407407 0.5067708333333333 0.9157407407407407 0.5067708333333333 1 0.40677083333333336 1
1 0.3984375 0.5462962962962963 0.475 0.5462962962962963 0.475 0.675 0.3984375 0.675
1 0.32395833333333335 0.6981481481481482 0.359375 0.6981481481481482 0.359375 0.8027777777777778 0.32395833333333335 0.8027777777777778
1 0.30052083333333335 0.34814814814814815 0.33229166666666665 0.34814814814814815 0.33229166666666665 0.41203703703703703 0.30052083333333335 0.41203703703703703
1 0.2947916666666667 0.1398148148148148 0.3182291666666667 0.1398148148148148 0.3182291666666667 0.21666666666666667 0.2947916666666667 0.21666666666666667
2 0.37604166666666666 0.7407407407407407 0.4328125 0.7407407407407407 0.4328125 0.8018518518518518 0.37604166666666666 0.8018518518518518
2 0.6354166666666666 0.8916666666666667 0.7692708333333333 0.8916666666666667 0.7692708333333333 0.975 0.6354166666666666 0.975
2 0.571875 0.9481481481481482 0.6989583333333333 0.9481481481481482 0.6989583333333333 1 0.571875 1
2 0.4822916666666667 0.7731481481481481 0.5567708333333333 0.7731481481481481 0.5567708333333333 0.8240740740740741 0.4822916666666667 0.8240740740740741
2 0.4515625 0.8546296296296296 0.5088541666666667 0.8546296296296296 0.5088541666666667 0.9 0.4515625 0.9
2 0.3765625 0.6592592592592592 0.4171875 0.6592592592592592 0.4171875 0.6925925925925925 0.3765625 0.6925925925925925
2 0.3411458333333333 0.6814814814814815 0.3734375 0.6814814814814815 0.3734375 0.7138888888888889 0.3411458333333333 0.7138888888888889
2 0.3234375 0.6259259259259259 0.36302083333333335 0.6259259259259259 0.36302083333333335 0.6416666666666667 0.3234375 0.6416666666666667
2 0.3223958333333333 0.5777777777777777 0.3536458333333333 0.5777777777777777 0.3536458333333333 0.6018518518518519 0.3223958333333333 0.6018518518518519
2 0.3307291666666667 0.5537037037037037 0.37604166666666666 0.5537037037037037 0.37604166666666666 0.5851851851851851 0.3307291666666667 0.5851851851851851
2 0.36875 0.1361111111111111 0.4197916666666667 0.1361111111111111 0.4197916666666667 0.18703703703703703 0.36875 0.18703703703703703
2 0.41510416666666666 0.011111111111111112 0.4890625 0.011111111111111112 0.4890625 0.08333333333333333 0.41510416666666666 0.08333333333333333
2 0.3223958333333333 0.38796296296296295 0.35572916666666665 0.38796296296296295 0.35572916666666665 0.4537037037037037 0.3223958333333333 0.4537037037037037
2 0.3104166666666667 0.2824074074074074 0.3411458333333333 0.2824074074074074 0.3411458333333333 0.31203703703703706 0.3104166666666667 0.31203703703703706
2 0.3109375 0.6351851851851852 0.3416666666666667 0.6351851851851852 0.3416666666666667 0.6638888888888889 0.3109375 0.6638888888888889
2 0.28958333333333336 0.6527777777777778 0.3104166666666667 0.6527777777777778 0.3104166666666667 0.6685185185185185 0.28958333333333336 0.6685185185185185
2 0.3015625 0.6 0.3265625 0.6 0.3265625 0.6194444444444445 0.3015625 0.6194444444444445
2 0.296875 0.5583333333333333 0.3255208333333333 0.5583333333333333 0.3255208333333333 0.5722222222222222 0.296875 0.5722222222222222
2 0.2911458333333333 0.5861111111111111 0.3125 0.5861111111111111 0.3125 0.6027777777777777 0.2911458333333333 0.6027777777777777
2 0.2911458333333333 0.5324074074074074 0.315625 0.5324074074074074 0.315625 0.55 0.2911458333333333 0.55
2 0.28802083333333334 0.4898148148148148 0.31302083333333336 0.4898148148148148 0.31302083333333336 0.5111111111111111 0.28802083333333334 0.5111111111111111