1 0.3890625 0.6222222222222222 0.5067708333333333 0.6222222222222222 0.5067708333333333 0.8574074074074074 0.3890625 0.8574074074074074
1 0.4828125 0 0.5807291666666666 0 0.5807291666666666 0.06111111111111111 0.4828125 0.06111111111111111
1 0.48541666666666666 0.2574074074074074 0.5635416666666667 0.2574074074074074 0.5635416666666667 0.39444444444444443 0.48541666666666666 0.39444444444444443
1 0.6182291666666667 0.5583333333333333 0.6557291666666667 0.5583333333333333 0.6557291666666667 0.6296296296296297 0.6182291666666667 0.6296296296296297
1 0.6265625 0.17314814814814813 0.6625 0.17314814814814813 0.6625 0.2675925925925926 0.6265625 0.2675925925925926
1 0.6645833333333333 0.7462962962962963 0.6885416666666667 0.7462962962962963 0.6885416666666667 0.8268518518518518 0.6645833333333333 0.8268518518518518
1 0.6645833333333333 0.4101851851851852 0.6927083333333334 0.4101851851851852 0.6927083333333334 0.4638888888888889 0.6645833333333333 0.4638888888888889
2 0.4635416666666667 0.1037037037037037 0.5276041666666667 0.1037037037037037 0.5276041666666667 0.175 0.4635416666666667 0.175
2 0.3692708333333333 0 0.48489583333333336 0 0.48489583333333336 0.037037037037037035 0.3692708333333333 0.037037037037037035
2 0.41875 0.3611111111111111 0.5130208333333334 0.3611111111111111 0.5130208333333334 0.42407407407407405 0.41875 0.42407407407407405
2 0.546875 0.18611111111111112 0.6010416666666667 0.18611111111111112 0.6010416666666667 0.22314814814814815 0.546875 0.22314814814814815
2 0.53125 0.23425925925925925 0.5916666666666667 0.23425925925925925 0.5916666666666667 0.29444444444444445 0.53125 0.29444444444444445
2 0.5791666666666667 0.21388888888888888 0.6182291666666667 0.21388888888888888 0.6182291666666667 0.2361111111111111 0.5791666666666667 0.2361111111111111
2 0.5890625 0.24259259259259258 0.6286458333333333 0.24259259259259258 0.6286458333333333 0.26944444444444443 0.5890625 0.26944444444444443
2 0.5713541666666667 0.2759259259259259 0.615625 0.2759259259259259 0.615625 0.3055555555555556 0.5713541666666667 0.3055555555555556
2 0.6255208333333333 0.2518518518518518 0.6583333333333333 0.2518518518518518 0.6583333333333333 0.2740740740740741 0.6255208333333333 0.2740740740740741
2 0.6192708333333333 0.2675925925925926 0.6510416666666666 0.2675925925925926 0.6510416666666666 0.29259259259259257 0.6192708333333333 0.29259259259259257
2 0.5979166666666667 0.2898148148148148 0.6453125 0.2898148148148148 0.6453125 0.3194444444444444 0.5979166666666667 0.3194444444444444
2 0.6125 0.33055555555555555 0.6505208333333333 0.33055555555555555 0.6505208333333333 0.3592592592592593 0.6125 0.3592592592592593
2 0.5953125 0.36018518518518516 0.6401041666666667 0.36018518518518516 0.6401041666666667 0.3787037037037037 0.5953125 0.3787037037037037
2 0.5864583333333333 0.3814814814814815 0.6307291666666667 0.3814814814814815 0.6307291666666667 0.4083333333333333 0.5864583333333333 0.4083333333333333
2 0.6057291666666667 0.41203703703703703 0.6458333333333334 0.41203703703703703 0.6458333333333334 0.45 0.6057291666666667 0.45
2 0.6354166666666666 0.362962962962963 0.66875 0.362962962962963 0.66875 0.3907407407407407 0.6354166666666666 0.3907407407407407
2 0.6442708333333333 0.32222222222222224 0.665625 0.32222222222222224 0.665625 0.3509259259259259 0.6442708333333333 0.3509259259259259
2 0.653125 0.3537037037037037 0.6765625 0.3537037037037037 0.6765625 0.3731481481481482 0.653125 0.3731481481481482
2 0.6645833333333333 0.33425925925925926 0.6859375 0.33425925925925926 0.6859375 0.3574074074074074 0.6645833333333333 0.3574074074074074
2 0.6682291666666667 0.37037037037037035 0.6901041666666666 0.37037037037037035 0.6901041666666666 0.3851851851851852 0.6682291666666667 0.3851851851851852
2 0.6401041666666667 0.46111111111111114 0.6692708333333334 0.46111111111111114 0.6692708333333334 0.48148148148148145 0.6401041666666667 0.48148148148148145
2 0.6276041666666666 0.4824074074074074 0.6682291666666667 0.4824074074074074 0.6682291666666667 0.525 0.6276041666666666 0.525
2 0.5630208333333333 0.6842592592592592 0.6098958333333333 0.6842592592592592 0.6098958333333333 0.7324074074074074 0.5630208333333333 0.7324074074074074
2 0.5848958333333333 0.7398148148148148 0.6338541666666667 0.7398148148148148 0.6338541666666667 0.7796296296296297 0.5848958333333333 0.7796296296296297
2 0.6171875 0.7148148148148148 0.6515625 0.7148148148148148 0.6515625 0.7388888888888889 0.6171875 0.7388888888888889
2 0.6416666666666667 0.6425925925925926 0.66875 0.6425925925925926 0.66875 0.6666666666666666 0.6416666666666667 0.6666666666666666
2 0.6458333333333334 0.6666666666666666 0.6744791666666666 0.6666666666666666 0.6744791666666666 0.6861111111111111 0.6458333333333334 0.6861111111111111
2 0.6635416666666667 0.6361111111111111 0.6817708333333333 0.6361111111111111 0.6817708333333333 0.6546296296296297 0.6635416666666667 0.6546296296296297
2 0.6791666666666667 0.5787037037037037 0.6963541666666667 0.5787037037037037 0.6963541666666667 0.5925925925925926 0.6791666666666667 0.5925925925925926
2 0.6713541666666667 0.5916666666666667 0.6885416666666667 0.5916666666666667 0.6885416666666667 0.6111111111111112 0.6713541666666667 0.6111111111111112
2 0.678125 0.6083333333333333 0.7005208333333334 0.6083333333333333 0.7005208333333334 0.6314814814814815 0.678125 0.6314814814814815
2 0.678125 0.6407407407407407 0.6973958333333333 0.6407407407407407 0.6973958333333333 0.6611111111111111 0.678125 0.6611111111111111