1 0.41458333333333336 0.2712962962962963 0.47760416666666666 0.2712962962962963 0.47760416666666666 0.37222222222222223 0.41458333333333336 0.37222222222222223
1 0.14947916666666666 0.3175925925925926 0.2708333333333333 0.3175925925925926 0.2708333333333333 0.4935185185185185 0.14947916666666666 0.4935185185185185
1 0.321875 0.17592592592592593 0.39010416666666664 0.17592592592592593 0.39010416666666664 0.23796296296296296 0.321875 0.23796296296296296
2 0.7942708333333334 0.4148148148148148 0.8432291666666667 0.4148148148148148 0.8432291666666667 0.5305555555555556 0.7942708333333334 0.5305555555555556
2 0.0515625 0.7425925925925926 0.15989583333333332 0.7425925925925926 0.15989583333333332 0.9907407407407407 0.0515625 0.9907407407407407
2 0.19635416666666666 0.5083333333333333 0.24270833333333333 0.5083333333333333 0.24270833333333333 0.6620370370370371 0.19635416666666666 0.6620370370370371
2 0.6130208333333333 0.1787037037037037 0.6385416666666667 0.1787037037037037 0.6385416666666667 0.2462962962962963 0.6130208333333333 0.2462962962962963
2 0.3796875 0.3333333333333333 0.4125 0.3333333333333333 0.4125 0.4324074074074074 0.3796875 0.4324074074074074
2 0.6770833333333334 0.2388888888888889 0.7005208333333334 0.2388888888888889 0.7005208333333334 0.3138888888888889 0.6770833333333334 0.3138888888888889
2 0.3302083333333333 0.32037037037037036 0.36041666666666666 0.32037037037037036 0.36041666666666666 0.3962962962962963 0.3302083333333333 0.3962962962962963
2 0.3380208333333333 0.44074074074074077 0.3828125 0.44074074074074077 0.3828125 0.5638888888888889 0.3380208333333333 0.5638888888888889
2 0.4557291666666667 0.16296296296296298 0.47291666666666665 0.16296296296296298 0.47291666666666665 0.21574074074074073 0.4557291666666667 0.21574074074074073
2 0.39947916666666666 0.24259259259259258 0.4192708333333333 0.24259259259259258 0.4192708333333333 0.3 0.39947916666666666 0.3
2 0.24010416666666667 0.4027777777777778 0.28072916666666664 0.4027777777777778 0.28072916666666664 0.5148148148148148 0.24010416666666667 0.5148148148148148
2 0.31614583333333335 0.3851851851851852 0.3458333333333333 0.3851851851851852 0.3458333333333333 0.47962962962962963 0.31614583333333335 0.47962962962962963
1 0.5385416666666667 0.1361111111111111 0.5963541666666666 0.1361111111111111 0.5963541666666666 0.27685185185185185 0.5385416666666667 0.27685185185185185
2 0.496875 0.17407407407407408 0.5177083333333333 0.17407407407407408 0.5177083333333333 0.23425925925925925 0.496875 0.23425925925925925
2 0.30572916666666666 0.6259259259259259 0.35885416666666664 0.6259259259259259 0.35885416666666664 0.7564814814814815 0.30572916666666666 0.7564814814814815
2 0.6364583333333333 0.2361111111111111 0.6598958333333333 0.2361111111111111 0.6598958333333333 0.3055555555555556 0.6364583333333333 0.3055555555555556
2 0.47760416666666666 0.14722222222222223 0.49166666666666664 0.14722222222222223 0.49166666666666664 0.19166666666666668 0.47760416666666666 0.19166666666666668
2 0.29010416666666666 0.6277777777777778 0.3536458333333333 0.6277777777777778 0.3536458333333333 0.8490740740740741 0.29010416666666666 0.8490740740740741
2 0.434375 0.16018518518518518 0.4484375 0.16018518518518518 0.4484375 0.19907407407407407 0.434375 0.19907407407407407