1 0.3953125 0.9083333333333333 0.49322916666666666 0.9083333333333333 0.49322916666666666 1 0.3953125 1
1 0.3171875 0.6944444444444444 0.3515625 0.6944444444444444 0.3515625 0.8175925925925925 0.3171875 0.8175925925925925
2 0.5291666666666667 0 0.6197916666666666 0 0.6197916666666666 0.03611111111111111 0.5291666666666667 0.03611111111111111
2 0.5697916666666667 0.8805555555555555 0.6953125 0.8805555555555555 0.6953125 1 0.5697916666666667 1
2 0.39739583333333334 0.18425925925925926 0.44895833333333335 0.18425925925925926 0.44895833333333335 0.2324074074074074 0.39739583333333334 0.2324074074074074
2 0.47239583333333335 0.1537037037037037 0.553125 0.1537037037037037 0.553125 0.23703703703703705 0.47239583333333335 0.23703703703703705
2 0.46145833333333336 0.7842592592592592 0.5286458333333334 0.7842592592592592 0.5286458333333334 0.8601851851851852 0.46145833333333336 0.8601851851851852
2 0.3651041666666667 0.5851851851851851 0.4140625 0.5851851851851851 0.4140625 0.6398148148148148 0.3651041666666667 0.6398148148148148
2 0.3546875 0.6518518518518519 0.39166666666666666 0.6518518518518519 0.39166666666666666 0.6935185185185185 0.3546875 0.6935185185185185
2 0.390625 0.275 0.4432291666666667 0.275 0.4432291666666667 0.337037037037037 0.390625 0.337037037037037
2 0.3927083333333333 0.6694444444444444 0.4515625 0.6694444444444444 0.4515625 0.7296296296296296 0.3927083333333333 0.7296296296296296
2 0.3307291666666667 0.2212962962962963 0.3614583333333333 0.2212962962962963 0.3614583333333333 0.2824074074074074 0.3307291666666667 0.2824074074074074
2 0.28958333333333336 0.37592592592592594 0.31197916666666664 0.37592592592592594 0.31197916666666664 0.4046296296296296 0.28958333333333336 0.4046296296296296
2 0.30572916666666666 0.2935185185185185 0.3302083333333333 0.2935185185185185 0.3302083333333333 0.3212962962962963 0.30572916666666666 0.3212962962962963
2 0.34479166666666666 0.3527777777777778 0.38333333333333336 0.3527777777777778 0.38333333333333336 0.3972222222222222 0.34479166666666666 0.3972222222222222
2 0.3307291666666667 0.32037037037037036 0.37447916666666664 0.32037037037037036 0.37447916666666664 0.3574074074074074 0.3307291666666667 0.3574074074074074
2 0.3098958333333333 0.5648148148148148 0.3380208333333333 0.5648148148148148 0.3380208333333333 0.5962962962962963 0.3098958333333333 0.5962962962962963