1 0.40729166666666666 0.06759259259259259 0.4864583333333333 0.06759259259259259 0.4864583333333333 0.2574074074074074 0.40729166666666666 0.2574074074074074
1 0.39166666666666666 0.9175925925925926 0.49270833333333336 0.9175925925925926 0.49270833333333336 1 0.39166666666666666 1
2 0.5385416666666667 0 0.6416666666666667 0 0.6416666666666667 0.07314814814814814 0.5385416666666667 0.07314814814814814
2 0.29583333333333334 0.3861111111111111 0.321875 0.3861111111111111 0.321875 0.41574074074074074 0.29583333333333334 0.41574074074074074
2 0.39375 0.674074074074074 0.4505208333333333 0.674074074074074 0.4505208333333333 0.7324074074074074 0.39375 0.7324074074074074
2 0.4505208333333333 0.700925925925926 0.525 0.700925925925926 0.525 0.7694444444444445 0.4505208333333333 0.7694444444444445
0 0.309375 0.65 0.41875 0.65 0.41875 0.8185185185185185 0.309375 0.8185185185185185
2 0.38333333333333336 0.5666666666666667 0.4354166666666667 0.5666666666666667 0.4354166666666667 0.6166666666666667 0.38333333333333336 0.6166666666666667
2 0.34322916666666664 0.5518518518518518 0.38125 0.5518518518518518 0.38125 0.5925925925925926 0.34322916666666664 0.5925925925925926
1 0.27447916666666666 0.3972222222222222 0.2947916666666667 0.3972222222222222 0.2947916666666667 0.4462962962962963 0.27447916666666666 0.4462962962962963
2 0.3020833333333333 0.23796296296296296 0.325 0.23796296296296296 0.325 0.275 0.3020833333333333 0.275
2 0.35052083333333334 0.24259259259259258 0.3921875 0.24259259259259258 0.3921875 0.2898148148148148 0.35052083333333334 0.2898148148148148
2 0.6515625 0.9148148148148149 0.7796875 0.9148148148148149 0.7796875 1 0.6515625 1
0 0.44375 0.21944444444444444 0.5328125 0.21944444444444444 0.5328125 0.29907407407407405 0.44375 0.29907407407407405