1 0.5010416666666667 0 0.6010416666666667 0 0.6010416666666667 0.09074074074074075 0.5010416666666667 0.09074074074074075
1 0.68125 0.4444444444444444 0.7088541666666667 0.4444444444444444 0.7088541666666667 0.5009259259259259 0.68125 0.5009259259259259
1 0.6458333333333334 0.20185185185185187 0.6822916666666666 0.20185185185185187 0.6822916666666666 0.29814814814814816 0.6458333333333334 0.29814814814814816
1 0.6947916666666667 0.6898148148148148 0.7140625 0.6898148148148148 0.7140625 0.7759259259259259 0.6947916666666667 0.7759259259259259
2 0.4125 0.07962962962962963 0.515625 0.07962962962962963 0.515625 0.1824074074074074 0.4125 0.1824074074074074
2 0.4375 0.27870370370370373 0.5208333333333334 0.27870370370370373 0.5208333333333334 0.34814814814814815 0.4375 0.34814814814814815
2 0.5109375 0.3388888888888889 0.5734375 0.3388888888888889 0.5734375 0.4009259259259259 0.5109375 0.4009259259259259
2 0.5151041666666667 0.2518518518518518 0.5744791666666667 0.2518518518518518 0.5744791666666667 0.29907407407407405 0.5151041666666667 0.29907407407407405
2 0.5203125 0.18703703703703703 0.5885416666666666 0.18703703703703703 0.5885416666666666 0.2490740740740741 0.5203125 0.2490740740740741
2 0.575 0.23055555555555557 0.6203125 0.23055555555555557 0.6203125 0.2796296296296296 0.575 0.2796296296296296
2 0.609375 0.24259259259259258 0.6447916666666667 0.24259259259259258 0.6447916666666667 0.28055555555555556 0.609375 0.28055555555555556
2 0.5848958333333333 0.3296296296296296 0.6291666666666667 0.3296296296296296 0.6291666666666667 0.3685185185185185 0.5848958333333333 0.3685185185185185
2 0.61875 0.3287037037037037 0.6526041666666667 0.3287037037037037 0.6526041666666667 0.3592592592592593 0.61875 0.3592592592592593
2 0.6291666666666667 0.3574074074074074 0.6614583333333334 0.3574074074074074 0.6614583333333334 0.3814814814814815 0.6291666666666667 0.3814814814814815
2 0.5723958333333333 0.4222222222222222 0.6244791666666667 0.4222222222222222 0.6244791666666667 0.45925925925925926 0.5723958333333333 0.45925925925925926
2 0.6296875 0.41388888888888886 0.6671875 0.41388888888888886 0.6671875 0.4462962962962963 0.6296875 0.4462962962962963
2 0.6385416666666667 0.43703703703703706 0.6703125 0.43703703703703706 0.6703125 0.4675925925925926 0.6385416666666667 0.4675925925925926
2 0.640625 0.2916666666666667 0.6765625 0.2916666666666667 0.6765625 0.31851851851851853 0.640625 0.31851851851851853
2 0.6520833333333333 0.3314814814814815 0.6796875 0.3314814814814815 0.6796875 0.34629629629629627 0.6520833333333333 0.34629629629629627
2 0.6473958333333333 0.3416666666666667 0.6697916666666667 0.3416666666666667 0.6697916666666667 0.35462962962962963 0.6473958333333333 0.35462962962962963
2 0.6625 0.35833333333333334 0.6875 0.35833333333333334 0.6875 0.37962962962962965 0.6625 0.37962962962962965
2 0.6640625 0.39814814814814814 0.69375 0.39814814814814814 0.69375 0.412962962962963 0.6640625 0.412962962962963
2 0.6739583333333333 0.37962962962962965 0.6994791666666667 0.37962962962962965 0.6994791666666667 0.3972222222222222 0.6739583333333333 0.3972222222222222
2 0.66875 0.43148148148148147 0.6921875 0.43148148148148147 0.6921875 0.45185185185185184 0.66875 0.45185185185185184
2 0.6864583333333333 0.41574074074074074 0.7098958333333333 0.41574074074074074 0.7098958333333333 0.43148148148148147 0.6864583333333333 0.43148148148148147
2 0.6958333333333333 0.43425925925925923 0.7171875 0.43425925925925923 0.7171875 0.44074074074074077 0.6958333333333333 0.44074074074074077
2 0.6963541666666667 0.3962962962962963 0.7166666666666667 0.3962962962962963 0.7166666666666667 0.40925925925925927 0.6963541666666667 0.40925925925925927
2 0.703125 0.37777777777777777 0.721875 0.37777777777777777 0.721875 0.39166666666666666 0.703125 0.39166666666666666
2 0.6947916666666667 0.49722222222222223 0.7177083333333333 0.49722222222222223 0.7177083333333333 0.5157407407407407 0.6947916666666667 0.5157407407407407
2 0.703125 0.44722222222222224 0.721875 0.44722222222222224 0.721875 0.46296296296296297 0.703125 0.46296296296296297
2 0.6979166666666666 0.6481481481481481 0.7177083333333333 0.6481481481481481 0.7177083333333333 0.6675925925925926 0.6979166666666666 0.6675925925925926
2 0.6572916666666667 0.7472222222222222 0.6890625 0.7472222222222222 0.6890625 0.7592592592592593 0.6572916666666667 0.7592592592592593
2 0.6723958333333333 0.7092592592592593 0.6979166666666666 0.7092592592592593 0.6979166666666666 0.7324074074074074 0.6723958333333333 0.7324074074074074
2 0.6520833333333333 0.6916666666666667 0.684375 0.6916666666666667 0.684375 0.7083333333333334 0.6520833333333333 0.7083333333333334
2 0.6697916666666667 0.6592592592592592 0.6963541666666667 0.6592592592592592 0.6963541666666667 0.6796296296296296 0.6697916666666667 0.6796296296296296