1 0.41302083333333334 0.2740740740740741 0.47708333333333336 0.2740740740740741 0.47708333333333336 0.3787037037037037 0.41302083333333334 0.3787037037037037
1 0.14895833333333333 0.3175925925925926 0.2713541666666667 0.3175925925925926 0.2713541666666667 0.49444444444444446 0.14895833333333333 0.49444444444444446
1 0.3223958333333333 0.17592592592592593 0.38958333333333334 0.17592592592592593 0.38958333333333334 0.2388888888888889 0.3223958333333333 0.2388888888888889
2 0.034375 0.7787037037037037 0.1203125 0.7787037037037037 0.1203125 0.9972222222222222 0.034375 0.9972222222222222
2 0.7802083333333333 0.4064814814814815 0.825 0.4064814814814815 0.825 0.5185185185185185 0.7802083333333333 0.5185185185185185
2 0.3109375 0.3925925925925926 0.34270833333333334 0.3925925925925926 0.34270833333333334 0.475 0.3109375 0.475
2 0.28229166666666666 0.6675925925925926 0.3463541666666667 0.6675925925925926 0.3463541666666667 0.9074074074074074 0.28229166666666666 0.9074074074074074
2 0.1796875 0.5324074074074074 0.23125 0.5324074074074074 0.23125 0.687962962962963 0.1796875 0.687962962962963
2 0.32395833333333335 0.32222222222222224 0.35625 0.32222222222222224 0.35625 0.4009259259259259 0.32395833333333335 0.4009259259259259
2 0.396875 0.24351851851851852 0.4161458333333333 0.24351851851851852 0.4161458333333333 0.3037037037037037 0.396875 0.3037037037037037
2 0.3729166666666667 0.34629629629629627 0.409375 0.34629629629629627 0.409375 0.44814814814814813 0.3729166666666667 0.44814814814814813
2 0.6114583333333333 0.18425925925925926 0.634375 0.18425925925925926 0.634375 0.24166666666666667 0.6114583333333333 0.24166666666666667
2 0.6682291666666667 0.23333333333333334 0.6927083333333334 0.23333333333333334 0.6927083333333334 0.30462962962962964 0.6682291666666667 0.30462962962962964
2 0.4973958333333333 0.17314814814814813 0.5182291666666666 0.17314814814814813 0.5182291666666666 0.2361111111111111 0.4973958333333333 0.2361111111111111
2 0.4552083333333333 0.16574074074074074 0.47239583333333335 0.16574074074074074 0.47239583333333335 0.21851851851851853 0.4552083333333333 0.21851851851851853
2 0.6328125 0.22777777777777777 0.6557291666666667 0.22777777777777777 0.6557291666666667 0.2972222222222222 0.6328125 0.2972222222222222
2 0.33177083333333335 0.45185185185185184 0.3734375 0.45185185185185184 0.3734375 0.575925925925926 0.33177083333333335 0.575925925925926
1 0.5385416666666667 0.13518518518518519 0.59375 0.13518518518518519 0.59375 0.2712962962962963 0.5385416666666667 0.2712962962962963
2 0.23489583333333333 0.41203703703703703 0.27239583333333334 0.41203703703703703 0.27239583333333334 0.5287037037037037 0.23489583333333333 0.5287037037037037
2 0.7395833333333334 0.7166666666666667 0.8125 0.7166666666666667 0.8125 0.9592592592592593 0.7395833333333334 0.9592592592592593
2 0.4276041666666667 0.18796296296296297 0.4427083333333333 0.18796296296296297 0.4427083333333333 0.23333333333333334 0.4276041666666667 0.23333333333333334
2 0.47552083333333334 0.15 0.4921875 0.15 0.4921875 0.19722222222222222 0.47552083333333334 0.19722222222222222
2 0.4375 0.19722222222222222 0.4583333333333333 0.19722222222222222 0.4583333333333333 0.2675925925925926 0.4375 0.2675925925925926