1 0.49114583333333334 0 0.5921875 0 0.5921875 0.0787037037037037 0.49114583333333334 0.0787037037037037
1 0.575 0.3574074074074074 0.6328125 0.3574074074074074 0.6328125 0.4583333333333333 0.575 0.4583333333333333
1 0.6447916666666667 0.5888888888888889 0.6859375 0.5888888888888889 0.6859375 0.6694444444444444 0.6447916666666667 0.6694444444444444
1 0.6401041666666667 0.1925925925925926 0.6755208333333333 0.1925925925925926 0.6755208333333333 0.2953703703703704 0.6401041666666667 0.2953703703703704
2 0.296875 0 0.43697916666666664 0 0.43697916666666664 0.06666666666666667 0.296875 0.06666666666666667
2 0.42916666666666664 0.11666666666666667 0.5114583333333333 0.11666666666666667 0.5114583333333333 0.20185185185185187 0.42916666666666664 0.20185185185185187
2 0.40989583333333335 0.1962962962962963 0.5088541666666667 0.1962962962962963 0.5088541666666667 0.2935185185185185 0.40989583333333335 0.2935185185185185
2 0.5473958333333333 0.19166666666666668 0.6020833333333333 0.19166666666666668 0.6020833333333333 0.22407407407407406 0.5473958333333333 0.22407407407407406
2 0.5963541666666666 0.24722222222222223 0.6453125 0.24722222222222223 0.6453125 0.2833333333333333 0.5963541666666666 0.2833333333333333
2 0.5354166666666667 0.2675925925925926 0.6046875 0.2675925925925926 0.6046875 0.3148148148148148 0.5354166666666667 0.3148148148148148
2 0.5333333333333333 0.8833333333333333 0.59375 0.8833333333333333 0.59375 0.9361111111111111 0.5333333333333333 0.9361111111111111
2 0.6447916666666667 0.30833333333333335 0.6729166666666667 0.30833333333333335 0.6729166666666667 0.33796296296296297 0.6447916666666667 0.33796296296296297
2 0.6067708333333334 0.33611111111111114 0.6557291666666667 0.33611111111111114 0.6557291666666667 0.35648148148148145 0.6067708333333334 0.35648148148148145
2 0.6515625 0.37222222222222223 0.684375 0.37222222222222223 0.684375 0.38981481481481484 0.6515625 0.38981481481481484
2 0.6713541666666667 0.35 0.7015625 0.35 0.7015625 0.36666666666666664 0.6713541666666667 0.36666666666666664
2 0.6484375 0.42314814814814816 0.6807291666666667 0.42314814814814816 0.6807291666666667 0.4527777777777778 0.6484375 0.4527777777777778
2 0.6567708333333333 0.40370370370370373 0.6864583333333333 0.40370370370370373 0.6864583333333333 0.4222222222222222 0.6567708333333333 0.4222222222222222
2 0.6932291666666667 0.32592592592592595 0.7140625 0.32592592592592595 0.7140625 0.34074074074074073 0.6932291666666667 0.34074074074074073
2 0.6796875 0.3888888888888889 0.7026041666666667 0.3888888888888889 0.7026041666666667 0.4064814814814815 0.6796875 0.4064814814814815
2 0.6947916666666667 0.4046296296296296 0.7119791666666667 0.4046296296296296 0.7119791666666667 0.41574074074074074 0.6947916666666667 0.41574074074074074
2 0.6848958333333334 0.4222222222222222 0.7078125 0.4222222222222222 0.7078125 0.43703703703703706 0.6848958333333334 0.43703703703703706
2 0.6921875 0.4324074074074074 0.7104166666666667 0.4324074074074074 0.7104166666666667 0.44537037037037036 0.6921875 0.44537037037037036
2 0.6932291666666667 0.45740740740740743 0.7140625 0.45740740740740743 0.7140625 0.47314814814814815 0.6932291666666667 0.47314814814814815
2 0.64375 0.5148148148148148 0.6765625 0.5148148148148148 0.6765625 0.5777777777777777 0.64375 0.5777777777777777
2 0.690625 0.6101851851851852 0.7109375 0.6101851851851852 0.7109375 0.625 0.690625 0.625
2 0.6911458333333333 0.6416666666666667 0.7114583333333333 0.6416666666666667 0.7114583333333333 0.662962962962963 0.6911458333333333 0.662962962962963
1 0.690625 0.5546296296296296 0.7140625 0.5546296296296296 0.7140625 0.5925925925925926 0.690625 0.5925925925925926
2 0.628125 0.7138888888888889 0.6677083333333333 0.7138888888888889 0.6677083333333333 0.7490740740740741 0.628125 0.7490740740740741