1 0.5760416666666667 0.5425925925925926 0.7197916666666667 0.5425925925925926 0.7197916666666667 0.7787037037037037 0.5760416666666667 0.7787037037037037
1 0.1203125 0.3537037037037037 0.2552083333333333 0.3537037037037037 0.2552083333333333 0.5342592592592592 0.1203125 0.5342592592592592
1 0.3671875 0.36574074074074076 0.4390625 0.36574074074074076 0.4390625 0.49166666666666664 0.3671875 0.49166666666666664
1 0.5333333333333333 0.23148148148148148 0.5760416666666667 0.23148148148148148 0.5760416666666667 0.3 0.5333333333333333 0.3
1 0.31354166666666666 0.21296296296296297 0.3692708333333333 0.21296296296296297 0.3692708333333333 0.275 0.31354166666666666 0.275
1 0.44947916666666665 0.15555555555555556 0.4817708333333333 0.15555555555555556 0.4817708333333333 0.20555555555555555 0.44947916666666665 0.20555555555555555
2 0.20520833333333333 0.5 0.24270833333333333 0.5 0.24270833333333333 0.6481481481481481 0.20520833333333333 0.6481481481481481
1 0.6427083333333333 0.16666666666666666 0.6864583333333333 0.16666666666666666 0.6864583333333333 0.20833333333333334 0.6427083333333333 0.20833333333333334
2 0.29270833333333335 0.4074074074074074 0.32708333333333334 0.4074074074074074 0.32708333333333334 0.5370370370370371 0.29270833333333335 0.5370370370370371
2 0.42552083333333335 0.4398148148148148 0.4546875 0.4398148148148148 0.4546875 0.587037037037037 0.42552083333333335 0.587037037037037
2 0.18489583333333334 0.4685185185185185 0.21302083333333333 0.4685185185185185 0.21302083333333333 0.6101851851851852 0.18489583333333334 0.6101851851851852
2 0.3333333333333333 0.31666666666666665 0.35104166666666664 0.31666666666666665 0.35104166666666664 0.38981481481481484 0.3333333333333333 0.38981481481481484
2 0.37083333333333335 0.325 0.38958333333333334 0.325 0.38958333333333334 0.4 0.37083333333333335 0.4
2 0.3567708333333333 0.2675925925925926 0.37083333333333335 0.2675925925925926 0.37083333333333335 0.33240740740740743 0.3567708333333333 0.33240740740740743
2 0.3734375 0.28055555555555556 0.39791666666666664 0.28055555555555556 0.39791666666666664 0.35462962962962963 0.3734375 0.35462962962962963
2 0.4348958333333333 0.2564814814814815 0.4505208333333333 0.2564814814814815 0.4505208333333333 0.3425925925925926 0.4348958333333333 0.3425925925925926
2 0.4505208333333333 0.22777777777777777 0.4666666666666667 0.22777777777777777 0.4666666666666667 0.2916666666666667 0.4505208333333333 0.2916666666666667
2 0.40572916666666664 0.23148148148148148 0.4203125 0.23148148148148148 0.4203125 0.28425925925925927 0.40572916666666664 0.28425925925925927
2 0.4197916666666667 0.24351851851851852 0.4359375 0.24351851851851852 0.4359375 0.32222222222222224 0.4197916666666667 0.32222222222222224
2 0.36666666666666664 0.22314814814814815 0.3765625 0.22314814814814815 0.3765625 0.2722222222222222 0.36666666666666664 0.2722222222222222
2 0.3729166666666667 0.21851851851851853 0.39010416666666664 0.21851851851851853 0.39010416666666664 0.2916666666666667 0.3729166666666667 0.2916666666666667
2 0.384375 0.24259259259259258 0.403125 0.24259259259259258 0.403125 0.2962962962962963 0.384375 0.2962962962962963
2 0.40625 0.2074074074074074 0.4192708333333333 0.2074074074074074 0.4192708333333333 0.24259259259259258 0.40625 0.24259259259259258
2 0.425 0.20462962962962963 0.4390625 0.20462962962962963 0.4390625 0.24814814814814815 0.425 0.24814814814814815
2 0.4765625 0.19444444444444445 0.4895833333333333 0.19444444444444445 0.4895833333333333 0.2564814814814815 0.4765625 0.2564814814814815
2 0.409375 0.1648148148148148 0.4192708333333333 0.1648148148148148 0.4192708333333333 0.20833333333333334 0.409375 0.20833333333333334
2 0.4192708333333333 0.17407407407407408 0.4276041666666667 0.17407407407407408 0.4276041666666667 0.225 0.4192708333333333 0.225
2 0.425 0.16111111111111112 0.43645833333333334 0.16111111111111112 0.43645833333333334 0.19537037037037036 0.425 0.19537037037037036
2 0.4901041666666667 0.20833333333333334 0.5119791666666667 0.20833333333333334 0.5119791666666667 0.26296296296296295 0.4901041666666667 0.26296296296296295
1 0.5109375 0.1388888888888889 0.5348958333333333 0.1388888888888889 0.5348958333333333 0.18425925925925926 0.5109375 0.18425925925925926
2 0.6098958333333333 0.32222222222222224 0.6395833333333333 0.32222222222222224 0.6395833333333333 0.41203703703703703 0.6098958333333333 0.41203703703703703
2 0.6380208333333334 0.2759259259259259 0.6598958333333333 0.2759259259259259 0.6598958333333333 0.3592592592592593 0.6380208333333334 0.3592592592592593
2 0.6208333333333333 0.2388888888888889 0.640625 0.2388888888888889 0.640625 0.3055555555555556 0.6208333333333333 0.3055555555555556
2 0.58125 0.20092592592592592 0.596875 0.20092592592592592 0.596875 0.25833333333333336 0.58125 0.25833333333333336
2 0.5942708333333333 0.1962962962962963 0.6083333333333333 0.1962962962962963 0.6083333333333333 0.25277777777777777 0.5942708333333333 0.25277777777777777
2 0.5796875 0.18518518518518517 0.5911458333333334 0.18518518518518517 0.5911458333333334 0.21574074074074073 0.5796875 0.21574074074074073
2 0.5760416666666667 0.14907407407407408 0.5890625 0.14907407407407408 0.5890625 0.18703703703703703 0.5760416666666667 0.18703703703703703
2 0.5645833333333333 0.14907407407407408 0.5734375 0.14907407407407408 0.5734375 0.19166666666666668 0.5645833333333333 0.19166666666666668
2 0.5536458333333333 0.1574074074074074 0.5630208333333333 0.1574074074074074 0.5630208333333333 0.20277777777777778 0.5536458333333333 0.20277777777777778
2 0.5453125 0.1527777777777778 0.5541666666666667 0.1527777777777778 0.5541666666666667 0.18981481481481483 0.5453125 0.18981481481481483