1 0.14375 0.32222222222222224 0.26927083333333335 0.32222222222222224 0.26927083333333335 0.4981481481481482 0.14375 0.4981481481481482
1 0.31979166666666664 0.17407407407407408 0.3932291666666667 0.17407407407407408 0.3932291666666667 0.23425925925925925 0.31979166666666664 0.23425925925925925
2 0.1015625 0.8481481481481481 0.1921875 0.8481481481481481 0.1921875 1 0.1015625 1
2 0.7088541666666667 0.3425925925925926 0.746875 0.3425925925925926 0.746875 0.4398148148148148 0.7088541666666667 0.4398148148148148
2 0.8411458333333334 0.5527777777777778 0.9109375 0.5527777777777778 0.9109375 0.7351851851851852 0.8411458333333334 0.7351851851851852
2 0.6661458333333333 0.3527777777777778 0.7072916666666667 0.3527777777777778 0.7072916666666667 0.47129629629629627 0.6661458333333333 0.47129629629629627
2 0.4078125 0.1824074074074074 0.4296875 0.1824074074074074 0.4296875 0.23148148148148148 0.4078125 0.23148148148148148
2 0.45260416666666664 0.17777777777777778 0.47239583333333335 0.17777777777777778 0.47239583333333335 0.23148148148148148 0.45260416666666664 0.23148148148148148
2 0.5958333333333333 0.22685185185185186 0.6166666666666667 0.22685185185185186 0.6166666666666667 0.2824074074074074 0.5958333333333333 0.2824074074074074
2 0.6463541666666667 0.2638888888888889 0.6739583333333333 0.2638888888888889 0.6739583333333333 0.33796296296296297 0.6463541666666667 0.33796296296296297
2 0.43125 0.21388888888888888 0.45208333333333334 0.21388888888888888 0.45208333333333334 0.27037037037037037 0.43125 0.27037037037037037
2 0.39739583333333334 0.20462962962962963 0.4192708333333333 0.20462962962962963 0.4192708333333333 0.26481481481481484 0.39739583333333334 0.26481481481481484
2 0.5541666666666667 0.1527777777777778 0.5744791666666667 0.1527777777777778 0.5744791666666667 0.2037037037037037 0.5541666666666667 0.2037037037037037
2 0.4109375 0.2935185185185185 0.4427083333333333 0.2935185185185185 0.4427083333333333 0.3824074074074074 0.4109375 0.3824074074074074
2 0.6036458333333333 0.18703703703703703 0.6234375 0.18703703703703703 0.6234375 0.23703703703703705 0.6036458333333333 0.23703703703703705
2 0.584375 0.1675925925925926 0.6026041666666667 0.1675925925925926 0.6026041666666667 0.21851851851851853 0.584375 0.21851851851851853
2 0.484375 0.13796296296296295 0.49895833333333334 0.13796296296296295 0.49895833333333334 0.1787037037037037 0.484375 0.1787037037037037
2 0.43645833333333334 0.12962962962962962 0.45 0.12962962962962962 0.45 0.16296296296296298 0.43645833333333334 0.16296296296296298
2 0.45625 0.2759259259259259 0.4828125 0.2759259259259259 0.4828125 0.3638888888888889 0.45625 0.3638888888888889
2 0.6265625 0.15925925925925927 0.6427083333333333 0.15925925925925927 0.6427083333333333 0.20092592592592592 0.6265625 0.20092592592592592
2 0.31302083333333336 0.6240740740740741 0.3645833333333333 0.6240740740740741 0.3645833333333333 0.8546296296296296 0.31302083333333336 0.8546296296296296