1 0.5739583333333333 0.35185185185185186 0.63125 0.35185185185185186 0.63125 0.46111111111111114 0.5739583333333333 0.46111111111111114
1 0.6473958333333333 0.18425925925925926 0.6822916666666666 0.18425925925925926 0.6822916666666666 0.3037037037037037 0.6473958333333333 0.3037037037037037
1 0.5041666666666667 0 0.6026041666666667 0 0.6026041666666667 0.09351851851851851 0.5041666666666667 0.09351851851851851
2 0.32916666666666666 0.16944444444444445 0.4453125 0.16944444444444445 0.4453125 0.25833333333333336 0.32916666666666666 0.25833333333333336
2 0.559375 0.2064814814814815 0.603125 0.2064814814814815 0.603125 0.2574074074074074 0.559375 0.2574074074074074
2 0.47239583333333335 0.22314814814814815 0.5427083333333333 0.22314814814814815 0.5427083333333333 0.30277777777777776 0.47239583333333335 0.30277777777777776
2 0.41822916666666665 0 0.5041666666666667 0 0.5041666666666667 0.05740740740740741 0.41822916666666665 0.05740740740740741
2 0.6010416666666667 0.8185185185185185 0.6432291666666666 0.8185185185185185 0.6432291666666666 0.8657407407407407 0.6010416666666667 0.8657407407407407
2 0.6416666666666667 0.7027777777777777 0.6786458333333333 0.7027777777777777 0.6786458333333333 0.75 0.6416666666666667 0.75
1 0.6234375 0.562962962962963 0.7036458333333333 0.562962962962963 0.7036458333333333 0.6712962962962963 0.6234375 0.6712962962962963
2 0.5427083333333333 0.29259259259259257 0.5979166666666667 0.29259259259259257 0.5979166666666667 0.3453703703703704 0.5427083333333333 0.3453703703703704
2 0.5130208333333334 0.17685185185185184 0.56875 0.17685185185185184 0.56875 0.2324074074074074 0.5130208333333334 0.2324074074074074
2 0.6619791666666667 0.42314814814814816 0.6890625 0.42314814814814816 0.6890625 0.45185185185185184 0.6619791666666667 0.45185185185185184
2 0.6505208333333333 0.49444444444444446 0.6822916666666666 0.49444444444444446 0.6822916666666666 0.5296296296296297 0.6505208333333333 0.5296296296296297
2 0.49635416666666665 0.04722222222222222 0.5619791666666667 0.04722222222222222 0.5619791666666667 0.11944444444444445 0.49635416666666665 0.11944444444444445
2 0.60625 0.7453703703703703 0.6458333333333334 0.7453703703703703 0.6458333333333334 0.7907407407407407 0.60625 0.7907407407407407
2 0.6151041666666667 0.325 0.6505208333333333 0.325 0.6505208333333333 0.3648148148148148 0.6151041666666667 0.3648148148148148
2 0.6734375 0.462037037037037 0.6989583333333333 0.462037037037037 0.6989583333333333 0.48703703703703705 0.6734375 0.48703703703703705