1 0.14322916666666666 0.32222222222222224 0.2760416666666667 0.32222222222222224 0.2760416666666667 0.4981481481481482 0.14322916666666666 0.4981481481481482
1 0.3260416666666667 0.17037037037037037 0.3927083333333333 0.17037037037037037 0.3927083333333333 0.2324074074074074 0.3260416666666667 0.2324074074074074
2 0.2203125 0.625 0.2796875 0.625 0.2796875 0.8046296296296296 0.2203125 0.8046296296296296
2 0.4078125 0.19074074074074074 0.428125 0.19074074074074074 0.428125 0.24722222222222223 0.4078125 0.24722222222222223
2 0.5385416666666667 0.09537037037037037 0.5515625 0.09537037037037037 0.5515625 0.125 0.5385416666666667 0.125
2 0.5859375 0.1925925925925926 0.60625 0.1925925925925926 0.60625 0.2518518518518518 0.5859375 0.2518518518518518
2 0.45416666666666666 0.15925925925925927 0.4713541666666667 0.15925925925925927 0.4713541666666667 0.20277777777777778 0.45416666666666666 0.20277777777777778
2 0.7020833333333333 0.4537037037037037 0.7494791666666667 0.4537037037037037 0.7494791666666667 0.5925925925925926 0.7020833333333333 0.5925925925925926
2 0.6598958333333333 0.18611111111111112 0.6770833333333334 0.18611111111111112 0.6770833333333334 0.22962962962962963 0.6598958333333333 0.22962962962962963
2 0.4192708333333333 0.25 0.4473958333333333 0.25 0.4473958333333333 0.32314814814814813 0.4192708333333333 0.32314814814814813
2 0.6572916666666667 0.29814814814814816 0.6885416666666667 0.29814814814814816 0.6885416666666667 0.38796296296296295 0.6572916666666667 0.38796296296296295
2 0.36354166666666665 0.46574074074074073 0.4036458333333333 0.46574074074074073 0.4036458333333333 0.6398148148148148 0.36354166666666665 0.6398148148148148
2 0.43697916666666664 0.18888888888888888 0.4557291666666667 0.18888888888888888 0.4557291666666667 0.24166666666666667 0.43697916666666664 0.24166666666666667
2 0.5526041666666667 0.1685185185185185 0.5739583333333333 0.1685185185185185 0.5739583333333333 0.22314814814814815 0.5526041666666667 0.22314814814814815
2 0.903125 0.6657407407407407 0.9807291666666667 0.6657407407407407 0.9807291666666667 0.8712962962962963 0.903125 0.8712962962962963
2 0.35104166666666664 0.39166666666666666 0.390625 0.39166666666666666 0.390625 0.5074074074074074 0.35104166666666664 0.5074074074074074
2 0.6036458333333333 0.2574074074074074 0.6270833333333333 0.2574074074074074 0.6270833333333333 0.32592592592592595 0.6036458333333333 0.32592592592592595
2 0.6213541666666667 0.16111111111111112 0.6421875 0.16111111111111112 0.6421875 0.20555555555555555 0.6213541666666667 0.20555555555555555
2 0.459375 0.23055555555555557 0.48385416666666664 0.23055555555555557 0.48385416666666664 0.30185185185185187 0.459375 0.30185185185185187
2 0.6114583333333333 0.2101851851851852 0.634375 0.2101851851851852 0.634375 0.26944444444444443 0.6114583333333333 0.26944444444444443
2 0.48489583333333336 0.13240740740740742 0.49895833333333334 0.13240740740740742 0.49895833333333334 0.17037037037037037 0.48489583333333336 0.17037037037037037
2 0.7322916666666667 0.40555555555555556 0.778125 0.40555555555555556 0.778125 0.5018518518518519 0.7322916666666667 0.5018518518518519
2 0.5880208333333333 0.10277777777777777 0.6020833333333333 0.10277777777777777 0.6020833333333333 0.13333333333333333 0.5880208333333333 0.13333333333333333