1 0.5052083333333334 0 0.6026041666666667 0 0.6026041666666667 0.09444444444444444 0.5052083333333334 0.09444444444444444
1 0.4588541666666667 0.2462962962962963 0.5541666666666667 0.2462962962962963 0.5541666666666667 0.42314814814814816 0.4588541666666667 0.42314814814814816
2 0.5552083333333333 0.7398148148148148 0.6041666666666666 0.7398148148148148 0.6041666666666666 0.7916666666666666 0.5552083333333333 0.7916666666666666
2 0.4942708333333333 0.8314814814814815 0.559375 0.8314814814814815 0.559375 0.9037037037037037 0.4942708333333333 0.9037037037037037
2 0.4322916666666667 0.7435185185185185 0.5114583333333333 0.7435185185185185 0.5114583333333333 0.8361111111111111 0.4322916666666667 0.8361111111111111
2 0.5822916666666667 0.2537037037037037 0.628125 0.2537037037037037 0.628125 0.3055555555555556 0.5822916666666667 0.3055555555555556
2 0.3645833333333333 0 0.4348958333333333 0 0.4348958333333333 0.053703703703703705 0.3645833333333333 0.053703703703703705
2 0.44375 0.013888888888888888 0.5067708333333333 0.013888888888888888 0.5067708333333333 0.09722222222222222 0.44375 0.09722222222222222
1 0.6458333333333334 0.18055555555555555 0.6817708333333333 0.18055555555555555 0.6817708333333333 0.29259259259259257 0.6458333333333334 0.29259259259259257
2 0.5880208333333333 0.8287037037037037 0.6317708333333333 0.8287037037037037 0.6317708333333333 0.8796296296296297 0.5880208333333333 0.8796296296296297
2 0.5364583333333334 0.20185185185185187 0.5901041666666667 0.20185185185185187 0.5901041666666667 0.25925925925925924 0.5364583333333334 0.25925925925925924
2 0.5692708333333333 0.3212962962962963 0.6140625 0.3212962962962963 0.6140625 0.37222222222222223 0.5692708333333333 0.37222222222222223
2 0.6369791666666667 0.43148148148148147 0.6703125 0.43148148148148147 0.6703125 0.462037037037037 0.6369791666666667 0.462037037037037
2 0.7005208333333334 0.42777777777777776 0.7192708333333333 0.42777777777777776 0.7192708333333333 0.45185185185185184 0.7005208333333334 0.45185185185185184
2 0.6541666666666667 0.37592592592592594 0.6776041666666667 0.37592592592592594 0.6776041666666667 0.4064814814814815 0.6541666666666667 0.4064814814814815
2 0.6791666666666667 0.4824074074074074 0.7036458333333333 0.4824074074074074 0.7036458333333333 0.5083333333333333 0.6791666666666667 0.5083333333333333