1 0.6473958333333333 0.18611111111111112 0.6828125 0.18611111111111112 0.6828125 0.30833333333333335 0.6473958333333333 0.30833333333333335
1 0.5036458333333333 0 0.6026041666666667 0 0.6026041666666667 0.09074074074074075 0.5036458333333333 0.09074074074074075
1 0.5927083333333333 0.37037037037037035 0.64375 0.37037037037037035 0.64375 0.46944444444444444 0.5927083333333333 0.46944444444444444
2 0.21979166666666666 0.05185185185185185 0.3171875 0.05185185185185185 0.3171875 0.18611111111111112 0.21979166666666666 0.18611111111111112
2 0.35520833333333335 0 0.45677083333333335 0 0.45677083333333335 0.03796296296296296 0.35520833333333335 0.03796296296296296
2 0.5677083333333334 0.8518518518518519 0.6177083333333333 0.8518518518518519 0.6177083333333333 0.9083333333333333 0.5677083333333334 0.9083333333333333
2 0.5802083333333333 0.7703703703703704 0.6234375 0.7703703703703704 0.6234375 0.8222222222222222 0.5802083333333333 0.8222222222222222
2 0.5375 0.2074074074074074 0.5895833333333333 0.2074074074074074 0.5895833333333333 0.25925925925925924 0.5375 0.25925925925925924
2 0.5729166666666666 0.31851851851851853 0.6234375 0.31851851851851853 0.6234375 0.37037037037037035 0.5729166666666666 0.37037037037037035
1 0.6005208333333333 0.5694444444444444 0.6947916666666667 0.5694444444444444 0.6947916666666667 0.6925925925925925 0.6005208333333333 0.6925925925925925
2 0.4244791666666667 0.2462962962962963 0.5104166666666666 0.2462962962962963 0.5104166666666666 0.32037037037037036 0.4244791666666667 0.32037037037037036
2 0.5828125 0.23703703703703705 0.621875 0.23703703703703705 0.621875 0.2833333333333333 0.5828125 0.2833333333333333
2 0.6515625 0.4925925925925926 0.6838541666666667 0.4925925925925926 0.6838541666666667 0.5259259259259259 0.6515625 0.5259259259259259
2 0.46875 0.05 0.5427083333333333 0.05 0.5427083333333333 0.13055555555555556 0.46875 0.13055555555555556
2 0.6270833333333333 0.7527777777777778 0.6682291666666667 0.7527777777777778 0.6682291666666667 0.8018518518518518 0.6270833333333333 0.8018518518518518
2 0.5208333333333334 0.27870370370370373 0.5770833333333333 0.27870370370370373 0.5770833333333333 0.33425925925925926 0.5208333333333334 0.33425925925925926
2 0.6791666666666667 0.462037037037037 0.703125 0.462037037037037 0.703125 0.4861111111111111 0.6791666666666667 0.4861111111111111
2 0.6692708333333334 0.425 0.6921875 0.425 0.6921875 0.4537037037037037 0.6692708333333334 0.4537037037037037
2 0.5359375 0.10462962962962963 0.584375 0.10462962962962963 0.584375 0.1648148148148148 0.5359375 0.1648148148148148
2 0.6989583333333333 0.6305555555555555 0.7177083333333333 0.6305555555555555 0.7177083333333333 0.6583333333333333 0.6989583333333333 0.6583333333333333
2 0.6526041666666667 0.3648148148148148 0.6776041666666667 0.3648148148148148 0.6776041666666667 0.39444444444444443 0.6526041666666667 0.39444444444444443
2 0.6890625 0.6777777777777778 0.7125 0.6777777777777778 0.7125 0.7074074074074074 0.6890625 0.7074074074074074
2 0.6302083333333334 0.3527777777777778 0.6604166666666667 0.3527777777777778 0.6604166666666667 0.3888888888888889 0.6302083333333334 0.3888888888888889