1 0.5010416666666667 0 0.6 0 0.6 0.09537037037037037 0.5010416666666667 0.09537037037037037
1 0.65 0.18703703703703703 0.6838541666666667 0.18703703703703703 0.6838541666666667 0.30925925925925923 0.65 0.30925925925925923
2 0.6494791666666667 0.6509259259259259 0.6791666666666667 0.6509259259259259 0.6791666666666667 0.6861111111111111 0.6494791666666667 0.6861111111111111
2 0.46927083333333336 0.19537037037037036 0.5270833333333333 0.19537037037037036 0.5270833333333333 0.26944444444444443 0.46927083333333336 0.26944444444444443
2 0.5802083333333333 0.3472222222222222 0.63125 0.3472222222222222 0.63125 0.40370370370370373 0.5802083333333333 0.40370370370370373
2 0.6588541666666666 0.41759259259259257 0.6869791666666667 0.41759259259259257 0.6869791666666667 0.45092592592592595 0.6588541666666666 0.45092592592592595
2 0.6348958333333333 0.38055555555555554 0.6666666666666666 0.38055555555555554 0.6666666666666666 0.4166666666666667 0.6348958333333333 0.4166666666666667
2 0.5171875 0.8851851851851852 0.575 0.8851851851851852 0.575 0.9574074074074074 0.5171875 0.9574074074074074
2 0.496875 0.8194444444444444 0.5640625 0.8194444444444444 0.5640625 0.9027777777777778 0.496875 0.9027777777777778
2 0.6927083333333334 0.38981481481481484 0.7114583333333333 0.38981481481481484 0.7114583333333333 0.412962962962963 0.6927083333333334 0.412962962962963
2 0.6401041666666667 0.6898148148148148 0.6708333333333333 0.6898148148148148 0.6708333333333333 0.7287037037037037 0.6401041666666667 0.7287037037037037
2 0.5927083333333333 0.425 0.6416666666666667 0.425 0.6416666666666667 0.47129629629629627 0.5927083333333333 0.47129629629629627
2 0.58125 0.7685185185185185 0.6239583333333333 0.7685185185185185 0.6239583333333333 0.8185185185185185 0.58125 0.8185185185185185
2 0.6625 0.5962962962962963 0.6921875 0.5962962962962963 0.6921875 0.6324074074074074 0.6625 0.6324074074074074
2 0.6359375 0.32222222222222224 0.6703125 0.32222222222222224 0.6703125 0.36203703703703705 0.6359375 0.36203703703703705
2 0.6838541666666667 0.47314814814814815 0.7057291666666666 0.47314814814814815 0.7057291666666666 0.4981481481481482 0.6838541666666667 0.4981481481481482
2 0.715625 0.5666666666666667 0.7317708333333334 0.5666666666666667 0.7317708333333334 0.5879629629629629 0.715625 0.5879629629629629
2 0.6125 0.6768518518518518 0.6463541666666667 0.6768518518518518 0.6463541666666667 0.7175925925925926 0.6125 0.7175925925925926
2 0.6734375 0.6185185185185185 0.6973958333333333 0.6185185185185185 0.6973958333333333 0.6583333333333333 0.6734375 0.6583333333333333
2 0.3729166666666667 0.21481481481481482 0.4703125 0.21481481481481482 0.4703125 0.2916666666666667 0.3729166666666667 0.2916666666666667