1 0.39114583333333336 0.9157407407407407 0.49270833333333336 0.9157407407407407 0.49270833333333336 1 0.39114583333333336 1
1 0.39479166666666665 0.09074074074074075 0.4666666666666667 0.09074074074074075 0.4666666666666667 0.2574074074074074 0.39479166666666665 0.2574074074074074
0 0.31197916666666664 0.65 0.4265625 0.65 0.4265625 0.8361111111111111 0.31197916666666664 0.8361111111111111
1 0.290625 0.5092592592592593 0.32083333333333336 0.5092592592592593 0.32083333333333336 0.575925925925926 0.290625 0.575925925925926
2 0.4125 0.6833333333333333 0.46979166666666666 0.6833333333333333 0.46979166666666666 0.7453703703703703 0.4125 0.7453703703703703
2 0.5135416666666667 0.010185185185185186 0.6020833333333333 0.010185185185185186 0.6020833333333333 0.10462962962962963 0.5135416666666667 0.10462962962962963
1 0.271875 0.3990740740740741 0.2921875 0.3990740740740741 0.2921875 0.4462962962962963 0.271875 0.4462962962962963
1 0.28229166666666666 0.32407407407407407 0.3072916666666667 0.32407407407407407 0.3072916666666667 0.3888888888888889 0.28229166666666666 0.3888888888888889
2 0.2921875 0.3888888888888889 0.3177083333333333 0.3888888888888889 0.3177083333333333 0.4185185185185185 0.2921875 0.4185185185185185
2 0.39479166666666665 0.5694444444444444 0.45208333333333334 0.5694444444444444 0.45208333333333334 0.6268518518518519 0.39479166666666665 0.6268518518518519
2 0.46979166666666666 0.7212962962962963 0.55 0.7212962962962963 0.55 0.7888888888888889 0.46979166666666666 0.7888888888888889
2 0.4395833333333333 0 0.4984375 0 0.4984375 0.037037037037037035 0.4395833333333333 0.037037037037037035
2 0.4265625 0.2638888888888889 0.4942708333333333 0.2638888888888889 0.4942708333333333 0.3314814814814815 0.4265625 0.3314814814814815
2 0.35104166666666664 0.549074074074074 0.3927083333333333 0.549074074074074 0.3927083333333333 0.5962962962962963 0.35104166666666664 0.5962962962962963
2 0.34322916666666664 0.2611111111111111 0.38229166666666664 0.2611111111111111 0.38229166666666664 0.30185185185185187 0.34322916666666664 0.30185185185185187
2 0.3328125 0.5444444444444444 0.35833333333333334 0.5444444444444444 0.35833333333333334 0.587037037037037 0.3328125 0.587037037037037
2 0.30885416666666665 0.4564814814814815 0.340625 0.4564814814814815 0.340625 0.5 0.30885416666666665 0.5
2 0.2828125 0.5851851851851851 0.3067708333333333 0.5851851851851851 0.3067708333333333 0.6138888888888889 0.2828125 0.6138888888888889