1 0.39739583333333334 0.9009259259259259 0.4984375 0.9009259259259259 0.4984375 1 0.39739583333333334 1
1 0.31875 0.6925925925925925 0.3546875 0.6925925925925925 0.3546875 0.7907407407407407 0.31875 0.7907407407407407
1 0.28802083333333334 0.175 0.31145833333333334 0.175 0.31145833333333334 0.2722222222222222 0.28802083333333334 0.2722222222222222
1 0.28125 0.49074074074074076 0.3072916666666667 0.49074074074074076 0.3072916666666667 0.5416666666666666 0.28125 0.5416666666666666
2 0.5104166666666666 0.8388888888888889 0.6255208333333333 0.8388888888888889 0.6255208333333333 0.9203703703703704 0.5104166666666666 0.9203703703703704
2 0.43072916666666666 0.8175925925925925 0.5083333333333333 0.8175925925925925 0.5083333333333333 0.8935185185185185 0.43072916666666666 0.8935185185185185
2 0.49166666666666664 0.6814814814814815 0.6151041666666667 0.6814814814814815 0.6151041666666667 0.7888888888888889 0.49166666666666664 0.7888888888888889
2 0.39010416666666664 0.6898148148148148 0.4557291666666667 0.6898148148148148 0.4557291666666667 0.7537037037037037 0.39010416666666664 0.7537037037037037
2 0.378125 0.562962962962963 0.42916666666666664 0.562962962962963 0.42916666666666664 0.6111111111111112 0.378125 0.6111111111111112
2 0.365625 0.6222222222222222 0.4197916666666667 0.6222222222222222 0.4197916666666667 0.6611111111111111 0.365625 0.6611111111111111
2 0.3651041666666667 0.6833333333333333 0.40572916666666664 0.6833333333333333 0.40572916666666664 0.7240740740740741 0.3651041666666667 0.7240740740740741
2 0.3416666666666667 0.6583333333333333 0.37395833333333334 0.6583333333333333 0.37395833333333334 0.687962962962963 0.3416666666666667 0.687962962962963
2 0.32135416666666666 0.6731481481481482 0.3567708333333333 0.6731481481481482 0.3567708333333333 0.700925925925926 0.32135416666666666 0.700925925925926
2 0.3067708333333333 0.6592592592592592 0.3416666666666667 0.6592592592592592 0.3416666666666667 0.6759259259259259 0.3067708333333333 0.6759259259259259
2 0.30520833333333336 0.637962962962963 0.33541666666666664 0.637962962962963 0.33541666666666664 0.6564814814814814 0.30520833333333336 0.6564814814814814
2 0.3104166666666667 0.6157407407407407 0.33177083333333335 0.6157407407407407 0.33177083333333335 0.6287037037037037 0.3104166666666667 0.6287037037037037
2 0.3151041666666667 0.5796296296296296 0.33958333333333335 0.5796296296296296 0.33958333333333335 0.6 0.3151041666666667 0.6
2 0.3109375 0.5527777777777778 0.3416666666666667 0.5527777777777778 0.3416666666666667 0.5657407407407408 0.3109375 0.5657407407407408
2 0.33645833333333336 0.5111111111111111 0.36770833333333336 0.5111111111111111 0.36770833333333336 0.5388888888888889 0.33645833333333336 0.5388888888888889
2 0.3390625 0.5953703703703703 0.3625 0.5953703703703703 0.3625 0.6203703703703703 0.3390625 0.6203703703703703
2 0.30625 0.5222222222222223 0.32760416666666664 0.5222222222222223 0.32760416666666664 0.5435185185185185 0.30625 0.5435185185185185
2 0.29635416666666664 0.5425925925925926 0.31875 0.5425925925925926 0.31875 0.5657407407407408 0.29635416666666664 0.5657407407407408
2 0.29791666666666666 0.5731481481481482 0.31927083333333334 0.5731481481481482 0.31927083333333334 0.5990740740740741 0.29791666666666666 0.5990740740740741
2 0.3046875 0.3194444444444444 0.34010416666666665 0.3194444444444444 0.34010416666666665 0.34629629629629627 0.3046875 0.34629629629629627
2 0.2921875 0.3 0.321875 0.3 0.321875 0.3194444444444444 0.2921875 0.3194444444444444
2 0.30520833333333336 0.275 0.33697916666666666 0.275 0.33697916666666666 0.30462962962962964 0.30520833333333336 0.30462962962962964
2 0.3338541666666667 0.25555555555555554 0.37395833333333334 0.25555555555555554 0.37395833333333334 0.2833333333333333 0.3338541666666667 0.2833333333333333
2 0.32447916666666665 0.22037037037037038 0.3546875 0.22037037037037038 0.3546875 0.24166666666666667 0.32447916666666665 0.24166666666666667