1 0.14322916666666666 0.33055555555555555 0.26875 0.33055555555555555 0.26875 0.5092592592592593 0.14322916666666666 0.5092592592592593
1 0.3890625 0.3685185185185185 0.471875 0.3685185185185185 0.471875 0.5268518518518519 0.3890625 0.5268518518518519
1 0.3302083333333333 0.1814814814814815 0.38697916666666665 0.1814814814814815 0.38697916666666665 0.24444444444444444 0.3302083333333333 0.24444444444444444
1 0.5494791666666666 0.1361111111111111 0.5833333333333334 0.1361111111111111 0.5833333333333334 0.18981481481481483 0.5494791666666666 0.18981481481481483
2 0.23333333333333334 0.45925925925925926 0.2677083333333333 0.45925925925925926 0.2677083333333333 0.6185185185185185 0.23333333333333334 0.6185185185185185
2 0.07916666666666666 0.8185185185185185 0.1828125 0.8185185185185185 0.1828125 1 0.07916666666666666 1
2 0.7609375 0.5175925925925926 0.8208333333333333 0.5175925925925926 0.8208333333333333 0.6935185185185185 0.7609375 0.6935185185185185
2 0.26614583333333336 0.5666666666666667 0.31145833333333334 0.5666666666666667 0.31145833333333334 0.7361111111111112 0.26614583333333336 0.7361111111111112
2 0.3229166666666667 0.30648148148148147 0.35104166666666664 0.30648148148148147 0.35104166666666664 0.42962962962962964 0.3229166666666667 0.42962962962962964
2 0.3802083333333333 0.3148148148148148 0.3921875 0.3148148148148148 0.3921875 0.40555555555555556 0.3802083333333333 0.40555555555555556
2 0.7145833333333333 0.3296296296296296 0.7390625 0.3296296296296296 0.7390625 0.412962962962963 0.7145833333333333 0.412962962962963
2 0.371875 0.2361111111111111 0.38697916666666665 0.2361111111111111 0.38697916666666665 0.3101851851851852 0.371875 0.3101851851851852
2 0.41302083333333334 0.20925925925925926 0.4276041666666667 0.20925925925925926 0.4276041666666667 0.2796296296296296 0.41302083333333334 0.2796296296296296
2 0.4432291666666667 0.2361111111111111 0.4510416666666667 0.2361111111111111 0.4510416666666667 0.2916666666666667 0.4432291666666667 0.2916666666666667
2 0.44114583333333335 0.20277777777777778 0.45625 0.20277777777777778 0.45625 0.2518518518518518 0.44114583333333335 0.2518518518518518
2 0.5296875 0.18055555555555555 0.5723958333333333 0.18055555555555555 0.5723958333333333 0.2490740740740741 0.5296875 0.2490740740740741
2 0.5984375 0.1398148148148148 0.6140625 0.1398148148148148 0.6140625 0.20555555555555555 0.5984375 0.20555555555555555
2 0.6645833333333333 0.22962962962962963 0.6822916666666666 0.22962962962962963 0.6822916666666666 0.31203703703703706 0.6645833333333333 0.31203703703703706
1 0.65625 0.12407407407407407 0.7151041666666667 0.12407407407407407 0.7151041666666667 0.1814814814814815 0.65625 0.1814814814814815
2 0.40520833333333334 0.18703703703703703 0.41822916666666665 0.18703703703703703 0.41822916666666665 0.23703703703703705 0.40520833333333334 0.23703703703703705
2 0.4036458333333333 0.12777777777777777 0.41458333333333336 0.12777777777777777 0.41458333333333336 0.1675925925925926 0.4036458333333333 0.1675925925925926
2 0.42916666666666664 0.15462962962962962 0.44166666666666665 0.15462962962962962 0.44166666666666665 0.20462962962962963 0.42916666666666664 0.20462962962962963
2 0.4552083333333333 0.1527777777777778 0.46822916666666664 0.1527777777777778 0.46822916666666664 0.19814814814814816 0.4552083333333333 0.19814814814814816
2 0.46927083333333336 0.13518518518518519 0.4796875 0.13518518518518519 0.4796875 0.18055555555555555 0.46927083333333336 0.18055555555555555
2 0.49375 0.13518518518518519 0.5041666666666667 0.13518518518518519 0.5041666666666667 0.17685185185185184 0.49375 0.17685185185185184
2 0.4395833333333333 0.13333333333333333 0.4484375 0.13333333333333333 0.4484375 0.17407407407407408 0.4395833333333333 0.17407407407407408
2 0.4588541666666667 0.11481481481481481 0.46770833333333334 0.11481481481481481 0.46770833333333334 0.1527777777777778 0.4588541666666667 0.1527777777777778
2 0.4895833333333333 0.11296296296296296 0.5 0.11296296296296296 0.5 0.14722222222222223 0.4895833333333333 0.14722222222222223