1 0.5067708333333333 0 0.6046875 0 0.6046875 0.09259259259259259 0.5067708333333333 0.09259259259259259
1 0.6489583333333333 0.19074074074074074 0.684375 0.19074074074074074 0.684375 0.3111111111111111 0.6489583333333333 0.3111111111111111
2 0.48385416666666664 0.8592592592592593 0.55 0.8592592592592593 0.55 0.9296296296296296 0.48385416666666664 0.9296296296296296
2 0.546875 0.33055555555555555 0.6067708333333334 0.33055555555555555 0.6067708333333334 0.39444444444444443 0.546875 0.39444444444444443
2 0.5010416666666667 0.20925925925925926 0.5692708333333333 0.20925925925925926 0.5692708333333333 0.2777777777777778 0.5010416666666667 0.2777777777777778
2 0.5958333333333333 0.6527777777777778 0.6411458333333333 0.6527777777777778 0.6411458333333333 0.6990740740740741 0.5958333333333333 0.6990740740740741
2 0.390625 0.014814814814814815 0.4765625 0.014814814814814815 0.4765625 0.10092592592592593 0.390625 0.10092592592592593
2 0.6427083333333333 0.7564814814814815 0.678125 0.7564814814814815 0.678125 0.7972222222222223 0.6427083333333333 0.7972222222222223
2 0.65625 0.6814814814814815 0.684375 0.6814814814814815 0.684375 0.7240740740740741 0.65625 0.7240740740740741
2 0.6536458333333334 0.5027777777777778 0.6901041666666666 0.5027777777777778 0.6901041666666666 0.5527777777777778 0.6536458333333334 0.5527777777777778
2 0.5880208333333333 0.7398148148148148 0.6322916666666667 0.7398148148148148 0.6322916666666667 0.7842592592592592 0.5880208333333333 0.7842592592592592
2 0.5244791666666667 0.725925925925926 0.5817708333333333 0.725925925925926 0.5817708333333333 0.7898148148148149 0.5244791666666667 0.7898148148148149
2 0.6348958333333333 0.5981481481481481 0.6739583333333333 0.5981481481481481 0.6739583333333333 0.6481481481481481 0.6348958333333333 0.6481481481481481
2 0.6833333333333333 0.6564814814814814 0.7046875 0.6564814814814814 0.7046875 0.6814814814814815 0.6833333333333333 0.6814814814814815
2 0.56875 0.29814814814814816 0.6260416666666667 0.29814814814814816 0.6260416666666667 0.3388888888888889 0.56875 0.3388888888888889
2 0.6401041666666667 0.3925925925925926 0.6838541666666667 0.3925925925925926 0.6838541666666667 0.41944444444444445 0.6401041666666667 0.41944444444444445
2 0.6557291666666667 0.43796296296296294 0.6927083333333334 0.43796296296296294 0.6927083333333334 0.4685185185185185 0.6557291666666667 0.4685185185185185
2 0.6609375 0.36018518518518516 0.6979166666666666 0.36018518518518516 0.6979166666666666 0.3851851851851852 0.6609375 0.3851851851851852