1 0.33229166666666665 0.44166666666666665 0.4473958333333333 0.44166666666666665 0.4473958333333333 0.6398148148148148 0.33229166666666665 0.6398148148148148
1 0.1453125 0.31851851851851853 0.2708333333333333 0.31851851851851853 0.2708333333333333 0.4898148148148148 0.1453125 0.4898148148148148
1 0.3203125 0.17685185185185184 0.38385416666666666 0.17685185185185184 0.38385416666666666 0.23981481481481481 0.3203125 0.23981481481481481
2 0.0296875 0.6796296296296296 0.10364583333333334 0.6796296296296296 0.10364583333333334 0.8870370370370371 0.0296875 0.8870370370370371
2 0.184375 0.9259259259259259 0.2578125 0.9259259259259259 0.2578125 1 0.184375 1
2 0.6651041666666667 0.3537037037037037 0.7015625 0.3537037037037037 0.7015625 0.44907407407407407 0.6651041666666667 0.44907407407407407
2 0.6265625 0.2777777777777778 0.6526041666666667 0.2777777777777778 0.6526041666666667 0.36018518518518516 0.6265625 0.36018518518518516
2 0.6682291666666667 0.25092592592592594 0.6953125 0.25092592592592594 0.6953125 0.32222222222222224 0.6682291666666667 0.32222222222222224
2 0.3151041666666667 0.3712962962962963 0.3494791666666667 0.3712962962962963 0.3494791666666667 0.4787037037037037 0.3151041666666667 0.4787037037037037
2 0.14375 0.6981481481481482 0.21510416666666668 0.6981481481481482 0.21510416666666668 0.9166666666666666 0.14375 0.9166666666666666
2 0.3854166666666667 0.3175925925925926 0.41354166666666664 0.3175925925925926 0.41354166666666664 0.40925925925925927 0.3854166666666667 0.40925925925925927
2 0.35 0.29444444444444445 0.3796875 0.29444444444444445 0.3796875 0.3824074074074074 0.35 0.3824074074074074
2 0.6270833333333333 0.40555555555555556 0.6625 0.40555555555555556 0.6625 0.5222222222222223 0.6270833333333333 0.5222222222222223
2 0.19270833333333334 0.5555555555555556 0.24270833333333333 0.5555555555555556 0.24270833333333333 0.6916666666666667 0.19270833333333334 0.6916666666666667
2 0.4588541666666667 0.2074074074074074 0.4796875 0.2074074074074074 0.4796875 0.28055555555555556 0.4588541666666667 0.28055555555555556
2 0.5880208333333333 0.15092592592592594 0.6052083333333333 0.15092592592592594 0.6052083333333333 0.19722222222222222 0.5880208333333333 0.19722222222222222
2 0.4875 0.1425925925925926 0.5036458333333333 0.1425925925925926 0.5036458333333333 0.18703703703703703 0.4875 0.18703703703703703
2 0.5109375 0.18425925925925926 0.5395833333333333 0.18425925925925926 0.5395833333333333 0.24814814814814815 0.5109375 0.24814814814814815
2 0.434375 0.2518518518518518 0.45677083333333335 0.2518518518518518 0.45677083333333335 0.3101851851851852 0.434375 0.3101851851851852
2 0.428125 0.18796296296296297 0.4484375 0.18796296296296297 0.4484375 0.2388888888888889 0.428125 0.2388888888888889