1 0.14635416666666667 0.32407407407407407 0.271875 0.32407407407407407 0.271875 0.5 0.14635416666666667 0.5
1 0.3729166666666667 0.36574074074074076 0.46458333333333335 0.36574074074074076 0.46458333333333335 0.512962962962963 0.3729166666666667 0.512962962962963
2 0.7109375 0.45925925925925926 0.7552083333333334 0.45925925925925926 0.7552083333333334 0.5888888888888889 0.7109375 0.5888888888888889
2 0.14791666666666667 0.7935185185185185 0.23177083333333334 0.7935185185185185 0.23177083333333334 0.9962962962962963 0.14791666666666667 0.9962962962962963
2 0.23072916666666668 0.5425925925925926 0.27395833333333336 0.5425925925925926 0.27395833333333336 0.7138888888888889 0.23072916666666668 0.7138888888888889
1 0.3203125 0.17685185185185184 0.38333333333333336 0.17685185185185184 0.38333333333333336 0.24074074074074073 0.3203125 0.24074074074074073
2 0.696875 0.29259259259259257 0.7296875 0.29259259259259257 0.7296875 0.375 0.696875 0.375
2 0.11614583333333334 0.5527777777777778 0.17916666666666667 0.5527777777777778 0.17916666666666667 0.7240740740740741 0.11614583333333334 0.7240740740740741
2 0.6625 0.6 0.7270833333333333 0.6 0.7270833333333333 0.7703703703703704 0.6625 0.7703703703703704
2 0.2515625 0.43796296296296294 0.2942708333333333 0.43796296296296294 0.2942708333333333 0.5537037037037037 0.2515625 0.5537037037037037
2 0.3729166666666667 0.25925925925925924 0.4 0.25925925925925924 0.4 0.3333333333333333 0.3729166666666667 0.3333333333333333
2 0.353125 0.31851851851851853 0.38229166666666664 0.31851851851851853 0.38229166666666664 0.3990740740740741 0.353125 0.3990740740740741
2 0.6473958333333333 0.35 0.6802083333333333 0.35 0.6802083333333333 0.4564814814814815 0.6473958333333333 0.4564814814814815
2 0.3 0.5768518518518518 0.3484375 0.5768518518518518 0.3484375 0.7703703703703704 0.3 0.7703703703703704
2 0.4109375 0.27037037037037037 0.4359375 0.27037037037037037 0.4359375 0.3490740740740741 0.4109375 0.3490740740740741
2 0.41302083333333334 0.1962962962962963 0.4359375 0.1962962962962963 0.4359375 0.25277777777777777 0.41302083333333334 0.25277777777777777
2 0.4635416666666667 0.19537037037037036 0.48072916666666665 0.19537037037037036 0.48072916666666665 0.24444444444444444 0.4635416666666667 0.24444444444444444
2 0.46197916666666666 0.10648148148148148 0.475 0.10648148148148148 0.475 0.13796296296296295 0.46197916666666666 0.13796296296296295
2 0.44375 0.20555555555555555 0.46458333333333335 0.20555555555555555 0.46458333333333335 0.26944444444444443 0.44375 0.26944444444444443
2 0.47708333333333336 0.12222222222222222 0.49114583333333334 0.12222222222222222 0.49114583333333334 0.15648148148148147 0.47708333333333336 0.15648148148148147
2 0.5984375 0.17592592592592593 0.6161458333333333 0.17592592592592593 0.6161458333333333 0.2222222222222222 0.5984375 0.2222222222222222
2 0.49166666666666664 0.13148148148148148 0.50625 0.13148148148148148 0.50625 0.17592592592592593 0.49166666666666664 0.17592592592592593
2 0.5791666666666667 0.125 0.5953125 0.125 0.5953125 0.16944444444444445 0.5791666666666667 0.16944444444444445