1 0.1390625 0.3074074074074074 0.2640625 0.3074074074074074 0.2640625 0.4888888888888889 0.1390625 0.4888888888888889
1 0.6942708333333333 0.48148148148148145 0.84375 0.48148148148148145 0.84375 0.6824074074074075 0.6942708333333333 0.6824074074074075
2 0.0046875 0.5425925925925926 0.09375 0.5425925925925926 0.09375 0.7212962962962963 0.0046875 0.7212962962962963
2 0.9119791666666667 0.7046296296296296 0.9890625 0.7046296296296296 0.9890625 0.9277777777777778 0.9119791666666667 0.9277777777777778
1 0.534375 0.11851851851851852 0.5661458333333333 0.11851851851851852 0.5661458333333333 0.16018518518518518 0.534375 0.16018518518518518
2 0.5520833333333334 0.1685185185185185 0.5755208333333334 0.1685185185185185 0.5755208333333334 0.2212962962962963 0.5520833333333334 0.2212962962962963
2 0.37083333333333335 0.5888888888888889 0.42864583333333334 0.5888888888888889 0.42864583333333334 0.774074074074074 0.37083333333333335 0.774074074074074
0 0.34322916666666664 0.12685185185185185 0.41770833333333335 0.12685185185185185 0.41770833333333335 0.29259259259259257 0.34322916666666664 0.29259259259259257
2 0.33645833333333336 0.44351851851851853 0.3723958333333333 0.44351851851851853 0.3723958333333333 0.5907407407407408 0.33645833333333336 0.5907407407407408
2 0.24375 0.462037037037037 0.29375 0.462037037037037 0.29375 0.6175925925925926 0.24375 0.6175925925925926
2 0.6411458333333333 0.24444444444444444 0.6640625 0.24444444444444444 0.6640625 0.3111111111111111 0.6411458333333333 0.3111111111111111
2 0 0.850925925925926 0.0453125 0.850925925925926 0.0453125 1 0 1
2 0.6463541666666667 0.1814814814814815 0.6682291666666667 0.1814814814814815 0.6682291666666667 0.2361111111111111 0.6463541666666667 0.2361111111111111
2 0.26666666666666666 0.3388888888888889 0.296875 0.3388888888888889 0.296875 0.43796296296296294 0.26666666666666666 0.43796296296296294
2 0.7223958333333333 0.7712962962962963 0.7916666666666666 0.7712962962962963 0.7916666666666666 0.9435185185185185 0.7223958333333333 0.9435185185185185
2 0.39375 0.2916666666666667 0.4244791666666667 0.2916666666666667 0.4244791666666667 0.387037037037037 0.39375 0.387037037037037
1 0.5755208333333334 0.13425925925925927 0.6171875 0.13425925925925927 0.6171875 0.18981481481481483 0.5755208333333334 0.18981481481481483
2 0.634375 0.32685185185185184 0.6666666666666666 0.32685185185185184 0.6666666666666666 0.42777777777777776 0.634375 0.42777777777777776
2 0.45208333333333334 0.18425925925925926 0.4744791666666667 0.18425925925925926 0.4744791666666667 0.2388888888888889 0.45208333333333334 0.2388888888888889
2 0.4166666666666667 0.25 0.4453125 0.25 0.4453125 0.32592592592592595 0.4166666666666667 0.32592592592592595
2 0.44583333333333336 0.21203703703703702 0.46822916666666664 0.21203703703703702 0.46822916666666664 0.2898148148148148 0.44583333333333336 0.2898148148148148