1 0.4984375 0 0.596875 0 0.596875 0.08703703703703704 0.4984375 0.08703703703703704
1 0.6734375 0.4361111111111111 0.7026041666666667 0.4361111111111111 0.7026041666666667 0.4925925925925926 0.6734375 0.4925925925925926
1 0.6473958333333333 0.2074074074074074 0.6822916666666666 0.2074074074074074 0.6822916666666666 0.2953703703703704 0.6473958333333333 0.2953703703703704
1 0.6942708333333333 0.674074074074074 0.7203125 0.674074074074074 0.7203125 0.7444444444444445 0.6942708333333333 0.7444444444444445
2 0.24739583333333334 0.1361111111111111 0.396875 0.1361111111111111 0.396875 0.262037037037037 0.24739583333333334 0.262037037037037
2 0.4270833333333333 0.2638888888888889 0.5130208333333334 0.2638888888888889 0.5130208333333334 0.3287037037037037 0.4270833333333333 0.3287037037037037
2 0.4348958333333333 0.16296296296296298 0.521875 0.16296296296296298 0.521875 0.2175925925925926 0.4348958333333333 0.2175925925925926
2 0.4630208333333333 0.08703703703703704 0.5453125 0.08703703703703704 0.5453125 0.15462962962962962 0.4630208333333333 0.15462962962962962
2 0.37083333333333335 0.9037037037037037 0.48854166666666665 0.9037037037037037 0.48854166666666665 0.9888888888888889 0.37083333333333335 0.9888888888888889
2 0.5140625 0.38333333333333336 0.578125 0.38333333333333336 0.578125 0.4287037037037037 0.5140625 0.4287037037037037
2 0.5234375 0.15185185185185185 0.5880208333333333 0.15185185185185185 0.5880208333333333 0.2074074074074074 0.5234375 0.2074074074074074
2 0.5729166666666666 0.1935185185185185 0.6244791666666667 0.1935185185185185 0.6244791666666667 0.2388888888888889 0.5729166666666666 0.2388888888888889
2 0.5416666666666666 0.2833333333333333 0.5927083333333333 0.2833333333333333 0.5927083333333333 0.3212962962962963 0.5416666666666666 0.3212962962962963
2 0.6010416666666667 0.3138888888888889 0.640625 0.3138888888888889 0.640625 0.3509259259259259 0.6010416666666667 0.3509259259259259
2 0.6005208333333333 0.39166666666666666 0.640625 0.39166666666666666 0.640625 0.4222222222222222 0.6005208333333333 0.4222222222222222
2 0.6151041666666667 0.4148148148148148 0.6583333333333333 0.4148148148148148 0.6583333333333333 0.44722222222222224 0.6151041666666667 0.44722222222222224
2 0.6296875 0.27314814814814814 0.6640625 0.27314814814814814 0.6640625 0.30277777777777776 0.6296875 0.30277777777777776
2 0.6442708333333333 0.34444444444444444 0.675 0.34444444444444444 0.675 0.3638888888888889 0.6442708333333333 0.3638888888888889
2 0.6484375 0.3824074074074074 0.6838541666666667 0.3824074074074074 0.6838541666666667 0.4009259259259259 0.6484375 0.4009259259259259
2 0.6651041666666667 0.36203703703703705 0.690625 0.36203703703703705 0.690625 0.3814814814814815 0.6651041666666667 0.3814814814814815
2 0.6479166666666667 0.42592592592592593 0.6770833333333334 0.42592592592592593 0.6770833333333334 0.44907407407407407 0.6479166666666667 0.44907407407407407
2 0.6609375 0.674074074074074 0.6911458333333333 0.674074074074074 0.6911458333333333 0.6953703703703704 0.6609375 0.6953703703703704
2 0.6572916666666667 0.7361111111111112 0.6895833333333333 0.7361111111111112 0.6895833333333333 0.7527777777777778 0.6572916666666667 0.7527777777777778
2 0.6854166666666667 0.4925925925925926 0.7130208333333333 0.4925925925925926 0.7130208333333333 0.5157407407407407 0.6854166666666667 0.5157407407407407
2 0.675 0.40185185185185185 0.6989583333333333 0.40185185185185185 0.6989583333333333 0.42314814814814816 0.675 0.42314814814814816
2 0.6932291666666667 0.42685185185185187 0.7104166666666667 0.42685185185185187 0.7104166666666667 0.43703703703703706 0.6932291666666667 0.43703703703703706
2 0.6901041666666666 0.38981481481481484 0.7114583333333333 0.38981481481481484 0.7114583333333333 0.4083333333333333 0.6901041666666666 0.4083333333333333
2 0.6953125 0.3768518518518518 0.7166666666666667 0.3768518518518518 0.7166666666666667 0.3925925925925926 0.6953125 0.3925925925925926
2 0.703125 0.40370370370370373 0.7203125 0.40370370370370373 0.7203125 0.41944444444444445 0.703125 0.41944444444444445
2 0.6994791666666667 0.4425925925925926 0.715625 0.4425925925925926 0.715625 0.45740740740740743 0.6994791666666667 0.45740740740740743