1 0.31875 0.18055555555555555 0.37604166666666666 0.18055555555555555 0.37604166666666666 0.2490740740740741 0.31875 0.2490740740740741
1 0.146875 0.30925925925925923 0.2708333333333333 0.30925925925925923 0.2708333333333333 0.4888888888888889 0.146875 0.4888888888888889
2 0.7348958333333333 0.36944444444444446 0.7802083333333333 0.36944444444444446 0.7802083333333333 0.4824074074074074 0.7348958333333333 0.4824074074074074
2 0.5354166666666667 0.17685185185185184 0.5723958333333333 0.17685185185185184 0.5723958333333333 0.22685185185185186 0.5354166666666667 0.22685185185185186
2 0.31354166666666666 0.5462962962962963 0.36875 0.5462962962962963 0.36875 0.7509259259259259 0.31354166666666666 0.7509259259259259
2 0.44427083333333334 0.24444444444444444 0.4703125 0.24444444444444444 0.4703125 0.33055555555555555 0.44427083333333334 0.33055555555555555
2 0.3625 0.26944444444444443 0.3953125 0.26944444444444443 0.3953125 0.3574074074074074 0.3625 0.3574074074074074
2 0.4453125 0.18425925925925926 0.4625 0.18425925925925926 0.4625 0.2351851851851852 0.4453125 0.2351851851851852
2 0.6239583333333333 0.23796296296296296 0.6494791666666667 0.23796296296296296 0.6494791666666667 0.3148148148148148 0.6239583333333333 0.3148148148148148
2 0.39739583333333334 0.3194444444444444 0.42864583333333334 0.3194444444444444 0.42864583333333334 0.4287037037037037 0.39739583333333334 0.4287037037037037
2 0.39479166666666665 0.17962962962962964 0.41354166666666664 0.17962962962962964 0.41354166666666664 0.22685185185185186 0.39479166666666665 0.22685185185185186
2 0.5723958333333333 0.14537037037037037 0.5885416666666666 0.14537037037037037 0.5885416666666666 0.1935185185185185 0.5723958333333333 0.1935185185185185
2 0.4270833333333333 0.1527777777777778 0.44114583333333335 0.1527777777777778 0.44114583333333335 0.19907407407407407 0.4270833333333333 0.19907407407407407
2 0.65625 0.24537037037037038 0.6791666666666667 0.24537037037037038 0.6791666666666667 0.3148148148148148 0.65625 0.3148148148148148
2 0.47708333333333336 0.1527777777777778 0.49375 0.1527777777777778 0.49375 0.20092592592592592 0.47708333333333336 0.20092592592592592
2 0.5864583333333333 0.13148148148148148 0.6026041666666667 0.13148148148148148 0.6026041666666667 0.17592592592592593 0.5864583333333333 0.17592592592592593
2 0.3932291666666667 0.6046296296296296 0.4479166666666667 0.6046296296296296 0.4479166666666667 0.8342592592592593 0.3932291666666667 0.8342592592592593
2 0.41510416666666666 0.2490740740740741 0.43385416666666665 0.2490740740740741 0.43385416666666665 0.33240740740740743 0.41510416666666666 0.33240740740740743
2 0.3875 0.23055555555555557 0.40572916666666664 0.23055555555555557 0.40572916666666664 0.3 0.3875 0.3
2 0.6229166666666667 0.17685185185185184 0.640625 0.17685185185185184 0.640625 0.23981481481481481 0.6229166666666667 0.23981481481481481
2 0.6427083333333333 0.12962962962962962 0.6598958333333333 0.12962962962962962 0.6598958333333333 0.19814814814814816 0.6427083333333333 0.19814814814814816