1 0.14479166666666668 0.3138888888888889 0.2713541666666667 0.3138888888888889 0.2713541666666667 0.4888888888888889 0.14479166666666668 0.4888888888888889
1 0.325 0.17314814814814813 0.39114583333333336 0.17314814814814813 0.39114583333333336 0.23425925925925925 0.325 0.23425925925925925
2 0.14375 0.7935185185185185 0.22864583333333333 0.7935185185185185 0.22864583333333333 0.9962962962962963 0.14375 0.9962962962962963
2 0.846875 0.5861111111111111 0.9135416666666667 0.5861111111111111 0.9135416666666667 0.7546296296296297 0.846875 0.7546296296296297
2 0.5869791666666667 0.26666666666666666 0.6166666666666667 0.26666666666666666 0.6166666666666667 0.34814814814814815 0.5869791666666667 0.34814814814814815
2 0.25 0.4981481481481482 0.3 0.4981481481481482 0.3 0.6435185185185185 0.25 0.6435185185185185
2 0.5932291666666667 0.17407407407407408 0.6213541666666667 0.17407407407407408 0.6213541666666667 0.225 0.5932291666666667 0.225
2 0.6375 0.1935185185185185 0.6635416666666667 0.1935185185185185 0.6635416666666667 0.25092592592592594 0.6375 0.25092592592592594
2 0.3078125 0.32037037037037036 0.3484375 0.32037037037037036 0.3484375 0.387037037037037 0.3078125 0.387037037037037
2 0.3489583333333333 0.35 0.3890625 0.35 0.3890625 0.4685185185185185 0.3489583333333333 0.4685185185185185
2 0.6348958333333333 0.3851851851851852 0.6692708333333334 0.3851851851851852 0.6692708333333334 0.49166666666666664 0.6348958333333333 0.49166666666666664
2 0.7244791666666667 0.4601851851851852 0.7651041666666667 0.4601851851851852 0.7651041666666667 0.5925925925925926 0.7244791666666667 0.5925925925925926
2 0.38697916666666665 0.2675925925925926 0.41510416666666666 0.2675925925925926 0.41510416666666666 0.34814814814814815 0.38697916666666665 0.34814814814814815
2 0.6380208333333334 0.28425925925925927 0.6635416666666667 0.28425925925925927 0.6635416666666667 0.36574074074074076 0.6380208333333334 0.36574074074074076
2 0.5010416666666667 0.15925925925925927 0.5307291666666667 0.15925925925925927 0.5307291666666667 0.225 0.5010416666666667 0.225
2 0.415625 0.2814814814814815 0.4479166666666667 0.2814814814814815 0.4479166666666667 0.3907407407407407 0.415625 0.3907407407407407
2 0.55625 0.19722222222222222 0.5817708333333333 0.19722222222222222 0.5817708333333333 0.27314814814814814 0.55625 0.27314814814814814