1 0.49114583333333334 0 0.5921875 0 0.5921875 0.07407407407407407 0.49114583333333334 0.07407407407407407
1 0.6390625 0.5861111111111111 0.6833333333333333 0.5861111111111111 0.6833333333333333 0.6685185185185185 0.6390625 0.6685185185185185
1 0.5828125 0.3648148148148148 0.6385416666666667 0.3648148148148148 0.6385416666666667 0.462037037037037 0.5828125 0.462037037037037
1 0.690625 0.549074074074074 0.7114583333333333 0.549074074074074 0.7114583333333333 0.5953703703703703 0.690625 0.5953703703703703
1 0.6401041666666667 0.19166666666666668 0.6755208333333333 0.19166666666666668 0.6755208333333333 0.2935185185185185 0.6401041666666667 0.2935185185185185
2 0.35052083333333334 0.022222222222222223 0.42604166666666665 0.022222222222222223 0.42604166666666665 0.1111111111111111 0.35052083333333334 0.1111111111111111
2 0.21875 0 0.34270833333333334 0 0.34270833333333334 0.05092592592592592 0.21875 0.05092592592592592
2 0.45364583333333336 0 0.5276041666666667 0 0.5276041666666667 0.03981481481481482 0.45364583333333336 0.03981481481481482
2 0.4666666666666667 0.14814814814814814 0.5473958333333333 0.14814814814814814 0.5473958333333333 0.21296296296296297 0.4666666666666667 0.21296296296296297
2 0.4322916666666667 0.21851851851851853 0.5291666666666667 0.21851851851851853 0.5291666666666667 0.3055555555555556 0.4322916666666667 0.3055555555555556
2 0.5583333333333333 0.2037037037037037 0.6135416666666667 0.2037037037037037 0.6135416666666667 0.23981481481481481 0.5583333333333333 0.23981481481481481
2 0.5989583333333334 0.2462962962962963 0.6479166666666667 0.2462962962962963 0.6479166666666667 0.2916666666666667 0.5989583333333334 0.2916666666666667
2 0.5505208333333333 0.2861111111111111 0.6067708333333334 0.2861111111111111 0.6067708333333334 0.32407407407407407 0.5505208333333333 0.32407407407407407
2 0.6416666666666667 0.3175925925925926 0.675 0.3175925925925926 0.675 0.3435185185185185 0.6416666666666667 0.3435185185185185
2 0.690625 0.32592592592592595 0.7145833333333333 0.32592592592592595 0.7145833333333333 0.3425925925925926 0.690625 0.3425925925925926
2 0.6703125 0.34629629629629627 0.6989583333333333 0.34629629629629627 0.6989583333333333 0.3675925925925926 0.6703125 0.3675925925925926
2 0.6552083333333333 0.3731481481481482 0.6880208333333333 0.3731481481481482 0.6880208333333333 0.39351851851851855 0.6552083333333333 0.39351851851851855
2 0.621875 0.33611111111111114 0.665625 0.33611111111111114 0.665625 0.3648148148148148 0.621875 0.3648148148148148
2 0.6515625 0.42962962962962964 0.6838541666666667 0.42962962962962964 0.6838541666666667 0.45092592592592595 0.6515625 0.45092592592592595
2 0.6604166666666667 0.4027777777777778 0.6895833333333333 0.4027777777777778 0.6895833333333333 0.41944444444444445 0.6604166666666667 0.41944444444444445
2 0.684375 0.3907407407407407 0.7057291666666666 0.3907407407407407 0.7057291666666666 0.4111111111111111 0.684375 0.4111111111111111
2 0.6848958333333334 0.41759259259259257 0.7114583333333333 0.41759259259259257 0.7114583333333333 0.4324074074074074 0.6848958333333334 0.4324074074074074
2 0.6901041666666666 0.4305555555555556 0.7135416666666666 0.4305555555555556 0.7135416666666666 0.4462962962962963 0.6901041666666666 0.4462962962962963
2 0.6427083333333333 0.5231481481481481 0.6776041666666667 0.5231481481481481 0.6776041666666667 0.5648148148148148 0.6427083333333333 0.5648148148148148
2 0.6208333333333333 0.7203703703703703 0.659375 0.7203703703703703 0.659375 0.7527777777777778 0.6208333333333333 0.7527777777777778
2 0.5119791666666667 0.9055555555555556 0.5723958333333333 0.9055555555555556 0.5723958333333333 0.9564814814814815 0.5119791666666667 0.9564814814814815
2 0.6869791666666667 0.6092592592592593 0.7109375 0.6092592592592593 0.7109375 0.6333333333333333 0.6869791666666667 0.6333333333333333
2 0.6848958333333334 0.6453703703703704 0.7135416666666666 0.6453703703703704 0.7135416666666666 0.6657407407407407 0.6848958333333334 0.6657407407407407