1 0.13854166666666667 0.3351851851851852 0.2630208333333333 0.3351851851851852 0.2630208333333333 0.5157407407407407 0.13854166666666667 0.5157407407407407
1 0.4197916666666667 0.2638888888888889 0.4765625 0.2638888888888889 0.4765625 0.36666666666666664 0.4197916666666667 0.36666666666666664
1 0.55 0.17037037037037037 0.5947916666666667 0.17037037037037037 0.5947916666666667 0.24259259259259258 0.55 0.24259259259259258
1 0.32708333333333334 0.18796296296296297 0.384375 0.18796296296296297 0.384375 0.25092592592592594 0.32708333333333334 0.25092592592592594
2 0.14427083333333332 0.562037037037037 0.20104166666666667 0.562037037037037 0.20104166666666667 0.7268518518518519 0.14427083333333332 0.7268518518518519
2 0.16875 0.487962962962963 0.2265625 0.487962962962963 0.2265625 0.6222222222222222 0.16875 0.6222222222222222
2 0.19270833333333334 0.612037037037037 0.25677083333333334 0.612037037037037 0.25677083333333334 0.8611111111111112 0.19270833333333334 0.8611111111111112
2 0.2838541666666667 0.47962962962962963 0.33177083333333335 0.47962962962962963 0.33177083333333335 0.6259259259259259 0.2838541666666667 0.6259259259259259
2 0.32916666666666666 0.4842592592592593 0.38385416666666666 0.4842592592592593 0.38385416666666666 0.6611111111111111 0.32916666666666666 0.6611111111111111
2 0.3265625 0.31851851851851853 0.34427083333333336 0.31851851851851853 0.34427083333333336 0.41574074074074074 0.3265625 0.41574074074074074
2 0.3578125 0.24166666666666667 0.378125 0.24166666666666667 0.378125 0.3287037037037037 0.3578125 0.3287037037037037
2 0.3692708333333333 0.3138888888888889 0.3958333333333333 0.3138888888888889 0.3958333333333333 0.43703703703703706 0.3692708333333333 0.43703703703703706
2 0.715625 0.3333333333333333 0.7453125 0.3333333333333333 0.7453125 0.44074074074074077 0.715625 0.44074074074074077
2 0.8302083333333333 0.47685185185185186 0.8703125 0.47685185185185186 0.8703125 0.6129629629629629 0.8302083333333333 0.6129629629629629
2 0.3921875 0.1925925925925926 0.4088541666666667 0.1925925925925926 0.4088541666666667 0.24259259259259258 0.3921875 0.24259259259259258
2 0.40729166666666666 0.22407407407407406 0.4192708333333333 0.22407407407407406 0.4192708333333333 0.3101851851851852 0.40729166666666666 0.3101851851851852
2 0.4276041666666667 0.17222222222222222 0.4375 0.17222222222222222 0.4375 0.23055555555555557 0.4276041666666667 0.23055555555555557
2 0.415625 0.14166666666666666 0.425 0.14166666666666666 0.425 0.19537037037037036 0.415625 0.19537037037037036
2 0.45677083333333335 0.1787037037037037 0.4734375 0.1787037037037037 0.4734375 0.2361111111111111 0.45677083333333335 0.2361111111111111
2 0.44583333333333336 0.16944444444444445 0.45625 0.16944444444444445 0.45625 0.2212962962962963 0.44583333333333336 0.2212962962962963
2 0.4015625 0.12037037037037036 0.41041666666666665 0.12037037037037036 0.41041666666666665 0.1574074074074074 0.4015625 0.1574074074074074
2 0.4375 0.14074074074074075 0.4473958333333333 0.14074074074074075 0.4473958333333333 0.1814814814814815 0.4375 0.1814814814814815
2 0.44583333333333336 0.12314814814814815 0.45260416666666664 0.12314814814814815 0.45260416666666664 0.15462962962962962 0.44583333333333336 0.15462962962962962
2 0.45625 0.13148148148148148 0.46458333333333335 0.13148148148148148 0.46458333333333335 0.17222222222222222 0.45625 0.17222222222222222
2 0.46197916666666666 0.1259259259259259 0.46927083333333336 0.1259259259259259 0.46927083333333336 0.15833333333333333 0.46197916666666666 0.15833333333333333
2 0.47604166666666664 0.11944444444444445 0.484375 0.11944444444444445 0.484375 0.1574074074074074 0.47604166666666664 0.1574074074074074
2 0.5083333333333333 0.18611111111111112 0.54375 0.18611111111111112 0.54375 0.24444444444444444 0.5083333333333333 0.24444444444444444
2 0.5619791666666667 0.125 0.5703125 0.125 0.5703125 0.16111111111111112 0.5619791666666667 0.16111111111111112
2 0.5796875 0.12407407407407407 0.5916666666666667 0.12407407407407407 0.5916666666666667 0.16111111111111112 0.5796875 0.16111111111111112
1 0.5307291666666667 0.11944444444444445 0.5520833333333334 0.11944444444444445 0.5520833333333334 0.16203703703703703 0.5307291666666667 0.16203703703703703
2 0.6203125 0.20277777777777778 0.6395833333333333 0.20277777777777778 0.6395833333333333 0.2722222222222222 0.6203125 0.2722222222222222