1 0.39114583333333336 0.9148148148148149 0.4921875 0.9148148148148149 0.4921875 1 0.39114583333333336 1
1 0.403125 0.07314814814814814 0.4786458333333333 0.07314814814814814 0.4786458333333333 0.26666666666666666 0.403125 0.26666666666666666
2 0.528125 0 0.6229166666666667 0 0.6229166666666667 0.08148148148148149 0.528125 0.08148148148148149
2 0.2953125 0.38796296296296295 0.31979166666666664 0.38796296296296295 0.31979166666666664 0.41759259259259257 0.2953125 0.41759259259259257
0 0.3260416666666667 0.6509259259259259 0.421875 0.6509259259259259 0.421875 0.8287037037037037 0.3260416666666667 0.8287037037037037
2 0.40677083333333336 0.6833333333333333 0.4588541666666667 0.6833333333333333 0.4588541666666667 0.7416666666666667 0.40677083333333336 0.7416666666666667
2 0.6895833333333333 0.9481481481481482 0.778125 0.9481481481481482 0.778125 1 0.6895833333333333 1
2 0.44583333333333336 0 0.5083333333333333 0 0.5083333333333333 0.019444444444444445 0.44583333333333336 0.019444444444444445
1 0.27291666666666664 0.39814814814814814 0.29375 0.39814814814814814 0.29375 0.44537037037037036 0.27291666666666664 0.44537037037037036
2 0.346875 0.2564814814814815 0.3854166666666667 0.2564814814814815 0.3854166666666667 0.29907407407407405 0.346875 0.29907407407407405
2 0.46041666666666664 0.7148148148148148 0.5354166666666667 0.7148148148148148 0.5354166666666667 0.7787037037037037 0.46041666666666664 0.7787037037037037
1 0.28958333333333336 0.5111111111111111 0.31927083333333334 0.5111111111111111 0.31927083333333334 0.5740740740740741 0.28958333333333336 0.5740740740740741
2 0.3484375 0.55 0.3885416666666667 0.55 0.3885416666666667 0.5972222222222222 0.3484375 0.5972222222222222
2 0.30833333333333335 0.45555555555555555 0.33958333333333335 0.45555555555555555 0.33958333333333335 0.5027777777777778 0.30833333333333335 0.5027777777777778
1 0.2838541666666667 0.31666666666666665 0.30885416666666665 0.31666666666666665 0.30885416666666665 0.3824074074074074 0.2838541666666667 0.3824074074074074
2 0.3875 0.5666666666666667 0.4427083333333333 0.5666666666666667 0.4427083333333333 0.6203703703703703 0.3875 0.6203703703703703
2 0.3296875 0.5472222222222223 0.3541666666666667 0.5472222222222223 0.3541666666666667 0.587037037037037 0.3296875 0.587037037037037
2 0.2989583333333333 0.24166666666666667 0.32135416666666666 0.24166666666666667 0.32135416666666666 0.27685185185185185 0.2989583333333333 0.27685185185185185
2 0.4348958333333333 0.2518518518518518 0.5114583333333333 0.2518518518518518 0.5114583333333333 0.3111111111111111 0.4348958333333333 0.3111111111111111