1 0.403125 0.5546296296296296 0.47604166666666664 0.5546296296296296 0.47604166666666664 0.6990740740740741 0.403125 0.6990740740740741
1 0.39739583333333334 0.9055555555555556 0.4942708333333333 0.9055555555555556 0.4942708333333333 1 0.39739583333333334 1
2 0.5421875 0 0.6385416666666667 0 0.6385416666666667 0.044444444444444446 0.5421875 0.044444444444444446
1 0.3182291666666667 0.7 0.3541666666666667 0.7 0.3541666666666667 0.8194444444444444 0.3182291666666667 0.8194444444444444
2 0.575 0.8555555555555555 0.6854166666666667 0.8555555555555555 0.6854166666666667 0.9731481481481481 0.575 0.9731481481481481
2 0.39947916666666666 0.040740740740740744 0.45260416666666664 0.040740740740740744 0.45260416666666664 0.11203703703703703 0.39947916666666666 0.11203703703703703
2 0.4875 0.8333333333333334 0.5635416666666667 0.8333333333333334 0.5635416666666667 0.9111111111111111 0.4875 0.9111111111111111
2 0.46927083333333336 0.12129629629629629 0.5395833333333333 0.12129629629629629 0.5395833333333333 0.20092592592592592 0.46927083333333336 0.20092592592592592
2 0.4828125 0.7111111111111111 0.5588541666666667 0.7111111111111111 0.5588541666666667 0.7898148148148149 0.4828125 0.7898148148148149
2 0.44114583333333335 0.8212962962962963 0.4973958333333333 0.8212962962962963 0.4973958333333333 0.8898148148148148 0.44114583333333335 0.8898148148148148
2 0.378125 0.6814814814814815 0.4203125 0.6814814814814815 0.4203125 0.7314814814814815 0.378125 0.7314814814814815
2 0.3255208333333333 0.20925925925925926 0.35833333333333334 0.20925925925925926 0.35833333333333334 0.24166666666666667 0.3255208333333333 0.24166666666666667
2 0.3260416666666667 0.27314814814814814 0.3572916666666667 0.27314814814814814 0.3572916666666667 0.3101851851851852 0.3260416666666667 0.3101851851851852
2 0.2916666666666667 0.4842592592592593 0.3145833333333333 0.4842592592592593 0.3145833333333333 0.5138888888888888 0.2916666666666667 0.5138888888888888
2 0.325 0.5555555555555556 0.35885416666666664 0.5555555555555556 0.35885416666666664 0.5935185185185186 0.325 0.5935185185185186
2 0.3140625 0.5222222222222223 0.34479166666666666 0.5222222222222223 0.34479166666666666 0.5518518518518518 0.3140625 0.5518518518518518
2 0.35989583333333336 0.5962962962962963 0.4 0.5962962962962963 0.4 0.6388888888888888 0.35989583333333336 0.6388888888888888
2 0.35625 0.6592592592592592 0.39166666666666666 0.6592592592592592 0.39166666666666666 0.7018518518518518 0.35625 0.7018518518518518
2 0.284375 0.5148148148148148 0.3020833333333333 0.5148148148148148 0.3020833333333333 0.5388888888888889 0.284375 0.5388888888888889