1 0.14322916666666666 0.33240740740740743 0.26614583333333336 0.33240740740740743 0.26614583333333336 0.5111111111111111 0.14322916666666666 0.5111111111111111
1 0.4010416666666667 0.32592592592592595 0.4744791666666667 0.32592592592592595 0.4744791666666667 0.4666666666666667 0.4010416666666667 0.4666666666666667
1 0.33125 0.18425925925925926 0.3885416666666667 0.18425925925925926 0.3885416666666667 0.24814814814814815 0.33125 0.24814814814814815
1 0.5494791666666666 0.14444444444444443 0.5854166666666667 0.14444444444444443 0.5854166666666667 0.20185185185185187 0.5494791666666666 0.20185185185185187
1 0.6583333333333333 0.13518518518518519 0.703125 0.13518518518518519 0.703125 0.17592592592592593 0.6583333333333333 0.17592592592592593
2 0.328125 0.29074074074074074 0.36041666666666666 0.29074074074074074 0.36041666666666666 0.3907407407407407 0.328125 0.3907407407407407
2 0.44947916666666665 0.21388888888888888 0.46979166666666666 0.21388888888888888 0.46979166666666666 0.27870370370370373 0.44947916666666665 0.27870370370370373
2 0.8223958333333333 0.6018518518518519 0.8942708333333333 0.6018518518518519 0.8942708333333333 0.85 0.8223958333333333 0.85
2 0.016666666666666666 0.7361111111111112 0.078125 0.7361111111111112 0.078125 0.899074074074074 0.016666666666666666 0.899074074074074
2 0.1703125 0.675 0.2328125 0.675 0.2328125 0.9046296296296297 0.1703125 0.9046296296296297
2 0.20052083333333334 0.7944444444444444 0.27760416666666665 0.7944444444444444 0.27760416666666665 0.9685185185185186 0.20052083333333334 0.9685185185185186
2 0.26197916666666665 0.3990740740740741 0.30052083333333335 0.3990740740740741 0.30052083333333335 0.5472222222222223 0.26197916666666665 0.5472222222222223
2 0.3020833333333333 0.4685185185185185 0.34427083333333336 0.4685185185185185 0.34427083333333336 0.6277777777777778 0.3020833333333333 0.6277777777777778
2 0.3859375 0.27685185185185185 0.40572916666666664 0.27685185185185185 0.40572916666666664 0.36944444444444446 0.3859375 0.36944444444444446
2 0.37552083333333336 0.21944444444444444 0.39375 0.21944444444444444 0.39375 0.26851851851851855 0.37552083333333336 0.26851851851851855
2 0.4171875 0.19444444444444445 0.4375 0.19444444444444445 0.4375 0.2722222222222222 0.4171875 0.2722222222222222
2 0.4046875 0.1648148148148148 0.4197916666666667 0.1648148148148148 0.4197916666666667 0.22685185185185186 0.4046875 0.22685185185185186
2 0.403125 0.12407407407407407 0.415625 0.12407407407407407 0.415625 0.16574074074074074 0.403125 0.16574074074074074
2 0.4348958333333333 0.15092592592592594 0.446875 0.15092592592592594 0.446875 0.19814814814814816 0.4348958333333333 0.19814814814814816
2 0.45989583333333334 0.14537037037037037 0.46822916666666664 0.14537037037037037 0.46822916666666664 0.19537037037037036 0.45989583333333334 0.19537037037037036
2 0.47291666666666665 0.13703703703703704 0.4817708333333333 0.13703703703703704 0.4817708333333333 0.175 0.47291666666666665 0.175
2 0.4942708333333333 0.12962962962962962 0.5041666666666667 0.12962962962962962 0.5041666666666667 0.1638888888888889 0.4942708333333333 0.1638888888888889
2 0.5223958333333333 0.17777777777777778 0.5619791666666667 0.17777777777777778 0.5619791666666667 0.24166666666666667 0.5223958333333333 0.24166666666666667
2 0.6041666666666666 0.15648148148148147 0.6223958333333334 0.15648148148148147 0.6223958333333334 0.20925925925925926 0.6041666666666666 0.20925925925925926
2 0.7348958333333333 0.35648148148148145 0.7677083333333333 0.35648148148148145 0.7677083333333333 0.45185185185185184 0.7348958333333333 0.45185185185185184
2 0.4395833333333333 0.1287037037037037 0.45260416666666664 0.1287037037037037 0.45260416666666664 0.1648148148148148 0.4395833333333333 0.1648148148148148