1 0.3921875 0.9074074074074074 0.4947916666666667 0.9074074074074074 0.4947916666666667 1 0.3921875 1
2 0.3177083333333333 0.38981481481481484 0.346875 0.38981481481481484 0.346875 0.45092592592592595 0.3177083333333333 0.45092592592592595
2 0.44895833333333335 0 0.515625 0 0.515625 0.044444444444444446 0.44895833333333335 0.044444444444444446
1 0.31927083333333334 0.7129629629629629 0.3567708333333333 0.7129629629629629 0.3567708333333333 0.8296296296296296 0.31927083333333334 0.8296296296296296
2 0.46458333333333335 0.6851851851851852 0.5515625 0.6851851851851852 0.5515625 0.7620370370370371 0.46458333333333335 0.7620370370370371
2 0.3421875 0.5537037037037037 0.38333333333333336 0.5537037037037037 0.38333333333333336 0.5953703703703703 0.3421875 0.5953703703703703
2 0.3 0.5046296296296297 0.32760416666666664 0.5046296296296297 0.32760416666666664 0.5314814814814814 0.3 0.5314814814814814
2 0.36875 0.21944444444444444 0.4140625 0.21944444444444444 0.4140625 0.2638888888888889 0.36875 0.2638888888888889
2 0.35885416666666664 0.675 0.40520833333333334 0.675 0.40520833333333334 0.7203703703703703 0.35885416666666664 0.7203703703703703
2 0.2994791666666667 0.6 0.3229166666666667 0.6 0.3229166666666667 0.6259259259259259 0.2994791666666667 0.6259259259259259
2 0.46510416666666665 0.562037037037037 0.5583333333333333 0.562037037037037 0.5583333333333333 0.6324074074074074 0.46510416666666665 0.6324074074074074
2 0.3333333333333333 0.22870370370370371 0.3671875 0.22870370370370371 0.3671875 0.26481481481481484 0.3333333333333333 0.26481481481481484
2 0.3177083333333333 0.33425925925925926 0.34375 0.33425925925925926 0.34375 0.3638888888888889 0.3177083333333333 0.3638888888888889
2 0.31354166666666666 0.65 0.3380208333333333 0.65 0.3380208333333333 0.6814814814814815 0.31354166666666666 0.6814814814814815
2 0.365625 0.16296296296296298 0.41041666666666665 0.16296296296296298 0.41041666666666665 0.20277777777777778 0.365625 0.20277777777777778
2 0.37604166666666666 0.6138888888888889 0.4296875 0.6138888888888889 0.4296875 0.6546296296296297 0.37604166666666666 0.6546296296296297
2 0.34010416666666665 0.6055555555555555 0.37864583333333335 0.6055555555555555 0.37864583333333335 0.6324074074074074 0.34010416666666665 0.6324074074074074
2 0.33489583333333334 0.6537037037037037 0.3734375 0.6537037037037037 0.3734375 0.687037037037037 0.33489583333333334 0.687037037037037
2 0.31145833333333334 0.562037037037037 0.34322916666666664 0.562037037037037 0.34322916666666664 0.5888888888888889 0.31145833333333334 0.5888888888888889
2 0.29635416666666664 0.2064814814814815 0.3307291666666667 0.2064814814814815 0.3307291666666667 0.23981481481481481 0.29635416666666664 0.23981481481481481