1 0.39114583333333336 0.9148148148148149 0.4921875 0.9148148148148149 0.4921875 1 0.39114583333333336 1
0 0.34427083333333336 0.6657407407407407 0.4583333333333333 0.6657407407407407 0.4583333333333333 0.8824074074074074 0.34427083333333336 0.8824074074074074
1 0.2984375 0.5212962962962963 0.3338541666666667 0.5212962962962963 0.3338541666666667 0.5981481481481481 0.2984375 0.5981481481481481
2 0.478125 0.7814814814814814 0.5546875 0.7814814814814814 0.5546875 0.8648148148148148 0.478125 0.8648148148148148
1 0.3614583333333333 0.15648148148148147 0.42083333333333334 0.15648148148148147 0.42083333333333334 0.2814814814814815 0.3614583333333333 0.2814814814814815
2 0.5958333333333333 0.8287037037037037 0.7255208333333333 0.8287037037037037 0.7255208333333333 0.9351851851851852 0.5958333333333333 0.9351851851851852
2 0.42604166666666665 0.000925925925925926 0.49322916666666666 0.000925925925925926 0.49322916666666666 0.06666666666666667 0.42604166666666665 0.06666666666666667
2 0.42864583333333334 0.1388888888888889 0.490625 0.1388888888888889 0.490625 0.20462962962962963 0.42864583333333334 0.20462962962962963
2 0.46145833333333336 0.5953703703703703 0.5390625 0.5953703703703703 0.5390625 0.6768518518518518 0.46145833333333336 0.6768518518518518
2 0.3723958333333333 0.32407407407407407 0.42604166666666665 0.32407407407407407 0.42604166666666665 0.3731481481481482 0.3723958333333333 0.3731481481481482
2 0.28229166666666666 0.3888888888888889 0.30416666666666664 0.3888888888888889 0.30416666666666664 0.41574074074074074 0.28229166666666666 0.41574074074074074
2 0.3770833333333333 0.5472222222222223 0.4328125 0.5472222222222223 0.4328125 0.6101851851851852 0.3770833333333333 0.6101851851851852
2 0.3145833333333333 0.2898148148148148 0.35052083333333334 0.2898148148148148 0.35052083333333334 0.3277777777777778 0.3145833333333333 0.3277777777777778
2 0.6354166666666666 0.025925925925925925 0.7640625 0.025925925925925925 0.7640625 0.16203703703703703 0.6354166666666666 0.16203703703703703
1 0.26614583333333336 0.4083333333333333 0.28541666666666665 0.4083333333333333 0.28541666666666665 0.45092592592592595 0.26614583333333336 0.45092592592592595