1 0.6479166666666667 0.18611111111111112 0.6828125 0.18611111111111112 0.6828125 0.30925925925925923 0.6479166666666667 0.30925925925925923
1 0.5041666666666667 0 0.6026041666666667 0 0.6026041666666667 0.09444444444444444 0.5041666666666667 0.09444444444444444
1 0.5869791666666667 0.3611111111111111 0.640625 0.3611111111111111 0.640625 0.46574074074074073 0.5869791666666667 0.46574074074074073
2 0.39010416666666664 0.20277777777777778 0.490625 0.20277777777777778 0.490625 0.3037037037037037 0.39010416666666664 0.3037037037037037
2 0.45364583333333336 0.020370370370370372 0.53125 0.020370370370370372 0.53125 0.10648148148148148 0.45364583333333336 0.10648148148148148
2 0.5838541666666667 0.8388888888888889 0.6307291666666667 0.8388888888888889 0.6307291666666667 0.887962962962963 0.5838541666666667 0.887962962962963
2 0.6515625 0.4925925925925926 0.684375 0.4925925925925926 0.684375 0.5287037037037037 0.6515625 0.5287037037037037
2 0.5885416666666666 0.762962962962963 0.63125 0.762962962962963 0.63125 0.8111111111111111 0.5885416666666666 0.8111111111111111
2 0.621875 0.34444444444444444 0.6541666666666667 0.34444444444444444 0.6541666666666667 0.3814814814814815 0.621875 0.3814814814814815
2 0.5640625 0.3111111111111111 0.6130208333333333 0.3111111111111111 0.6130208333333333 0.3648148148148148 0.5640625 0.3648148148148148
2 0.6333333333333333 0.7101851851851851 0.6739583333333333 0.7101851851851851 0.6739583333333333 0.7416666666666667 0.6333333333333333 0.7416666666666667
2 0.665625 0.425 0.6911458333333333 0.425 0.6911458333333333 0.4537037037037037 0.665625 0.4537037037037037
2 0.5125 0.09351851851851851 0.5697916666666667 0.09351851851851851 0.5697916666666667 0.15092592592592594 0.5125 0.15092592592592594
1 0.6135416666666667 0.5731481481481482 0.6989583333333333 0.5731481481481482 0.6989583333333333 0.6851851851851852 0.6135416666666667 0.6851851851851852
2 0.678125 0.46111111111111114 0.7015625 0.46111111111111114 0.7015625 0.4861111111111111 0.678125 0.4861111111111111
2 0.528125 0.19907407407407407 0.5817708333333333 0.19907407407407407 0.5817708333333333 0.24814814814814815 0.528125 0.24814814814814815
2 0.5083333333333333 0.2564814814814815 0.5645833333333333 0.2564814814814815 0.5645833333333333 0.3138888888888889 0.5083333333333333 0.3138888888888889
2 0.5692708333333333 0.22407407407407406 0.6130208333333333 0.22407407407407406 0.6130208333333333 0.2759259259259259 0.5692708333333333 0.2759259259259259
2 0.7005208333333334 0.6305555555555555 0.7182291666666667 0.6305555555555555 0.7182291666666667 0.6574074074074074 0.7005208333333334 0.6574074074074074
2 0.6338541666666667 0.75 0.6755208333333333 0.75 0.6755208333333333 0.7712962962962963 0.6338541666666667 0.7712962962962963