1 0.1453125 0.3175925925925926 0.27239583333333334 0.3175925925925926 0.27239583333333334 0.49074074074074076 0.1453125 0.49074074074074076
1 0.35572916666666665 0.4074074074074074 0.45625 0.4074074074074074 0.45625 0.5805555555555556 0.35572916666666665 0.5805555555555556
2 0.07760416666666667 0.625 0.14791666666666667 0.625 0.14791666666666667 0.8046296296296296 0.07760416666666667 0.8046296296296296
2 0.6359375 0.4722222222222222 0.6859375 0.4722222222222222 0.6859375 0.6129629629629629 0.6359375 0.6129629629629629
2 0.6859375 0.38981481481481484 0.7239583333333334 0.38981481481481484 0.7239583333333334 0.5009259259259259 0.6859375 0.5009259259259259
2 0.18854166666666666 0.6259259259259259 0.24583333333333332 0.6259259259259259 0.24583333333333332 0.8111111111111111 0.18854166666666666 0.8111111111111111
2 0.22291666666666668 0.49166666666666664 0.26875 0.49166666666666664 0.26875 0.5879629629629629 0.22291666666666668 0.5879629629629629
2 0.359375 0.27314814814814814 0.38958333333333334 0.27314814814814814 0.38958333333333334 0.35833333333333334 0.359375 0.35833333333333334
2 0.3302083333333333 0.35185185185185186 0.3619791666666667 0.35185185185185186 0.3619791666666667 0.4398148148148148 0.3302083333333333 0.4398148148148148
1 0.3203125 0.17777777777777778 0.38385416666666666 0.17777777777777778 0.38385416666666666 0.24074074074074073 0.3203125 0.24074074074074073
2 0.6338541666666667 0.3111111111111111 0.6625 0.3111111111111111 0.6625 0.3962962962962963 0.6338541666666667 0.3962962962962963
2 0.6833333333333333 0.26666666666666666 0.7114583333333333 0.26666666666666666 0.7114583333333333 0.3416666666666667 0.6833333333333333 0.3416666666666667
2 0.39791666666666664 0.2972222222222222 0.4265625 0.2972222222222222 0.4265625 0.38055555555555554 0.39791666666666664 0.38055555555555554
2 0.4609375 0.19814814814814816 0.4786458333333333 0.19814814814814816 0.4786458333333333 0.262037037037037 0.4609375 0.262037037037037
2 0.43020833333333336 0.18611111111111112 0.4479166666666667 0.18611111111111112 0.4479166666666667 0.22962962962962963 0.43020833333333336 0.22962962962962963
2 0.4895833333333333 0.13703703703703704 0.5046875 0.13703703703703704 0.5046875 0.1814814814814815 0.4895833333333333 0.1814814814814815
2 0.459375 0.1111111111111111 0.47291666666666665 0.1111111111111111 0.47291666666666665 0.14444444444444443 0.459375 0.14444444444444443
2 0.23854166666666668 0.7333333333333333 0.3078125 0.7333333333333333 0.3078125 0.9787037037037037 0.23854166666666668 0.9787037037037037
2 0.440625 0.1287037037037037 0.4546875 0.1287037037037037 0.4546875 0.16666666666666666 0.440625 0.16666666666666666