1 0.3234375 0.17592592592592593 0.3921875 0.17592592592592593 0.3921875 0.23796296296296296 0.3234375 0.23796296296296296
1 0.14947916666666666 0.31666666666666665 0.271875 0.31666666666666665 0.271875 0.4925925925925926 0.14947916666666666 0.4925925925925926
1 0.4239583333333333 0.25 0.48072916666666665 0.25 0.48072916666666665 0.3435185185185185 0.4239583333333333 0.3435185185185185
2 0.15104166666666666 0.6138888888888889 0.22083333333333333 0.6138888888888889 0.22083333333333333 0.7962962962962963 0.15104166666666666 0.7962962962962963
2 0.8348958333333333 0.48055555555555557 0.8911458333333333 0.48055555555555557 0.8911458333333333 0.6157407407407407 0.8348958333333333 0.6157407407407407
2 0.646875 0.26666666666666666 0.6755208333333333 0.26666666666666666 0.6755208333333333 0.34444444444444444 0.646875 0.34444444444444444
2 0.35104166666666664 0.29907407407407405 0.37864583333333335 0.29907407407407405 0.37864583333333335 0.3675925925925926 0.35104166666666664 0.3675925925925926
2 0.23385416666666667 0.4398148148148148 0.28020833333333334 0.4398148148148148 0.28020833333333334 0.5787037037037037 0.23385416666666667 0.5787037037037037
2 0.6921875 0.27314814814814814 0.7203125 0.27314814814814814 0.7203125 0.3592592592592593 0.6921875 0.3592592592592593
2 0.3385416666666667 0.5074074074074074 0.39114583333333336 0.5074074074074074 0.39114583333333336 0.6824074074074075 0.3385416666666667 0.6824074074074075
2 0.39479166666666665 0.2916666666666667 0.425 0.2916666666666667 0.425 0.3824074074074074 0.39479166666666665 0.3824074074074074
2 0.45729166666666665 0.15833333333333333 0.4734375 0.15833333333333333 0.4734375 0.20462962962962963 0.45729166666666665 0.20462962962962963
2 0.365625 0.3814814814814815 0.39895833333333336 0.3814814814814815 0.39895833333333336 0.4787037037037037 0.365625 0.4787037037037037
2 0.478125 0.14166666666666666 0.4921875 0.14166666666666666 0.4921875 0.18333333333333332 0.478125 0.18333333333333332
1 0.5411458333333333 0.14814814814814814 0.6052083333333333 0.14814814814814814 0.6052083333333333 0.3037037037037037 0.5411458333333333 0.3037037037037037
2 0.49635416666666665 0.17037037037037037 0.5171875 0.17037037037037037 0.5171875 0.23055555555555557 0.49635416666666665 0.23055555555555557
2 0.6177083333333333 0.1925925925925926 0.6364583333333333 0.1925925925925926 0.6364583333333333 0.26296296296296295 0.6177083333333333 0.26296296296296295
2 0.3307291666666667 0.35 0.36041666666666666 0.35 0.36041666666666666 0.45 0.3307291666666667 0.45
2 0.41302083333333334 0.21944444444444444 0.43385416666666665 0.21944444444444444 0.43385416666666665 0.2814814814814815 0.41302083333333334 0.2814814814814815
2 0.27291666666666664 0.36666666666666664 0.30520833333333336 0.36666666666666664 0.30520833333333336 0.475 0.27291666666666664 0.475
2 0.5729166666666666 0.11296296296296296 0.5885416666666666 0.11296296296296296 0.5885416666666666 0.14444444444444443 0.5729166666666666 0.14444444444444443
2 0.5994791666666667 0.12222222222222222 0.615625 0.12222222222222222 0.615625 0.15925925925925927 0.5994791666666667 0.15925925925925927
2 0.6401041666666667 0.1824074074074074 0.653125 0.1824074074074074 0.653125 0.2564814814814815 0.6401041666666667 0.2564814814814815