1 0.38385416666666666 0.5481481481481482 0.44635416666666666 0.5481481481481482 0.44635416666666666 0.6712962962962963 0.38385416666666666 0.6712962962962963
1 0.396875 0.9074074074074074 0.4942708333333333 0.9074074074074074 0.4942708333333333 1 0.396875 1
1 0.31875 0.6972222222222222 0.3541666666666667 0.6972222222222222 0.3541666666666667 0.8185185185185185 0.31875 0.8185185185185185
2 0.6734375 0.8574074074074074 0.7802083333333333 0.8574074074074074 0.7802083333333333 0.9833333333333333 0.6734375 0.9833333333333333
2 0.46510416666666665 0.9296296296296296 0.5375 0.9296296296296296 0.5375 1 0.46510416666666665 1
2 0.5015625 0.7601851851851852 0.5875 0.7601851851851852 0.5875 0.8490740740740741 0.5015625 0.8490740740740741
2 0.4239583333333333 0 0.4869791666666667 0 0.4869791666666667 0.04537037037037037 0.4239583333333333 0.04537037037037037
2 0.33958333333333335 0.23981481481481481 0.3723958333333333 0.23981481481481481 0.3723958333333333 0.2824074074074074 0.33958333333333335 0.2824074074074074
2 0.4348958333333333 0.6787037037037037 0.5015625 0.6787037037037037 0.5015625 0.7481481481481481 0.4348958333333333 0.7481481481481481
2 0.45260416666666664 0.7953703703703704 0.5041666666666667 0.7953703703703704 0.5041666666666667 0.8601851851851852 0.45260416666666664 0.8601851851851852
2 0.4166666666666667 0.7759259259259259 0.4625 0.7759259259259259 0.4625 0.8305555555555556 0.4166666666666667 0.8305555555555556
2 0.33958333333333335 0.175 0.37552083333333336 0.175 0.37552083333333336 0.21666666666666667 0.33958333333333335 0.21666666666666667
2 0.5557291666666667 0.025 0.6442708333333333 0.025 0.6442708333333333 0.12314814814814815 0.5557291666666667 0.12314814814814815
2 0.3203125 0.5518518518518518 0.35 0.5518518518518518 0.35 0.5851851851851851 0.3203125 0.5851851851851851
2 0.3067708333333333 0.5157407407407407 0.334375 0.5157407407407407 0.334375 0.5462962962962963 0.3067708333333333 0.5462962962962963
2 0.34322916666666664 0.5787037037037037 0.38125 0.5787037037037037 0.38125 0.6166666666666667 0.34322916666666664 0.6166666666666667
2 0.27760416666666665 0.5740740740740741 0.296875 0.5740740740740741 0.296875 0.5962962962962963 0.27760416666666665 0.5962962962962963
2 0.3171875 0.46111111111111114 0.35208333333333336 0.46111111111111114 0.35208333333333336 0.5027777777777778 0.3171875 0.5027777777777778
2 0.32708333333333334 0.6037037037037037 0.35520833333333335 0.6037037037037037 0.35520833333333335 0.6351851851851852 0.32708333333333334 0.6351851851851852
2 0.3651041666666667 0.6583333333333333 0.4015625 0.6583333333333333 0.4015625 0.6990740740740741 0.3651041666666667 0.6990740740740741