1 0.37447916666666664 0.5435185185185185 0.4348958333333333 0.5435185185185185 0.4348958333333333 0.6592592592592592 0.37447916666666664 0.6592592592592592
1 0.396875 0.9083333333333333 0.49583333333333335 0.9083333333333333 0.49583333333333335 1 0.396875 1
1 0.3182291666666667 0.6972222222222222 0.3536458333333333 0.6972222222222222 0.3536458333333333 0.8175925925925925 0.3182291666666667 0.8175925925925925
2 0.44114583333333335 0.7814814814814814 0.484375 0.7814814814814814 0.484375 0.8388888888888889 0.44114583333333335 0.8388888888888889
2 0.5234375 0.9796296296296296 0.6140625 0.9796296296296296 0.6140625 1 0.5234375 1
2 0.4015625 0.7583333333333333 0.4453125 0.7583333333333333 0.4453125 0.8138888888888889 0.4015625 0.8138888888888889
2 0.41458333333333336 0.6592592592592592 0.471875 0.6592592592592592 0.471875 0.7240740740740741 0.41458333333333336 0.7240740740740741
2 0.6052083333333333 0.7824074074074074 0.7359375 0.7824074074074074 0.7359375 0.899074074074074 0.6052083333333333 0.899074074074074
2 0.34791666666666665 0.16018518518518518 0.3880208333333333 0.16018518518518518 0.3880208333333333 0.20092592592592592 0.34791666666666665 0.20092592592592592
2 0.31666666666666665 0.4675925925925926 0.3515625 0.4675925925925926 0.3515625 0.5046296296296297 0.31666666666666665 0.5046296296296297
2 0.3541666666666667 0.649074074074074 0.39010416666666664 0.649074074074074 0.39010416666666664 0.6861111111111111 0.3541666666666667 0.6861111111111111
2 0.47552083333333334 0.7287037037037037 0.5520833333333334 0.7287037037037037 0.5520833333333334 0.8037037037037037 0.47552083333333334 0.8037037037037037
2 0.3223958333333333 0.26296296296296295 0.3541666666666667 0.26296296296296295 0.3541666666666667 0.30185185185185187 0.3223958333333333 0.30185185185185187
2 0.31197916666666664 0.5481481481481482 0.34270833333333334 0.5481481481481482 0.34270833333333334 0.5824074074074074 0.31197916666666664 0.5824074074074074
2 0.3463541666666667 0.225 0.384375 0.225 0.384375 0.2657407407407407 0.3463541666666667 0.2657407407407407
1 0.3098958333333333 0.337037037037037 0.3703125 0.337037037037037 0.3703125 0.4305555555555556 0.3098958333333333 0.4305555555555556
2 0.4630208333333333 0.9074074074074074 0.521875 0.9074074074074074 0.521875 0.9768518518518519 0.4630208333333333 0.9768518518518519
2 0.303125 0.5148148148148148 0.3302083333333333 0.5148148148148148 0.3302083333333333 0.5425925925925926 0.303125 0.5425925925925926
2 0.3229166666666667 0.600925925925926 0.35 0.600925925925926 0.35 0.6287037037037037 0.3229166666666667 0.6287037037037037
2 0.33541666666666664 0.575925925925926 0.37135416666666665 0.575925925925926 0.37135416666666665 0.6074074074074074 0.33541666666666664 0.6074074074074074