1 0.5 0 0.5989583333333334 0 0.5989583333333334 0.0962962962962963 0.5 0.0962962962962963
1 0.646875 0.18703703703703703 0.6822916666666666 0.18703703703703703 0.6822916666666666 0.30925925925925923 0.646875 0.30925925925925923
1 0.6026041666666667 0.3787037037037037 0.6505208333333333 0.3787037037037037 0.6505208333333333 0.47129629629629627 0.6026041666666667 0.47129629629629627
2 0.40625 0 0.4953125 0 0.4953125 0.08611111111111111 0.40625 0.08611111111111111
2 0.28020833333333334 0.11851851851851852 0.4015625 0.11851851851851852 0.4015625 0.2601851851851852 0.28020833333333334 0.2601851851851852
2 0.5578125 0.7898148148148149 0.60625 0.7898148148148149 0.60625 0.8444444444444444 0.5578125 0.8444444444444444
2 0.5390625 0.8861111111111111 0.5973958333333333 0.8861111111111111 0.5973958333333333 0.9416666666666667 0.5390625 0.9416666666666667
2 0.5515625 0.225 0.603125 0.225 0.603125 0.27685185185185185 0.5515625 0.27685185185185185
2 0.5932291666666667 0.2574074074074074 0.6317708333333333 0.2574074074074074 0.6317708333333333 0.30277777777777776 0.5932291666666667 0.30277777777777776
2 0.4973958333333333 0.10555555555555556 0.5677083333333334 0.10555555555555556 0.5677083333333334 0.1814814814814815 0.4973958333333333 0.1814814814814815
2 0.6197916666666666 0.7138888888888889 0.6609375 0.7138888888888889 0.6609375 0.7546296296296297 0.6197916666666666 0.7546296296296297
2 0.640625 0.3638888888888889 0.6666666666666666 0.3638888888888889 0.6666666666666666 0.3972222222222222 0.640625 0.3972222222222222
2 0.6140625 0.7703703703703704 0.6583333333333333 0.7703703703703704 0.6583333333333333 0.8231481481481482 0.6140625 0.8231481481481482
2 0.6838541666666667 0.462037037037037 0.7057291666666666 0.462037037037037 0.7057291666666666 0.4842592592592593 0.6838541666666667 0.4842592592592593
2 0.46145833333333336 0.27870370370370373 0.5421875 0.27870370370370373 0.5421875 0.35648148148148145 0.46145833333333336 0.35648148148148145
2 0.5895833333333333 0.33055555555555555 0.6348958333333333 0.33055555555555555 0.6348958333333333 0.37222222222222223 0.5895833333333333 0.37222222222222223
2 0.55 0.2972222222222222 0.5932291666666667 0.2972222222222222 0.5932291666666667 0.34814814814814815 0.55 0.34814814814814815
2 0.6729166666666667 0.42777777777777776 0.6963541666666667 0.42777777777777776 0.6963541666666667 0.4546296296296296 0.6729166666666667 0.4546296296296296
2 0.6932291666666667 0.6342592592592593 0.7130208333333333 0.6342592592592593 0.7130208333333333 0.6620370370370371 0.6932291666666667 0.6620370370370371
2 0.6536458333333334 0.41759259259259257 0.675 0.41759259259259257 0.675 0.4462962962962963 0.6536458333333334 0.4462962962962963
2 0.6776041666666667 0.35185185185185186 0.6984375 0.35185185185185186 0.6984375 0.3787037037037037 0.6776041666666667 0.3787037037037037
2 0.6859375 0.6916666666666667 0.7078125 0.6916666666666667 0.7078125 0.7203703703703703 0.6859375 0.7203703703703703
2 0.6546875 0.49444444444444446 0.6822916666666666 0.49444444444444446 0.6822916666666666 0.5259259259259259 0.6546875 0.5259259259259259
2 0.5505208333333333 0.12685185185185185 0.5932291666666667 0.12685185185185185 0.5932291666666667 0.1824074074074074 0.5505208333333333 0.1824074074074074