1 0.5755208333333334 0.3527777777777778 0.6322916666666667 0.3527777777777778 0.6322916666666667 0.46111111111111114 0.5755208333333334 0.46111111111111114
1 0.6473958333333333 0.18425925925925926 0.6822916666666666 0.18425925925925926 0.6822916666666666 0.30462962962962964 0.6473958333333333 0.30462962962962964
1 0.5041666666666667 0 0.6026041666666667 0 0.6026041666666667 0.09444444444444444 0.5041666666666667 0.09444444444444444
2 0.33958333333333335 0.17777777777777778 0.45 0.17777777777777778 0.45 0.26296296296296295 0.33958333333333335 0.26296296296296295
1 0.6213541666666667 0.562962962962963 0.7036458333333333 0.562962962962963 0.7036458333333333 0.6731481481481482 0.6213541666666667 0.6731481481481482
2 0.6052083333333333 0.7453703703703703 0.6453125 0.7453703703703703 0.6453125 0.7916666666666666 0.6052083333333333 0.7916666666666666
2 0.5994791666666667 0.8194444444444444 0.6416666666666667 0.8194444444444444 0.6416666666666667 0.8675925925925926 0.5994791666666667 0.8675925925925926
2 0.42239583333333336 0 0.5088541666666667 0 0.5088541666666667 0.062037037037037036 0.42239583333333336 0.062037037037037036
2 0.5458333333333333 0.2935185185185185 0.5994791666666667 0.2935185185185185 0.5994791666666667 0.34629629629629627 0.5458333333333333 0.34629629629629627
2 0.478125 0.23703703703703705 0.5484375 0.23703703703703705 0.5484375 0.30833333333333335 0.478125 0.30833333333333335
2 0.5604166666666667 0.2074074074074074 0.6036458333333333 0.2074074074074074 0.6036458333333333 0.25925925925925924 0.5604166666666667 0.25925925925925924
2 0.640625 0.7037037037037037 0.6791666666666667 0.7037037037037037 0.6791666666666667 0.7537037037037037 0.640625 0.7537037037037037
2 0.6614583333333334 0.42314814814814816 0.6911458333333333 0.42314814814814816 0.6911458333333333 0.4527777777777778 0.6614583333333334 0.4527777777777778
2 0.515625 0.18425925925925926 0.5697916666666667 0.18425925925925926 0.5697916666666667 0.2351851851851852 0.515625 0.2351851851851852
2 0.4979166666666667 0.044444444444444446 0.5651041666666666 0.044444444444444446 0.5651041666666666 0.12037037037037036 0.4979166666666667 0.12037037037037036
2 0.6166666666666667 0.33240740740740743 0.6515625 0.33240740740740743 0.6515625 0.37037037037037035 0.6166666666666667 0.37037037037037035
2 0.6505208333333333 0.4935185185185185 0.6838541666666667 0.4935185185185185 0.6838541666666667 0.5296296296296297 0.6505208333333333 0.5296296296296297
2 0.6760416666666667 0.46111111111111114 0.7 0.46111111111111114 0.7 0.4861111111111111 0.6760416666666667 0.4861111111111111