1 0.5651041666666666 0.412962962962963 0.66875 0.412962962962963 0.66875 0.575925925925926 0.5651041666666666 0.575925925925926
1 0.1265625 0.35462962962962963 0.2552083333333333 0.35462962962962963 0.2552083333333333 0.5333333333333333 0.1265625 0.5333333333333333
1 0.34010416666666665 0.4462962962962963 0.4354166666666667 0.4462962962962963 0.4354166666666667 0.6240740740740741 0.34010416666666665 0.6240740740740741
1 0.5317708333333333 0.20833333333333334 0.5703125 0.20833333333333334 0.5703125 0.2675925925925926 0.5317708333333333 0.2675925925925926
1 0.4479166666666667 0.1675925925925926 0.48072916666666665 0.1675925925925926 0.48072916666666665 0.21481481481481482 0.4479166666666667 0.21481481481481482
1 0.3177083333333333 0.20833333333333334 0.3645833333333333 0.20833333333333334 0.3645833333333333 0.2722222222222222 0.3177083333333333 0.2722222222222222
1 0.6390625 0.16296296296296298 0.6885416666666667 0.16296296296296298 0.6885416666666667 0.2037037037037037 0.6390625 0.2037037037037037
2 0.23697916666666666 0.5601851851851852 0.28177083333333336 0.5601851851851852 0.28177083333333336 0.6805555555555556 0.23697916666666666 0.6805555555555556
2 0.052083333333333336 0.6027777777777777 0.12239583333333333 0.6027777777777777 0.12239583333333333 0.8064814814814815 0.052083333333333336 0.8064814814814815
2 0.1140625 0.6194444444444445 0.1890625 0.6194444444444445 0.1890625 0.8527777777777777 0.1140625 0.8527777777777777
2 0.40520833333333334 0.575 0.44427083333333334 0.575 0.44427083333333334 0.7842592592592592 0.40520833333333334 0.7842592592592592
2 0.2921875 0.3472222222222222 0.3203125 0.3472222222222222 0.3203125 0.47314814814814815 0.2921875 0.47314814814814815
2 0.325 0.38333333333333336 0.3578125 0.38333333333333336 0.3578125 0.5018518518518519 0.325 0.5018518518518519
2 0.315625 0.32314814814814813 0.3411458333333333 0.32314814814814813 0.3411458333333333 0.4083333333333333 0.315625 0.4083333333333333
2 0.3567708333333333 0.32037037037037036 0.3765625 0.32037037037037036 0.3765625 0.4185185185185185 0.3567708333333333 0.4185185185185185
2 0.3416666666666667 0.28888888888888886 0.3645833333333333 0.28888888888888886 0.3645833333333333 0.36203703703703705 0.3416666666666667 0.36203703703703705
2 0.3489583333333333 0.23981481481481481 0.3619791666666667 0.23981481481481481 0.3619791666666667 0.29907407407407405 0.3489583333333333 0.29907407407407405
2 0.3645833333333333 0.24444444444444444 0.384375 0.24444444444444444 0.384375 0.31574074074074077 0.3645833333333333 0.31574074074074077
2 0.37135416666666665 0.2611111111111111 0.3958333333333333 0.2611111111111111 0.3958333333333333 0.35 0.37135416666666665 0.35
2 0.4 0.26666666666666666 0.43020833333333336 0.26666666666666666 0.43020833333333336 0.36666666666666664 0.4 0.36666666666666664
2 0.43072916666666666 0.2833333333333333 0.44895833333333335 0.2833333333333333 0.44895833333333335 0.40185185185185185 0.43072916666666666 0.40185185185185185
2 0.44895833333333335 0.2574074074074074 0.4739583333333333 0.2574074074074074 0.4739583333333333 0.34814814814814815 0.44895833333333335 0.34814814814814815
2 0.6 0.26666666666666666 0.6192708333333333 0.26666666666666666 0.6192708333333333 0.34074074074074073 0.6 0.34074074074074073
2 0.6255208333333333 0.23703703703703705 0.6463541666666667 0.23703703703703705 0.6463541666666667 0.30462962962962964 0.6255208333333333 0.30462962962962964
2 0.6088541666666667 0.20277777777777778 0.6244791666666667 0.20277777777777778 0.6244791666666667 0.25925925925925924 0.6088541666666667 0.25925925925925924
2 0.5734375 0.1814814814814815 0.5869791666666667 0.1814814814814815 0.5869791666666667 0.23333333333333334 0.5734375 0.23333333333333334
2 0.584375 0.17962962962962964 0.5984375 0.17962962962962964 0.5984375 0.2222222222222222 0.584375 0.2222222222222222
2 0.42239583333333336 0.20925925925925926 0.4427083333333333 0.20925925925925926 0.4427083333333333 0.2722222222222222 0.42239583333333336 0.2722222222222222
2 0.4015625 0.22777777777777777 0.4203125 0.22777777777777777 0.4203125 0.2722222222222222 0.4015625 0.2722222222222222
2 0.4119791666666667 0.1935185185185185 0.425 0.1935185185185185 0.425 0.24259259259259258 0.4119791666666667 0.24259259259259258
2 0.40520833333333334 0.17314814814814813 0.4203125 0.17314814814814813 0.4203125 0.21666666666666667 0.40520833333333334 0.21666666666666667
2 0.425 0.16666666666666666 0.4354166666666667 0.16666666666666666 0.4354166666666667 0.21481481481481482 0.425 0.21481481481481482