1 0.14322916666666666 0.32407407407407407 0.2713541666666667 0.32407407407407407 0.2713541666666667 0.49537037037037035 0.14322916666666666 0.49537037037037035
1 0.321875 0.17962962962962964 0.390625 0.17962962962962964 0.390625 0.23703703703703705 0.321875 0.23703703703703705
2 0.8119791666666667 0.4981481481481482 0.8692708333333333 0.4981481481481482 0.8692708333333333 0.6564814814814814 0.8119791666666667 0.6564814814814814
2 0.25833333333333336 0.5888888888888889 0.3223958333333333 0.5888888888888889 0.3223958333333333 0.762962962962963 0.25833333333333336 0.762962962962963
2 0.39166666666666666 0.2212962962962963 0.415625 0.2212962962962963 0.415625 0.2851851851851852 0.39166666666666666 0.2851851851851852
2 0.69375 0.32314814814814813 0.7270833333333333 0.32314814814814813 0.7270833333333333 0.41203703703703703 0.69375 0.41203703703703703
2 0.4348958333333333 0.13333333333333333 0.44895833333333335 0.13333333333333333 0.44895833333333335 0.17222222222222222 0.4348958333333333 0.17222222222222222
2 0.6510416666666666 0.3277777777777778 0.6875 0.3277777777777778 0.6875 0.42777777777777776 0.6510416666666666 0.42777777777777776
2 0.5552083333333333 0.14444444444444443 0.5760416666666667 0.14444444444444443 0.5760416666666667 0.18981481481481483 0.5552083333333333 0.18981481481481483
2 0.39791666666666664 0.3212962962962963 0.4348958333333333 0.3212962962962963 0.4348958333333333 0.4287037037037037 0.39791666666666664 0.4287037037037037
2 0.6432291666666666 0.24444444444444444 0.6671875 0.24444444444444444 0.6671875 0.3101851851851852 0.6432291666666666 0.3101851851851852
2 0.45 0.18611111111111112 0.4734375 0.18611111111111112 0.4734375 0.24537037037037038 0.45 0.24537037037037038
2 0.4270833333333333 0.23703703703703705 0.44947916666666665 0.23703703703703705 0.44947916666666665 0.3 0.4270833333333333 0.3
2 0.5916666666666667 0.2064814814814815 0.6104166666666667 0.2064814814814815 0.6104166666666667 0.2564814814814815 0.5916666666666667 0.2564814814814815
2 0.5994791666666667 0.17314814814814813 0.61875 0.17314814814814813 0.61875 0.22037037037037038 0.5994791666666667 0.22037037037037038
2 0.48333333333333334 0.13796296296296295 0.4984375 0.13796296296296295 0.4984375 0.1824074074074074 0.48333333333333334 0.1824074074074074
2 0.44947916666666665 0.31296296296296294 0.47760416666666666 0.31296296296296294 0.47760416666666666 0.41574074074074074 0.44947916666666665 0.41574074074074074
2 0.2557291666666667 0.775 0.325 0.775 0.325 1 0.2557291666666667 1