1 0.14739583333333334 0.3194444444444444 0.2734375 0.3194444444444444 0.2734375 0.4981481481481482 0.14739583333333334 0.4981481481481482
1 0.3359375 0.17592592592592593 0.39739583333333334 0.17592592592592593 0.39739583333333334 0.23981481481481481 0.3359375 0.23981481481481481
1 0.6296875 0.12314814814814815 0.684375 0.12314814814814815 0.684375 0.1648148148148148 0.6296875 0.1648148148148148
1 0.47708333333333336 0.1111111111111111 0.5046875 0.1111111111111111 0.5046875 0.1537037037037037 0.47708333333333336 0.1537037037037037
2 0.19583333333333333 0.5351851851851852 0.23385416666666667 0.5351851851851852 0.23385416666666667 0.7018518518518518 0.19583333333333333 0.7018518518518518
2 0.284375 0.5055555555555555 0.30885416666666665 0.5055555555555555 0.30885416666666665 0.662962962962963 0.284375 0.662962962962963
2 0.29322916666666665 0.3787037037037037 0.32447916666666665 0.3787037037037037 0.32447916666666665 0.49074074074074076 0.29322916666666665 0.49074074074074076
2 0.35052083333333334 0.4685185185185185 0.3963541666666667 0.4685185185185185 0.3963541666666667 0.662962962962963 0.35052083333333334 0.662962962962963
2 0.36822916666666666 0.30833333333333335 0.3921875 0.30833333333333335 0.3921875 0.4101851851851852 0.36822916666666666 0.4101851851851852
2 0.3807291666666667 0.2537037037037037 0.4 0.2537037037037037 0.4 0.3277777777777778 0.3807291666666667 0.3277777777777778
2 0.4109375 0.2564814814814815 0.4296875 0.2564814814814815 0.4296875 0.3398148148148148 0.4109375 0.3398148148148148
2 0.39791666666666664 0.22037037037037038 0.41458333333333336 0.22037037037037038 0.41458333333333336 0.2722222222222222 0.39791666666666664 0.2722222222222222
2 0.44479166666666664 0.2796296296296296 0.4583333333333333 0.2796296296296296 0.4583333333333333 0.3731481481481482 0.44479166666666664 0.3731481481481482
2 0.43645833333333334 0.20833333333333334 0.4479166666666667 0.20833333333333334 0.4479166666666667 0.26481481481481484 0.43645833333333334 0.26481481481481484
2 0.4786458333333333 0.20185185185185187 0.49166666666666664 0.20185185185185187 0.49166666666666664 0.2611111111111111 0.4786458333333333 0.2611111111111111
2 0.5859375 0.16111111111111112 0.6026041666666667 0.16111111111111112 0.6026041666666667 0.2064814814814815 0.5859375 0.2064814814814815
2 0.6036458333333333 0.13240740740740742 0.6119791666666666 0.13240740740740742 0.6119791666666666 0.1685185185185185 0.6036458333333333 0.1685185185185185
2 0.6109375 0.16203703703703703 0.6244791666666667 0.16203703703703703 0.6244791666666667 0.2074074074074074 0.6109375 0.2074074074074074
2 0.6484375 0.18796296296296297 0.6619791666666667 0.18796296296296297 0.6619791666666667 0.24444444444444444 0.6484375 0.24444444444444444
2 0.6260416666666667 0.20555555555555555 0.6416666666666667 0.20555555555555555 0.6416666666666667 0.27037037037037037 0.6260416666666667 0.27037037037037037
2 0.39166666666666666 0.1925925925925926 0.4 0.1925925925925926 0.4 0.23981481481481481 0.39166666666666666 0.23981481481481481
2 0.4015625 0.1675925925925926 0.41041666666666665 0.1675925925925926 0.41041666666666665 0.20925925925925926 0.4015625 0.20925925925925926
2 0.41354166666666664 0.16018518518518518 0.4239583333333333 0.16018518518518518 0.4239583333333333 0.2074074074074074 0.41354166666666664 0.2074074074074074
2 0.43020833333333336 0.1638888888888889 0.4359375 0.1638888888888889 0.4359375 0.1935185185185185 0.43020833333333336 0.1935185185185185
2 0.4328125 0.18425925925925926 0.4427083333333333 0.18425925925925926 0.4427083333333333 0.22407407407407406 0.4328125 0.22407407407407406
2 0.44635416666666666 0.17037037037037037 0.4557291666666667 0.17037037037037037 0.4557291666666667 0.2064814814814815 0.44635416666666666 0.2064814814814815
2 0.45989583333333334 0.16111111111111112 0.46875 0.16111111111111112 0.46875 0.19814814814814816 0.45989583333333334 0.19814814814814816
2 0.4786458333333333 0.15833333333333333 0.48802083333333335 0.15833333333333333 0.48802083333333335 0.1962962962962963 0.4786458333333333 0.1962962962962963
2 0.446875 0.14074074074074075 0.45260416666666664 0.14074074074074075 0.45260416666666664 0.1712962962962963 0.446875 0.1712962962962963
2 0.46510416666666665 0.13148148148148148 0.4765625 0.13148148148148148 0.4765625 0.1685185185185185 0.46510416666666665 0.1685185185185185