1 0.5005208333333333 0 0.6010416666666667 0 0.6010416666666667 0.08888888888888889 0.5005208333333333 0.08888888888888889
1 0.675 0.43703703703703706 0.7036458333333333 0.43703703703703706 0.7036458333333333 0.4981481481481482 0.675 0.4981481481481482
1 0.6458333333333334 0.20462962962962963 0.6838541666666667 0.20462962962962963 0.6838541666666667 0.2972222222222222 0.6458333333333334 0.2972222222222222
2 0.3307291666666667 0.9231481481481482 0.46197916666666666 0.9231481481481482 0.46197916666666666 1 0.3307291666666667 1
2 0.315625 0 0.45677083333333335 0 0.45677083333333335 0.062037037037037036 0.315625 0.062037037037037036
2 0.30833333333333335 0.20462962962962963 0.44635416666666666 0.20462962962962963 0.44635416666666666 0.2638888888888889 0.30833333333333335 0.2638888888888889
2 0.4786458333333333 0.125 0.5526041666666667 0.125 0.5526041666666667 0.1648148148148148 0.4786458333333333 0.1648148148148148
2 0.459375 0.18703703703703703 0.5375 0.18703703703703703 0.5375 0.2537037037037037 0.459375 0.2537037037037037
2 0.44166666666666665 0.29259259259259257 0.5276041666666667 0.29259259259259257 0.5276041666666667 0.34074074074074073 0.44166666666666665 0.34074074074074073
2 0.53125 0.39814814814814814 0.5911458333333334 0.39814814814814814 0.5911458333333334 0.4388888888888889 0.53125 0.4388888888888889
2 0.5546875 0.2962962962962963 0.6041666666666666 0.2962962962962963 0.6041666666666666 0.3314814814814815 0.5546875 0.3314814814814815
2 0.5453125 0.18425925925925926 0.5885416666666666 0.18425925925925926 0.5885416666666666 0.22592592592592592 0.5453125 0.22592592592592592
2 0.5864583333333333 0.21574074074074073 0.6244791666666667 0.21574074074074073 0.6244791666666667 0.24444444444444444 0.5864583333333333 0.24444444444444444
2 0.6072916666666667 0.33240740740740743 0.6453125 0.33240740740740743 0.6453125 0.3592592592592593 0.6072916666666667 0.3592592592592593
2 0.6036458333333333 0.39351851851851855 0.6427083333333333 0.39351851851851855 0.6427083333333333 0.43148148148148147 0.6036458333333333 0.43148148148148147
2 0.625 0.42777777777777776 0.65625 0.42777777777777776 0.65625 0.44537037037037036 0.625 0.44537037037037036
2 0.6359375 0.2796296296296296 0.6677083333333333 0.2796296296296296 0.6677083333333333 0.29814814814814816 0.6359375 0.29814814814814816
2 0.6473958333333333 0.3490740740740741 0.6723958333333333 0.3490740740740741 0.6723958333333333 0.3675925925925926 0.6473958333333333 0.3675925925925926
2 0.6541666666666667 0.38981481481481484 0.6802083333333333 0.38981481481481484 0.6802083333333333 0.4064814814814815 0.6541666666666667 0.4064814814814815
2 0.6546875 0.4287037037037037 0.678125 0.4287037037037037 0.678125 0.45092592592592595 0.6546875 0.45092592592592595
2 0.6614583333333334 0.36666666666666664 0.6916666666666667 0.36666666666666664 0.6916666666666667 0.387037037037037 0.6614583333333334 0.387037037037037
2 0.6791666666666667 0.4083333333333333 0.7041666666666667 0.4083333333333333 0.7041666666666667 0.42314814814814816 0.6791666666666667 0.42314814814814816
2 0.6927083333333334 0.39351851851851855 0.7119791666666667 0.39351851851851855 0.7119791666666667 0.4064814814814815 0.6927083333333334 0.4064814814814815
2 0.6979166666666666 0.37962962962962965 0.7171875 0.37962962962962965 0.7171875 0.3907407407407407 0.6979166666666666 0.3907407407407407
2 0.703125 0.4046296296296296 0.71875 0.4046296296296296 0.71875 0.41944444444444445 0.703125 0.41944444444444445
2 0.6921875 0.42407407407407405 0.7130208333333333 0.42407407407407405 0.7130208333333333 0.44166666666666665 0.6921875 0.44166666666666665
2 0.7010416666666667 0.44537037037037036 0.715625 0.44537037037037036 0.715625 0.45925925925925926 0.7010416666666667 0.45925925925925926
2 0.6864583333333333 0.49722222222222223 0.7104166666666667 0.49722222222222223 0.7104166666666667 0.5166666666666667 0.6864583333333333 0.5166666666666667
2 0.6557291666666667 0.6796296296296296 0.6895833333333333 0.6796296296296296 0.6895833333333333 0.6972222222222222 0.6557291666666667 0.6972222222222222
2 0.6776041666666667 0.7222222222222222 0.7 0.7222222222222222 0.7 0.7361111111111112 0.6776041666666667 0.7361111111111112
2 0.659375 0.7398148148148148 0.690625 0.7398148148148148 0.690625 0.7546296296296297 0.659375 0.7546296296296297
1 0.6947916666666667 0.6768518518518518 0.7182291666666667 0.6768518518518518 0.7182291666666667 0.7546296296296297 0.6947916666666667 0.7546296296296297