1 0.315625 0.6953703703703704 0.35104166666666664 0.6953703703703704 0.35104166666666664 0.812037037037037 0.315625 0.812037037037037
1 0.39375 0.9074074074074074 0.4921875 0.9074074074074074 0.4921875 1 0.39375 1
2 0.4640625 0 0.5333333333333333 0 0.5333333333333333 0.032407407407407406 0.4640625 0.032407407407407406
2 0.4078125 0.13148148148148148 0.4625 0.13148148148148148 0.4625 0.19074074074074074 0.4078125 0.19074074074074074
2 0.5265625 0 0.6244791666666667 0 0.6244791666666667 0.07407407407407407 0.5265625 0.07407407407407407
2 0.49375 0.7824074074074074 0.5802083333333333 0.7824074074074074 0.5802083333333333 0.8935185185185185 0.49375 0.8935185185185185
2 0.3421875 0.5842592592592593 0.38125 0.5842592592592593 0.38125 0.6277777777777778 0.3421875 0.6277777777777778
2 0.3359375 0.30833333333333335 0.375 0.30833333333333335 0.375 0.34814814814814815 0.3359375 0.34814814814814815
2 0.33177083333333335 0.5314814814814814 0.36666666666666664 0.5314814814814814 0.36666666666666664 0.5703703703703704 0.33177083333333335 0.5703703703703704
2 0.3177083333333333 0.6231481481481481 0.3484375 0.6231481481481481 0.3484375 0.6574074074074074 0.3177083333333333 0.6574074074074074
2 0.30833333333333335 0.2564814814814815 0.33645833333333336 0.2564814814814815 0.33645833333333336 0.2916666666666667 0.30833333333333335 0.2916666666666667
2 0.43697916666666664 0.6361111111111111 0.5114583333333333 0.6361111111111111 0.5114583333333333 0.7055555555555556 0.43697916666666664 0.7055555555555556
2 0.284375 0.3453703703703704 0.30572916666666666 0.3453703703703704 0.30572916666666666 0.37037037037037035 0.284375 0.37037037037037035
2 0.40677083333333336 0.6824074074074075 0.4505208333333333 0.6824074074074075 0.4505208333333333 0.7435185185185185 0.40677083333333336 0.7435185185185185
2 0.3098958333333333 0.35185185185185186 0.3421875 0.35185185185185186 0.3421875 0.38796296296296295 0.3098958333333333 0.38796296296296295
2 0.31614583333333335 0.3675925925925926 0.35208333333333336 0.3675925925925926 0.35208333333333336 0.4064814814814815 0.31614583333333335 0.4064814814814815
2 0.3723958333333333 0.25462962962962965 0.428125 0.25462962962962965 0.428125 0.29814814814814816 0.3723958333333333 0.29814814814814816
2 0.3416666666666667 0.25277777777777777 0.3854166666666667 0.25277777777777777 0.3854166666666667 0.2740740740740741 0.3416666666666667 0.2740740740740741