1 0.5083333333333333 0 0.6072916666666667 0 0.6072916666666667 0.09351851851851851 0.5083333333333333 0.09351851851851851
2 0.47760416666666666 0.9648148148148148 0.5442708333333334 0.9648148148148148 0.5442708333333334 1 0.47760416666666666 1
1 0.6432291666666666 0.175 0.68125 0.175 0.68125 0.2935185185185185 0.6432291666666666 0.2935185185185185
2 0.6203125 0.40555555555555556 0.6604166666666667 0.40555555555555556 0.6604166666666667 0.44814814814814813 0.6203125 0.44814814814814813
2 0.4630208333333333 0.2490740740740741 0.5463541666666667 0.2490740740740741 0.5463541666666667 0.32407407407407407 0.4630208333333333 0.32407407407407407
2 0.6552083333333333 0.5481481481481482 0.6822916666666666 0.5481481481481482 0.6822916666666666 0.6101851851851852 0.6552083333333333 0.6101851851851852
2 0.6734375 0.46944444444444444 0.7005208333333334 0.46944444444444444 0.7005208333333334 0.4962962962962963 0.6734375 0.4962962962962963
2 0.584375 0.7398148148148148 0.6296875 0.7398148148148148 0.6296875 0.7814814814814814 0.584375 0.7814814814814814
2 0.6578125 0.6453703703703704 0.6848958333333334 0.6453703703703704 0.6848958333333334 0.674074074074074 0.6578125 0.674074074074074
2 0.6328125 0.7342592592592593 0.665625 0.7342592592592593 0.665625 0.7712962962962963 0.6328125 0.7712962962962963
2 0.678125 0.375 0.7010416666666667 0.375 0.7010416666666667 0.4009259259259259 0.678125 0.4009259259259259
2 0.5979166666666667 0.28425925925925927 0.6427083333333333 0.28425925925925927 0.6427083333333333 0.3287037037037037 0.5979166666666667 0.3287037037037037
2 0.5864583333333333 0.7962962962962963 0.6302083333333334 0.7962962962962963 0.6302083333333334 0.8425925925925926 0.5864583333333333 0.8425925925925926
2 0.45677083333333335 0.37962962962962965 0.5411458333333333 0.37962962962962965 0.5411458333333333 0.4425925925925926 0.45677083333333335 0.4425925925925926
2 0.5755208333333334 0.3509259259259259 0.628125 0.3509259259259259 0.628125 0.38425925925925924 0.5755208333333334 0.38425925925925924
2 0.621875 0.3638888888888889 0.6598958333333333 0.3638888888888889 0.6598958333333333 0.3907407407407407 0.621875 0.3907407407407407
2 0.6229166666666667 0.3212962962962963 0.6651041666666667 0.3212962962962963 0.6651041666666667 0.3453703703703704 0.6229166666666667 0.3453703703703704
2 0.665625 0.4148148148148148 0.6973958333333333 0.4148148148148148 0.6973958333333333 0.43703703703703706 0.665625 0.43703703703703706
2 0.6651041666666667 0.32685185185185184 0.6947916666666667 0.32685185185185184 0.6947916666666667 0.3574074074074074 0.6651041666666667 0.3574074074074074