1 0.5041666666666667 0 0.6026041666666667 0 0.6026041666666667 0.09907407407407408 0.5041666666666667 0.09907407407407408
1 0.65 0.19166666666666668 0.6838541666666667 0.19166666666666668 0.6838541666666667 0.3111111111111111 0.65 0.3111111111111111
2 0.6442708333333333 0.337037037037037 0.6755208333333333 0.337037037037037 0.6755208333333333 0.3731481481481482 0.6442708333333333 0.3731481481481482
2 0.4875 0.9305555555555556 0.5421875 0.9305555555555556 0.5421875 1 0.4875 1
2 0.359375 0.03888888888888889 0.4557291666666667 0.03888888888888889 0.4557291666666667 0.1398148148148148 0.359375 0.1398148148148148
2 0.6052083333333333 0.3611111111111111 0.6463541666666667 0.3611111111111111 0.6463541666666667 0.41203703703703703 0.6052083333333333 0.41203703703703703
2 0.6354166666666666 0.6537037037037037 0.66875 0.6537037037037037 0.66875 0.6888888888888889 0.6354166666666666 0.6888888888888889
2 0.434375 0.8722222222222222 0.5125 0.8722222222222222 0.5125 0.962037037037037 0.434375 0.962037037037037
2 0.6505208333333333 0.7833333333333333 0.6739583333333333 0.7833333333333333 0.6739583333333333 0.8148148148148148 0.6505208333333333 0.8148148148148148
2 0.7046875 0.6583333333333333 0.7229166666666667 0.6583333333333333 0.7229166666666667 0.6833333333333333 0.7046875 0.6833333333333333
2 0.7098958333333333 0.5685185185185185 0.7270833333333333 0.5685185185185185 0.7270833333333333 0.5916666666666667 0.7098958333333333 0.5916666666666667
2 0.5567708333333333 0.7833333333333333 0.6083333333333333 0.7833333333333333 0.6083333333333333 0.8407407407407408 0.5567708333333333 0.8407407407407408
2 0.496875 0.24166666666666667 0.5661458333333333 0.24166666666666667 0.5661458333333333 0.3148148148148148 0.496875 0.3148148148148148
2 0.6489583333333333 0.39166666666666666 0.6770833333333334 0.39166666666666666 0.6770833333333334 0.42407407407407405 0.6489583333333333 0.42407407407407405
2 0.5890625 0.6861111111111111 0.63125 0.6861111111111111 0.63125 0.7305555555555555 0.5890625 0.7305555555555555
2 0.44166666666666665 0.2611111111111111 0.53125 0.2611111111111111 0.53125 0.34074074074074073 0.44166666666666665 0.34074074074074073
2 0.6708333333333333 0.41944444444444445 0.6921875 0.41944444444444445 0.6921875 0.44722222222222224 0.6708333333333333 0.44722222222222224
2 0.646875 0.43148148148148147 0.6703125 0.43148148148148147 0.6703125 0.46574074074074073 0.646875 0.46574074074074073
2 0.653125 0.5925925925925926 0.6854166666666667 0.5925925925925926 0.6854166666666667 0.6324074074074074 0.653125 0.6324074074074074