1 0.14895833333333333 0.325 0.271875 0.325 0.271875 0.5018518518518519 0.14895833333333333 0.5018518518518519
2 0.21822916666666667 0.862037037037037 0.2875 0.862037037037037 0.2875 1 0.21822916666666667 1
1 0.3223958333333333 0.17685185185185184 0.390625 0.17685185185185184 0.390625 0.23981481481481481 0.3223958333333333 0.23981481481481481
2 0.03697916666666667 0.5666666666666667 0.115625 0.5666666666666667 0.115625 0.7546296296296297 0.03697916666666667 0.7546296296296297
1 0.434375 0.21851851851851853 0.48385416666666664 0.21851851851851853 0.48385416666666664 0.29814814814814816 0.434375 0.29814814814814816
2 0.18645833333333334 0.612037037037037 0.24322916666666666 0.612037037037037 0.24322916666666666 0.8055555555555556 0.18645833333333334 0.8055555555555556
2 0.68125 0.3527777777777778 0.7171875 0.3527777777777778 0.7171875 0.44351851851851853 0.68125 0.44351851851851853
2 0.2515625 0.4537037037037037 0.30520833333333336 0.4537037037037037 0.30520833333333336 0.5935185185185186 0.2515625 0.5935185185185186
2 0.3296875 0.5685185185185185 0.3854166666666667 0.5685185185185185 0.3854166666666667 0.7287037037037037 0.3296875 0.7287037037037037
2 0.4765625 0.13425925925925927 0.4890625 0.13425925925925927 0.4890625 0.16944444444444445 0.4765625 0.16944444444444445
2 0.6661458333333333 0.2462962962962963 0.6973958333333333 0.2462962962962963 0.6973958333333333 0.3296296296296296 0.6661458333333333 0.3296296296296296
2 0.7359375 0.38055555555555554 0.7734375 0.38055555555555554 0.7734375 0.4962962962962963 0.7359375 0.4962962962962963
2 0.4005208333333333 0.3768518518518518 0.4401041666666667 0.3768518518518518 0.4401041666666667 0.4962962962962963 0.4005208333333333 0.4962962962962963
2 0.35885416666666664 0.3055555555555556 0.3859375 0.3055555555555556 0.3859375 0.387037037037037 0.35885416666666664 0.387037037037037
2 0.0515625 0.8592592592592593 0.1265625 0.8592592592592593 0.1265625 1 0.0515625 1
2 0.4088541666666667 0.24259259259259258 0.42916666666666664 0.24259259259259258 0.42916666666666664 0.30925925925925923 0.4088541666666667 0.30925925925925923
2 0.37395833333333334 0.25925925925925924 0.3963541666666667 0.25925925925925924 0.3963541666666667 0.31851851851851853 0.37395833333333334 0.31851851851851853
2 0.4557291666666667 0.17407407407407408 0.46927083333333336 0.17407407407407408 0.46927083333333336 0.21296296296296297 0.4557291666666667 0.21296296296296297
2 0.9427083333333334 0.6564814814814814 1 0.6564814814814814 1 0.825925925925926 0.9427083333333334 0.825925925925926
2 0.49583333333333335 0.17314814814814813 0.5104166666666666 0.17314814814814813 0.5104166666666666 0.21666666666666667 0.49583333333333335 0.21666666666666667
2 0.30416666666666664 0.35555555555555557 0.33697916666666666 0.35555555555555557 0.33697916666666666 0.46296296296296297 0.30416666666666664 0.46296296296296297
2 0.4296875 0.19722222222222222 0.4453125 0.19722222222222222 0.4453125 0.23981481481481481 0.4296875 0.23981481481481481
2 0.41770833333333335 0.14444444444444443 0.43125 0.14444444444444443 0.43125 0.17962962962962964 0.41770833333333335 0.17962962962962964
2 0.5760416666666667 0.125 0.5932291666666667 0.125 0.5932291666666667 0.16111111111111112 0.5760416666666667 0.16111111111111112
2 0.46041666666666664 0.1398148148148148 0.4739583333333333 0.1398148148148148 0.4739583333333333 0.17685185185185184 0.46041666666666664 0.17685185185185184
2 0.6098958333333333 0.13518518518518519 0.625 0.13518518518518519 0.625 0.175 0.6098958333333333 0.175
2 0.4005208333333333 0.30462962962962964 0.4244791666666667 0.30462962962962964 0.4244791666666667 0.35555555555555557 0.4005208333333333 0.35555555555555557
2 0.6302083333333334 0.2222222222222222 0.6458333333333334 0.2222222222222222 0.6458333333333334 0.30648148148148147 0.6302083333333334 0.30648148148148147