1 0.5020833333333333 0 0.6 0 0.6 0.09351851851851851 0.5020833333333333 0.09351851851851851
1 0.6473958333333333 0.17962962962962964 0.6817708333333333 0.17962962962962964 0.6817708333333333 0.30092592592592593 0.6473958333333333 0.30092592592592593
2 0.6640625 0.6731481481481482 0.690625 0.6731481481481482 0.690625 0.7092592592592593 0.6640625 0.7092592592592593
2 0.5604166666666667 0.8324074074074074 0.609375 0.8324074074074074 0.609375 0.8861111111111111 0.5604166666666667 0.8861111111111111
2 0.28958333333333336 0.011111111111111112 0.4046875 0.011111111111111112 0.4046875 0.14074074074074075 0.28958333333333336 0.14074074074074075
2 0.6046875 0.36574074074074076 0.6401041666666667 0.36574074074074076 0.6401041666666667 0.40555555555555556 0.6046875 0.40555555555555556
2 0.6140625 0.7490740740740741 0.6505208333333333 0.7490740740740741 0.6505208333333333 0.7907407407407407 0.6140625 0.7907407407407407
2 0.5536458333333333 0.7574074074074074 0.6057291666666667 0.7574074074074074 0.6057291666666667 0.812037037037037 0.5536458333333333 0.812037037037037
2 0.6161458333333333 0.30277777777777776 0.6526041666666667 0.30277777777777776 0.6526041666666667 0.3435185185185185 0.6161458333333333 0.3435185185185185
2 0.5197916666666667 0.30092592592592593 0.5885416666666666 0.30092592592592593 0.5885416666666666 0.3638888888888889 0.5197916666666667 0.3638888888888889
2 0.6354166666666666 0.4074074074074074 0.671875 0.4074074074074074 0.671875 0.45 0.6354166666666666 0.45
2 0.6776041666666667 0.5962962962962963 0.7020833333333333 0.5962962962962963 0.7020833333333333 0.6305555555555555 0.6776041666666667 0.6305555555555555
2 0.6828125 0.38055555555555554 0.7046875 0.38055555555555554 0.7046875 0.40555555555555556 0.6828125 0.40555555555555556
2 0.6776041666666667 0.4703703703703704 0.7015625 0.4703703703703704 0.7015625 0.49907407407407406 0.6776041666666667 0.49907407407407406
2 0.5270833333333333 0.4 0.5979166666666667 0.4 0.5979166666666667 0.46111111111111114 0.5270833333333333 0.46111111111111114