1 0.14635416666666667 0.3194444444444444 0.27239583333333334 0.3194444444444444 0.27239583333333334 0.4981481481481482 0.14635416666666667 0.4981481481481482
1 0.61875 0.12129629629629629 0.6723958333333333 0.12129629629629629 0.6723958333333333 0.16203703703703703 0.61875 0.16203703703703703
1 0.33489583333333334 0.175 0.3890625 0.175 0.3890625 0.23796296296296296 0.33489583333333334 0.23796296296296296
1 0.47291666666666665 0.12037037037037036 0.5026041666666666 0.12037037037037036 0.5026041666666666 0.16203703703703703 0.47291666666666665 0.16203703703703703
2 0.11458333333333333 0.6277777777777778 0.18125 0.6277777777777778 0.18125 0.8675925925925926 0.11458333333333333 0.8675925925925926
2 0.2015625 0.6203703703703703 0.2640625 0.6203703703703703 0.2640625 0.8268518518518518 0.2015625 0.8268518518518518
2 0.3177083333333333 0.5944444444444444 0.35833333333333334 0.5944444444444444 0.35833333333333334 0.8185185185185185 0.3177083333333333 0.8185185185185185
2 0.3385416666666667 0.35462962962962963 0.3697916666666667 0.35462962962962963 0.3697916666666667 0.4935185185185185 0.3385416666666667 0.4935185185185185
2 0.36354166666666665 0.2824074074074074 0.38385416666666666 0.2824074074074074 0.38385416666666666 0.3712962962962963 0.36354166666666665 0.3712962962962963
2 0.43645833333333334 0.2851851851851852 0.4578125 0.2851851851851852 0.4578125 0.35833333333333334 0.43645833333333334 0.35833333333333334
2 0.41822916666666665 0.3287037037037037 0.44375 0.3287037037037037 0.44375 0.44074074074074077 0.41822916666666665 0.44074074074074077
2 0.38958333333333334 0.2833333333333333 0.41354166666666664 0.2833333333333333 0.41354166666666664 0.3814814814814815 0.38958333333333334 0.3814814814814815
2 0.3802083333333333 0.2351851851851852 0.39895833333333336 0.2351851851851852 0.39895833333333336 0.30277777777777776 0.3802083333333333 0.30277777777777776
2 0.425 0.2222222222222222 0.4427083333333333 0.2222222222222222 0.4427083333333333 0.28888888888888886 0.425 0.28888888888888886
2 0.4744791666666667 0.21944444444444444 0.4921875 0.21944444444444444 0.4921875 0.2935185185185185 0.4744791666666667 0.2935185185185185
2 0.39375 0.1712962962962963 0.4088541666666667 0.1712962962962963 0.4088541666666667 0.23148148148148148 0.39375 0.23148148148148148
2 0.409375 0.1574074074074074 0.421875 0.1574074074074074 0.421875 0.21666666666666667 0.409375 0.21666666666666667
2 0.4244791666666667 0.16944444444444445 0.43333333333333335 0.16944444444444445 0.43333333333333335 0.21388888888888888 0.4244791666666667 0.21388888888888888
2 0.4348958333333333 0.17592592592592593 0.4484375 0.17592592592592593 0.4484375 0.22870370370370371 0.4348958333333333 0.22870370370370371
2 0.44375 0.14722222222222223 0.453125 0.14722222222222223 0.453125 0.18425925925925926 0.44375 0.18425925925925926
2 0.4666666666666667 0.14351851851851852 0.4744791666666667 0.14351851851851852 0.4744791666666667 0.1814814814814815 0.4666666666666667 0.1814814814814815
2 0.4744791666666667 0.16574074074074074 0.4869791666666667 0.16574074074074074 0.4869791666666667 0.21851851851851853 0.4744791666666667 0.21851851851851853
2 0.45729166666666665 0.17222222222222222 0.4713541666666667 0.17222222222222222 0.4713541666666667 0.23148148148148148 0.45729166666666665 0.23148148148148148
2 0.6161458333333333 0.19537037037037036 0.6291666666666667 0.19537037037037036 0.6291666666666667 0.2564814814814815 0.6161458333333333 0.2564814814814815
2 0.6411458333333333 0.17962962962962964 0.6536458333333334 0.17962962962962964 0.6536458333333334 0.22870370370370371 0.6411458333333333 0.22870370370370371
2 0.6119791666666666 0.1527777777777778 0.6302083333333334 0.1527777777777778 0.6302083333333334 0.19814814814814816 0.6119791666666666 0.19814814814814816
2 0.5859375 0.15092592592592594 0.6046875 0.15092592592592594 0.6046875 0.20092592592592592 0.5859375 0.20092592592592592