1 0.5192708333333333 0.29907407407407405 0.5927083333333333 0.29907407407407405 0.5927083333333333 0.4444444444444444 0.5192708333333333 0.4444444444444444
1 0.5026041666666666 0 0.6020833333333333 0 0.6020833333333333 0.09444444444444444 0.5026041666666666 0.09444444444444444
2 0.5526041666666667 0.8824074074074074 0.603125 0.8824074074074074 0.603125 0.9518518518518518 0.5526041666666667 0.9518518518518518
2 0.5026041666666666 0.10555555555555556 0.5541666666666667 0.10555555555555556 0.5541666666666667 0.17222222222222222 0.5026041666666666 0.17222222222222222
1 0.6463541666666667 0.18055555555555555 0.6817708333333333 0.18055555555555555 0.6817708333333333 0.29907407407407405 0.6463541666666667 0.29907407407407405
2 0.42916666666666664 0.08148148148148149 0.5088541666666667 0.08148148148148149 0.5088541666666667 0.15925925925925927 0.42916666666666664 0.15925925925925927
2 0.3802083333333333 0.9398148148148148 0.4734375 0.9398148148148148 0.4734375 1 0.3802083333333333 1
2 0.42552083333333335 0.19814814814814816 0.4953125 0.19814814814814816 0.4953125 0.27870370370370373 0.42552083333333335 0.27870370370370373
2 0.29635416666666664 0.009259259259259259 0.4125 0.009259259259259259 0.4125 0.12962962962962962 0.29635416666666664 0.12962962962962962
2 0.4708333333333333 0.7916666666666666 0.5395833333333333 0.7916666666666666 0.5395833333333333 0.8629629629629629 0.4708333333333333 0.8629629629629629
2 0.575 0.2638888888888889 0.6151041666666667 0.2638888888888889 0.6151041666666667 0.3148148148148148 0.575 0.3148148148148148
2 0.6447916666666667 0.687962962962963 0.6770833333333334 0.687962962962963 0.6770833333333334 0.7240740740740741 0.6447916666666667 0.7240740740740741
2 0.6057291666666667 0.29444444444444445 0.6333333333333333 0.29444444444444445 0.6333333333333333 0.3351851851851852 0.6057291666666667 0.3351851851851852
2 0.64375 0.7537037037037037 0.6760416666666667 0.7537037037037037 0.6760416666666667 0.7870370370370371 0.64375 0.7870370370370371
2 0.6010416666666667 0.35833333333333334 0.6411458333333333 0.35833333333333334 0.6411458333333333 0.40185185185185185 0.6010416666666667 0.40185185185185185
2 0.6390625 0.40555555555555556 0.6744791666666666 0.40555555555555556 0.6744791666666666 0.4425925925925926 0.6390625 0.4425925925925926
2 0.6979166666666666 0.46111111111111114 0.7151041666666667 0.46111111111111114 0.7151041666666667 0.4861111111111111 0.6979166666666666 0.4861111111111111
2 0.6520833333333333 0.44814814814814813 0.6822916666666666 0.44814814814814813 0.6822916666666666 0.47685185185185186 0.6520833333333333 0.47685185185185186