1 0.3984375 0.9092592592592592 0.4984375 0.9092592592592592 0.4984375 1 0.3984375 1
1 0.2911458333333333 0.49907407407407406 0.3171875 0.49907407407407406 0.3171875 0.5564814814814815 0.2911458333333333 0.5564814814814815
1 0.3182291666666667 0.6916666666666667 0.35625 0.6916666666666667 0.35625 0.7953703703703704 0.3182291666666667 0.7953703703703704
1 0.28489583333333335 0.22777777777777777 0.30625 0.22777777777777777 0.30625 0.3101851851851852 0.28489583333333335 0.3101851851851852
2 0.48072916666666665 0.8296296296296296 0.5776041666666667 0.8296296296296296 0.5776041666666667 0.9064814814814814 0.48072916666666665 0.9064814814814814
2 0.47760416666666666 0.6574074074074074 0.5635416666666667 0.6574074074074074 0.5635416666666667 0.7064814814814815 0.47760416666666666 0.7064814814814815
2 0.41041666666666665 0.7620370370370371 0.4744791666666667 0.7620370370370371 0.4744791666666667 0.8111111111111111 0.41041666666666665 0.8111111111111111
2 0.4203125 0.687962962962963 0.48802083333333335 0.687962962962963 0.48802083333333335 0.7509259259259259 0.4203125 0.7509259259259259
2 0.4192708333333333 0.6074074074074074 0.49166666666666664 0.6074074074074074 0.49166666666666664 0.6527777777777778 0.4192708333333333 0.6527777777777778
2 0.375 0.5305555555555556 0.42135416666666664 0.5305555555555556 0.42135416666666664 0.5722222222222222 0.375 0.5722222222222222
2 0.3723958333333333 0.6296296296296297 0.4140625 0.6296296296296297 0.4140625 0.6648148148148149 0.3723958333333333 0.6648148148148149
2 0.37916666666666665 0.7222222222222222 0.41875 0.7222222222222222 0.41875 0.7675925925925926 0.37916666666666665 0.7675925925925926
2 0.35520833333333335 0.7185185185185186 0.3927083333333333 0.7185185185185186 0.3927083333333333 0.7564814814814815 0.35520833333333335 0.7564814814814815
2 0.3255208333333333 0.6805555555555556 0.3619791666666667 0.6805555555555556 0.3619791666666667 0.7074074074074074 0.3255208333333333 0.7074074074074074
2 0.32395833333333335 0.6546296296296297 0.34739583333333335 0.6546296296296297 0.34739583333333335 0.6694444444444444 0.32395833333333335 0.6694444444444444
2 0.328125 0.6388888888888888 0.3515625 0.6388888888888888 0.3515625 0.6546296296296297 0.328125 0.6546296296296297
2 0.3359375 0.6175925925925926 0.3734375 0.6175925925925926 0.3734375 0.6407407407407407 0.3359375 0.6407407407407407
2 0.3494791666666667 0.65 0.37604166666666666 0.65 0.37604166666666666 0.6675925925925926 0.3494791666666667 0.6675925925925926
2 0.3328125 0.5611111111111111 0.3703125 0.5611111111111111 0.3703125 0.5907407407407408 0.3328125 0.5907407407407408
2 0.32708333333333334 0.5351851851851852 0.3578125 0.5351851851851852 0.3578125 0.5601851851851852 0.32708333333333334 0.5601851851851852
2 0.30833333333333335 0.5425925925925926 0.33697916666666666 0.5425925925925926 0.33697916666666666 0.5666666666666667 0.30833333333333335 0.5666666666666667
2 0.3072916666666667 0.587037037037037 0.3333333333333333 0.587037037037037 0.3333333333333333 0.6064814814814815 0.3072916666666667 0.6064814814814815
2 0.30052083333333335 0.600925925925926 0.3307291666666667 0.600925925925926 0.3307291666666667 0.6240740740740741 0.30052083333333335 0.6240740740740741
2 0.28177083333333336 0.48703703703703705 0.30520833333333336 0.48703703703703705 0.30520833333333336 0.5037037037037037 0.28177083333333336 0.5037037037037037
2 0.28854166666666664 0.5675925925925925 0.31302083333333336 0.5675925925925925 0.31302083333333336 0.5824074074074074 0.28854166666666664 0.5824074074074074
2 0.28541666666666665 0.5907407407407408 0.3046875 0.5907407407407408 0.3046875 0.6037037037037037 0.28541666666666665 0.6037037037037037
2 0.2786458333333333 0.6064814814814815 0.296875 0.6064814814814815 0.296875 0.6203703703703703 0.2786458333333333 0.6203703703703703
2 0.28020833333333334 0.5370370370370371 0.29791666666666666 0.5370370370370371 0.29791666666666666 0.5509259259259259 0.28020833333333334 0.5509259259259259
2 0.2833333333333333 0.3296296296296296 0.30104166666666665 0.3296296296296296 0.30104166666666665 0.35 0.2833333333333333 0.35
2 0.30364583333333334 0.3148148148148148 0.3333333333333333 0.3148148148148148 0.3333333333333333 0.3416666666666667 0.30364583333333334 0.3416666666666667
2 0.31614583333333335 0.28888888888888886 0.3536458333333333 0.28888888888888886 0.3536458333333333 0.3148148148148148 0.31614583333333335 0.3148148148148148
2 0.3026041666666667 0.25833333333333336 0.32708333333333334 0.25833333333333336 0.32708333333333334 0.28703703703703703 0.3026041666666667 0.28703703703703703
2 0.31354166666666666 0.23148148148148148 0.3453125 0.23148148148148148 0.3453125 0.262037037037037 0.31354166666666666 0.262037037037037