1 0.13541666666666666 0.3425925925925926 0.259375 0.3425925925925926 0.259375 0.5268518518518519 0.13541666666666666 0.5268518518518519
1 0.55625 0.2212962962962963 0.6072916666666667 0.2212962962962963 0.6072916666666667 0.3 0.55625 0.3
1 0.32447916666666665 0.1962962962962963 0.38333333333333336 0.1962962962962963 0.38333333333333336 0.25925925925925924 0.32447916666666665 0.25925925925925924
1 0.4348958333333333 0.2074074074074074 0.4791666666666667 0.2074074074074074 0.4791666666666667 0.2898148148148148 0.4348958333333333 0.2898148148148148
1 0.5276041666666667 0.14444444444444443 0.559375 0.14444444444444443 0.559375 0.19166666666666668 0.5276041666666667 0.19166666666666668
2 0.153125 0.5453703703703704 0.20833333333333334 0.5453703703703704 0.20833333333333334 0.7092592592592593 0.153125 0.7092592592592593
2 0.203125 0.6416666666666667 0.2828125 0.6416666666666667 0.2828125 0.8611111111111112 0.203125 0.8611111111111112
2 0.28177083333333336 0.6703703703703704 0.3536458333333333 0.6703703703703704 0.3536458333333333 0.8805555555555555 0.28177083333333336 0.8805555555555555
2 0.309375 0.825 0.4036458333333333 0.825 0.4036458333333333 0.9990740740740741 0.309375 0.9990740740740741
2 0.22447916666666667 0.5314814814814814 0.28125 0.5314814814814814 0.28125 0.6638888888888889 0.22447916666666667 0.6638888888888889
2 0.2833333333333333 0.37592592592592594 0.30885416666666665 0.37592592592592594 0.30885416666666665 0.4777777777777778 0.2833333333333333 0.4777777777777778
2 0.3067708333333333 0.44907407407407407 0.3380208333333333 0.44907407407407407 0.3380208333333333 0.6314814814814815 0.3067708333333333 0.6314814814814815
2 0.33489583333333334 0.37777777777777777 0.36354166666666665 0.37777777777777777 0.36354166666666665 0.4861111111111111 0.33489583333333334 0.4861111111111111
2 0.35625 0.33240740740740743 0.3770833333333333 0.33240740740740743 0.3770833333333333 0.41944444444444445 0.35625 0.41944444444444445
2 0.3921875 0.32407407407407407 0.42552083333333335 0.32407407407407407 0.42552083333333335 0.43796296296296294 0.3921875 0.43796296296296294
2 0.6463541666666667 0.30925925925925923 0.6729166666666667 0.30925925925925923 0.6729166666666667 0.40370370370370373 0.6463541666666667 0.40370370370370373
2 0.8375 0.562962962962963 0.8880208333333334 0.562962962962963 0.8880208333333334 0.7472222222222222 0.8375 0.7472222222222222
2 0.3734375 0.2490740740740741 0.39166666666666666 0.2490740740740741 0.39166666666666666 0.325 0.3734375 0.325
2 0.4010416666666667 0.23333333333333334 0.41822916666666665 0.23333333333333334 0.41822916666666665 0.30277777777777776 0.4010416666666667 0.30277777777777776
2 0.38177083333333334 0.2037037037037037 0.3958333333333333 0.2037037037037037 0.3958333333333333 0.2657407407407407 0.38177083333333334 0.2657407407407407
2 0.4109375 0.1685185185185185 0.41822916666666665 0.1685185185185185 0.41822916666666665 0.2222222222222222 0.4109375 0.2222222222222222
2 0.4203125 0.17685185185185184 0.43645833333333334 0.17685185185185184 0.43645833333333334 0.24444444444444444 0.4203125 0.24444444444444444
2 0.5010416666666667 0.18981481481481483 0.5223958333333333 0.18981481481481483 0.5223958333333333 0.25 0.5010416666666667 0.25
2 0.46510416666666665 0.14629629629629629 0.4765625 0.14629629629629629 0.4765625 0.19074074074074074 0.46510416666666665 0.19074074074074074
2 0.4453125 0.14629629629629629 0.459375 0.14629629629629629 0.459375 0.1925925925925926 0.4453125 0.1925925925925926
2 0.43385416666666665 0.15092592592592594 0.44479166666666664 0.15092592592592594 0.44479166666666664 0.20462962962962963 0.43385416666666665 0.20462962962962963
2 0.4010416666666667 0.1175925925925926 0.4114583333333333 0.1175925925925926 0.4114583333333333 0.14722222222222223 0.4010416666666667 0.14722222222222223
2 0.4234375 0.13518518518518519 0.43333333333333335 0.13518518518518519 0.43333333333333335 0.17037037037037037 0.4234375 0.17037037037037037
2 0.446875 0.1259259259259259 0.45364583333333336 0.1259259259259259 0.45364583333333336 0.1537037037037037 0.446875 0.1537037037037037
2 0.4640625 0.11018518518518519 0.47604166666666664 0.11018518518518519 0.47604166666666664 0.14814814814814814 0.4640625 0.14814814814814814
2 0.5703125 0.1574074074074074 0.584375 0.1574074074074074 0.584375 0.20833333333333334 0.5703125 0.20833333333333334
2 0.5921875 0.14814814814814814 0.6041666666666666 0.14814814814814814 0.6041666666666666 0.2037037037037037 0.5921875 0.2037037037037037
2 0.5833333333333334 0.14074074074074075 0.5921875 0.14074074074074075 0.5921875 0.17037037037037037 0.5833333333333334 0.17037037037037037