1 0.5 0 0.6015625 0 0.6015625 0.08703703703703704 0.5 0.08703703703703704
1 0.6453125 0.19722222222222222 0.6822916666666666 0.19722222222222222 0.6822916666666666 0.30648148148148147 0.6453125 0.30648148148148147
2 0.453125 0.9703703703703703 0.5401041666666667 0.9703703703703703 0.5401041666666667 1 0.453125 1
2 0.21875 0.1787037037037037 0.37864583333333335 0.1787037037037037 0.37864583333333335 0.2953703703703704 0.21875 0.2953703703703704
2 0.3489583333333333 0.075 0.46979166666666666 0.075 0.46979166666666666 0.15648148148148147 0.3489583333333333 0.15648148148148147
2 0.471875 0.014814814814814815 0.5609375 0.014814814814814815 0.5609375 0.07314814814814814 0.471875 0.07314814814814814
2 0.459375 0.1398148148148148 0.5557291666666667 0.1398148148148148 0.5557291666666667 0.18611111111111112 0.459375 0.18611111111111112
2 0.4635416666666667 0.30185185185185187 0.5635416666666667 0.30185185185185187 0.5635416666666667 0.35648148148148145 0.4635416666666667 0.35648148148148145
2 0.5197916666666667 0.21296296296296297 0.58125 0.21296296296296297 0.58125 0.24259259259259258 0.5197916666666667 0.24259259259259258
2 0.565625 0.22592592592592592 0.6109375 0.22592592592592592 0.6109375 0.27037037037037037 0.565625 0.27037037037037037
2 0.5963541666666666 0.21944444444444444 0.6369791666666667 0.21944444444444444 0.6369791666666667 0.25277777777777777 0.5963541666666666 0.25277777777777777
2 0.5911458333333334 0.27037037037037037 0.6354166666666666 0.27037037037037037 0.6354166666666666 0.29259259259259257 0.5911458333333334 0.29259259259259257
2 0.6041666666666666 0.3055555555555556 0.6484375 0.3055555555555556 0.6484375 0.33796296296296297 0.6041666666666666 0.33796296296296297
2 0.6192708333333333 0.362962962962963 0.6541666666666667 0.362962962962963 0.6541666666666667 0.38425925925925924 0.6192708333333333 0.38425925925925924
2 0.6 0.39814814814814814 0.6442708333333333 0.39814814814814814 0.6442708333333333 0.4305555555555556 0.6 0.4305555555555556
2 0.5447916666666667 0.35555555555555557 0.5958333333333333 0.35555555555555557 0.5958333333333333 0.40370370370370373 0.5447916666666667 0.40370370370370373
2 0.6442708333333333 0.32685185185185184 0.6713541666666667 0.32685185185185184 0.6713541666666667 0.3574074074074074 0.6442708333333333 0.3574074074074074
2 0.6510416666666666 0.37222222222222223 0.6786458333333333 0.37222222222222223 0.6786458333333333 0.3907407407407407 0.6510416666666666 0.3907407407407407
2 0.6703125 0.38981481481481484 0.6989583333333333 0.38981481481481484 0.6989583333333333 0.4083333333333333 0.6703125 0.4083333333333333
2 0.6703125 0.412962962962963 0.696875 0.412962962962963 0.696875 0.42777777777777776 0.6703125 0.42777777777777776
2 0.678125 0.44074074074074077 0.7057291666666666 0.44074074074074077 0.7057291666666666 0.4546296296296296 0.678125 0.4546296296296296
2 0.6713541666666667 0.4888888888888889 0.7010416666666667 0.4888888888888889 0.7010416666666667 0.5120370370370371 0.6713541666666667 0.5120370370370371
2 0.6942708333333333 0.3648148148148148 0.715625 0.3648148148148148 0.715625 0.37592592592592594 0.6942708333333333 0.37592592592592594
2 0.7026041666666667 0.35462962962962963 0.71875 0.35462962962962963 0.71875 0.3675925925925926 0.7026041666666667 0.3675925925925926
2 0.6895833333333333 0.37962962962962965 0.7088541666666667 0.37962962962962965 0.7088541666666667 0.38796296296296295 0.6895833333333333 0.38796296296296295
2 0.6890625 0.4 0.7109375 0.4 0.7109375 0.41574074074074074 0.6890625 0.41574074074074074
2 0.6932291666666667 0.4305555555555556 0.7171875 0.4305555555555556 0.7171875 0.44351851851851853 0.6932291666666667 0.44351851851851853
2 0.7020833333333333 0.4462962962962963 0.7234375 0.4462962962962963 0.7234375 0.46296296296296297 0.7020833333333333 0.46296296296296297
2 0.6796875 0.6546296296296297 0.703125 0.6546296296296297 0.703125 0.6722222222222223 0.6796875 0.6722222222222223
2 0.6734375 0.7194444444444444 0.6973958333333333 0.7194444444444444 0.6973958333333333 0.7305555555555555 0.6734375 0.7305555555555555
1 0.6479166666666667 0.4203703703703704 0.6859375 0.4203703703703704 0.6859375 0.47314814814814815 0.6479166666666667 0.47314814814814815
1 0.42291666666666666 0.6157407407407407 0.6119791666666666 0.6157407407407407 0.6119791666666666 0.8888888888888888 0.42291666666666666 0.8888888888888888