1 0.4 0.9046296296296297 0.49895833333333334 0.9046296296296297 0.49895833333333334 1 0.4 1
1 0.31666666666666665 0.6907407407407408 0.35052083333333334 0.6907407407407408 0.35052083333333334 0.812962962962963 0.31666666666666665 0.812962962962963
2 0.32083333333333336 0.3148148148148148 0.35052083333333334 0.3148148148148148 0.35052083333333334 0.35 0.32083333333333336 0.35
2 0.4734375 0.7305555555555555 0.53125 0.7305555555555555 0.53125 0.8046296296296296 0.4734375 0.8046296296296296
2 0.36875 0.5972222222222222 0.4197916666666667 0.5972222222222222 0.4197916666666667 0.6537037037037037 0.36875 0.6537037037037037
2 0.31354166666666666 0.55 0.3416666666666667 0.55 0.3416666666666667 0.5833333333333334 0.31354166666666666 0.5833333333333334
2 0.3333333333333333 0.5833333333333334 0.3651041666666667 0.5833333333333334 0.3651041666666667 0.6194444444444445 0.3333333333333333 0.6194444444444445
2 0.425 0.04259259259259259 0.4828125 0.04259259259259259 0.4828125 0.11481481481481481 0.425 0.11481481481481481
2 0.4359375 0.09814814814814815 0.503125 0.09814814814814815 0.503125 0.1814814814814815 0.4359375 0.1814814814814815
2 0.2890625 0.587037037037037 0.3078125 0.587037037037037 0.3078125 0.6101851851851852 0.2890625 0.6101851851851852
2 0.3296875 0.2712962962962963 0.36041666666666666 0.2712962962962963 0.36041666666666666 0.3101851851851852 0.3296875 0.3101851851851852
2 0.35833333333333334 0.5287037037037037 0.40729166666666666 0.5287037037037037 0.40729166666666666 0.575 0.35833333333333334 0.575
2 0.3765625 0.1824074074074074 0.4192708333333333 0.1824074074074074 0.4192708333333333 0.2324074074074074 0.3765625 0.2324074074074074
2 0.3078125 0.3685185185185185 0.3375 0.3685185185185185 0.3375 0.4046296296296296 0.3078125 0.4046296296296296
2 0.3302083333333333 0.637962962962963 0.3645833333333333 0.637962962962963 0.3645833333333333 0.6777777777777778 0.3302083333333333 0.6777777777777778
2 0.2942708333333333 0.5027777777777778 0.31614583333333335 0.5027777777777778 0.31614583333333335 0.5277777777777778 0.2942708333333333 0.5277777777777778
2 0.26875 0.41203703703703703 0.28489583333333335 0.41203703703703703 0.28489583333333335 0.43333333333333335 0.26875 0.43333333333333335
2 0.3536458333333333 0.2824074074074074 0.3875 0.2824074074074074 0.3875 0.32314814814814813 0.3536458333333333 0.32314814814814813
2 0.303125 0.3416666666666667 0.32708333333333334 0.3416666666666667 0.32708333333333334 0.3814814814814815 0.303125 0.3814814814814815
2 0.5296875 0.7092592592592593 0.6270833333333333 0.7092592592592593 0.6270833333333333 0.7861111111111111 0.5296875 0.7861111111111111