1 0.39427083333333335 0.9055555555555556 0.49322916666666666 0.9055555555555556 0.49322916666666666 1 0.39427083333333335 1
1 0.315625 0.6944444444444444 0.3515625 0.6944444444444444 0.3515625 0.812037037037037 0.315625 0.812037037037037
2 0.5479166666666667 0 0.6489583333333333 0 0.6489583333333333 0.044444444444444446 0.5479166666666667 0.044444444444444446
2 0.48072916666666665 0.7731481481481481 0.5546875 0.7731481481481481 0.5546875 0.8601851851851852 0.48072916666666665 0.8601851851851852
2 0.41510416666666666 0.11851851851851852 0.47291666666666665 0.11851851851851852 0.47291666666666665 0.18055555555555555 0.41510416666666666 0.18055555555555555
2 0.3411458333333333 0.3111111111111111 0.3807291666666667 0.3111111111111111 0.3807291666666667 0.3490740740740741 0.3411458333333333 0.3490740740740741
2 0.3854166666666667 0.23703703703703705 0.4359375 0.23703703703703705 0.4359375 0.29259259259259257 0.3854166666666667 0.29259259259259257
2 0.3182291666666667 0.6203703703703703 0.3458333333333333 0.6203703703703703 0.3458333333333333 0.6527777777777778 0.3182291666666667 0.6527777777777778
2 0.3338541666666667 0.5796296296296296 0.37395833333333334 0.5796296296296296 0.37395833333333334 0.6222222222222222 0.3338541666666667 0.6222222222222222
2 0.4234375 0.6287037037037037 0.496875 0.6287037037037037 0.496875 0.7037037037037037 0.4234375 0.7037037037037037
2 0.2875 0.34074074074074073 0.3067708333333333 0.34074074074074073 0.3067708333333333 0.3638888888888889 0.2875 0.3638888888888889
2 0.3203125 0.36574074074074076 0.35572916666666665 0.36574074074074076 0.35572916666666665 0.4064814814814815 0.3203125 0.4064814814814815
2 0.34739583333333335 0.2388888888888889 0.3880208333333333 0.2388888888888889 0.3880208333333333 0.2796296296296296 0.34739583333333335 0.2796296296296296
2 0.3223958333333333 0.18425925925925926 0.3541666666666667 0.18425925925925926 0.3541666666666667 0.22407407407407406 0.3223958333333333 0.22407407407407406
2 0.31666666666666665 0.35185185185185186 0.3458333333333333 0.35185185185185186 0.3458333333333333 0.3888888888888889 0.31666666666666665 0.3888888888888889
2 0.3098958333333333 0.2611111111111111 0.3375 0.2611111111111111 0.3375 0.2972222222222222 0.3098958333333333 0.2972222222222222